-2.38372546540675 -2.51992941261474 0.542645807034411 3.51904668712501 0.7232444584926 -0.676055609819653
3.619967485019 3.72055652190805 -0.830217192056203 -5.28002940051209 -1.11045195058136 1.02072118731924
0.0492412258934712 0.0541377387000727 -0.00770635996662394 -0.0800133443515713 -0.00896988748700374 0.0139918309656446
2.18798949695445 2.36717240669098 -0.486070178086674 -3.28341081401164 -0.633019031422136 0.622830830964889
-0.342792552814536 -0.372710243127174 0.0800539376981762 0.509548289017874 0.103391791185757 -0.0976081523271557
0.993765276141694 1.08975270670259 -0.217722957973352 -1.50574444647229 -0.278732052755991 0.283399685534665
3.52459859929843 3.64080433984838 -0.805883604113754 -5.15483473956421 -1.07596368824382 0.994798027485449
3.34299225947543 3.48342588107277 -0.760324102828435 -4.91232382980027 -1.01162331136889 0.945115891036287
-2.34100362669537 -2.47767580901912 0.532673934168463 3.45812559947662 0.709315627253394 -0.66406913021392
0.83095309490819 0.911583258310357 -0.181576560725803 -1.26030517680843 -0.231832080079474 0.236943668107208
2.24005524481341 2.42067651119961 -0.498027824601352 -3.35924561905892 -0.649167808961825 0.637524543420325
3.62438518256635 3.72432103871973 -0.831333590174713 -5.28588073227052 -1.1120335416811 1.02192600733067
2.70772952823542 2.89017889112097 -0.606787209871971 -4.03200605478255 -0.797597627066171 0.768951681627671
-1.18440307937876 -1.28202667236053 0.268443988926344 1.76911176735685 0.349901668087825 -0.337157123527428
-1.39657953536013 -1.50880214561561 0.316112271511811 2.08468458418434 0.413226285960772 -0.397469278683038
-3.32766459219848 -3.37415026173013 0.773494383535719 4.8054634116394 1.05233307130183 -0.936554184573809
0.955491944746533 1.04789528029473 -0.20922597294379 -1.44806926600538 -0.267688821369026 0.27247909385968
-0.707781595782109 -0.769696508773591 0.161584068522233 1.05792175908715 0.208960218617028 -0.201573579487198
-1.86894986929591 -2.00443639481209 0.423155085150024 2.78006919171106 0.557724462161119 -0.531348792656917
-2.24640325867195 -2.38547809960128 0.510393077051087 3.32423835216061 0.678170923991239 -0.637610126690233
0.134203201245144 0.147835029632079 -0.026565020418801 -0.208700633551601 -0.0329487940034709 0.0382401285263077
0.1470297857448 0.160985232562722 -0.0295638245809996 -0.227376811531923 -0.0368171542568516 0.0418422457911624
2.74257112340085 2.92452883246734 -0.614970187162987 -4.08165227648225 -0.808837019715792 0.778710585833471
2.94548209926853 3.11919833871328 -0.66331785994523 -4.36672532927844 -0.875817932005821 0.835261820827143
-2.48914638759877 -2.6214644148204 0.567613613474354 3.66732456827543 0.758348001198322 -0.705483361708787
-1.87754186533389 -2.01322145316952 0.425126748048911 2.79254040283941 0.560433762806771 -0.533773434968877
-3.38041527417779 -3.41807324903036 0.786919007589831 4.87450163448099 1.07168395483058 -0.950895243707522
0.724732044647898 0.795218259607455 -0.157977739986356 -1.10006374286866 -0.201366028722813 0.206639870163722
2.77366421835512 2.95391387677628 -0.622435406721726 -4.12499950467439 -0.819227365671681 0.787352672407013
1.95242184178608 2.1214890611588 -0.43243365767458 -2.93757601957092 -0.561003121564161 0.556165944369598
0.1043931744633 0.115702907315069 -0.01984093257142 -0.164115579436522 -0.0243273614020446 0.0297737202239752
-0.772912582161212 -0.837179066234967 0.176385400862105 1.15307735726235 0.22942636824101 -0.220016338833093
-1.78897949674219 -1.92151085060895 0.404933298473557 2.66310483098189 0.532896997651807 -0.508726353151181
3.22440869872416 3.37745909650869 -0.731020513852349 -4.75157776017572 -0.970410922061314 0.912493459526506
-2.05899501551597 -2.19787711370918 0.46689535973645 3.05526793583271 0.617853783813387 -0.584927831459232
0.373347970425832 0.409076188893518 -0.0800083136523603 -0.569025129955572 -0.101126046540294 0.106352230191514
-1.55493026231012 -1.67630402621324 0.351857442865974 2.3188422215617 0.461166756592125 -0.442408295351305
3.59737363990127 3.7018443997309 -0.824426095334583 -5.25050465783902 -1.1022403073677 1.01459075544987
-3.23308754794576 -3.29449584371658 0.749557090585523 4.68101472022521 1.01783333211985 -0.910785663923996
-1.45137271625461 -1.56687221736944 0.328470084835933 2.16579444382664 0.429772997676087 -0.413023966868133
-3.11429151357952 -3.19257533877185 0.719753175209811 4.52330517908453 0.974949850146339 -0.878310283836668
1.13466463005318 1.2433399748789 -0.24913894574726 -1.7177245781231 -0.319333286477927 0.32355267561207
3.5958827891598 3.70073215502856 -0.824025220438249 -5.24864751675762 -1.1016688186623 1.01419284106599
-0.41736377670777 -0.45119712537415 0.0969131591771516 0.619459592148061 0.126273167457355 -0.118765683942159
-1.81589943554133 -1.94922456922905 0.411092612724672 2.70232538331008 0.541313500175777 -0.516330897019942
-0.343748798773941 -0.373252860180622 0.080307403153027 0.510582285804745 0.10391332171435 -0.0978642406085558
-0.224527953373541 -0.243104334846515 0.0536775101344164 0.331042025512444 0.0697994978701272 -0.0639029218936765
2.93265287601045 3.10712030902988 -0.660230861532946 -4.34887453039302 -0.871519727331408 0.831698658124149
-0.606024791174748 -0.658601519380752 0.138907894376904 0.904717942304306 0.17966112203421 -0.172567421756397
-3.15508406177139 -3.22835800935729 0.729872768503889 4.57804243290949 0.989495943746139 -0.889507910157412
3.41800685996449 3.54923276620075 -0.779030653856586 -5.01309256633583 -1.03800473355696 0.965683725521678
-2.26236674867285 -2.40020554464334 0.514264414059971 3.34620812304138 0.683645147448685 -0.64202880251792
-3.31234618387556 -3.36128289512125 0.769611713264977 4.78533177290159 1.04673847559191 -0.932382560115141
0.164312526588898 0.182328324447433 -0.0330538728575838 -0.255289265133569 -0.0410970354780379 0.0469075590713167
2.87065581821637 3.04664683060897 -0.645589435858862 -4.26102608602794 -0.851323468415689 0.814365802127718
3.19400137570679 3.34994101130452 -0.723553990393987 -4.71010016242103 -0.959931486347103 0.904109021182121
-1.7029734536038 -1.83238705404885 0.385319054595406 2.53735287460197 0.506204951357436 -0.484402871368132
-1.09885134108571 -1.18955269943534 0.249308540933659 1.64104731294667 0.324833011683721 -0.312801387357771
3.63429707168903 3.73229566845801 -0.833909871221555 -5.29865988358637 -1.11568657917976 1.02460134143724
0.559408164336096 0.613395517322321 -0.121372758306794 -0.850137435564809 -0.15406960330397 0.159426630026661
-2.79004866676387 -2.90303823377805 0.639951042934746 4.08434953397438 0.860828034326468 -0.789037075311482
3.4211397410115 3.55189818330289 -0.779823178087986 -5.017239507597 -1.03912409506 0.966537245035106
-0.763056916430295 -0.82973980963105 0.173923225803011 1.14089664619627 0.225031275663809 -0.217320844010292
-2.24216452649153 -2.38104799335588 0.509440350309552 3.31801842111245 0.676838803891431 -0.636406381210601
3.25615072213427 3.40598307065647 -0.738843589037203 -4.79472570882679 -0.981397411697333 0.921234005448175
3.49618733222215 3.61663903714606 -0.798691838511532 -5.11723505757194 -1.06578786370554 0.987051901509379
3.14760974984474 3.30675279591601 -0.712327928714119 -4.64591839008873 -0.9442441728254 0.891248231437314
-2.14556897490759 -2.28482725228673 0.486960032445941 3.17974182533824 0.645612153841007 -0.609277115599302
0.147830807473241 0.162005790255233 -0.0297206006620592 -0.228693343052173 -0.0370099665185149 0.0420790096983696
-0.803412106949248 -0.873300423299791 0.182955890938393 1.2012558782187 0.236886503629128 -0.228807392349999
-0.744449174300637 -0.809512809208896 0.169770944857268 1.11295312239907 0.219626579198535 -0.212019109191388
3.46126516013868 3.58659628365559 -0.789899662259626 -5.07076544325748 -1.05336296804527 0.977511137340101
1.05813947082463 1.15990231330228 -0.23212733193847 -1.60260493485145 -0.29714747088704 0.301726952984002
1.94964544366289 2.11861884484022 -0.431793783713389 -2.93351653148631 -0.56015960416238 0.555382876673969
1.67062267599859 1.82276281900426 -0.368839611048662 -2.52019237793354 -0.476394937381448 0.476184562245287
-2.18708539341834 -2.32682732681502 0.496533615024494 3.23965553874808 0.658866868595051 -0.620973206188894
-0.123076762769228 -0.133785120628743 0.0308497958113897 0.179379859366563 0.0402436389216653 -0.0350692941254902
1.63954901196974 1.78963157132971 -0.361838666027032 -2.47401570880432 -0.467159098023255 0.467359594887982
3.53342914865064 3.64827366850981 -0.808123251552522 -5.16648917793216 -1.07914135355429 0.997203881915243
2.23891141602253 2.4189931821659 -0.49783160708278 -3.35719709459172 -0.648953977279191 0.637174723925337
-2.7045156001581 -2.82398233210288 0.619269593129405 3.96655492400896 0.831394366013519 -0.765335466547511
-2.15835431886202 -2.297448994703 0.489950324210971 3.19795828563357 0.649775874817979 -0.612861509692096
-3.43616629318509 -3.46333141825011 0.801273689387288 4.94660135595575 1.09241010535299 -0.965984323384796
0.0801546847226885 0.0879376267572699 -0.0146123576339593 -0.126615598159533 -0.0177683927245634 0.0227974966185338
-2.78350519912811 -2.89677054880449 0.638406536440494 4.07517936340853 0.858605728896602 -0.787208273985171
-1.12482535535023 -1.21984379090606 0.254907967870844 1.68166830809882 0.331535870050967 -0.320284860097182
-0.230711636685965 -0.25037478482876 0.0550101714002587 0.340771533573261 0.0713326397016488 -0.0656837521486836
-3.40606678224012 -3.43891451423429 0.793520717158953 4.90768772413105 1.08121993793072 -0.957839622347414
-1.79313930182653 -1.92637363484862 0.405811343235341 2.66960517364621 0.534026515380729 -0.509931708917795
0.297485501652469 0.327160526920412 -0.0628799323285161 -0.4554271614328 -0.0793458600634047 0.0848119132244615
-0.537213683273767 -0.582400565551884 0.123640815813909 0.800237228712849 0.160426513740982 -0.152922996226213
-1.9415567981395 -2.07755790201939 0.439960600233295 2.88461362514053 0.580937805414808 -0.551778710680549
3.17909588904478 3.33643489106499 -0.719896257786533 -4.68975542193581 -0.95479888894072 0.899998078243105
0.908465662342107 0.996244072641078 -0.198746523165461 -1.37700016864511 -0.25437695948674 0.259072561441394
-3.11395438411341 -3.19288286868408 0.719580719063219 4.52329971260242 0.974695592681217 -0.878253778802272
-2.7362080910025 -2.85405929668962 0.626823623019913 4.01078673371405 0.842107350059487 -0.774162635893747
-2.81018168934802 -2.92203933913971 0.644775212627559 4.11237717547013 0.867624763381583 -0.794634593887622
0.335794132021315 0.368147106402084 -0.0715995823965172 -0.512511761823887 -0.0904034760435761 0.0956626825870352
3.63521568855059 3.73303201063535 -0.834149001520823 -5.29984226055756 -1.11602534085928 1.02484901615372
-0.495746183207976 -0.537414370874361 0.114368498334443 0.738027295660928 0.148380242294134 -0.141115334098018
3.59909971728235 3.70330334606408 -0.824865969330286 -5.25278341684503 -1.1028542364744 1.01505984904261
3.2587119176868 3.4083942034582 -0.739458711172256 -4.79828830916093 -0.982260655251313 0.921946078484566
3.53440504812951 3.64910350103299 -0.808370990189419 -5.16778069940361 -1.07949060697909 0.997470064894393
3.40296985759165 3.53614036424094 -0.775267111977099 -4.99296739411398 -1.03268871314697 0.961565759587859
-3.07766485770849 -3.1611505139793 0.710557611837318 4.47467533459409 0.961749210560002 -0.86829974185762
-0.24633565788085 -0.267970053779134 0.0584476302049543 0.364729415450495 0.075569937830697 -0.0701554387507583
0.550256980068908 0.603376417559831 -0.11933364416829 -0.836333821779736 -0.151458636249399 0.156818048370803
1.44428059066416 1.57927240764438 -0.318160166209335 -2.18222905307458 -0.40963508144421 0.411779224494179
2.61349334812677 2.79676700306939 -0.584722484253297 -3.89734759105371 -0.767337340905425 0.742530100122496
-3.41586813462518 -3.44685892370607 0.796045134074036 4.92035343054557 1.08487015223615 -0.960492147419739
-3.26987643064723 -3.3260990413834 0.758780802810168 4.72988427117202 1.03110430093948 -0.920844949614045
-0.0511867955152794 -0.0554371200566192 0.0147598589229675 0.0712054030035153 0.0196858347323214 -0.0146030409863687
0.890783635332794 0.977065162913208 -0.194900287626424 -1.35052887004328 -0.248943816011795 0.2540014544907
-1.38574497532105 -1.497071798303 0.313693823410337 2.06845347154665 0.410048780147364 -0.394382865352608
1.50690850211814 1.64688671391103 -0.332164140899811 -2.27593221131304 -0.427999845253791 0.429607994275381
-0.211088591004694 -0.229641388072574 0.0505528237222492 0.311762202639262 0.0654446965419757 -0.0601234077350073
-0.396446015794973 -0.431030403639776 0.0920551576821098 0.590139871689255 0.118883292071162 -0.112885100213717
2.94648827928248 3.12024132347015 -0.663548039903205 -4.36819772694434 -0.876127288579606 0.83554630799193
3.56212989917062 3.67249938709375 -0.815414321781553 -5.20433323399077 -1.0894667932876 1.00501836694879
2.98115472076358 3.15292539328287 -0.671884078334211 -4.41646942507364 -0.887726298612567 0.845176775276288
-2.52495082116507 -2.65581511958033 0.576119192231303 3.71758948198278 0.770281946155328 -0.71546800765676
0.600996830125553 0.659664119882035 -0.130447509137607 -0.91337665376715 -0.165995026594987 0.171353356939882
-1.623246548493 -1.74951638624199 0.36716255259028 2.42058610938229 0.481552995085832 -0.461843784408248
2.00588506585887 2.177563070027 -0.44457228276166 -3.01630653223834 -0.577239017605504 0.571310221741286
-1.14910275484838 -1.2456268227888 0.260383567574969 1.71764955594558 0.338835506105369 -0.32717762027107
-1.54373259413013 -1.66545626279592 0.349222238420373 2.30305342476852 0.457421593092973 -0.439275869479144
-1.10006247933224 -1.1919303893384 0.249490545210525 1.64370892415294 0.324709304466074 -0.313184869301697
-0.299295095421949 -0.325402038307206 0.0703205982199267 0.444184314434661 0.0908681078369423 -0.0852243209448465
-1.97626475519659 -2.11442614028918 0.447759680307233 2.93604255325133 0.591453801102157 -0.561642961064613
-1.51303866377965 -1.63350108915769 0.342235251779275 2.25805960563817 0.447953456455728 -0.430589159489474
0.779370359716954 0.855152660643682 -0.170073115327473 -1.18253102031811 -0.21710851747362 0.222243063923686
2.87548112157406 3.05145852780538 -0.646715524211753 -4.26794267773817 -0.852865314463232 0.815720300912208
-1.4176759238269 -1.53098125872757 0.320889630837779 2.11577455158386 0.419662391171335 -0.403449941105873
0.0591337397761932 0.0648893425537322 -0.00992564035468156 -0.0948773050637978 -0.0118031466667111 0.0168060883801844
0.135757662823666 0.148636419752437 -0.0270491648034389 -0.210365667089992 -0.0336154208237604 0.0386300383400927
0.211550465163482 0.23154994738536 -0.0439752651097627 -0.324657304699602 -0.0551740839991854 0.0602217527528257
0.294916906109862 0.322959369285868 -0.0625539948725441 -0.450524200990276 -0.0788556532324535 0.0839857759504615
0.373176531866464 0.408855049477101 -0.0799757159837952 -0.568741692594683 -0.101083653837908 0.106301192726352
0.463092476799236 0.507551831305796 -0.0999793605431775 -0.704564857768341 -0.126657594962026 0.131944967342819
0.553617755807788 0.60700379832768 -0.120093021366546 -0.841365611137911 -0.15242208593334 0.157772018212228
0.652053133481523 0.715110117817988 -0.141953134731665 -0.990083054164065 -0.180496457945634 0.185859492604913
0.764541738131628 0.838625257031518 -0.166928701956964 -1.16000803811381 -0.212612453464082 0.217958664438031
0.881726358637635 0.967068608084413 -0.192933772239349 -1.3368289503323 -0.246262762862501 0.251400990199648
1.02547284501313 1.12423144563424 -0.224867146507382 -1.55341965294025 -0.287708385740746 0.292409207077596
1.19230306683596 1.30604116424801 -0.261981056735063 -1.80432941771939 -0.336053935869141 0.339980455318515
1.3771881935141 1.50681936058776 -0.303180434487161 -2.0818442935892 -0.389904564533013 0.392671154620403
1.56414104464414 1.70818007460076 -0.345011104507943 -2.36117930175266 -0.44496909029664 0.445880186478244
1.75478863967437 1.91201222204954 -0.387838112447 -2.64488023093932 -0.501630323374988 0.50007107994674
1.94470561761411 2.11317253661837 -0.430717625774591 -2.92604914910129 -0.558699683928835 0.553965602717316
2.13043770205743 2.30689523627641 -0.473008544939409 -3.19873406836513 -0.615467256489871 0.606527185704254
2.31055159415163 2.49147547975123 -0.514421947810002 -3.46067915879296 -0.671521801983844 0.657335456490791
2.48650756868778 2.66946606378051 -0.555169858964723 -3.71481362810258 -0.72697651992167 0.706852790774559
2.65687345579469 2.83941199039956 -0.594925623888518 -3.95906722480281 -0.781367673385851 0.754674153762949
2.81963199398087 2.9987798697288 -0.633288532852991 -4.19015679856725 -0.834188807373203 0.800204695968879
2.97027076133696 3.14240691257304 -0.669300271376789 -4.40112039137922 -0.884156050104184 0.842139459354702
3.10962244086289 3.27225664668222 -0.703013321614278 -4.59400970109474 -0.931197905700842 0.880769481905052
3.23819339189227 3.38985964838681 -0.73441507819407 -4.77032526008595 -0.975180551603665 0.916290080767997
3.3490885864039 3.48861870853856 -0.761865851758456 -4.92039735148703 -1.01380483681171 0.946778305508385
3.44550083435582 3.57291841569859 -0.7859478634843 -5.04970274676079 -1.04777704438535 0.973196573249487
3.52134545509111 3.63792501256948 -0.805076148247097 -5.15044602209096 -1.07482397277654 0.993904240962499
3.57663429358334 3.68454913096903 -0.819128824665931 -5.22331618807763 -1.09472271232913 1.00895514582661
3.60832001595674 3.71092535925335 -0.827231388590696 -5.2648216266729 -1.10620842953426 1.01756076061251
3.62927537625037 3.72815436475285 -0.832620676672972 -5.29211126774462 -1.1138551924092 1.02323948357565
3.63855344850865 3.73577345903613 -0.835007619043301 -5.30418677222197 -1.11724440318976 1.02575339878307
3.64331664484248 3.73976822757811 -0.836220250131854 -5.31044774158446 -1.11896596523375 1.02704887052239
3.63915699836574 3.73645959827316 -0.835133510969356 -5.30511307754514 -1.1174240357248 1.02592833288214
3.6269203522353 3.72643825792986 -0.83198046849306 -5.28920665173744 -1.11295056109587 1.02261472677717
3.60764392024636 3.71052316463399 -0.827032371168674 -5.26405396266861 -1.1059320307753 1.01738704632796
3.5759296151909 3.68408369764495 -0.81892856658736 -5.22248201036456 -1.09444391565029 1.00877120643182
3.5230310128047 3.6394612372805 -0.805486271214621 -5.1527523739691 -1.07540567088327 0.994369751996526
3.44472298082527 3.57208362899588 -0.785774201781708 -5.04854387125828 -1.04754109903498 0.972974353739677
3.34882996669519 3.48789799214539 -0.761869865050139 -4.91968147836405 -1.01383352462151 0.946678615686008
3.23866431003153 3.3897151490242 -0.734611043846666 -4.77054271479716 -0.975476787801917 0.916386061807565
3.10971354749089 3.27158364977832 -0.703139883780746 -4.59356968712525 -0.931415636953223 0.880751030037054
2.96926405983323 3.14043385149532 -0.669195769796412 -4.39895089199288 -0.88408593696531 0.841802661324796
2.81770066599451 2.99572883968948 -0.63298440117459 -4.18654136170254 -0.833881735865255 0.799602012951598
2.65530275467471 2.83695321736213 -0.594670338611872 -3.95614062267706 -0.781126768531686 0.75418690248018
2.48529132197586 2.6678294538498 -0.554934464421021 -3.7127471064498 -0.726723423426825 0.706490506129556
2.30820777628154 2.48869717496379 -0.513921790113519 -3.45698064894463 -0.670926533420966 0.656657386194397
2.12524601745005 2.30105524255142 -0.471862334179165 -3.1907794046411 -0.614057483692218 0.605041935035365
1.93425314149818 2.10166700205684 -0.428384716540446 -2.9102287892014 -0.555768793032084 0.550986380907852
1.73608830394779 1.89183297105198 -0.383623315544662 -2.61688927549172 -0.496237580566189 0.49475852358818
1.52878638249097 1.66944171991519 -0.337121002678024 -2.30781796593048 -0.434935614498814 0.435805406253496
1.31343531754309 1.43682537808553 -0.288979762325142 -1.98552171551427 -0.371825520691391 0.374494059457783
1.08400559022047 1.18736229877658 -0.237845643833049 -1.64088274354138 -0.305231618583154 0.309109354990295
0.810351983986915 0.888934233666213 -0.176895938974817 -1.22910667249422 -0.226267009218563 0.231100908379043
0.445874577006283 0.490546959959492 -0.0957329404291676 -0.679918104584902 -0.121652848028461 0.127189734332568
0.0197248522524918 0.0250068318321787 -0.000714803190780651 -0.0379631209519963 0.000516211260243532 0.00573842092434738
-0.308706447256935 -0.332763992893152 0.0726467807918467 0.455986078619809 0.0950388698453789 -0.0878133572299675
-0.698603073151212 -0.756378405420634 0.15978703636479 1.04144719684018 0.207926770822421 -0.198850244454178
-0.962947379008686 -1.04257603463947 0.218910092698701 1.43754468507613 0.28506421013399 -0.274110506623555
-1.19333366924264 -1.29073279952352 0.270522564969606 1.78173031185081 0.352933068433673 -0.33966417100237
-1.40531485497624 -1.5171539527153 0.318170187566432 2.09690774611274 0.416221269753822 -0.399911128270958
-1.60682046708165 -1.73049754529288 0.363642298491184 2.39503504080579 0.477132414402706 -0.457103471032119
-1.79892372510861 -1.93073150014609 0.407321992366705 2.67681254661127 0.536349762748091 -0.511487102056158
-1.98441124770915 -2.12108180663572 0.449835672977116 2.94659715111706 0.594524800369601 -0.563855581648863
-2.16403820571369 -2.30256602076311 0.491338757120447 3.20568078829405 0.651779806194639 -0.614430064524329
-2.33658587540923 -2.47322342264563 0.531652461969781 3.45176261832051 0.707901566682588 -0.662825521843996
-2.50054951927901 -2.63146541204349 0.57045085360623 3.68263073236331 0.762385862743121 -0.70860988207855
-2.65599921823445 -2.77834376874963 0.6076371143261 3.8991355965023 0.81493698739423 -0.751850717607521
-2.80215915471408 -2.91375666420992 0.642953394084251 4.10067954371916 0.865084091734426 -0.79236224787815
-2.93646373027586 -3.03520514938566 0.675800738825119 4.28363662911523 0.911964211672002 -0.829424984771765
-3.0561494835342 -3.14104263764457 0.705394115185593 4.44488525666167 0.95437233564118 -0.862321737106055
-3.16465962835838 -3.23566543407672 0.732406619476168 4.59008068132252 0.993160131188806 -0.892071909015276
-3.25433471633215 -3.31230900874031 0.754945497558923 4.7089117466263 1.02560378955902 -0.916569803069309
-3.32485206657503 -3.37169471158307 0.772793975865788 4.80169765159974 1.05132863899872 -0.935782732980482
-3.37567248259931 -3.41389900697247 0.785741845415063 4.86812522460703 1.07000543076353 -0.949593822054869
-3.40548920847092 -3.4383615206979 0.793382146200307 4.90687707128041 1.081029969196 -0.957678881715667
-3.42303688351005 -3.45267203010476 0.797891393511371 4.92961950517337 1.08753679059217 -0.962431849701149
-3.4331352000045 -3.46083777130986 0.800496919066222 4.94265595235285 1.09129543471423 -0.965162685287936
-3.43591741254081 -3.46310428021462 0.801212995298804 4.94626061939558 1.09232454754521 -0.965915674822732
-3.43688395379414 -3.4639878686698 0.801447934496945 4.94758464279687 1.09265802594513 -0.96618252936604
-3.42714556423435 -3.45628371576132 0.798911225788185 4.93514040432978 1.08898907631504 -0.963558132443942
-3.40468491352402 -3.43808499754314 0.793122928920467 4.90611919344451 1.08062964009801 -0.957480778859544
-3.37292624426649 -3.41207156553183 0.784979233868118 4.86487522077502 1.06887554813591 -0.948871321905689
-3.32513701630693 -3.37254685022433 0.772779714241953 4.80252993017891 1.0512768860496 -0.935893741521263
-3.25258257406033 -3.31155260027346 0.754398729401323 4.70714161177967 1.02479180065719 -0.916133293227888
-3.16439616352012 -3.23635450529649 0.732207698560039 4.59041021204299 0.992855493205105 -0.892053815622253
-3.05740985887756 -3.14317644498935 0.705557206230158 4.44733907756404 0.954590293316807 -0.862729131292528
-2.9345040858346 -3.03405840568854 0.675225943780684 4.28142732937905 0.91115579928077 -0.828923590483361
-2.79960865186167 -2.91178146009516 0.642275882965286 4.09744639579161 0.86413932871302 -0.791680702938815
-2.65463590918759 -2.77763685263159 0.607224940054302 3.89766665935784 0.814351370985692 -0.751507094039144
-2.49992697811777 -2.63167067571071 0.570189652913624 3.68235437813941 0.761987555888018 -0.708483292666403
-2.33667826666795 -2.47420227021099 0.531551828651657 3.45255785989474 0.707708929239001 -0.662902059544727
-2.16590363783097 -2.30566472381066 0.491611039123232 3.20928548593583 0.652040850495461 -0.615021290315136
-1.98906109804645 -2.12743689260277 0.450704701520149 2.95456054559008 0.595512208799111 -0.565250450270687
-1.80840826906914 -1.94237615342089 0.409270121756752 2.69206643801278 0.538713606918648 -0.514259420487114
-1.62451959956368 -1.75079301204386 0.367456593011316 2.42241414296203 0.481965517759787 -0.462202131591795
-1.44054174406048 -1.55672418737648 0.325877552201583 2.15078626803538 0.426040580006779 -0.410011250909249
-1.25781108280409 -1.36243195741969 0.284735435042544 1.87980629642942 0.371071968314383 -0.358107695331733
-1.07894311949548 -1.17056439593662 0.244618704089243 1.61323799506818 0.31794648210861 -0.307233888737885
-0.911778308853082 -0.990511504959252 0.207182973246284 1.36352399466196 0.268634915316711 -0.25966324404889
-0.759717235920631 -0.826133449125593 0.173175775245917 1.13590034418653 0.224050943505678 -0.216370215437729
-0.64745900444846 -0.704393510093782 0.148094852805931 0.967545742286463 0.191332057857472 -0.184397729893256
-0.539905285292847 -0.587628208311633 0.124068867447851 0.806140888154097 0.160062580520049 -0.153762863139921
-0.440018793807164 -0.478843413755539 0.101762616086342 0.655950681234365 0.131254640281736 -0.1253076172476
-0.351258531578024 -0.382190362799301 0.081924506277469 0.522488706708604 0.10570294984609 -0.100028113664112
-0.269370213097905 -0.293087388035349 0.0636001726182792 0.399398979911546 0.0821578689140936 -0.0767142880053326
-0.189589233627921 -0.206262522245287 0.0457366326154754 0.279453762648522 0.0592710398309947 -0.0540045048864861
-0.106596272475223 -0.115886296084747 0.0271542977095138 0.154630142335315 0.0355067551966453 -0.0303802173913784
-0.0231709279653267 -0.0249583802109818 0.00848113349068426 0.0290892542545717 0.0116628561388393 -0.00663054548192965
