8.60944068544422 12.4729349963602 21.0446138737176 39.1981722126067 54.8345646033 63.4037049750746
7.56185179314983 11.2467313223891 19.1265132936717 36.561152330478 51.9475815906627 60.1275336869429
2.99031904760184 5.47924867811922 10.8104642414741 24.5331816643093 37.460296119071 44.461249567154
2.03919807368 4.10474236326093 8.3193546378854 20.7339516081833 33.0518215488663 39.4289842271197
4.83250960280057 7.91896161045019 15.1949235500917 30.947614501382 44.5711556485845 52.7144824145234
9.49927854533353 13.4894717197507 22.6704170054451 41.3883649977646 57.1309506277695 66.080974793146
0.0879627716113209 0.665260511069889 1.79089035849042 10.2069607535079 20.4003203282851 24.940174991945
3.54519612652204 6.23961033010582 12.1725054426537 26.5659664878135 39.7764683417969 47.1123680744394
2.31552316935098 4.48668057223945 8.52670943026735 21.0299041337953 33.5848348000072 39.9146113133634
-0.104356039117323 0.110216591004562 0.647605293550612 8.20941306772839 17.8882080536167 22.0403027183431
9.11388410667511 13.0473529202237 21.9689076894317 40.4423667961317 56.1316427325742 64.9246460470762
-0.166923715758077 -0.0902122410318889 0.228312101984633 7.48511820262123 17.0087631541223 20.9896527368393
1.32735921062031 2.99107818338907 6.26730830121129 17.519599010826 29.2442429662124 35.0931662184052
4.68874448427738 7.72730794566653 14.8606061793584 30.4589114877032 44.0172013107842 52.0898759623055
-0.186522709140358 -0.165267851425005 0.0623329194839225 7.20357234067582 16.6855460626834 20.5850386742846
2.69956106274569 5.07061328293917 10.0725411672981 23.4206144591811 36.1841513358506 42.998925175184
0.0798625610338263 0.609412739090887 1.6778331270688 9.93611513545643 19.9136967986106 24.4952646858623
6.7021157632999 10.215975243205 17.5290066658893 34.3226930637463 49.420509477363 57.3055244206056
-0.0698513042041118 0.224171312432438 0.90076151717713 8.62404124481157 18.3375786842883 22.6215139594974
-0.172139802550738 -0.112067358266422 0.171618780032795 7.40218716304625 16.9454750991323 20.8816793584551
6.00861707198769 9.38437870271452 16.2052273575659 32.4717582707099 47.3754552204474 54.9735764792398
3.46752637436432 6.11273672577148 11.1345676061065 25.0300031628225 38.4958193787827 45.2805281857657
1.12954247754902 2.6365661298092 5.40530941029 16.088043921143 27.4869836191136 33.1459038133954
4.16644994560365 7.05696377582719 13.6517373812242 28.7220558421331 42.1417930989731 49.8829186639682
3.16919009231522 5.70272634313182 10.4832094801667 24.0427264924239 37.2927372124788 43.9664054196752
5.21930866063577 8.40325322396301 14.6804517608159 30.2837006707771 44.8376796374147 52.1664058482365
7.49517856136513 11.1588135700471 19.0081909404612 36.3808884662485 51.704488537332 59.8870627209714
4.83803591662662 7.92474446087148 15.2068560456545 30.9630949372123 44.5835799656063 52.7331616247115
0.909065421237222 2.29467206818748 4.9437783399489 15.4269815060492 26.7910214225996 32.2438680763474
2.36168997962632 4.59051409316136 9.17589871596348 22.0753934949073 34.6894591603899 41.2273080827258
3.07777599789597 5.60275235570375 11.0260695595333 24.8622233582645 37.8527040700838 44.8951433749599
2.62603585166875 4.97395958913612 9.87171570907124 23.1370078378502 35.9203177187121 42.6342107316487
0.658773051209194 1.84251482080316 4.08931079374921 14.0353183338526 25.0939825040041 30.3196077821277
2.61417980457025 4.92373029970691 9.22073371026982 22.1177349036907 34.9605388111632 41.3921476615083
-0.0567145773395544 0.31398187322149 1.11628234418942 8.99058740740702 18.7424764835496 23.1474980140837
1.62210431312871 3.43236939689057 6.75096588068078 18.2494110573679 30.1936833416889 36.1303638400332
-0.154042920781158 -0.0290209558035312 0.371628513012053 7.72312793102787 17.264845110122 21.3266437788084
2.7075060678107 5.08649352154436 10.0873256835967 23.4549424647518 36.2585129404482 43.0502296886094
4.32760939280719 7.27608837154349 14.0304562720682 29.2853591592161 42.7983080548621 50.6112444460614
-0.111885956510927 0.155187367048574 0.787321340944915 8.43074622294685 18.0725773259504 22.3433919573438
-0.179979630450848 -0.15070615832243 0.0818172369265099 7.25088683557108 16.7780983231101 20.664267791962
0.157885583338807 0.76887373211853 1.97496439892325 10.4332438898716 20.5315188985632 25.2003611705283
2.22740553529262 4.36111049943103 8.29509917049109 20.6872396986981 33.2175290472793 39.4618039594202
1.14275939492141 2.64348127535212 5.39547130170397 16.0714497146081 27.491130064009 33.1203294048734
0.649556314758639 1.82280725804991 4.03929770036265 13.9618703313943 25.0328877532977 30.2199290699716
1.55426546749569 3.33289135767891 6.6052863461827 18.0127034499217 29.8672706723045 35.8037094534423
1.95909559749721 3.95703793728615 7.63430972129589 19.6470232402674 31.9184999101886 38.0438931129323
1.14393922807402 2.64585786433243 5.4005002660332 16.0793647598065 27.4995952201461 33.1312536386301
1.58109634622366 3.4001723248597 7.02632293334155 18.7188105391355 30.6726567302323 36.7202541379314
-0.180991745816699 -0.104804302615072 0.218358697170219 7.45787604573359 16.9360055720179 20.9408069191435
-0.0955105229096022 0.155217634353061 0.73235605510919 8.39395501314973 18.1915213099785 22.3356483159067
0.284180739372186 1.0218370674021 2.44346499674967 11.2134476960655 21.4985636777498 26.3033658779188
5.78612678142041 9.11260810797877 15.7785611525697 31.866954427265 46.6891783025486 54.204016490066
7.94255906765901 11.6978874718755 19.8228057142057 37.5278856994863 53.0295972396783 61.3373841052309
0.590369801099552 1.71105782271516 3.84468071163853 13.625437504637 24.5726356477738 29.7453446018967
0.146442914547557 0.819252174638919 2.12720038486888 10.6962326198629 20.8005078488841 25.5816245007057
9.13534424698865 13.0773424602043 22.0055712158569 40.4988572555484 56.2130748697317 64.9996715926105
0.0429442367957808 0.550868859926347 1.556236595457 9.80891443692806 19.9173231153219 24.3721775129532
0.573415453973604 1.66126605473575 3.68606525667554 13.2832490982164 23.9960973437438 29.2325062000599
4.21909535502182 7.14051906969983 13.7787904936582 28.9288993578904 42.4301300963347 50.1603691789138
1.3121365596364 2.96652217619903 6.22217243257917 17.4479706083682 29.1579214549559 34.9958461519742
-0.157011669456718 -0.0636271594721913 0.265835218954813 7.57812323722046 17.1897993333026 21.146135068841
-0.0902018766635412 0.151789039938264 0.732816036899037 8.35671706123052 18.0694444634578 22.2537456592786
0.107712193621607 0.658655167005631 1.76326139881135 10.0787862962933 20.0984153111005 24.6972558705567
6.76312833348716 10.2933358285514 17.6422076066703 34.4886521554839 49.6254812147219 57.5214343433646
0.107078289701083 0.695688804977075 1.83340119609417 10.2898564898632 20.5431670157453 25.0606261894018
8.82957246925302 12.7178451802404 21.4550571823811 39.7427789121174 55.373685703499 64.062835816859
-0.155288970250666 -0.0152450929131197 0.411024717338174 7.78801562524255 17.3265991078757 21.4177789711017
3.09001723275466 5.5970523596739 10.2993145237729 23.7740465283555 36.9976970310239 43.6155198481013
4.80006785242877 7.88101699145501 15.1225034549515 30.8484576156382 44.4761851455379 52.591578748009
0.270527165956604 1.0684076492245 2.5769553401784 11.5428833337497 22.0786411166217 26.8366393195187
0.0836557828231204 0.59545848692565 1.63414987668731 9.86198429728664 19.841792897102 24.3887630343453
2.41362504219082 4.6360233207802 8.74290547005011 21.3861471321729 34.0839545650633 40.4096838780127
4.28340500730779 7.20833971618734 13.9244731165787 29.1161399977341 42.5707826196007 50.3857490076579
4.26598435240841 7.19410935685192 13.8859071642393 29.0736381629206 42.5597375209653 50.339613966634
1.93416272022753 3.91894925536015 7.56459677520699 19.5406941070928 31.799389475202 37.9006083522619
2.16394990272087 4.29859723706883 8.65982786405821 21.2754647774369 33.726187034987 40.1612924073588
0.0981059851494743 0.672914674964469 1.78671444480118 10.2106527301302 20.4469814261206 24.9475505743566
0.0334798233771372 0.5319274818073 1.52386450956159 9.74825380765774 19.8255310709393 24.2828024037197
4.78063738399084 7.84467616882618 15.0715219179992 30.7603984439376 44.341519708651 52.471107460496
9.40669111052543 13.3738146924467 22.50797130634 41.1569056989067 56.8464003360051 65.7874625286317
0.636014325670957 1.79609152451182 4.00786292798464 13.8918837153124 24.8953271010453 30.1149942139764
-0.0925743426734293 0.157217812186984 0.731547853371953 8.39515171107282 18.2034663077301 22.3379081187381
0.5149969595965 1.5672569362652 3.56691440153746 13.1702026403849 24.021231315516 29.112011863622
-0.197886925804952 -0.21002038474487 -0.0348305426174536 7.03445305917494 16.4817927632308 20.338052665331
-0.138978837195022 0.00893174836167289 0.445172793018029 7.85143667116061 17.4291957494484 21.5140025690739
1.46828495017392 3.22245126368291 6.66932605290189 18.1768326289553 30.0940439391636 35.9938437972734
7.05885406486884 10.6596651269851 18.1828810405896 35.2659244849318 50.5604218558433 58.5179385429435
-0.193609688464584 -0.202242787834942 -0.0258112789009662 7.05763772030769 16.5307597410714 20.3778198821973
2.7021533479332 5.08325920162182 10.0685221937482 23.4364248649387 36.2682424514175 43.0297935864739
1.46762491267367 3.19050191546922 6.35358180118025 17.6126584245351 29.3848288920114 35.2535128175168
-0.0727289861472685 0.21737123906694 0.856357080198409 8.61244799673195 18.4733956006201 22.65279229456
0.126619496590373 0.755658796864071 1.97110913644703 10.5134871772747 20.7806270835945 25.376823623473
0.638161841557956 1.78962606410786 3.92849244040163 13.6806886846528 24.4744729768381 29.7892840863132
-0.0705479813931627 0.237626276192772 0.937986308287938 8.68635327314482 18.3998805858006 22.7099969070908
2.0676531996061 4.12192011813902 7.90259784496668 20.0718416875982 32.4540925738972 38.6246774811336
-0.191935091780034 -0.179264998958518 0.0373549995707673 7.15560438581178 16.6143731739712 20.5112535820355
1.73934980230465 3.64883241424256 7.45673345525456 19.4109569729455 31.5542109055825 37.6597672560261
-0.132035007888389 0.0307117321715593 0.469428973724229 7.93339082319896 17.6215185719605 21.6642789611875
0.211586498986827 0.903643145073509 2.2465383236133 10.8895604298836 21.0767275312201 25.8498098850101
1.70477622925546 3.59120394426584 7.3779737201912 19.2670994986201 31.3189776240829 37.457734152464
1.03022231933682 2.50388623030651 5.33257986337738 16.0556767818117 27.55973092897 33.1078239575363
9.34481715785073 13.3036695823102 22.3951672155286 41.0058337218821 56.689887224286 65.6037016732957
2.221762893121 4.35330605160059 8.28080048710817 20.6663149377632 33.1954342395934 39.4342580157554
9.15235909528658 13.0890008139013 22.0408978870859 40.536442020799 56.220409220186 65.0372512768176
8.24620665650247 12.0551811859488 20.3775363429918 38.2930452801884 53.8753080428903 62.290048462758
-0.0512993589646357 0.296497017747336 1.03395969868187 8.91122717316904 18.8107847386319 23.0817247038406
0.489606027063264 1.44681196996026 3.24447091405886 12.5449016303332 23.1279921875658 28.1839701546368
2.32184510345053 4.50123237471224 8.52263461146883 21.043548964199 33.6617515758535 39.9458368097411
2.25890919743581 4.43476163974237 8.91698805679704 21.66103801876 34.1505392938556 40.6696308274184
8.12762933759569 11.9194124247196 20.1581255646569 37.9958586836366 53.5639264731139 61.9245466300277
-0.0376337472224039 0.31998373374126 1.06842342292668 8.98022003561215 18.9292340550372 23.1842806230203
1.36359645983835 3.05509534182998 6.36126258791397 17.6905160548801 29.5123258301532 35.3350959588905
3.56891219033293 6.25044054143487 11.3338200401032 25.3367482121672 38.8981996849504 45.6912190030405
9.63243832480367 13.6305334200898 22.9178746158776 41.7068004513367 57.4205403472535 66.4570431268484
4.42132387601777 7.38665028228475 14.2448349054717 29.5788310812524 43.0752930787222 50.975647260576
-0.154547244732804 -0.052072525568829 0.292445302966444 7.62329315300046 17.240749755528 21.211358866254
-0.0777254711950781 0.217414710053583 0.873111260863379 8.6223041717709 18.4309465774831 22.6570460220562
9.87156317804843 13.9006897064166 23.3528671231136 42.2864405483683 58.0164769235934 67.1586181817741
2.80807867762169 5.23173982494082 10.3423398304856 23.8467472828764 36.727745833082 43.5689996994445
7.64569686231296 11.3533916106929 19.2731234312737 36.7765563554626 52.2250807679329 60.4072331219483
4.81081865282826 7.88362044527813 13.8759694592438 29.1117068804948 43.4503460066305 50.6473267222592
0.0643944166797869 0.599580915738057 1.64969985259123 9.97153854500187 20.1295347952936 24.6055389361641
7.74456945015736 11.466361952 19.458829753346 37.0276834072528 52.4842620853296 60.7159198613762
3.74976797778323 6.49604523425023 11.716428734821 25.9153343253236 39.6099893565461 46.4595907220907
8.31039057230721 12.1315976815542 20.4939453810844 38.4545453971541 54.057565394567 62.4917119175899
1.26672348129855 2.87176751876447 5.82561892606354 16.7633538772189 28.3065232192148 34.0804946209667
3.21235538364178 5.75995743133763 10.5787353771486 24.182981878402 37.4522190535809 44.1496385319149
9.91695644210517 13.9524370997155 23.4351173318512 42.3965290006126 58.1314894810239 67.2922339074709
3.63203532345391 6.3533692901186 12.3842931306211 26.8722239832824 40.1014892603514 47.5053778009214
6.09594670213112 9.49406218174754 16.3710798418499 32.7119495439381 47.6621902548143 55.2833500607535
9.32459096531469 13.282919838354 22.3563136481735 40.957309410158 56.6503820358752 65.5480118615011
4.77016989767842 7.83185196071563 15.0477310298711 30.7272680608341 44.3080532061774 52.4298208844148
7.10972792201108 10.7203073762035 18.2785239777283 35.3992698927212 50.7081547529379 58.6855585445842
0.839262783770844 2.16430225000082 4.7120286654837 15.0336765473939 26.2698699814999 31.6924463134859
4.18076147426864 7.06834031959503 12.6129619984043 27.2524408438722 41.2236097186504 48.2206074773602
-0.0894673789099809 0.179579609794183 0.792786897608845 8.48438709357427 18.2656242926482 22.4579607287861
3.02352003871182 5.52944863362593 10.8893933896292 24.6615419868267 37.635682564265 44.6346463685272
-0.131459202050345 0.0678196420535504 0.590230620860682 8.09404142445467 17.6861955199745 21.8586367111913
5.99398836405712 9.35714080257214 16.190426128606 32.4327858076526 47.2750503784449 54.9092001698993
2.91967393663813 5.3850226314845 10.626255007502 24.2677015071333 37.1911179555245 44.1186917724343
0.914182850615668 2.24314922587257 4.68893956458235 14.9218790651594 26.0663737111485 31.5189655501508
2.74067852731258 5.10082339681092 9.52393647795084 22.5725855684799 35.4826205917738 41.9958145456813
3.04200220296712 5.529169066505 10.1991921314306 23.6169957490471 36.7900484270005 43.4029292817758
2.08223096464784 4.17816026375625 8.44531089420735 20.9435564616198 33.3294434759904 39.7188589468805
8.52810786942954 12.3797230569436 20.8952164314733 38.9959529164271 54.6215422373618 63.1553453465347
0.269122946182862 1.06447222971517 2.57789989396843 11.534399113876 22.0422005917008 26.820117280713
3.14652484110855 5.70042674025139 11.1948064777774 25.1205723633689 38.1643497592991 45.2357695875935
2.51452172053047 4.78136206430217 8.99005417984957 21.7628590932999 34.5262567604853 40.9149846133173
0.353604273601526 1.24145384496285 2.9253358794392 12.1135999901052 22.750467898013 27.634813629773
2.51367359921897 4.8121055367717 9.57913043220316 22.6915680610212 35.4037717199022 42.0450539729299
7.95295472667331 11.7154976281985 19.836834991135 37.5551211781535 53.0853720315385 61.3777478738975
8.60951390999511 12.4771129788562 21.042446990403 39.2005131282698 54.8540593179616 63.4108583647239
1.86861754911039 3.82282246066348 7.43318828250539 19.3225356908027 31.4808380974519 37.5971649663583
-0.18117089866092 -0.122119792387597 0.17216325334375 7.38132454697315 16.8596357726401 20.8328697595734
6.53780813936797 10.015338975214 17.2203114357445 33.8841413526056 48.9144476383692 56.7470755846327
0.215163885556856 0.954500961825335 2.37652294033032 11.1117120662192 21.3177566483541 26.1697314497632
3.56980036243339 6.28127974985446 12.2344372085752 26.6713739142915 39.9311457937415 47.2569585841515
3.78551924865873 6.56195532180117 12.7505195860553 27.4183505424603 40.7324199646575 48.2150847071044
1.17236145867012 2.74586980483281 5.78975344757995 16.7858049497042 28.4295645229783 34.1069266039073
-0.0810684733063742 0.178805872758241 0.797669133565754 8.45171830454966 18.1468988851396 22.3767693968151
8.14494024427828 11.9395580556649 20.1899545988554 38.0394164820044 53.6109802899814 61.978487772386
3.11683249094114 5.63024225043176 10.3672811633981 23.86660644082 37.0784586741836 43.731573926002
-0.0107797404377291 0.438004665212476 1.36966108847827 9.42000565124761 19.2574605720747 23.7622570411469
2.27967153342566 4.46479717691934 8.97238263303063 21.7450593450274 34.2461192871603 40.7808169029447
0.422015843914116 1.38080200399674 3.19935221434106 12.5663261244636 23.2975527643043 28.2687564542347
3.44006685217165 6.09856568904722 11.9171778351802 26.1899228196576 39.358504176971 46.6255582442692
4.71838882456977 7.76559496091755 14.9288215769028 30.5571964114391 44.1247563864549 52.2147400051194
3.69718468797375 6.44249781417827 12.539948739825 27.1057000182161 40.3741337407037 47.8098452452087
4.09830683390858 6.9722964244241 13.4914186819317 28.4968338993484 41.9156057444285 49.599149195975
2.50002188799181 4.75549597445389 8.96498634042947 21.7100138550946 34.42234394648 40.8339979799551
8.68132601717367 12.5498144712522 21.1806810072416 39.3744063540029 54.9952111118095 63.6132353066185
0.12973045686875 0.757716236573304 1.97182601614811 10.5145228556012 20.7862535068742 25.3772332997298
4.80208434702644 7.87965059001967 15.1249550648639 30.8475295498231 44.4624957653615 52.588223000164
4.42039237789814 7.39609736918124 14.2465976438751 29.5969647712768 43.1365898799544 51.0080677219696
0.062090381630643 0.538266707059898 1.51689044070568 9.66522255552703 19.6096204087904 24.1088686479333
7.47241044932137 11.1509918372959 18.9506591720367 36.3335549851548 51.7470420784986 59.8564898118053
-0.110456552546784 0.112732264196033 0.650041532173388 8.24206658421051 17.9811410697724 22.1102282828797
0.463368795604315 1.46064434947614 3.33951266533252 12.8098897031146 23.6310910790138 28.6134038305583
4.87078125694173 7.96481811337162 15.28090193058 31.0661475154755 44.6879004804835 52.8614693106488
7.82750074177663 11.5683649807845 19.60651680468 37.238208684641 52.7382542064239 60.9837794978819
0.1836737103977 0.875798608427925 2.19711955539127 10.9024445323435 21.2875681104153 25.9300993926567
1.21760727196059 2.81103032612226 5.93186976207123 16.9871634957235 28.6083184857029 34.368490081214
-0.165812100992246 -0.0354228002341666 0.375268220490495 7.72618645522263 17.2440264098307 21.3277728141894
6.80638730521004 10.3521937785134 17.7200996604875 34.6098925843517 49.7940756886711 57.6849049664377
2.72837117342122 5.11103712532324 10.1463826640232 23.5314200607166 36.3094298663828 43.1443264192161
1.35343058101705 3.0135541023607 6.06868071317798 17.1538830352296 28.7919983361245 34.6202383826911
7.43091784502995 11.0992963892369 18.8765331759526 36.2268032347632 51.6159316503863 59.7197303795764
3.67421361812419 6.41255666616891 12.4838391376348 27.0247110793155 40.2888712021073 47.7058963596544
5.09023492931327 8.23938020591263 14.4278335648933 29.9159312042363 44.4014529873102 51.6900397233297
0.0143932153380212 0.469808302717325 1.38259208618692 9.51776297317644 19.579223585246 23.9571431329061
4.33373654089868 7.27415949959419 14.0417823924679 29.2869127353229 42.7600788324038 50.6044696431387
4.86871516441552 7.95792664924544 13.9906456379384 29.2797682511818 43.6510904560358 50.8659882865766
0.73605214767761 1.96288673231121 4.23447483312994 14.1822789904082 25.1018281290856 30.4913885418833
-0.027523416100664 0.350944218261499 1.13482652656208 9.09321948534143 19.0631038598167 23.3467683986592
0.461235819111946 1.46273214991653 3.36283702596324 12.8360104095113 23.6197564982679 28.6467341426931
3.52156873885072 6.20620202832615 12.117414590834 26.4808408236255 39.6693629034802 47.0001663561978
9.6433983976112 13.6549877301887 22.9329386672597 41.7414192231825 57.5027132930946 66.5111401142121
4.27258344170909 7.20957433668577 13.9040566356022 29.1094195416138 42.62481936421 50.390557031548
4.39995185797593 7.36127594748453 14.1959942965563 29.5121121859516 43.0120526134489 50.8931736029975
3.74903853032014 6.52206109936603 12.6644835536727 27.3055585212916 40.6445561712228 48.0766868426777
3.91638312904577 6.74412182912583 13.0633503603734 27.8894983752672 41.2925031721637 48.82842317637
8.86711967880149 12.7656209698503 21.5180045230124 39.8346904315984 55.4945038445232 64.1814014431792
4.56284965570322 7.58282405867753 14.5788572962534 30.0782597143463 43.667631853375 51.6213776569195
-0.1737557648533 -0.0784998674003932 0.27545604358711 7.55572924879644 17.0512799971492 21.082221820079
3.55488327825083 6.25072372080682 12.1984625561635 26.5997835950039 39.8004177045538 47.1538620132681
-0.180369025759235 -0.105711138682834 0.214864709587056 7.45223929048512 16.9316564022136 20.9330610895671
-0.0512889952474523 0.297477564574973 1.03685281150851 8.91544029369764 18.8134842051032 23.0874309995106
-0.185313016139711 -0.160071686103428 0.0741998504992348 7.22346337588998 16.7075746468985 20.6134371506619
1.15072640192272 2.70008793452758 5.72401590805298 16.656753978628 28.2144993121987 33.9181056991451
2.65505529756474 5.00984780264001 9.95812384498728 23.2526261034112 36.003876753835 42.7807062984025
2.63031091838454 4.94650091771235 9.26911846843367 22.1867268182802 35.0241227324589 41.4816843960024
-0.169940230247473 -0.111431045062622 0.165559015267984 7.39932285944808 16.9632138850031 20.882700285742
1.42230252361707 3.14917489433766 6.53328076274221 17.9630039903151 29.8411443661394 35.7045016006973
3.95473603616862 6.79470438897135 13.1547040588649 28.0228123411228 41.4391737449834 48.9998526348774
9.69473442172476 13.707295901029 23.0280317147983 41.8619700981158 57.6062210337453 66.6522540968916
0.0802264478438191 0.647886085362879 1.75729764176744 10.1489344950373 20.3254861841076 24.8570885381633
0.860940130539057 2.2026464999683 4.78595845906386 15.1520982553112 26.4095502878932 31.855098981368
0.304167696871508 1.14082459188454 2.72260826733349 11.7837177592079 22.3656356043745 27.1750863742275
9.31880116267604 13.2813510569123 22.3425218389954 40.9453259133647 56.6591824220798 65.5389768486331
0.317256988263515 1.16926986205372 2.77596917286992 11.8759584874403 22.4863639055738 27.3063889475037
-0.142992072473686 -0.0117539608626073 0.376169582733671 7.77255876469197 17.4310182679284 21.4308720924687
8.80411784798867 12.6842676049981 21.4119081994194 39.6765343250787 55.2814358477563 63.9739300409359
6.71401936223257 10.2423235538949 17.5458297351738 34.3674312220403 49.5272343438479 57.3805831655957
3.43628915797273 6.09506016871539 11.9077635935971 26.1789419409543 39.3543443633457 46.6129305001653
9.93128445927501 13.9701723781425 23.4605301496258 42.432396391155 58.1745219410168 67.3374235850336
0.504605719440735 1.54176649375234 3.49654055402802 13.0689784847132 23.9468480062211 28.9752336210079
9.09610009339316 13.0206699425366 21.9421391613947 40.3970761338314 56.0541381353328 64.8610935263831
0.987311469716783 2.37292360416497 4.91991954901035 15.2980495204825 26.5308368454025 32.0434235434782
0.680204111559085 1.87970738654417 4.147611178187 14.1390564125982 25.2490017102921 30.4657102891922
1.93517431258382 3.9458008455708 8.02847949004701 20.2813331094994 32.5173860636334 38.8213466062968
5.56980675667147 8.8425111328905 15.3620362375186 31.2670935347667 45.9868344647949 53.4327760546597
-0.165611166304456 -0.097009470545375 0.193734080804265 7.45179894613017 17.0354818172173 20.9614189985856
-0.109770555759883 0.141067381330752 0.747338742128889 8.36210391636438 18.0018008479332 22.2443833340142
5.37832334586718 8.60286213567674 15.0022737741412 30.7462949445917 45.3622038244614 52.7615128155943
-0.121476190909712 0.0637205117792553 0.536181688021409 8.05305102301358 17.7775643271192 21.8400949003533
5.85916757605853 9.19336003017423 15.9341489960755 32.0707185543 46.8648400198037 54.4498192929463
9.8535317619 13.8889500987278 23.3172657061079 42.2492509862563 58.0105251144711 67.1222384939063
4.0404611186099 6.90487467959803 13.3581175234619 28.3156751525453 41.7499957056439 49.3744719397325
0.627673380781181 1.78166221237251 3.9603771883172 13.8327551987783 24.8761706488187 30.0406254962768
9.52032811936001 13.5158533385356 22.7082303868161 41.4417488680438 57.1950929684518 66.1480427199806
-0.153199610818307 -0.045836603015312 0.306788549311764 7.6475942118198 17.2680713396081 21.2463919664541
-0.00696289318890707 0.427459392335547 1.30998104717838 9.38322616698565 19.3785329232881 23.7603035638327
3.64236744648732 6.37889917253773 12.4085176370172 26.9283357235261 40.2209184084188 47.5892224699585
-0.116437405893187 0.143347637465791 0.763507182785521 8.39014767945647 18.0230471116331 22.2849421298696
3.16207288583144 5.72330909918868 11.2332350322743 25.1806295285302 38.2399384253421 45.3155716414067
-0.173308745889255 -0.0668505862784235 0.305281809484625 7.60631199657354 17.1049563091707 21.1546999616088
-0.156187757805977 0.00824097569496 0.473744114191931 7.89476860245891 17.438063669074 21.5709810111793
-0.123932061496189 0.120153307022775 0.714722493673111 8.30684960376702 17.9237637341903 22.164978495909
-0.0910852447305168 0.229354180665227 0.948228876692589 8.7054753008337 18.3943796971821 22.7386609803174
-0.0413807636270492 0.371787791177081 1.24339371770373 9.2071601756852 18.9936401152758 23.4583645381937
0.0225852911497468 0.536850107637739 1.57690828100519 9.77134041142635 19.673043521964 24.2649864765769
0.109224598662662 0.738578110420584 1.97274197755544 10.4372291347072 20.4825212633268 25.2134310390898
0.204909731360905 0.948562685536676 2.37749598025728 11.1148570302152 21.3096941352119 26.1754274097692
0.326589481254909 1.20476971765513 2.86465381953305 11.927387255094 22.3046006496789 27.3259965492176
0.505865593351639 1.54684376801794 3.49097102736668 12.9618434713737 23.5833518324399 28.781378773199
0.727837474438259 1.95171395061091 4.21909681559075 14.1566138177019 25.0639629266368 30.4552057012547
1.01641596540404 2.4537059187982 5.10452820090941 15.597094362101 26.8510176826126 32.4620811498767
1.35966530343168 3.02185975696736 6.08492040525306 17.1761215018954 28.8120725760635 34.6479471587029
1.75621222979362 3.6496238185903 7.14787457343823 18.8687949851593 30.9103164344119 36.9744628189225
2.20994094009851 4.33342941057379 8.27981054152522 20.6459077860666 33.1074233998079 39.394979396073
2.7116751053307 5.06011381317515 9.46013524442948 22.4743355958179 35.3597847312369 41.8637861838593
3.26051483482215 5.82551076815947 10.682647004835 24.3397511425759 37.6425324423493 44.3576743155954
3.85428318843195 6.62428177690741 11.9414729368431 26.2290629978204 39.9309839605866 46.8560099815426
4.47318383639188 7.44073732130868 13.2214657353502 28.1309780689966 42.2161179509367 49.3543865288533
5.12673615039838 8.26798594971465 14.5051644947906 29.9956083717349 44.413005524803 51.7663072458125
5.78765271834384 9.09584955002521 15.7905638043943 31.8503655574965 46.5804707485347 54.1545379839586
6.45361487429719 9.91273129522919 17.0607139734015 33.6580038678183 48.6562145219169 56.4596243343779
7.11098694055221 10.7028586649545 18.2941564913967 35.3883878777226 50.6031635159395 58.6432262156732
7.74465060648669 11.4526215644778 19.4698896976165 37.0189200910664 52.4055100171631 60.6831310431956
8.33978592129167 12.1475631658966 20.5647738165922 38.5223795966242 54.0407349639578 62.5498446509088
8.85173642090434 12.7386565138974 21.4990314182666 39.7939669385915 55.4045401613397 64.1175549943485
9.2858458563974 13.2351906286543 22.2900090526094 40.8618353626811 56.5310048989455 65.4253491420374
9.58714982221935 13.5778186435443 22.8377226314173 41.5969855878729 57.2984564895372 66.3210475441473
9.77818999945602 13.7942374696912 23.184490006629 42.0605216463008 57.7788517506538 66.8837028529114
9.88007422073251 13.9099478593112 23.3686231066916 42.3068836232698 58.0358276428757 67.1828328805174
9.94089907781622 13.9799940092927 23.478390497643 42.4547635789013 58.1933354402687 67.3631803965235
9.94707526520746 13.9896043779273 23.4890185704086 42.4718826557019 58.2202874124623 67.3863229387387
9.91979620973293 13.9620228286179 23.4386169152431 42.4084501835454 58.1667393149357 67.3126420832821
9.8435587707259 13.8783801361813 23.2989751566888 42.2256206752458 57.9886498100658 67.0942143352425
9.71772456425837 13.7385617199772 23.068765405272 41.9218592112224 57.6860626936937 66.729095873522
9.53503408802467 13.5328176637735 22.7350205250334 41.4778793974822 57.2334023921778 66.1921585490495
9.21020649370237 13.1643459541684 22.1416538488081 40.6833846288378 56.4115872578836 65.2258735965896
8.7766560085463 12.6694385546686 21.3485104296584 39.6152998984499 55.2940833636322 63.9204179460523
8.25678521155859 12.0701406556249 20.3956655462155 38.3216170999716 53.917449349169 62.328604740964
7.66785715328903 11.3823528319817 19.3119324227829 36.8344533517297 52.3019958413538 60.4829934506152
7.03871085573418 10.6357782206252 18.1448274769362 35.2130573523447 50.5025211258578 58.4516283422277
6.38298492196329 9.84379723771089 16.9129044433066 33.4792636189422 48.5399056664459 56.2582837788131
5.72158584091498 9.033228862627 15.6553489429385 31.6913636787717 46.4870553485196 53.979855574351
5.06477171455438 8.20885394038106 14.3784190723206 29.8469479185968 44.3264086331263 51.6030424046285
4.42352366148558 7.38523738068115 13.0990240713843 27.9729718774849 42.0991832241097 49.1647289502988
3.8066558689167 6.57268775714684 11.8299659653856 26.0880373428267 39.8308016509384 46.6890034048344
3.22005430429174 5.77709965371904 10.5740993605226 24.1960880380062 37.5328453489792 44.1803831495515
2.67142334606609 5.00759897986034 9.34258463513771 22.3135259613914 35.2282363038877 41.6601614098775
2.16568850878521 4.27109590364144 8.14594962480715 20.4570023166687 32.9387080320626 39.1511126965611
1.71368442225109 3.57636107829343 6.98933221151015 18.6305885601352 30.6746547507199 36.654712798607
1.30574206390391 2.91633001923738 5.86486672066364 16.8304693781796 28.4391697666677 34.1728599288753
0.942256405245521 2.28989338341928 4.76794254565935 15.0504977898175 26.2300246424094 31.6977659523766
0.618444192767487 1.68817063389859 3.68038363644427 13.263860729667 24.0214520126322 29.1937653128307
0.276639079411896 0.997360568363708 2.3901695572942 11.1242219079496 21.3971458495344 26.176474117556
0.0350721608776845 0.461542876186642 1.35328847211544 9.39622743005203 19.3090350552725 23.7308631109949
-0.0530305859505682 0.266108748893864 0.968902144100451 8.76847790025911 18.5811232130394 22.8529748914383
-0.0445641995895862 0.319773877961827 1.08828679279318 8.99454078956124 18.886133444309 23.195561153974
0.0158041350591013 0.488340802565545 1.43572377905314 9.59772242559803 19.6393638693821 24.0675314848767
0.121955314830843 0.743439813714469 1.94982843061528 10.4718172611651 20.716443821817 25.3140118735956
0.260486937890426 1.05359024266472 2.5679401356148 11.5114295868141 21.9893596173509 26.785938223033
0.44613653005767 1.43009038409909 3.30315903071962 12.730836094432 23.4770270953543 28.4955361224233
0.665737880673603 1.85010183861034 4.11459104772767 14.0619302190215 25.0911106574344 30.3484304086192
0.926926980454389 2.31828778691302 5.00631250483197 15.5061819490941 26.8322307498423 32.3416213296384
1.2261134352482 2.82618688316861 5.96135032305606 17.0343476086184 28.663615806443 34.4333271949366
1.55849389679798 3.36382936055508 6.96008573466308 18.6134548926496 30.5446485814043 36.5770551468958
1.9183640890486 3.92139722968179 7.98461629191829 20.2140680756789 32.4383412081761 38.7320351369587
2.29710236925639 4.48880150425862 9.01993178903126 21.8138994225279 34.3155349489257 40.8700349563207
2.69024361403787 5.05613084765113 10.0473726848696 23.380364100418 36.1334477071626 42.9443112532899
3.08693907467845 5.61151595291654 11.0499857301565 24.8893314940684 37.8609780892521 44.9252135265169
3.47760149210399 6.14506128083227 12.0112087472232 26.3195774876645 39.4776179771504 46.788201224774
3.84154509603864 6.62988462449627 12.8838244692283 27.6017207104811 40.9049628079265 48.4437119793122
4.17342714811175 7.06520893720521 13.6674745899329 28.7432922452861 42.1616827983721 49.9088231087981
4.4413277460674 7.41119539892351 14.2909554352309 29.6429166595438 43.1390870607525 51.0555229243988
4.64109478911997 7.66624249260669 14.7513019728574 30.302047829143 43.8470613153583 51.8909930635676
4.7579692546058 7.81533881348269 15.0193785368253 30.6853397235941 44.2593049278905 52.3758960117117
4.82007414071853 7.89556312677058 15.1622441354823 30.8905504530694 44.4831377915268 52.6358253797304
4.86657318002953 7.9568449345813 15.2698699383284 31.0466767501542 44.6575251415112 52.8344681105297
4.8751524549859 7.97039870871359 15.2909219081346 31.0803642117257 44.7030618300337 52.8793195742061
4.85562203163891 7.94841891822369 15.2478981184828 31.0228330931593 44.6513287383746 52.8090400142294
4.8065202854112 7.88907248196131 15.1372319553402 30.8692294791777 44.4978028635006 52.6176661104638
4.70393222253345 7.76100401803265 14.9028751479688 30.5383211426251 44.153143774624 52.2015378025288
4.58184500429711 7.60722150302908 14.6228316797123 30.1412055147003 43.735302532996 51.7010775753922
4.38255500453187 7.35228794233045 14.1608728344287 29.4799388547929 43.0277455857256 50.8624976553803
4.11474382917689 7.00516127231876 13.5337616644062 28.5748540103996 42.0463064659505 49.7082170536455
3.78984719163861 6.57698233786237 12.7621377180398 27.4496638722451 40.8073694398997 48.2628616099108
3.42654306650061 6.0884236397538 11.8819910985544 26.1517505764757 39.357327998735 46.582362413519
3.04366547389783 5.56519765366451 10.9384045183782 24.7490100831954 37.7753740604527 44.7558098528971
2.65117705654866 5.01107881185272 9.93777170436307 23.2389633045028 36.0418878770175 42.7698266833078
2.26466942841685 4.44561778128766 8.91073031215731 21.6668031749287 34.2128952841922 40.6818451675377
1.88914939210878 3.88017214397601 7.87806116925615 20.0695971216462 32.3386420985727 38.5456486949581
1.53010331651068 3.32252751118829 6.85337802027806 18.4687086997512 30.4452660712722 36.3901297793985
1.19772962302894 2.78409592282931 5.85439715173516 16.889032115434 28.5623603637729 34.2457509138541
0.902574874255143 2.27922093349207 4.90617678657016 15.3687809173755 26.7354505199586 32.1629320104819
0.641292929641864 1.8078141368937 4.00989524918555 13.914803406076 24.9780836224766 30.1550814308516
0.426964844920963 1.38911065701177 3.20051876376227 12.5811312847656 23.3538156810323 28.2941536085944
0.244947676528036 1.01051352733696 2.45952887282834 11.3472814300954 21.8446681511887 26.5603327447871
0.106338781883732 0.691239853784529 1.82268473498665 10.2715166796249 20.5226658851167 25.0337747873375
0.00142366418851241 0.423851886272803 1.27974440242668 9.34399225576438 19.380539574672 23.7068423206869
-0.0773436566530114 0.202411036771017 0.823535592692752 8.55703031810918 18.4092452390989 22.5732116511075
-0.128603132805378 0.0376545452580309 0.478189492844323 7.95464096683076 17.6640320801968 21.6983087399808
-0.159011871290405 -0.0720921409113004 0.2459482207041 7.54519975338915 17.1542863066719 21.099190790216
-0.177349471947273 -0.142121196387256 0.0982101889121454 7.28189897194294 16.8219156894176 20.7111880123109
-0.191035826268561 -0.193971020124417 -0.00988231628848678 7.08751667384106 16.5724912382323 20.4230423169787
-0.197981585838638 -0.215870389478267 -0.051816499152414 7.00857261860553 16.4613802278809 20.303180961724
-0.202308146929765 -0.223535341350847 -0.0618635141759408 6.98589218990457 16.4181625536596 20.2658896524333
-0.203318702620799 -0.214517653272773 -0.034660963826758 7.02860057840587 16.4534985271194 20.3243382765573
-0.196799673303054 -0.177608659834323 0.0526448831838762 7.17562228758548 16.6145903957211 20.5345484730067
-0.18569873050587 -0.125286393510365 0.172322805889723 7.37918985904295 16.845356937745 20.8273028649671
