-2.27655100641781 -2.38984234535129 0.425369963039258 3.5015968918691 0.563220137001042 -0.643188199110874
3.96983452335235 4.15950609027476 -0.733365628978742 -6.107280685527 -0.970961327705159 1.11812666792241
0.0946732908171616 0.0983355489424071 -0.0175883601298039 -0.145049284575747 -0.0232559587047045 0.0266063978382481
2.0686828087553 2.11705841103221 -0.369398802981429 -3.15439099724721 -0.522132805888522 0.578053833059545
-0.388262111024865 -0.406622575573043 0.0721472235711297 0.596358443015612 0.0965957897064802 -0.109505818518571
1.03450044392327 1.09743913958213 -0.196709983341967 -1.59525176076339 -0.251929205037782 0.29241527501939
3.71272893196035 3.83756592896843 -0.66543938841353 -5.69513072538353 -0.916720887127466 1.04237138049742
3.35166653015598 3.471337530516 -0.608383901706422 -5.13558168919129 -0.832173832868139 0.941153670943258
-2.20146352219972 -2.28608754219501 0.392963835015146 3.38982098709887 0.53816392559044 -0.619797875703083
0.842175919548181 0.894698423268414 -0.159212428562426 -1.30169360392932 -0.203631675679653 0.238454850746887
2.05028882560191 2.21055873137106 -0.399342442458916 -3.18226821426654 -0.494544245156391 0.58471030736555
4.03539642897861 4.16971908487485 -0.717404858305275 -6.19877756222829 -0.996210466683614 1.1343517705499
2.5106593869351 2.65158453764956 -0.477391586436566 -3.86216130092209 -0.618064709187207 0.709305309164637
-1.25187281243814 -1.33141450392119 0.24156183116828 1.92918574544888 0.30859219775719 -0.354892851475436
-1.43333470168375 -1.52197660949293 0.277373477748512 2.20435335622915 0.353332963173874 -0.405276884797313
-3.58030924262757 -3.81861050332179 0.685256135317235 5.53786771063742 0.872996582060631 -1.01753045772894
0.98208192911397 1.04823311266735 -0.187378777498409 -1.51982826282956 -0.237177348177871 0.27862696241006
-0.671311880122429 -0.696737965978314 0.123447285367859 1.02804309872889 0.166915995003848 -0.188586694253148
-1.80259622213313 -1.9082224335056 0.343962366271345 2.77516401653225 0.444615081850404 -0.509997221699398
-2.06712011737766 -2.15346304450554 0.372722476639858 3.18316939982486 0.504071802391118 -0.58211740513353
0.0875827330633291 0.0971695956262919 -0.0148121273101084 -0.141928099861276 -0.0153896325196418 0.0248889455157915
0.246314474427815 0.246057879458229 -0.0453104505537661 -0.369424907193497 -0.0669048204852603 0.0688005369726802
2.5803004283944 2.7303678068128 -0.484202795233622 -3.98368061812692 -0.627553699963408 0.729943435840159
2.89009250807778 2.96993951817699 -0.513936226856255 -4.42358798678622 -0.715530211871386 0.809501272718994
-2.32530662862704 -2.41432539176089 0.41403548801752 3.58094202407471 0.567088336795437 -0.654426517945402
-1.79569286758896 -1.89372623002944 0.33828885041613 2.76489269963139 0.442537749886635 -0.507729620302761
-3.78351938953624 -3.92123744909421 0.706779664225225 5.76384204587583 0.953185533076362 -1.05707858848116
0.743420345858875 0.786255821333954 -0.141424130699078 -1.14461306646943 -0.181422403665606 0.20990408299855
2.60545201919483 2.73618492457123 -0.486787551464045 -4.00520026041067 -0.640963341657633 0.734184704153384
1.79748672900943 1.91866281795209 -0.345029913827046 -2.780066987224 -0.441064644232567 0.511827536965498
0.0589103830539713 0.0654813802238036 -0.0100102681924702 -0.0950504657868904 -0.0113012349790602 0.0167864627793757
-0.910476069293407 -0.955135529169401 0.162620707250921 1.40865555415467 0.218164444977263 -0.256584355491973
-1.77474679776574 -1.88455103934554 0.343679193744979 2.72939540792018 0.438700873105295 -0.50215628733069
3.16105756847055 3.31022083273751 -0.589176151385288 -4.85333152373783 -0.779659478112968 0.890055899719278
-2.02080629259677 -2.14557046028005 0.391955212418574 3.10647270215044 0.499972125808692 -0.571552088678746
0.468843918775232 0.477941596735054 -0.0820345712795865 -0.716668666709658 -0.118137588424727 0.131480322030244
-1.56104998430916 -1.64660454493376 0.295831817658232 2.40046555912322 0.385546316285382 -0.440919017767505
3.839443787552 4.10463062788535 -0.742506704218216 -5.93437290167781 -0.934530160492713 1.08992891164779
-3.38763663662726 -3.55486595956567 0.631251823010772 5.20940908634661 0.836418703766129 -0.955940124418441
-1.47551187738855 -1.56547319814839 0.283225532918663 2.27235903077926 0.364054333140061 -0.417877796197993
-3.19319136703793 -3.33457956983621 0.591857382334082 4.89867930872787 0.791249684532967 -0.898429588926686
1.14293616324632 1.20228588879675 -0.209504034279176 -1.76571804667923 -0.276037027171771 0.32282136708641
3.99177603939259 4.0866974220987 -0.690657615930128 -6.12619263994825 -0.98755524747801 1.11989904977357
-0.668196049734007 -0.670060246471597 0.129556576229882 0.996204052332552 0.186307444784852 -0.187238564351391
-1.773441301777 -1.86148826013581 0.332091132862013 2.72531394453243 0.438941222781792 -0.500409443241609
-0.444890276172356 -0.475414401430528 0.0861708589736713 0.686934323135742 0.108849354314911 -0.12625508845732
-0.331336399519931 -0.34806426618668 0.0647799032453715 0.50583551229288 0.0837134654950851 -0.0934510303381996
2.83084962280734 2.97598529248545 -0.520161944765906 -4.3705308705927 -0.69552639934302 0.801459953910685
-0.70661596850634 -0.747592034947292 0.138077768118033 1.08287303880482 0.177609365268903 -0.199885303035268
-3.19294953582657 -3.28034803709238 0.570260591896453 4.87904741944832 0.793858052229353 -0.891726469399871
3.40052100879674 3.62766622700965 -0.661928172317178 -5.24072784650942 -0.834221098709409 0.963565460210341
-2.12939657005108 -2.20955570969546 0.380613546211246 3.27597578784122 0.520624609009785 -0.599011068973848
-3.50587680467327 -3.58213425968769 0.607507260969925 5.36946525937778 0.865676040869958 -0.980061175600647
0.265674736824433 0.259932453365121 -0.0541774185256616 -0.386569409975436 -0.0818636889493719 0.0743091685991711
2.82520375190935 2.91484335815594 -0.504198918482596 -4.33158225219498 -0.695350615700072 0.791886512439428
3.1177479663677 3.27637259243364 -0.584552435771635 -4.79285553444527 -0.768787179758904 0.87955911775731
-1.67779312462081 -1.78185522660908 0.324745162842685 2.58139203857838 0.414802682818276 -0.474945805675011
-1.15467748905222 -1.19630029827727 0.205968437701536 1.77532335155282 0.28246050705338 -0.324396467190612
4.10043957343308 4.29666464353445 -0.739889486219463 -6.33700588855647 -1.00001647305414 1.1592636719282
0.63555174303843 0.644943237151322 -0.112042354909681 -0.967446278306007 -0.158763214604118 0.176985224451353
-2.64021934986634 -2.72173314543123 0.459712101012784 4.06253326480921 0.641760341431939 -0.740937833880218
3.48419748936784 3.58894308914241 -0.621698138803351 -5.33684437812738 -0.862911885173977 0.976617587333958
-0.650385724115223 -0.682607961434519 0.11395068058892 1.01000228805107 0.152062987081603 -0.183246684879169
-2.1951043561274 -2.33233293712597 0.426390310622957 3.37488451078431 0.543352265683046 -0.621000731005846
3.15058509886722 3.34563862615137 -0.603739601090823 -4.85573107770202 -0.769356540168309 0.891148997153531
3.60944880457977 3.79435942393687 -0.669537458220997 -5.56182260081524 -0.888435020850413 1.02023346022316
3.1646240880438 3.23931489712997 -0.542252440322222 -4.86489709821368 -0.777374735669686 0.888325731149495
-2.09886826115326 -2.22314896433881 0.404770462981065 3.22547233279529 0.519474071215259 -0.593312811566715
0.180080794124857 0.192350850073231 -0.0313921501161823 -0.282370343996728 -0.0406534640992433 0.0508846637279299
-0.771176614170023 -0.810908220017684 0.145057443961319 1.18620438567179 0.191602729619714 -0.218216498073157
-0.670948121604238 -0.703857381761729 0.12200665142434 1.03669749509213 0.162769779350071 -0.189631855726126
3.48427510216649 3.71069664546402 -0.67736225244461 -5.36519708293075 -0.856339052249905 0.986555793710401
1.13515515324786 1.16147962151462 -0.200488002785445 -1.73577936929537 -0.285731224628158 0.318467072772162
1.80740204152243 1.901471913997 -0.342542132663952 -2.7737468827003 -0.448081037876933 0.509198820088388
1.57563442206607 1.65788083151382 -0.2950230213512 -2.42442206211956 -0.387851139429103 0.444687483691869
-2.00017053936631 -2.0907979138737 0.361367061788881 3.08632474379403 0.486911227391417 -0.564498210810005
-0.0781977640819996 -0.0819859689781185 0.0141814096974008 0.120984493390248 0.0184729596425933 -0.0220593371676592
1.53741529585964 1.61112729951998 -0.291900908417813 -2.35223551829578 -0.384508282919506 0.431998761370465
3.66634981023512 3.86248310042887 -0.692412892280979 -5.63742628507989 -0.9027906649774 1.03476465247969
2.10603690667836 2.16964761611791 -0.376423343576811 -3.22477381699684 -0.523360306097573 0.590100392562896
-2.56990757137184 -2.67395807200734 0.455530733499428 3.9678700332169 0.62606037205598 -0.725527557652571
-2.07250291670639 -2.18955776691194 0.390901634406458 3.1950886323879 0.510804258923968 -0.587015314940561
-4.18340118442567 -4.25249015834776 0.711784823459997 6.40955833005614 1.0382087510982 -1.17028395621144
0.123193260466223 0.131751431768653 -0.0224145899052576 -0.192201928704609 -0.0292494359328693 0.0350513898921991
-2.68196308038199 -2.74702438701996 0.467669163116595 4.10990896180321 0.661230976515433 -0.750263873278727
-1.08568011890688 -1.11346812606838 0.188126171939139 1.6665691581849 0.266182485787976 -0.304158289564164
-0.310195280151277 -0.328943225737951 0.0612242682389319 0.474847132229234 0.0790698793271253 -0.0878746218496347
-3.88132397517173 -4.13925951928652 0.731795587613648 6.0196875363135 0.944401113395298 -1.10542993231285
-1.70035821074246 -1.77850292085635 0.313047858547106 2.61514596897278 0.41759146805179 -0.479233432075191
0.320625481549362 0.342440463680949 -0.0619930417983739 -0.49438032870188 -0.078632283650677 0.0907610776010614
-0.715052224966652 -0.763443493922785 0.137094427119667 1.10511906506065 0.173269325150215 -0.202561271330818
-1.79430486011984 -1.84740524110866 0.309889519910977 2.76341119713464 0.435815721537016 -0.503758352239282
3.09593427656427 3.26108805948071 -0.582360550234142 -4.76438445381533 -0.763640682021419 0.874867344722183
1.06979696275153 1.08693067912956 -0.193779120636126 -1.62021667278539 -0.277775545022308 0.298268056878257
-3.13756471177512 -3.3427481032046 0.594713440539243 4.85998368926399 0.767875696130233 -0.893502455287644
-2.60521234610958 -2.72086675383496 0.472193197626846 4.01792083561208 0.639079955480349 -0.736163520494225
-2.79035681873166 -2.9700987328241 0.541103067289412 4.29814392977941 0.688510681569221 -0.79095230745157
0.349809485122115 0.374458113260472 -0.0641667460748575 -0.546320508226677 -0.0801313395093931 0.099166842213945
4.18177118299415 4.28731420993063 -0.734414892973612 -6.40831623894942 -1.0335462756736 1.1723869970495
-0.668993925868777 -0.71807710741572 0.127700122799118 1.03637917738369 0.160958927162532 -0.18953311480424
3.98104944765066 4.11344953905809 -0.699469882522046 -6.12876818038814 -0.974479309891761 1.12003205182495
3.17676857730703 3.37662943111581 -0.604518950315893 -4.90642830559422 -0.779119070674467 0.901314650087795
3.64667639964912 3.88461907248884 -0.707211746173518 -5.61884623962108 -0.894174644963133 1.03269595876478
3.42037588916138 3.5834162704329 -0.626886911663015 -5.27114896366591 -0.842296824561143 0.96654221435538
-3.06141632126225 -3.180211189966 0.550896874902681 4.70804407231602 0.748891400973647 -0.861440282821762
-0.20200553318767 -0.2115680788198 0.0353993670542619 0.313273580498668 0.0471619375857449 -0.0567821006471764
0.602944340376033 0.636999984369824 -0.108758467092332 -0.936113223821538 -0.146436417695231 0.171229045783558
1.38278877944542 1.48109280104765 -0.263136629942696 -2.14662944546412 -0.332092028350573 0.393626507400343
2.5331564944986 2.601063612789 -0.444066793825066 -3.88619493500602 -0.627515673710482 0.711108483454645
-3.94090168579683 -4.03495160999491 0.683958435495861 6.04411783308694 0.969764471761693 -1.10335771610903
-3.47570342472638 -3.69586946876991 0.673950126600036 5.34974627084294 0.859059460152137 -0.984696785163114
-0.0211457801447986 -0.0230610052738957 0.00415539703706049 0.032789058562586 0.00516723738023252 -0.00601032850288185
0.887946124147581 0.931098290756367 -0.162322625350983 -1.36904366521463 -0.215127120659024 0.25004193480971
-1.41716878032417 -1.49855055320189 0.269772212455298 2.18140182828983 0.350171080415563 -0.401013107169404
1.51129732478434 1.54079011471147 -0.265665491436457 -2.30667912745042 -0.379656376849648 0.422459624113168
-0.149729049098236 -0.158645037036706 0.0259940571456765 0.234600960814625 0.0338532606640658 -0.0424176219408958
-0.460146654942723 -0.477946278752902 0.0848935942133998 0.703913418333304 0.114859890477457 -0.1291114379256
2.77194322421617 2.95300776844033 -0.535415695129784 -4.27449333459791 -0.676944276430505 0.784954586569853
3.74852277848261 3.96208955269308 -0.707146481396601 -5.77731807044473 -0.918989986829543 1.06003541760248
2.7993345960145 2.98203354988771 -0.541643626607368 -4.31531407831664 -0.684671991104911 0.792810865628974
-2.47721925642514 -2.62966633543219 0.479757659167266 3.80930627751904 0.612860122080474 -0.700868303363924
0.648750572812396 0.68977494370331 -0.125363343270413 -0.998898562828107 -0.159376982080517 0.183577721553229
-1.50802304509826 -1.56420219355547 0.265969050111458 2.32480998374595 0.366036894784882 -0.424336953373941
1.86087198870503 1.94536233080529 -0.3488139842675 -2.85035331130272 -0.460514506938501 0.522449748727635
-1.17965680138019 -1.24782959069092 0.22556398090015 1.81521824008619 0.293109066050227 -0.334093165331711
-1.54789945070508 -1.64417023875902 0.299879474034127 2.38099704299648 0.3824241998537 -0.438031038148209
-1.18397860801599 -1.25855294816258 0.230481683900521 1.82062117728505 0.292106790884803 -0.334950944628575
-0.328308700483255 -0.34306322052892 0.0616306757508873 0.503412347856202 0.0822354528094331 -0.0926948033507702
-1.85501449633761 -1.93266739993681 0.338277228286574 2.85090560904767 0.455991390504585 -0.522217213141943
-1.46368544655082 -1.52794015542595 0.26832684328004 2.25052239186839 0.360650475672221 -0.412533582805047
0.853556087273144 0.904719409878573 -0.163071314616762 -1.31521831708429 -0.210759878241021 0.242036643229044
2.80765444860711 2.93666466746899 -0.507947271625285 -4.33454037569525 -0.690517927644985 0.794811365555447
-1.43133559907796 -1.48364922841982 0.26045183518083 2.19262489981856 0.354962545923869 -0.401585501187256
0.121649027307401 0.122539381195878 -0.0225538776277615 -0.182625490542473 -0.0312968515478605 0.0336500841175703
0.241424187708118 0.242906712801031 -0.0454889911522608 -0.363138013003248 -0.0674770925173626 0.0683810157998259
0.335599841990003 0.299546851741046 -0.0544544964996838 -0.473871623179824 -0.0850797900123701 0.0836770162319791
0.422806888407237 0.384596296205272 -0.0686065673473371 -0.604469409113331 -0.106064845967955 0.107067505193716
0.485652679221933 0.480676692930038 -0.0828457456852654 -0.730749503641553 -0.123062337317909 0.133386541347775
0.580964089667411 0.57328297168371 -0.0991192715840051 -0.876022742053874 -0.148596876453765 0.161428949827969
0.656924197753962 0.641615465678206 -0.11324722774935 -0.982846650595348 -0.168474657633945 0.180331510801588
0.76565731005629 0.665435875002884 -0.118829742051614 -1.0659035635398 -0.187073906793525 0.183543038680219
0.890743444050491 0.702269320016603 -0.126660470269028 -1.17264613749308 -0.210817884752433 0.191791415575272
0.99309439445033 0.875343757535087 -0.15386661431013 -1.3924895632868 -0.241348583191468 0.240209182914327
1.11294273286087 1.11806093791681 -0.193407729379954 -1.68361861804983 -0.279775957830416 0.306876435751603
1.27980792203942 1.24449100027964 -0.213753941585314 -1.90525477095808 -0.314944996538919 0.345224062819539
1.46159119526009 1.38937745545608 -0.236842672712005 -2.15439851994016 -0.360796294933147 0.388812770892018
1.61111888598219 1.52400325125181 -0.263809672619408 -2.35579383016842 -0.401147625019042 0.419246152700219
1.83486792822932 1.52000994557974 -0.273093336208613 -2.4702268542568 -0.440722362754946 0.408742050719555
2.03923649714891 1.57015858248318 -0.28827001352006 -2.63038846125878 -0.482085955887715 0.417933897377422
2.18596217421299 1.77827427279121 -0.316148344066705 -2.92411490274993 -0.523382456723187 0.482361179136013
2.32265062495426 2.06860787843709 -0.354638933285694 -3.29060213874515 -0.563277894607393 0.572512116918478
2.47923705599666 2.35112388537664 -0.397195903319685 -3.64917206245838 -0.608758469298698 0.652859480988336
2.62594557206105 2.59997597693424 -0.442048795686622 -3.95191547030598 -0.645184291196611 0.716928964276917
2.83877415528083 2.71829746015964 -0.46444632234232 -4.18819843321369 -0.687307723447919 0.75252984178945
2.96155182966272 2.95079909106069 -0.509406908012577 -4.46199032762592 -0.731522326771346 0.810997784151004
3.20404422169464 2.97934280174305 -0.52117753005933 -4.63507316988284 -0.778553196811758 0.824009082368079
3.41161349579617 3.02884373104514 -0.532545102006964 -4.80575123687448 -0.818657751080827 0.839521509038245
3.55721469345905 3.21194349498003 -0.559936351504011 -5.06109531798765 -0.856149375330624 0.888631356661744
3.75479822541425 3.34519107253844 -0.579945915474689 -5.30547511827949 -0.895668865531604 0.926297258717508
3.85865824170921 3.63083345344166 -0.622054633517912 -5.63460580913962 -0.932762226878587 1.00454915245956
4.01066471802399 3.85979232318738 -0.651574479625001 -5.94690208493964 -0.969486919502942 1.06786897494062
4.09881714071999 4.08696705857775 -0.690958612013166 -6.200806811207 -1.00053470669163 1.12660762809457
4.18836300885199 4.26188967643124 -0.723006686580878 -6.41315387519651 -1.03745338637043 1.17555750731958
4.20334459412807 4.27145093191416 -0.735003477026205 -6.39987291867517 -1.03605228560951 1.16593614894515
4.36938596346878 3.89977253813129 -0.67902425075542 -6.16641468906368 -1.03484444570615 1.07281359213782
4.35607122464485 3.82573605521602 -0.662121613766666 -6.10730629975416 -1.03425521101764 1.05933981806286
4.22035036605008 3.96913213629215 -0.674080872698112 -6.17081220539454 -1.02062996818744 1.10040182021927
4.09592012799287 4.06601668652783 -0.680150868693304 -6.19489417900988 -1.00744485130882 1.12562326996303
4.04606573490667 3.8322290109761 -0.649690949680492 -5.93927199032614 -0.980283557124444 1.05858361385793
3.9695988145148 3.46411936558456 -0.598790627472142 -5.55281628177268 -0.944117763905212 0.962083381395944
3.70933205871911 3.41900722215007 -0.586431924620042 -5.35581857582579 -0.896390043878792 0.947936496176404
3.51753606651004 3.32345287877487 -0.562429026606497 -5.15840287588361 -0.84853078423198 0.92094357633564
3.35299535608348 3.2181409207973 -0.53760411247602 -4.97079768206462 -0.807887160497727 0.890727083240625
3.11553483090414 3.21158839386259 -0.538316162700411 -4.80769532995318 -0.766675310059787 0.880087053775584
2.95751187886647 3.06492681451176 -0.519181667339681 -4.56715910433502 -0.726951930125408 0.838882288172492
2.80105631854569 2.78804366857134 -0.486933060396949 -4.20377922752686 -0.687673486894754 0.759509922924156
2.72731936566489 2.33034914992072 -0.418597521002912 -3.74307743385709 -0.651889990684624 0.635264515971776
2.58571505055521 2.07832940780209 -0.374536613586471 -3.43491370277585 -0.616718651180542 0.567617985894874
2.34925780771419 2.00174866191615 -0.355342353317811 -3.22549711087486 -0.569621368899327 0.547046009934783
2.14698764318312 1.8577884136802 -0.331715662906224 -2.95893048219158 -0.523974151723467 0.498821469371899
2.01316482223355 1.59128025287227 -0.29807067154322 -2.60229335715806 -0.482116685793684 0.406119136577576
1.86881572837287 1.36048130683077 -0.268452564573425 -2.27895906951015 -0.442199290319945 0.327849895288326
1.69753924384311 1.23851496339593 -0.245782384223245 -2.06871674018929 -0.404153843236889 0.296182498032858
1.52850414453338 1.1368792706711 -0.222759273192334 -1.89048672901105 -0.367502802048011 0.276978984137851
1.31266568300491 1.10425759954424 -0.205843832760528 -1.76193481839727 -0.327652048500894 0.288061160156233
1.02352094279421 0.991416954424406 -0.177656121439768 -1.5128643858932 -0.269081632092388 0.276420284354231
0.641213581191668 0.61427586025943 -0.114803752557453 -0.940871310038028 -0.174548047724228 0.17509657679063
0.0093238525403111 0.00631019389697896 -0.00185382888279696 -0.0105596713138522 -0.0041950514671567 0.00223799575839192
-0.513686664248184 -0.506883693390965 0.0990679357831147 0.759087132241756 0.144972051503216 -0.142746451854204
-0.922777356465516 -0.886656904633362 0.156728745019824 1.35758030216744 0.231147561047481 -0.245329516773457
-1.08274053202855 -1.00074415478955 0.166542280593899 1.56897629711448 0.253105433300251 -0.275669120025686
-1.28266469276755 -1.12767263931958 0.190801620331913 1.80748162712868 0.304728513974893 -0.313112000493352
-1.48136096835477 -1.26732424380527 0.217846886790828 2.04849090776001 0.35101762090858 -0.350116186610539
-1.66237909645591 -1.38397710023286 0.238819741834519 2.26144767027734 0.389349968637195 -0.381212633288293
-1.74315567288789 -1.62192220072581 0.274189036060111 2.52989617779591 0.415097944510371 -0.445211521150686
-1.83124305372974 -1.87543165692657 0.31327516290425 2.81470771343307 0.443629171763321 -0.512931180908166
-2.03304854474941 -2.02363738449334 0.341121967972057 3.07001500997152 0.489481754375164 -0.556248882850597
-2.20971000233578 -2.20983691101804 0.375071545153279 3.34038850562402 0.53370224862567 -0.605325669465915
-2.4091329363304 -2.3042177986327 0.389502041909179 3.55267626460554 0.570144482855996 -0.635550083515483
-2.53477505381642 -2.56254204534746 0.43420540054461 3.85412533281797 0.610394005835623 -0.699641399147368
-2.72387744555629 -2.69116321204517 0.453026076371914 4.10159593220032 0.667266707295917 -0.741589922309986
-3.03680185489482 -2.63636584687261 0.448281567665642 4.25066832161056 0.730917535569002 -0.732380469881806
-3.2823496752756 -2.74547518057312 0.476515294691868 4.47976887004376 0.77956073475227 -0.756885222810385
-3.47366277230991 -2.89125329149903 0.502772569415409 4.72439793056337 0.820923414259849 -0.796281954193715
-3.49687210264456 -3.22564781160586 0.544649703366609 5.0629441488947 0.846510140256104 -0.893519691566629
-3.58815681246829 -3.48485325420893 0.583378737179063 5.35605716385668 0.878530163854566 -0.962485638237749
-3.91796849908521 -3.37389249370374 0.568927077373421 5.46087311920389 0.932045670286934 -0.93407283632459
-4.09488600265439 -3.49675673319468 0.587801220075747 5.69042301940971 0.973831447302641 -0.973269800908612
-4.19083233833776 -3.68944758632147 0.614393527950484 5.94342685791719 1.00409367682688 -1.03755166925509
-4.22173223851224 -3.96520241497285 0.648928371978608 6.23966050485729 1.03141529405875 -1.12631557614057
-4.18109138793299 -4.22294414065105 0.699544832725743 6.40754079824309 1.03773379215863 -1.17547067056012
-4.29481719845707 -4.08316928076103 0.698604460260295 6.28531366398297 1.04779446481027 -1.1047317666963
-4.42766264621944 -3.56681935844805 0.650569716955794 5.81253666306722 1.04947174031175 -0.923215204385143
-4.34458960371524 -3.24355512868471 0.615220249296066 5.43389282945113 1.03507091190457 -0.815550786038368
-4.15414184337279 -3.09674962592086 0.59397782012571 5.18413682807448 0.99714314264567 -0.775211098573937
-3.935077275131 -2.98247882905056 0.566235977896835 4.9734171837761 0.945489219754708 -0.758391594507355
-3.6229550334524 -2.9996553777359 0.54420664959859 4.85266568156675 0.876238369212946 -0.790792515438673
-3.25437861044573 -3.15168427370224 0.542981049308845 4.82256939456052 0.803526728712798 -0.865174543901455
-3.05215553846327 -3.03835843300008 0.517689927426329 4.60159785005265 0.74026347369135 -0.833777372380296
-2.85068006946812 -2.7896759546137 0.462778605606824 4.27607591789012 0.68257277775656 -0.769702177253798
-2.64768552789635 -2.72473496085306 0.458532272806434 4.07275637648042 0.642787340775955 -0.742346228710284
-2.51382759272495 -2.55462944835309 0.436046029900585 3.82997990400939 0.609243035721935 -0.696958088630926
-2.34061711519805 -2.39692888204008 0.408980716248752 3.58014643192312 0.567688101516485 -0.652106703759546
-2.17605038804185 -2.20553796595432 0.379011687775679 3.30505521577875 0.527023914143523 -0.600844094963852
-1.98430885731091 -2.05936543958907 0.355604806586274 3.05018933242829 0.48210347946177 -0.557019504300228
-1.87339730449218 -1.86571013055794 0.32248369972006 2.81528262382875 0.453711810001819 -0.51007901270877
-1.72001438767223 -1.66996195866349 0.286156650843848 2.55303167970825 0.412959904891706 -0.459384470114041
-1.51375309465953 -1.52987299556591 0.258052172844847 2.30340723581642 0.364207819186996 -0.417700315828754
-1.3882270868425 -1.32757879051981 0.223034434251663 2.05138533246403 0.332350051560902 -0.367065466929026
-1.22504369370549 -1.13456948922623 0.186396449628157 1.78737498772741 0.292512395416214 -0.317278441034465
-1.02155889853265 -1.003751431065 0.164457273845747 1.53978888626585 0.245724732372898 -0.277811613823354
-0.827990034671033 -0.816081633350029 0.134041120524306 1.24749239983775 0.195764371664105 -0.224661774042314
-0.641726119771326 -0.671860755830599 0.111400174785529 0.995974589391592 0.148998028081911 -0.180306335210395
-0.605102615458504 -0.57213203382167 0.0994479593779523 0.88241267419774 0.145957253166025 -0.156324700398848
-0.557140247266128 -0.459986900320145 0.0813974481879004 0.753576197246263 0.134028385322255 -0.127197957185311
-0.475157597340884 -0.393866948455558 0.0689718042258739 0.643154029248647 0.112447219932137 -0.107918086968189
-0.368960222216982 -0.32180438080016 0.0563747504083071 0.512778131982232 0.0871504604246026 -0.0878285546573239
-0.225260960282769 -0.219472002159978 0.0363849076686147 0.335645089525128 0.0516949553202902 -0.0594205953770715
-0.119433084628824 -0.126309719690171 0.0203690190784014 0.187717600136894 0.0263487330554414 -0.0339117849892917
-0.0534685436357658 -0.0540864885502294 0.00913286653773694 0.0817714421845945 0.0122412091182895 -0.0148246891455143
0.0272320327404773 0.0248120182840761 -0.00532474870241229 -0.0382565844570359 -0.00771998378605328 0.00707861245275656
