7.49657350291032 12.2681014943286 21.8403064681705 40.3937101916334 55.6594780484988 63.3260095121119
7.1164502506446 11.8519420925095 21.3237839890448 39.6691191951923 54.771009005988 62.3221818113265
2.3471575118978 6.19550732444099 13.924796419681 29.1152747929207 41.7263985519417 48.0637361948994
1.15220182533199 4.5812268075839 11.4471531791361 25.4470385116509 37.3366441056886 43.3006971292305
5.67493946059126 10.3985583660509 19.8877839969066 37.5852623730768 51.7596822160685 58.8735530424331
9.47563693525067 14.7417426400945 25.3081495550587 45.0544685114117 60.8880424401886 68.8201519545812
-1.12699956133285 0.701639204364521 4.40294854779826 13.784888471351 22.693143149847 27.1817234230962
2.87838469301126 6.58164086396224 14.0051175065791 29.380559583882 42.5691105273644 49.1795635992627
1.4789827484297 5.02639540858427 12.1522884582625 26.4857622947993 38.5606048608395 44.6300880417523
-0.867481733689713 0.280060295094361 2.58983732695224 10.0861564598741 17.8874901438887 21.8179961769894
9.38170445123389 14.4700422959386 24.655982630247 44.2209778114886 60.2247745264056 68.2398326470831
-0.343041757502429 0.330975759594059 1.70574456074319 7.98874444537053 15.1142931657508 18.7176482152819
0.319349134390133 3.30602209519415 9.31820388706369 22.1866163744831 33.4295734715786 39.0844777917959
6.70867646099196 11.6404185980598 21.5383411644619 39.8420843968853 54.4350139154132 61.7626959302451
-0.18118440600091 0.366117246748724 1.51774571705166 7.19439267541458 13.7073879514435 17.0075554435911
1.95812945797783 5.64637699168849 13.062159844627 27.8583299311163 40.2597782659995 46.4972346549158
-0.940803210347722 0.565771495429714 3.61067885249126 12.4822079097221 21.3790804866725 25.8535229717887
6.71095629225929 11.5675326888216 21.3451333795409 39.585307232306 54.2231157998878 61.5909725193155
-0.784282898662359 0.335734042327931 2.57486657215097 10.2884670358154 18.4617279417218 22.5657478563267
-0.206891253589556 0.365109437219662 1.53181945819084 7.59367783434261 14.6277592609738 18.1864851022607
3.58355862612775 7.56929181718573 15.5706265951274 31.6150643079401 45.09215896824 51.8572539834525
2.51153898328534 6.44627260835241 14.3743066360124 29.742175054558 42.3901249146615 48.7556182994998
-0.122139417546921 2.4076262768459 7.52353978209963 19.4295336614069 30.294120485625 35.7625138366229
4.67203265791998 9.11151904086945 18.027684078014 35.008076108483 48.8140433010698 55.7516306400931
2.31047500513613 6.01851591274501 13.4972463726347 28.5358812892982 41.2077503590235 47.5876119161481
2.38735679810171 6.18045150248783 13.7594651859594 28.967683848805 41.7327409669848 48.1071744107432
8.18543634965586 13.5830913954374 24.3810906447885 43.6142864203924 58.5351388153958 66.0134459449236
6.003820549536 10.7347448263793 20.2784462061221 38.1356336225156 52.4772499316594 59.7002504156672
-0.719662208225951 1.37369284610142 5.6109150980367 16.1641438740296 26.098437766052 31.1039314053362
-0.138559214271266 2.78145431501353 8.63824845095986 21.09262985279 31.9032550570155 37.317349553112
2.19334302927252 5.69996900934222 12.7366199684444 27.5093667742211 40.2823050857953 46.6871695695101
0.131647136986654 3.1717621659446 9.27645038940449 22.1135080566079 33.1887743677191 38.7338506651035
-0.675268036207834 1.34861328171085 5.43841505663705 15.8921132322775 25.8542776909349 30.8739620224911
1.13866882377551 4.21107224697328 10.3661819554673 23.9591417115418 36.0377166819713 42.0935056425539
-1.19657211648542 0.290537827119598 3.34229445661589 11.5529352472987 19.5355872925165 23.5777848242229
-0.309852889710824 2.33368517228852 7.64564192131844 19.5394719938471 30.1690303072203 35.5047945964892
-0.481983766965984 0.287801022233227 1.85058265993358 8.40018048447982 15.6873020790715 19.3659738338141
1.26476033248196 4.41798116797093 10.7441903234894 24.5303771306523 36.6938080774029 42.7947407585361
3.62516628976422 7.55167972769746 15.4290943673113 31.4464505480737 45.0170263962036 51.8220438731422
-1.13297854172241 0.157663321147992 2.77983154889791 10.2336680333748 17.6193380353117 21.3370181066767
-0.204288248676007 0.365711168310052 1.53248149066354 6.98248762497932 13.1439262904414 16.2360427892566
-1.02942201845372 0.625917938945645 3.96356210910808 13.074440910793 21.9814511833101 26.4546742410537
0.0527780746903539 2.8906925574612 8.60453830056788 21.1124097936143 32.1518229611189 37.6890535792247
-0.752352912272982 1.70597221255591 6.65433892176335 17.8333449521546 27.861019336139 32.8890033856772
-1.13434207834451 0.724252817664643 4.46870517286931 13.9613819252441 22.9457770019831 27.4501949226276
0.42638043000466 3.3226302124905 9.16368609126491 22.0085214940112 33.3987946502368 39.1322338167871
0.31617203306366 3.05520168570072 8.56056950379644 21.12862060643 32.4859667255569 38.19371775859
-0.679937377202541 1.75516075478579 6.67288632047709 17.8948894329545 28.0154124634291 33.0983873202439
0.645732547336614 3.76786397493333 10.0460490797374 23.3483183182826 34.904523604754 40.7127673255534
-0.579130679787796 0.22157547484748 1.82380193874883 7.72961170762022 14.0528643968493 17.2016511446154
-0.669116836345367 0.27415430159983 2.18438767169511 9.33663896941358 17.0755186516691 20.9711054111473
-1.2148297640932 0.671943296045416 4.43603471239898 13.8199928925626 22.6380187919777 27.0402554837536
2.80130538655602 6.75201137718734 14.6009144153945 30.1918639044518 43.1932890309144 49.6573030841329
6.74946310020973 11.3383142578302 20.5366290639291 38.6193808968173 53.6414935721984 61.1794418116582
-0.759255738654377 1.62803104888513 6.44996824881389 17.44993869952 27.3881375603386 32.3957423773711
-1.49796124712122 0.865201952419722 5.65723810493604 15.6679990793093 24.2779092968473 28.6279208340251
8.1135193993946 13.1614426385375 23.2609654049956 42.2923478163686 57.6411943682962 65.3251411128902
-0.967688876255293 0.575350518485193 3.68841300779636 12.5707711758587 21.4136623129025 25.8564712236262
-0.580012486688023 1.83052414840481 6.72880613207997 17.9947757689275 28.2174519963649 33.3729490897086
2.38912001557399 6.2151240079148 13.8601841279536 29.1035999819966 41.8416639643991 48.2022080139101
0.283428022900132 3.30525308181794 9.35427182693218 22.2277561358627 33.4381484099335 39.0581584917547
-0.394748054607148 0.286337189597875 1.68545408561152 7.60501054265668 14.1768225755194 17.4830602893812
-0.986496245650028 0.278175835197759 2.80625274114796 10.4968263681041 18.3301096068882 22.2645389133277
-1.00253590689524 0.563170015993981 3.7173540667836 12.6193881632712 21.4381622267994 25.8675062638789
6.3705510154095 10.9839378539061 20.2694365734543 38.1943167538258 52.9184617152048 60.31794207217
-1.15766959311455 0.231394257064427 3.04336224563545 10.9981192441055 18.863053735152 22.8097248807191
9.81440453216323 15.0727134378753 25.6197755582753 45.4617574907242 61.4724504774027 69.4986628066576
-0.545509299980053 0.248045040018052 1.88523137576386 8.40641282829424 15.5580909321116 19.1748061658514
1.29834568658854 4.58571930834231 11.1831247289899 25.1466129650606 37.2620345738839 43.3411249787021
4.7620063561259 9.46214559932023 18.8378340900826 36.0797532288207 49.7345405489271 56.5461692057034
-1.12696316551368 0.441414617897475 3.59790429823167 12.2707785354038 20.7608970517968 25.0254426952217
-1.03074032697235 0.505478954758498 3.59000351934149 12.3193924504803 20.9757860737122 25.3192310150501
-0.0205641152603317 2.94571796003238 8.89212240330347 21.5059268462552 32.4393733242927 37.904654513807
5.02120630349832 9.5511399115109 18.6264567051006 35.8461995304608 49.8120495071817 56.815080081611
3.84579396117768 7.7890368655165 15.6870351096378 31.828604624953 45.5537504986881 52.4296248709784
-0.214500348566367 2.53644263453106 8.05376823037826 20.2016113004167 30.9560391000302 36.3436253919679
0.699391947322887 3.63902521239295 9.54727324612734 22.6660670742927 34.3503287451309 40.2137066255295
-1.22581615079594 0.197803897422497 3.04197521444079 10.901614580769 18.598948198605 22.4401063238401
-1.39578227751248 0.656551920816929 4.75278147505331 14.1585862421841 22.6879778908879 26.9754812310693
7.03042112080231 12.1181390512303 22.3177961663932 40.8616345404496 55.4700988689134 62.8088652439174
11.8404983054853 17.5949007352635 29.1475017433942 50.0775822787031 66.5124009919696 74.7587088220341
-0.688831905042135 1.72020977336825 6.59157806745184 17.7019009002803 27.7397819440111 32.8017035121093
-0.796733193664763 0.184479174471616 2.17864355435387 8.9996208702784 16.1838449664022 19.7979178729792
-0.873557425491135 1.46201230070064 6.16522075451437 16.9424466301015 26.6994648915703 31.6061460742085
-0.270951310135274 0.361434627727457 1.65043861419928 6.88692882790412 12.6288022425042 15.4996016508843
-0.530718535632491 0.303817740256583 1.98115004708572 8.79746024645377 16.3378723751545 20.1358858858738
-0.798494911274497 1.68322675180748 6.66818363266225 17.8242552119644 27.777706521455 32.7618059768853
4.3117367718735 8.62275265787747 17.214266789356 33.9242798856275 47.68621990271 54.551112759565
-0.165557772202996 0.400100002085699 1.54129213823725 6.67345378782373 12.4154354824885 15.2761729117496
0.0412338772620137 3.17007167932048 9.40829114334137 22.2771368869649 33.251922047868 38.7192434019282
0.105621232599249 2.7545929223401 8.08980459524492 20.3524665818211 31.4747295928842 37.0661341951289
-0.877063272201009 0.167306906953833 2.29100258639353 9.24976950685857 16.4828530500017 20.119459385775
-1.05317427149624 0.740013451960471 4.36026271783441 13.783815232558 22.8322925639447 27.3804939562358
-0.781541113759926 2.22134102851228 8.23841739721215 20.114355395075 30.0012451023253 34.9747199096692
-0.821582640359378 0.327146727823682 2.64234380864795 10.402496525448 18.5539052904847 22.6564949518522
0.044993410573818 2.81244807145771 8.38347671719761 20.7836791939971 31.8306474052247 37.3775495711548
-0.301768099066103 0.326733315565294 1.63773617842439 7.22109246529229 13.4351019583066 16.5789920070799
-0.480164437731862 2.14641078717737 7.43390944303288 19.1272358876206 29.498161319304 34.7045530928792
-0.490389753084038 0.290726998038433 1.87835425479265 8.4979092967436 15.8470404725546 19.5529700844496
-0.962546488692136 0.793364283552303 4.35043040482063 13.8621028642786 23.086430589 27.7257737575459
0.774028337203545 4.04331260182646 10.5716766227745 24.1178234365488 35.7430797638822 41.5644481664187
-1.03091957939951 1.19376876497178 5.63181072411533 16.0361066711614 25.5399591437548 30.2874029239493
11.6053246091242 17.2815569947495 28.6828956823827 49.4801503067936 65.8928013916758 74.1310019143333
-0.150466254582196 2.72424970266163 8.47641088886295 20.8601524401129 31.6825996598422 37.0863327955116
10.0559597246669 15.246545530995 25.6381361508999 45.5400086755884 61.7912667280424 69.926223781026
6.41459487310742 11.0010678287093 20.2056803004814 38.1534447632418 52.9702433258784 60.408250205824
-0.884372892139892 0.401220346798225 2.98555394230899 11.1400214946198 19.5463035300378 23.7649884616578
-1.12768414522998 0.941456074072045 5.10889811244867 15.1061695478166 24.3340934900049 28.9575336774303
-0.113353451364926 2.81451029800254 8.67339393361553 21.1591869389373 32.0081131405127 37.4241440829377
1.28934673766153 4.59251087494377 11.2310743783749 25.1929755813053 37.2693893666587 43.3303501307495
5.66828691416992 10.2106007470513 19.2745128941565 36.8567186233822 51.308194625408 58.5145316474202
-1.02548210663768 0.144263190863526 2.50034500404142 9.67881260884262 16.9615342125913 20.6079098790484
-0.683497148314228 1.6771391879008 6.45835109856155 17.5484116349527 27.6322107172625 32.7078701777254
1.75289863067881 5.2348314606781 12.2602245318361 26.7504863131772 39.1391124308976 45.3731651305155
12.5749294369801 18.3924031673851 30.1012572932346 51.3365886332966 68.0316963063401 76.4210686080834
5.46835100835694 9.9902002509228 19.0601890302815 36.4941192085173 50.7612070566016 57.913330196885
-0.339676177281866 0.309457514478559 1.64424808320435 7.75663225246316 14.6708481062347 18.1617667146871
-1.14025093725629 0.330922657680053 3.27993799559891 11.4601695391682 19.5139722417831 23.557238764828
13.8095553495611 20.0373591395019 32.5828627936687 54.4580943000603 71.1660812680975 79.5930463288909
0.751071792063718 3.88183548209028 10.1788059897699 23.5781351225079 35.2323918416503 41.0847530000645
5.64557421384716 10.0658879051813 18.9383449895763 36.3959784941582 50.8953863178223 58.1759420102727
2.1455707105058 5.85413905781406 13.3071411465336 28.2907980325743 40.8883507275585 47.2050534703899
-0.90257144689573 0.507540814756716 3.33894579381949 11.9177796639641 20.6353473764229 25.0088617603336
6.47933109278709 11.0268638317 20.1402218757334 38.0682981089099 52.96867372202 60.4422858488176
1.48173422292313 5.03963264076367 12.194646206994 26.5841153173883 38.6937261096505 44.7736449074684
5.97336537858846 10.5906183700336 19.8047516207692 37.5853164006632 52.1502470111307 59.4144485564978
0.0979140895627608 3.13349173167598 9.26095995956364 22.0202080122666 32.9903540116471 38.5187831378221
2.49466242357016 6.5288868485585 14.6078208155743 30.0316165421605 42.6020794831435 48.9170245373326
13.9179375509761 20.1980594671565 32.8207608751954 54.7508767223391 71.4573967970571 79.8712474594587
3.35485126470907 7.50265340243105 15.8197058056017 31.8588299927101 45.0072705868583 51.6061883259338
3.27053334563072 7.29222266459463 15.3246108280857 31.2407632965085 44.5009592954854 51.127448345623
11.0661632374072 16.4659397608489 27.3012592424422 47.7313799237944 64.2386607334083 72.5125983949992
6.94440842894017 11.8944624538745 21.8825118709596 40.311703247821 54.9850317630876 62.3858710031919
4.51638851270752 8.81409757412471 17.4128276890931 34.2209469801415 48.1131593321551 55.0637697134304
-0.388324315086921 2.21990863663821 7.49117489793027 19.2104341521035 29.6622042064705 34.9348177561962
1.96211580807418 5.56956623198403 12.8589831048126 27.6268427258459 40.113441544765 46.4019685056828
-0.983968917409916 0.321108946058693 2.95317714874972 10.8830322245264 18.9311619127736 22.981856134965
1.82347673758773 5.1811334220904 11.9060064629294 26.2846097505498 38.8448920022553 45.1388842621259
-0.6751503035057 0.251108922877607 2.13549386527548 9.12465195920124 16.6629865160505 20.4696665278277
5.40036513762893 10.0140844100199 19.3116985191995 36.7658629554351 50.8292283509434 57.9109347888928
1.51718188637085 4.77125863233411 11.2933503064383 25.3585371071667 37.700354536512 43.8892586721763
-0.907460431967037 1.41361147673832 6.09524755601544 16.8826999678869 26.6504130059627 31.5485273451857
2.05077001775946 5.77427269866009 13.2568170083718 28.1359603611701 40.5866697513367 46.8491672808361
1.80478119018466 5.18270354816396 11.9701776497346 26.3672742944566 38.8844049628806 45.166774277091
0.827001808626952 3.82465405689242 9.85050555378962 23.140027062275 34.9372837151574 40.8567697105654
7.20420096829952 11.9334144060814 21.4194228252283 39.8159290185175 54.9557066707006 62.5571500370511
-0.870879303535397 0.851404540053073 4.3102020496158 13.8258721470545 23.1679500968081 27.8552231045407
1.78471424899568 5.14114024050604 11.8634784689787 26.2159331961537 38.7425040934468 45.0232739538587
1.00633216887147 4.00974010178971 10.0283069624782 23.4473148708311 35.431007312147 41.4406797592486
-0.845426869190721 0.973013673272865 4.62628538539272 14.3881268438292 23.8619127750724 28.6176807204623
0.121923694260492 3.07731191275563 9.03619094652695 21.7619990343861 32.840187109285 38.4043893140495
5.43101034586508 9.93073112512594 18.9016532216484 36.3329753155991 50.6769057201413 57.8281571286543
6.43219574436717 11.2270073949929 20.7739606356283 38.8894750190458 53.5612901556826 60.8703240954122
0.898982865789302 4.13607244462442 10.6534373459033 24.2607948229311 35.9827018552485 41.8782934750506
-0.414052052210411 0.275006056437553 1.7036192684478 7.66268997524238 14.2713938460769 17.6186038743093
6.62705359251911 11.6551536225781 21.7353457614302 40.0441489130223 54.4563060793475 61.6976681883606
-1.10817934671485 1.03275682830025 5.41551752439507 15.5657700386492 24.7996754027868 29.4763379776046
1.71203327604055 5.19459211531766 12.1934509637281 26.655826079754 39.0314398184892 45.2512805433434
3.14063720300395 6.87758468949667 14.3571583305093 29.9176256059655 43.2989773326431 50.0014460854711
-0.654309904377719 1.58471396961996 6.12734616867983 17.0361216792717 27.129544864513 32.2176621274584
-0.803177372315013 0.313567054053556 2.54436363723942 10.1136994864645 18.0990771502067 22.1073982485008
5.69623063600112 10.2442733775246 19.3200340144663 36.919900758119 51.3830653019251 58.5953984259849
2.24955781270214 5.90941251501187 13.2891837212543 28.2444681305123 40.9063365347641 47.2790675555634
-1.31489655828351 0.395189632722432 3.90397122167666 12.6106806261888 20.7911454883021 24.9371608786782
1.34561284386061 4.70197966449007 11.4443382455202 25.5021170814557 37.6007613617667 43.6719691261144
-0.82179958703869 1.14772221628243 5.114098717779 15.2423851316148 24.8886136578456 29.7363903176018
2.61090080092587 6.21918148877727 13.4469477492391 28.5721676282656 41.6255316066484 48.1653943969134
6.80462641676515 11.6623587911092 21.4710933348416 39.7788315920615 54.4733992736137 61.8832170461847
3.29186311727101 7.14114170767156 14.8731433479527 30.6290535020559 44.0115442696186 50.7287386264021
3.97530826294217 7.93544572162767 15.8623705716013 32.0844053124511 45.8980133533674 52.8144032260469
1.73358907973757 5.3607609903781 12.6471609629497 27.228718253063 39.4758596605709 45.633368497543
8.88465333556883 13.8803725951723 23.8853097184942 43.171984493403 58.99405646357 66.9207729532915
-0.973439541371342 0.702663624793808 4.078661473227 13.3163955532528 22.3665834058066 26.9103526417816
5.83138358073983 10.4008118401838 19.6424321913017 37.3122800172935 51.7150966070386 58.9715470583065
3.8098565844802 7.81061142783404 15.84162921609 32.0299548868388 45.6707487375072 52.5095255787032
-1.07023391961772 0.453008134454981 3.4958547368697 12.0702711329709 20.5585094493375 24.8098397971819
4.86044068614742 9.24666439267796 18.0024273341011 35.0580661940758 49.1195658642732 56.1431116976802
-0.732515901508271 0.317343974958594 2.43302779291421 9.9051183321824 17.8750502809798 21.8866474552484
-1.23948996631733 0.513975773752889 4.01135315767377 13.0211179784266 21.6036915898742 25.8857490690689
6.33391210412549 11.3193315147423 21.3088674465371 39.4745442685947 53.7742115092266 60.9510713759133
5.4437814894117 9.89384352864773 18.8011271146137 36.1978855658425 50.5668286450429 57.7586617228648
-0.995001850767235 0.457193587946721 3.39525418446838 11.9599735411717 20.5375821163624 24.8549251309091
0.153801404667642 3.10386441366145 9.01924350805745 21.6946408388962 32.7751707959948 38.3361790111694
-0.768598566675925 0.172716030705826 2.03003635300908 8.35450177801884 14.977222470137 18.2680090260266
5.51448042293393 9.83875493933981 18.5101577057755 35.8077621187285 50.315372681477 57.5945930324343
1.99108731978078 5.78176038913003 13.3679078790586 28.2726836806612 40.6427729283553 46.8475093685343
0.206795366341244 3.25846215540054 9.41943489910633 22.2888936897727 33.374303786346 38.9610158669434
5.48622927671196 9.86505024676025 18.6537798105364 35.9968858301542 50.4311675845137 57.6789068701413
3.10229859191367 6.86164777145651 14.3957915738741 29.9563016193018 43.2807680529977 49.9585864353997
2.42373556467332 6.17332996792197 13.7103805584722 28.9008086714914 41.6911506184211 48.1055275294696
-0.866135403998838 0.360928803127099 2.83584812165408 10.8541813365139 19.1756825507058 23.3564842996739
5.14227632940597 9.5660878649969 18.4569732486114 35.6631968475954 49.8068666269207 56.9090929849193
2.12098178430628 5.85570636711949 13.3389929540806 28.3296417404068 40.9022645252349 47.1937849758267
-0.453214184877147 2.3017486938122 7.88430444834544 19.7724623678572 30.1304302365099 35.3637458808848
-0.880479903245698 0.234620846319392 2.51206579440729 9.97100376913326 17.7290916869735 21.6368137181573
-0.842275926070484 1.30703745886746 5.64554181724981 16.127527932218 25.8657427340585 30.7658555934969
3.11825264783112 7.03423269061026 14.9194270322055 30.6357846601383 43.8010610371913 50.423004287363
9.18391241485371 14.6594180598542 25.5807393834001 45.3535166356109 60.8335058920306 68.5477536084999
2.59901372547062 6.4633035794073 14.1977780982135 29.6009507564321 42.4654412718526 48.8983965649007
5.17119220700406 9.4500827867153 18.0445219833759 35.1525856295608 49.4759074074076 56.6560933261907
1.57429297907458 5.13267572735939 12.2589388186668 26.7249380904579 38.9570756004528 45.0776623234478
1.69591886378998 5.34443715461935 12.6134202753383 27.2529815117225 39.5628920297534 45.6926735461586
8.71607795624227 13.6796082618176 23.6188984557411 42.8197068022399 58.5884979413851 66.4924359348113
3.2654975116278 7.53881225509049 16.054706250219 32.1937167344973 45.2383462590582 51.7349463161867
-0.536722888394127 0.226845456703789 1.80345056084716 7.89506578211177 14.5073924488451 17.8354362325839
3.1982478724511 7.20154199261216 15.2537702006839 31.0894623840272 44.2405998996072 50.8525386444212
-0.507637498231634 0.233471866088564 1.7647033184168 7.6994921677777 14.1456656182607 17.3891328453034
-0.914499704936832 0.406609323071001 3.06795608646649 11.2880935668289 19.7034665655952 23.9302369539814
-0.195471948974454 0.361998190839439 1.53024375310447 7.25733553470302 13.8239055710361 17.1510969958537
0.0730460971858173 2.94335256268218 8.72781805330615 21.2383012397354 32.2319177498811 37.7661840137298
1.74079027663503 5.12429600362823 11.9266542881201 26.288848892904 38.7453609104334 44.9973887197894
1.69482627399156 5.03782756413568 11.7630642657021 26.0484396075561 38.4809124966559 44.7257379601641
-0.237901949173488 0.339235679314122 1.54392527885013 7.26512394847393 13.7695511248734 17.053367665264
-0.909493767302345 1.57924934217458 6.54800698755588 17.5868390070336 27.3948765257509 32.2886582044973
1.81321014673576 5.45872516232808 12.7446975288516 27.4622438924984 39.8618624180233 46.0491904269772
11.1749021689712 16.6791081157088 27.7571444563861 48.2983895799952 64.6962532390547 72.9321738143686
-1.22668291166613 0.710663500503148 4.62276613865285 14.0955827866707 22.9072334890039 27.3479233272541
-0.418880888453849 2.31228610703811 7.789585590554 19.6508005477063 30.0781506005652 35.315245358335
-0.980426305678029 0.626235357910702 3.86759836795436 12.9129060214432 21.831203735646 26.3181151810385
9.79699303098969 14.9742353293087 25.3471453234664 45.1473754528939 61.2717263212319 69.3477908085514
-1.09776261181577 0.494389601819799 3.71222753831982 12.5448935893525 21.1900681109562 25.5395333727508
-0.497801820364647 0.257153150220786 1.7960544514421 7.99784186272639 14.8140541539245 18.2459672070213
10.3874769740903 16.1187304706991 27.5937926408936 47.9421985608 63.6677438890814 71.5539397560386
5.15667790852324 9.39838635351139 17.9087086602926 34.9689726066036 49.3185490751403 56.5233842496063
2.36867346706462 5.89789772690577 12.9658436698966 27.8649469896732 40.7767217601272 47.2478894435695
13.5173765373773 19.6723291315247 32.0740588974127 53.8076698550647 70.4724495599422 78.8727754907519
-1.21578806628796 0.554933366651204 4.10011681470642 13.2116073761502 21.8831326923826 26.2163649016625
10.8316087774893 16.3228528454189 27.3646109742536 47.7579317963928 63.9992006394608 72.1591223356929
-0.8025781487697 1.55752984379066 6.32302888754792 17.2874199771897 27.2120667652342 32.1933133801802
-1.18553537021593 0.723726665029209 4.54127216608566 14.063825608138 23.0096388983853 27.4788931196826
1.03924247859373 4.42759885215923 11.2065604174143 25.0793041183361 36.8869442206425 42.8077507170338
2.84680805843758 6.69035846391785 14.4047196263551 29.9304085764346 42.9907489320015 49.5361707111883
-0.432719234390066 0.288654242810708 1.72106066607463 7.37883379190953 13.5446532528064 16.61003819081
-0.830562058694903 0.246344432854718 2.44586446036705 9.80858108383872 17.5278508536405 21.4284860619949
3.54761078630662 7.48220540427141 15.4318122446248 31.3999984613943 44.8388355797591 51.6181264007241
-0.606301827842305 0.23349712313308 1.94934801517626 8.50932785139185 15.6339044821635 19.2264262809125
5.07950425091297 9.59857281419239 18.7103452527607 35.9396161703286 49.889820886331 56.9165082698709
11.0343288118037 16.9140253768032 28.6744669173088 49.3752450267359 65.2617160014043 73.2085918665675
2.66409161739993 6.3261267325444 13.6899972499334 28.9266839983767 41.9700933965674 48.5265241694815
-1.13806051652684 0.699851044109447 4.40734180425588 13.8473568677475 22.7986476966162 27.2885932695597
8.75565675704027 14.0921829830413 24.7356340951706 44.2469939535217 59.6639241952352 67.3468538210669
-0.331762159383113 0.318706383501212 1.64831873741226 7.85894160966056 14.9174864064354 18.4812273267184
-1.2290748612196 0.543671289844852 4.13115286339074 13.1477621644955 21.6790996379659 25.9853139944148
1.63006570212028 5.1439342572917 12.1980576705193 26.6440944235293 38.9332535321043 45.1008334125271
-1.20344769901709 0.13788139249829 2.82078149449824 10.209904259986 17.438202800586 21.052388852701
1.56066213075467 4.88646024838845 11.5579171748625 25.7331672826052 38.0679893113972 44.2618449684821
-0.688966289413178 0.192516494039341 1.92037001584903 8.03765190804828 14.50956764095 17.7147791048783
-0.988582117400864 0.131141316283397 2.29201396543808 8.88581655284644 15.5551119395764 18.8436259137644
-1.21699307598502 0.126488576602559 2.76940263979594 10.0269612347217 17.11214335265 20.629536864981
-1.58710071027787 0.139982381215379 3.50445882861159 11.3768755158252 18.5509501570535 22.0905016594169
-1.83315489101959 0.250368311217195 4.30554905666356 12.8503059365187 20.2242811433572 23.8537556849992
-1.90448917005083 0.449400210419544 5.06215953592234 14.2615616921711 21.9482133513916 25.7440509826043
-1.75700449451997 0.745963210288158 5.69493768939107 15.5245079450022 23.7209601608681 27.794327537046
-1.630189790803 1.08183397093945 6.4467352947646 16.8648056891692 25.4326370907895 29.6901267812147
-1.50672483620038 1.4933911651141 7.38946368514523 18.4497208589582 27.3439028000363 31.7384833312434
-1.09127767677834 1.94375197264785 7.97122009186226 19.5556191887598 29.0333114596223 33.7662618831997
-0.662862889423616 2.41415369176834 8.55271491798947 20.6408439313772 30.6909899938845 35.7289419220713
-0.419445053840302 2.91226309420326 9.4740984478204 22.1031381161939 32.4413794012046 37.5618583357624
-0.0508232720402832 3.44586938805663 10.3280631208957 23.4602480715304 34.1413183365722 39.4260807041885
0.46641298108628 4.15271986518215 11.4000520823967 25.135378742559 36.2551261513494 41.7505368973016
1.20756453907192 4.98455888866481 12.4445589429897 26.7982594773696 38.5457063202791 44.3769568527331
1.98505056086274 5.83694994923593 13.4871263440894 28.4217811297619 40.7732809199264 46.9342769140437
2.52562301646087 6.6024117786654 14.7552659390621 30.2317155265914 42.7965173763459 49.1017754336575
2.82453171181499 7.32469698222397 16.2500580141049 32.2504826932806 44.7134749484411 50.9116755649095
3.27879228544431 8.21709184514673 17.9794139733638 34.5958140280632 47.0153908138339 53.1647638944002
4.13547965753188 9.11710571846066 18.9778943119598 36.0581990392989 49.010578688859 55.4335410396993
5.2037605565093 10.232010363031 20.2018787978747 37.8350003828326 51.4335193022896 58.1926408596933
6.47749990961712 11.5108317481888 21.5852739830229 39.8264417784554 54.1518475176256 61.339923990732
7.5831715418241 12.8313931420386 23.3220791504278 42.1958071801321 56.9504378588585 64.3419865727573
8.58769923648187 14.134345450923 25.1991267977378 44.6925368396174 59.6878645938575 67.1842391371852
9.57391323329709 15.3800571935006 26.9126449526652 46.9703992450025 62.2431625685267 69.8453138670699
10.5169438598001 16.33490868706 27.9494633755576 48.3933771850035 64.102717623589 71.9612750044965
11.5767682949687 17.6518377505657 29.711619219237 50.7067956448926 66.695080752361 74.6474908821582
12.5277176323605 18.8458526996336 31.360516755108 52.833855494813 68.9972866918396 77.0149188333246
13.4094054341509 19.8680745200763 32.6868962495403 54.5376935196169 70.912437968807 79.052337160278
13.931187128462 20.2779899721172 32.9889220115989 54.9574614693164 71.6226831695745 79.9867385932441
13.8845669155546 20.1801977349795 32.8001589071271 54.7198696022374 71.4172507791822 79.805069497257
12.9970355729922 19.2837329601944 31.7923594469004 53.3927390257282 69.7558898467365 77.9104378141024
11.8100759136822 17.9857731844861 30.2455176692159 51.3696063703295 67.3219728061065 75.2519986704186
10.7465696483161 16.6432716192599 28.3837881438256 48.9819246890507 64.7442296003349 72.6000114826453
9.56037107714475 15.1801466143801 26.3626517621181 46.3617799212934 61.8774464386416 69.5990533936032
8.69103350707452 14.0527453681756 24.7236583791272 44.2259483627881 59.5982981750816 67.2466728633551
7.66215043002643 12.8818686076457 23.2026992023167 42.1515424239682 57.1399958574344 64.5715162642312
6.65041464398226 11.5811262244252 21.3546443378276 39.658818479634 54.3465716779018 61.6409118337709
5.83431794692955 10.4175565602417 19.558324626028 37.2526211378278 51.7753336224923 59.0127281107352
4.98077215565986 9.43079542271358 18.2690545125788 35.4347980481208 49.5551654187768 56.5799792067168
4.17508667260993 8.51576422225159 17.1212922178887 33.778093976639 47.4493424442186 54.2435188903075
3.37914889553661 7.55064450699945 15.8024538089201 31.8911533436207 45.15245089648 51.7335257842722
2.7193225075471 6.65278028729284 14.4618098881961 29.9916774207365 42.9504284908709 49.3888974075622
2.10352711483732 5.9242348838707 13.4912504613372 28.5415674278983 41.0991945977517 47.3342819705215
1.31808596549815 5.17730083835749 12.7814787487999 27.3473760516569 39.2074647902664 45.0771662552708
0.673550258362865 4.50927267761365 12.0512369641208 26.136652768764 37.4083626403495 42.9775706998237
0.146874914843333 3.7869059214473 10.9332309919524 24.415682631182 35.2743826658404 40.6351312843966
-0.146825028743997 3.09459038572207 9.49778549175591 22.3183102891631 33.0476406367805 38.3650086058475
-0.301486968769563 2.59596350921319 8.33849452351963 20.6078069279012 31.2789535952605 36.5775242790272
-0.731518268822173 2.13167875558132 7.73257375113739 19.5031430328365 29.6454821092529 34.6524711088889
-1.06106514723062 1.68617859590107 7.05267728422746 18.3045535861679 27.9837689906688 32.7571351540266
-1.21879997930592 1.31559062301559 6.27293609015398 16.9981298848828 26.3824707508931 31.015005364266
-1.37539890601846 0.963384799370867 5.52091118616036 15.6560578668761 24.6513736043945 29.0849911113404
-1.3192626694118 0.633587481103057 4.45957220454696 13.7599499321656 22.3959600854953 26.6709060699063
-1.31532146280322 0.371743638360534 3.62959946773684 12.0714355839302 20.1468746395335 24.1274497253571
-1.36582609711536 0.309373728277612 3.54407675422799 11.7965678042716 19.6429142036285 23.5100755907679
-1.48779345969008 0.420761837063772 4.12668177792557 12.879393511624 20.9192383221466 24.8866723190571
-1.40585206087179 0.621922571876431 4.65808667809895 13.9751190842305 22.4472509461527 26.700105438907
-1.48608099574895 0.819113302395444 5.36394446153726 15.2006666619639 23.8429775590305 28.1427453891217
-1.60974502035529 1.0601127180118 6.27344003045788 16.6934955565542 25.4194849765258 29.7162198011538
-1.35721532512352 1.4110664711402 6.83147061342631 17.7346679728546 26.9021580811013 31.4269713725512
-0.96658265865401 1.90728654837999 7.54472271742203 19.0397912588745 28.7915107640936 33.6138626657591
-0.424048395971684 2.51448974908665 8.29776367062364 20.4124927600626 30.8625951874049 36.0455403930682
0.120731901990112 3.1626764175391 9.18827421647228 21.9341413696043 32.9937352280115 38.5015164771113
0.583432826971061 3.80801585400995 10.2069535538683 23.5517644758802 35.037745186486 40.7650881931831
1.01357522649514 4.42826611480582 11.2347924129845 25.111583980446 36.8961841078047 42.7920643191887
1.39236170768539 5.09370402530298 12.4041915411208 26.815901303973 38.8004905217641 44.7517009302064
1.92135380670033 5.75629239411982 13.3870280869992 28.2777483470192 40.5817468128183 46.7279540541412
2.42627247201559 6.51152588441942 14.6044719809143 30.0265356503501 42.5699035025845 48.8095105599843
3.00395829370956 7.33874412644285 15.9022436088059 31.875460516192 44.6731187293287 51.0214989843042
3.7712541304033 8.26942749405689 17.1724243138193 33.6968082338814 46.8907232263019 53.4459925893161
4.64289555050514 9.2667024991191 18.4393174050541 35.5215932465953 49.1961658563063 56.0028060944784
5.53905076209558 10.3709408458443 19.9280969830123 37.5971226827697 51.6694450634241 58.6534948516571
6.45012603392316 11.4928249083079 21.490201330148 39.7348230766471 54.1376528577809 61.2987123651501
7.00566231737132 12.1162796122561 22.3213975984647 40.8626289180849 55.4618904710373 62.7727576275207
6.99549975127885 12.2055357914608 22.5753018678571 41.1705359501311 55.6724092804674 62.9114227372582
6.72850299560599 11.9699914547381 22.3670931802563 40.8596501059322 55.1885329375441 62.3174699016964
6.31070142507959 11.3496142004967 21.4004154791719 39.5835241758852 53.8433309716876 60.9740659457234
5.60771101008576 10.5152921614041 20.2495929627086 38.0241774498965 52.0444584627549 59.0164357023799
4.80632093902646 9.52711514478226 18.9354824994908 36.2133751300493 49.8832202998174 56.698224498575
3.93512747964442 8.51796355860345 17.5993808257688 34.3204832730949 47.5648401222305 54.1395572799436
3.24810974631184 7.60135871701228 16.2298402255879 32.4147364437238 45.4006835195173 51.8460410390532
2.60119324469751 6.68360253767159 14.761432861617 30.346154449654 43.0899344213598 49.4127112278105
2.04069241320604 5.80812729511991 13.294301708101 28.2672524521992 40.799248105931 47.0306263241143
1.44139877652924 5.0543378806788 12.2311214091343 26.662020697655 38.7851901917993 44.812186977798
0.748737491746304 4.3475997905191 11.4300365456819 25.3277294885721 36.824078250701 42.5129000675242
0.138873981355729 3.59279082074268 10.3783648370031 23.6766211796421 34.6622224864635 40.0893396866182
-0.0365234511188277 3.07142296312254 9.25074077920824 22.0291055498556 32.939971283682 38.3654822233518
-0.398194517578262 2.57416112821087 8.43889598831847 20.6971402451241 31.2265627367008 36.4491239803485
-0.806708668529056 2.06940315982488 7.69444654884143 19.4065446853323 29.4386610003996 34.3897776099378
-1.00194770871039 1.63001469251692 6.8143768967026 17.9718183310823 27.7097584557816 32.5314614949577
-1.19816879899111 1.24046344631701 6.02173834962925 16.600155494217 25.9709944316468 30.6018984079498
-1.26203697942939 0.943392177962998 5.25386409087415 15.2587150279961 24.3418875652902 28.8297614267399
-1.24667992632807 0.663895281330295 4.4372547818599 13.8398308421908 22.6648018002135 27.0480365934851
-1.33974728422188 0.445384324436522 3.94814253488496 12.8158851017083 21.1944287824666 25.3424743379396
-1.43612710431408 0.283818800667069 3.59771295329792 11.961474095183 19.8491891083473 23.727600146039
-1.31385450164998 0.185440273735163 3.11700030420754 10.9686262167342 18.5589875048766 22.3137461936857
-1.25483952882031 0.115769128935631 2.76644744253891 10.0742668064902 17.2138542342081 20.731726049226
-1.13892900625185 0.104435453831034 2.48291461570324 9.26176279011159 15.9674715138627 19.2627978499402
-0.945877400681274 0.150490572799724 2.21388247807586 8.44492344150648 14.7324824273283 17.8097457585498
-0.599841560057634 0.246260198782344 1.86842452712709 7.61645085370075 13.702562026446 16.6981124985632
-0.354305599936324 0.343025200866266 1.66591271485065 7.07667405426917 13.0092575796827 15.9294449479969
-0.218659035246197 0.401347468172312 1.58300853030812 6.72465436679071 12.4311151342616 15.243992140865
-0.254218238647758 0.393332535491454 1.64336815843798 6.73254378022346 12.2976048147797 15.0427198379305
-0.450968709004411 0.335413663352639 1.83823749305719 6.98618544752165 12.374284402931 15.0224706098616
-0.691241180140921 0.261605223891864 2.04527532336399 7.33193452147444 12.623082478728 15.2069681825874
-0.719156057750586 0.231956970530358 2.01878859379008 7.52984494993391 13.1236663818103 15.8606948022787
-0.603037704129757 0.227290542251994 1.85051519435348 7.63168236307475 13.7610229009708 16.7931292027023
