9.78067544022429 13.4703434166948 24.3420578026993 55.2979212463516 125.35272472795 211.688809824606
8.86748704874524 12.113844865626 23.1867946995954 53.5023014692699 122.300261418845 209.192352411574
4.33938014166538 6.46911119781211 15.4576351093979 42.6445724354525 108.881458411945 194.991990075492
3.15370137596084 4.8571040085371 13.0902236661605 39.1279857343665 104.305667037136 190.203005108291
7.99172703341263 10.9751879055194 21.7190368352822 51.7732234214119 119.831739433659 206.747273147628
12.1529058879198 16.1064300444632 28.0116758520582 60.3713439357993 130.725814428765 217.837715547294
1.03970458763451 1.3535510269088 6.30009963070233 27.7022524673865 90.0163874721204 174.232025109356
4.81329189381876 7.19191207857836 16.1703294144323 43.7405065708981 110.850172712191 196.602175167843
3.44917310662256 5.20919369203612 13.6741723389057 40.0174218277217 105.302456635795 191.340729801393
1.30961468856956 0.988176232391185 4.7042080699176 24.0828262832732 85.8185534744498 168.946861451623
11.5337434499599 15.3249216776073 27.1602884316885 59.1282856327229 129.07336977798 216.25667113262
1.63712419100226 0.891014325925116 3.98288893056957 22.2690993346874 83.7660169414035 166.200977978046
2.32625351812831 3.67411085561222 11.1167402678172 36.0851295509425 100.436132857034 186.006097067187
8.43925929724222 11.2984927297759 22.6944877668696 53.0150501211341 120.361712122611 208.093382199923
1.82705318677348 0.871182233510772 3.69171765957547 21.4782258574594 82.8551207295662 164.975237957997
3.92645251426224 5.92179097594761 14.6569280030665 41.4606940068849 107.399054215238 193.407172073296
1.08241128311466 1.32050946858085 5.93111223245439 27.0273230688071 89.5806518982285 173.321322875719
8.32353201021901 11.2487741094989 22.4968508328812 52.4294499986335 120.266762306674 207.619284395876
1.21717594707302 1.0277986058233 4.90540721022307 24.7068322997026 86.746012407323 169.907536088273
1.70686477176407 0.878607696425119 3.87981073706082 21.98438150065 83.4088511519176 165.75184137698
5.85458603011489 8.65395041125881 17.9789283959831 46.2788272342386 114.755664261062 200.216867377271
4.50895724701931 6.58802182363314 15.8136532687143 43.1094453976556 109.24035078326 195.538855537108
1.83592063504531 3.06461499175188 9.71535758488997 34.02548393285 98.5440225754783 183.328398550867
6.69135707606111 9.35275646690011 19.658361741968 48.7493779046147 115.990449269918 202.848952957108
4.19129330873297 6.18914382702981 15.1739051028318 42.1962985947394 108.160630574369 194.328143807302
4.89865082844717 7.45740985527503 16.2366220075645 43.819330746667 111.924596434577 197.028860792967
9.84757302448681 12.9861411668532 24.9788701322568 55.8490125023385 123.954185940875 211.848455942198
8.14070032168986 11.1168582915125 22.004193209023 52.1546696192013 120.119278831205 207.191148879854
1.33564123083197 2.19809182401304 7.93222032044766 30.9465944087152 95.3211251527485 179.204942817391
2.36924888309386 4.05890834922509 10.9181962806349 35.8766818482061 102.367493205403 186.387478653435
4.0919656699871 6.24309313831153 14.8413807880934 41.7628489408436 108.37275720137 193.979252310942
2.6398718107826 4.48017834352054 11.5591673567432 36.8863863606777 103.688377558949 187.796149474714
1.27392414795418 2.02774252784965 7.71920272113961 30.5276226947505 94.3218032351305 178.471558890841
3.11212975675955 4.90118385800013 12.7400646034102 38.6856256429961 104.724547623354 189.843418215916
1.11558453066693 1.11228658130003 5.32389830349223 25.743338790057 87.9854843048044 171.417523350035
1.94975672261194 3.32570660471114 9.91006370190749 34.4171491484985 99.818696566408 184.096949422639
1.50685717356682 0.888837449964834 4.1308152398471 22.7699496468637 84.4401908546188 166.9861830131
3.264773254617 5.20564813489239 13.0701082371398 39.1323643524669 105.600228461717 190.586847716378
5.95277050304755 8.72820929240847 18.0384034227283 46.5749020305665 114.754193600403 200.393014627188
1.21836235496336 0.968469934391714 4.75283646065486 24.4657710949305 86.5226469360503 169.54116287895
1.87107763273129 0.85804572034979 3.61483028337793 21.3168474503536 82.7092170983586 164.719679826165
1.09642747523468 1.42650707687195 6.18865321039974 27.5539750472451 90.2843617309515 174.100181522469
2.39518979927201 4.00442548952861 11.0042690208999 36.1271619190359 102.183351809725 186.529833204484
1.5747445911925 2.71390970615789 8.83883950206678 32.6633147184002 97.4458529939353 181.596952867112
1.08173198866409 1.64338481378905 6.67960648974557 28.7528782769975 92.8230332189314 176.132508760204
2.38061726035555 3.83202618890776 11.1592445724555 36.2765632381822 101.165331252773 186.383986873044
2.35755559128446 3.89575260518899 10.9668911540192 36.0395115583876 101.678084441433 186.291740724245
1.59278334151383 2.73743297871586 8.89468805330049 32.7487748789914 97.5165704892223 181.705743760785
2.61322961713568 4.09696781704274 11.8512093326284 37.2393455561519 101.898906782116 187.606012588552
1.63938010024628 0.834457350592532 3.80605014303565 22.0193859721321 83.6455375912741 165.844949733698
1.31823562112723 0.916451889660575 4.53587755677064 23.8267696487582 85.6428431420355 168.573571097432
1.11630319502902 1.56952490073904 6.50881452734971 28.2322538977113 91.272360434068 175.120389715077
5.37178920079828 8.10986527968888 17.0818015561998 45.0385151451527 113.544215062273 198.681298425292
8.75542929459981 12.1920833361261 22.818925685102 53.1070098892181 122.605965172189 208.898270962042
1.39737754759309 2.2267913281101 8.30349582041562 31.4787677784979 94.9041753612165 179.651515855971
1.1301044991367 1.66676133549427 6.98768933673848 29.1224912021794 91.8752525416656 176.25474263167
10.8446327556722 14.7271377211203 25.9433723150399 57.5690522961144 127.988998499435 214.507985127607
1.05153579251061 1.22263015543509 5.8692245536885 26.8280716724208 89.0546187997342 172.982724632666
1.45925169645614 2.40870782660781 8.60455062834945 32.0953153292229 95.6559156139659 180.501773929756
5.16116155032635 7.89679125566115 16.4949464580721 44.4095962434274 112.887019740604 197.786021954236
2.32106479125656 3.66492319219686 11.1116145199098 36.0777164335201 100.398646870892 185.988243564212
1.69331458789411 0.852413514938427 3.83106320751136 21.9712801588243 83.4978519320699 165.74331613797
1.26482284132387 1.01213322198076 4.83786624118683 24.4061967171365 86.1896069833666 169.429669684402
1.09281779480915 1.34478044594675 5.96934551930842 27.0921123386692 89.6890457436352 173.423850857553
8.01500387096597 10.9847666581667 21.9105046606532 51.6611324032068 119.773824771212 206.759243012004
1.05198552921942 1.02421116981637 5.15173050117596 25.5835510131616 88.2804057811625 171.326533420202
11.6281702085849 15.2460417932175 27.4969843207703 59.4690618427883 128.790948049283 216.514561597224
1.47351683788307 0.875783880966212 4.13685988301485 22.8709203935577 84.6247412756084 167.145214956996
3.45213270655038 5.38871329658894 13.4737066087944 39.7809059919489 106.224065574305 191.38069114801
7.54790521728259 10.5398623574781 20.8754348131474 50.6316580239346 118.925712612421 205.405468561099
1.00339470830201 1.23004579248763 5.77356823990988 26.9380210895548 90.1007750634389 173.365769866013
1.1041547079109 1.29149618635388 5.79816838074316 26.7109867346797 89.2164247705761 172.86860420462
2.49505141879697 4.16535372640617 11.2306360705987 36.4811467083873 102.745129820283 187.053948446536
7.02859976599717 9.7380101437281 20.2425049102871 49.579384665464 116.875624073123 203.881056230434
6.01630671100644 8.7533663423461 18.2097269238733 46.7862282694652 114.761177532642 200.604218645728
2.13744733782143 3.63188333418723 10.374958098258 35.1623120080493 100.957467253299 185.191894216328
2.71617590928588 4.38237758425587 11.8757789788642 37.2934244047941 103.098583263957 188.011975209313
1.06104367910137 1.00341659618224 5.075608190934 25.4219901090017 88.0988529726309 171.090424490785
1.04168064329012 1.32179039374875 6.21993941737756 27.4643292547718 89.5581598571401 173.856117847811
8.73166418717114 11.6270379672456 23.1895657910873 53.7087757513365 121.092559875541 208.947727198255
13.6025242324597 17.3177595500629 30.5897563021958 63.6271651096177 132.861902236133 221.447933889276
1.44433864705329 2.30710357434859 8.46330569248464 31.7522463467032 95.2549816158415 180.037343946849
1.36503949068995 0.872026722309282 4.32593964751203 23.4012301642998 85.2763827399077 167.960016773945
1.31704079970324 2.08201313114489 8.00023227422576 30.951751308409 94.2510405485375 178.911093311356
1.95797479572685 0.86235943713623 3.50166625525568 20.9679470958486 82.2923345283282 164.181588369819
1.45835540792854 0.919510209401431 4.28451401350768 23.1087231928475 84.7916217109905 167.494426881456
1.63099495358871 2.79834500518448 8.88347848336297 32.5770253042173 97.9079867221999 181.673439466891
6.79944864755213 9.968985268857 19.5361552091227 48.5485971723081 117.868250702956 203.28088582236
1.98595936180327 0.86173922942447 3.4754563169348 20.9008642492819 82.2225265358735 164.069611686608
2.66881129289379 4.54820246024709 11.6196759458405 36.9949979255346 103.928296852959 187.9786375146
2.08160846914735 3.45089917523166 10.3385137386118 35.0361879206801 100.022856330424 184.789714186696
1.31077693190463 0.878868396240597 4.41637209460809 23.6703790314401 85.6465097701091 168.379379831686
1.04351672400613 1.38767022548608 6.3820103096532 27.9003903663732 90.3521024531495 174.536918933747
1.63368068918745 2.6833431419249 9.24360908348363 33.1375552676925 96.6969506050107 181.889997144531
1.19682709574702 1.03496423365388 4.95985958673536 24.8710297758902 86.9667158702499 170.148088619286
2.29791611706221 3.85298028643471 10.7811901686117 35.7799910146281 101.65849072988 186.024208714468
1.84306933135037 0.861488620854319 3.63571082179543 21.3568217261821 82.7405962791773 164.796091316284
1.90796577323561 3.25051814311721 9.69190304121391 33.8835694326223 99.5219965979169 183.496367508951
1.49151369096803 0.886708104844728 4.20660223013325 22.9384847500454 84.574833274348 167.218380262796
1.10755408626754 1.56778949794511 6.59920935809556 28.3993664450506 91.2893772612909 175.309968919531
2.78368649295931 4.33255905230447 12.2580568422036 37.8614878315729 102.640133006856 188.447717391552
1.31062505040252 2.19200649662371 7.80085338834375 30.7538713512941 95.4555832350161 179.042271118251
13.3714995986507 17.0791615081783 30.2278600290109 63.144907812631 132.3995279528 220.879573411032
2.32738647802027 3.92578292138986 10.8286172850624 35.8704736276691 101.979043750963 186.211062049749
12.0173277505459 15.7746628318988 27.9867418990648 60.2063781735692 129.921942207207 217.489972719982
8.7755344534435 12.3643679006055 22.7210812899841 53.0633375879614 123.076214736791 208.980856104356
1.14268637121014 1.06051318709589 5.23942002498552 25.4004058265034 87.3166641558606 170.883378093831
1.18713826014307 1.87681128906995 7.23200829296938 29.7040138096543 93.2535837794369 177.273490691429
2.4049591549462 4.03975890581078 11.0133004810638 36.1530530366605 102.352478128078 186.606924030219
3.23158949239891 5.00664125379067 13.1715922953848 39.248484222542 104.824730678187 190.470497741665
8.28112846393908 11.8516642184788 21.8803656062871 51.9254060608481 122.039236196839 207.627843177444
1.22897144131358 0.894023020767674 4.56441632603904 24.1021468660955 86.2484668325404 169.052421300245
1.58904912562255 2.70639922584504 8.76402934667953 32.3711126921398 97.5180430637315 181.3430084958
3.91565874464289 6.00058265678101 14.4609592432238 41.2183759558208 107.934137979813 193.308902394559
14.2107895635853 17.982160100598 31.4942463480295 64.8493525447768 134.164075247257 222.915903376426
7.3737251409143 10.1406545831748 20.8167062407118 50.3979620492925 117.800814237683 204.90872339041
1.64774891761267 0.863553385498828 3.92418183532438 22.1920330916652 83.721031394075 166.078831309178
1.15854742799295 1.05761423786882 5.18966980483854 25.2219599312215 87.0116111818414 170.611880010627
15.1825096835013 18.9696017496192 33.0073277541553 66.8355087863773 136.03166392766 225.237930672978
3.03695809996146 4.99683218014848 12.4799977288641 38.2773044584164 105.133496927807 189.604843338537
7.85507639281492 11.219178003195 21.3024899298534 51.0283991398978 120.589140961565 206.388219492882
4.60596681592698 7.04161200807165 15.7114730027932 43.0573599741853 110.852034587239 195.973716922782
1.05871350121426 1.16497406079653 5.65066760539404 26.4480625135826 88.8252557921387 172.474512341612
8.45946883251053 11.823511565086 22.3675168517421 52.4609041503398 121.808318192143 208.074063155654
3.88623865744366 6.01587573228692 14.3590758062342 41.0884447034572 108.066236629717 193.223127393982
8.63215636112547 12.268249168406 22.4333641682023 52.7080964025854 122.927667268448 208.604624153289
2.2204544842155 3.58338457353776 10.8369180656349 35.7560075982007 100.21208644391 185.586532159737
4.44844653312628 6.46847613576264 15.750874929477 43.0108818985118 108.832265144009 195.323815272653
15.2773232479797 19.0795836937145 33.1389359176399 67.0148863836691 136.247365153694 225.45765754131
5.40581643980562 7.82991445294336 17.3908554922781 45.4818139155822 112.359392756329 198.717063420904
5.74036619597071 8.57728970652442 17.7464532912569 45.9796822589259 114.642545469898 199.904389708261
12.8829128428674 16.638034002599 29.3911415658387 62.0675983715676 131.587311816594 219.661230448478
8.62410969969728 11.5210358429545 22.9899257409407 53.4396894958485 120.872428565186 208.631740786713
6.92040126142903 10.1040511531486 19.7499791892479 48.843794147891 118.159636753433 203.643580844914
1.70480416051162 2.73180848584462 9.32878803307667 33.1996402930895 96.9718246931773 182.037303474174
4.26423063276365 6.519872303261 15.118303130642 42.184925428002 109.428243133754 194.703103678321
1.2049697577215 1.0240783175815 5.0194330385182 24.8320373622188 86.5869299077013 170.037654158393
3.78066828687083 5.89092934502315 14.1524980216848 40.75645902645 107.486022300503 192.736169306193
1.3467288335446 0.917420490468493 4.42270351904112 23.6075022202911 85.4937108419241 168.260478418029
7.2132067266857 9.94495105396706 20.6293752565134 49.8451999361473 117.400354368418 204.36641909299
3.52276628988829 5.57165823497874 13.5941491700417 39.9281100933253 106.637780190018 191.674672484961
1.41467200724647 2.41773072399798 8.29484345313268 31.7163601540751 96.1300960285916 180.22841963251
3.93234545966118 5.8224706705082 14.7028771671897 41.5115661231841 107.059551849738 193.333607926944
3.72586848507902 5.66971551556904 14.1316592919607 40.7152111177082 106.870544301603 192.493403324029
2.78398581766418 4.43632288464963 12.0956875221758 37.6251801143749 103.207182922619 188.37662862998
9.52483483592563 13.1950397081472 23.9263226584383 54.7290444742932 124.792029060801 211.005104132779
1.07902156793058 1.49806047201231 6.5805670499915 28.3654965569142 91.2794838940221 175.282663563566
3.80573501977535 5.97150375895102 14.1530434277394 40.7782781485136 107.752148076536 192.833487892034
2.98251508483103 4.7345132556688 12.4410095369679 38.2456521950214 104.245737485187 189.263036848587
1.12139202559172 1.62350242222548 6.86837293562936 28.9235665204738 92.0416724984332 176.099128208356
2.55347059798976 4.33330573105751 11.3640356271358 36.5724377381921 103.216752690837 187.33996991166
8.00233553280288 11.5068785419204 21.445992981777 51.3023619916431 121.289899684973 206.836462310388
9.24828530056522 12.991223512405 23.3948737463376 54.0661580731594 124.455359070955 210.289479458107
2.87844436598745 4.47932331156689 12.3879246712337 38.1232844389919 103.151660716486 188.823990367023
1.67925012140792 0.852260662455372 3.80581616987545 21.9168919592739 83.4502092897176 165.680514629563
8.29910651258051 11.1647914848261 22.5092929560916 52.4230865306593 120.040196550326 207.550876922308
1.16022752991078 1.76112841538172 7.19269787366243 29.5206481682288 92.4150605269237 176.841597929005
4.04375396574647 6.42617887428128 14.5065024104688 41.3930635465771 109.118450357651 193.82551905229
5.11980840913815 7.61734479150989 16.6791422014615 44.5146532279671 111.957403571439 197.656378737305
1.48930299899975 2.50740668383501 8.46592956627467 31.8670582216761 96.696613895975 180.574811087283
1.26897113125731 1.00993063860322 4.78847485625987 24.369575151939 86.2953145087907 169.397388300981
8.31248714901512 11.8893185038816 21.9297404594772 51.9955275405673 122.120048512416 207.715811058814
4.11950723733106 6.10193526471323 15.0231512229325 41.980969416002 107.928070251771 194.048475080863
1.08135507080681 1.23685776293794 5.7484586534721 26.6527969381615 89.035456745367 172.735025356388
3.29440240312573 5.08475594639693 13.3224162392921 39.4749112277322 105.042481635336 190.759739230954
1.18336125722777 1.78735275353772 7.27327280205896 29.6641062652404 92.8845789502427 177.139702451694
4.54780377663978 6.87299127444381 15.6554839290382 42.988078611979 110.054219688219 195.647423135898
8.4732268338314 11.3483383973639 22.737174358955 53.0829548564272 120.484381482061 208.18934199644
5.22392854798111 7.67843913282579 16.961244650841 44.8913677847241 112.049725776305 198.054307306976
5.95429459304436 8.60059953532121 18.2000986250066 46.7181258678649 114.317605850384 200.428787427365
3.66325650967654 5.48163894697649 14.1360245870297 40.6907666137616 106.090466776851 192.238914158128
10.7959665005846 14.4217542235494 26.1023666600179 57.6130486819167 127.176254593149 214.347435735782
1.04871193017458 1.34813408876949 6.23557856130851 27.6216247071129 90.1141271711537 174.153119242967
7.94598444903267 10.9112987076503 21.6518065066541 51.6677526833902 119.673118534937 206.605932876986
6.19583613168526 9.01757364447315 18.4658002047084 47.1981409601974 115.442795364827 201.178008164225
1.11754009102442 1.24529157968834 5.64615272626213 26.3670904833237 88.7868064782962 172.365557408302
7.32765546698362 10.6491083875437 20.3918616848041 49.7802264768734 119.396794968013 204.878134611935
1.2983328807272 0.966881210170843 4.71821303730383 24.1317297748319 85.8178830964572 168.998350360993
1.01575097706299 1.40010983257879 6.13960151365592 27.7203750938047 91.3984575102404 174.597716308502
8.43609815156594 11.4132277972783 22.5534162198019 52.900753375155 120.742631680621 208.072840421367
7.88405413772659 11.3347579131608 21.2832956609767 51.0514926805676 120.897069833221 206.493534735522
1.02563111969986 1.18657306777029 5.67370679556965 26.6567612624041 89.5191562684644 172.888445932099
2.20194014044269 3.48952597243616 10.7907840918263 35.5688889492654 99.7819571689141 185.289580200695
1.48977941131119 0.848867250337005 4.04041557218579 22.6932019526588 84.4633928003171 166.879568312682
7.35714728172946 10.3825530931017 20.66339455989 50.0020336365953 118.588973353029 204.858037805829
4.00764877573469 6.01981195210814 14.8339001624622 41.7208798000282 107.656937090523 193.737554112788
2.30509494664467 3.70427372013154 11.0432006269271 36.0799453405726 100.639242884168 186.038319565397
7.63422622292765 10.9142506948486 20.9716080526629 50.5387756029843 119.897340239655 205.733473827866
5.04665953566017 7.48940054549103 16.5944814270316 44.3691228665982 111.60471286389 197.421651413219
4.85259606286849 7.37059164934442 16.1653213197439 43.7066563962699 111.68059245961 196.846011336831
1.10480839253322 1.03726164269542 5.18858170271641 25.4736656337486 87.7393027849691 171.061576982164
7.07301248448628 9.80694391051404 20.2902372125909 49.6577974338062 117.049499639001 203.999671546935
4.62658929591505 7.07941070761062 15.7430870509226 43.1065217695433 110.959804490123 196.053701303792
1.68791117482909 2.77865224935536 9.38444098397355 33.3933869852615 97.1418457574348 182.280989671751
1.19235662478667 0.941402931000639 4.768121869404 24.5330020290786 86.6829613765709 169.67721688138
1.24237937545639 1.93399092223392 7.65425122350443 30.3480946173813 93.5897131303784 178.079667956885
5.06719207605378 7.43927359823613 16.7409778993209 44.5459937779107 111.414395747409 197.54837872122
12.3445394551307 16.3684529529327 28.256746038115 60.7496530342618 131.297734312444 218.333537836103
5.3468982348837 8.10970875338307 16.843738733679 44.9136133948965 113.391467459465 198.411663054694
7.05414028325299 9.82410417363964 20.197155465455 49.5485347381982 117.12260840728 203.907787921538
4.15595711974921 6.63473393642256 14.6525089540009 41.6587031974234 109.723030935335 194.247881050507
4.41575481463415 6.98717076604651 15.1133293185261 42.3672253041184 110.642803794162 195.189307900534
10.832962593645 14.5586414632256 26.0671069195187 57.6277281825062 127.52299952695 214.447645118622
6.29509340403867 9.20229055223832 18.5676094033106 47.405130675082 115.960043777974 201.50721410579
1.58682257558531 0.845059276205445 3.90338134964343 22.2747957460089 83.9403481263504 166.236330244992
5.18379865253289 7.57211493463638 16.971081413413 44.8771689818187 111.736507014222 197.95971247118
1.64145113323865 0.838474595991993 3.81439898664418 22.0228282249699 83.6352921388684 165.849466512731
1.13549818602969 1.07077716847524 5.28263689182778 25.4870280804847 87.3945196571756 171.007172238434
1.81096562156169 0.872062686224333 3.71350274489948 21.5388604984223 82.9250057580047 165.070115772541
2.10989310624745 3.35370926268108 10.5336557971086 35.1589135906783 99.3022830884586 184.730635864311
3.62646111970009 5.58135011058393 13.9703659732812 40.4536398129679 106.529101454256 192.164179145591
3.53305656374604 5.36922342696489 13.7817005740463 40.1919318331688 105.90364671068 191.690206832772
1.77817126214849 0.85812928433684 3.73568553687715 21.664696871392 83.1118831207238 165.262254633967
1.5764348297606 2.70968871573897 8.71440711178277 32.302505336563 97.5893698409556 181.295340257045
4.50591251116219 7.09858743116861 15.2843233711547 42.6210109721214 110.921938216724 195.513656601024
13.3722764933638 17.2928352466425 30.0040226162795 62.9817085941913 132.969465885815 220.855870239165
1.03925166772077 1.36830921747646 6.35597313096149 27.794842805493 90.0621702179418 174.352746692093
1.75462095407117 2.81162290703554 9.50832146820454 33.4961674042813 97.2691454480659 182.432851999403
1.03305033368975 1.35852865692705 6.137668298563 27.613647545707 90.7884696206125 174.307495184942
12.03880913473 15.8939367535975 27.9236896966979 60.1865605327002 130.231120865998 217.544804504474
1.00185993963016 1.28703705494959 5.92497183020424 27.2557994975256 90.5418235433944 173.84507281089
1.59470302353836 0.855681475407976 3.97146277361419 22.3733328096608 83.9775911744038 166.36713809556
12.2248326277027 15.7681600169 28.5590674186467 60.8392685676887 129.754398545147 218.053027092561
7.07234424354673 10.0774342438993 20.1526981237553 49.3038714881572 117.940782532689 204.013246119339
4.36034995468 6.67932373207912 15.2469877903949 42.404965290734 109.600323493515 194.949371728329
15.0575968834675 18.899828442595 32.7521232638697 66.5346970860319 135.942047023997 224.929880366038
1.02740534672676 1.45058186814305 6.25205504483267 27.9393880898048 91.7090623250848 174.926365569022
12.600221114407 16.2580778172262 29.0406685724228 61.5446652214532 130.784740423934 218.972310332054
1.48402265313081 2.53782377690038 8.53193711861223 32.1192578434378 96.6361602782605 180.794800495954
1.08563368391796 1.66591664285965 6.71679748526251 28.8296789377154 92.9722076198355 176.259843619636
3.04425382095991 4.70100660827111 12.8495821232241 38.7626827801609 103.811744287356 189.693368366019
5.26360705812568 7.92948993948336 16.9050547270289 44.7694602202365 113.070463737314 198.280520620673
1.77296930914332 0.845741982832321 3.70675330863821 21.6378428770316 83.1229431974159 165.2281639302
1.25937333089753 0.964789419177189 4.679583548523 24.242457193457 86.2411959121219 169.209453484417
5.60723604095234 8.19490003910382 17.6380063206449 45.7376329770601 113.550608693649 199.342396458357
1.47285341576377 0.867343060976423 4.17008327040063 22.9255085709741 84.6419066614397 167.217803839855
6.93849187064026 9.63674196743619 20.1436042264226 49.1779269978095 116.727513778019 203.541950683679
13.708922407002 17.6887564883953 30.4832692579084 63.6539076180289 133.776081138552 221.682971945712
5.00096336759106 7.6357127430159 16.2763503642107 44.0319439118342 112.172871827596 197.233902226327
1.07212390350485 1.61446784922666 6.6182508999951 28.6387127144619 92.666232583482 175.963595791002
11.8792696725215 15.8817433989966 27.5240871383944 59.7623441725633 130.340921143503 217.165360011976
1.62448350550132 0.869812704937043 3.97376371227797 22.3091312910476 83.8398738839051 166.256142129473
1.05290487323024 1.2207926526469 5.88414077616858 26.7682345814288 88.7644142295075 172.857020501477
4.07471467125611 6.49540240728436 14.5327685334416 41.4530270904184 109.326484309624 193.939209564687
1.22878867417105 0.958853920692935 4.71155041877346 24.3736559232377 86.4201169347526 169.403406926786
3.67481039320014 5.84140576140625 13.8498810444504 40.3442085937646 107.450278870227 192.320756498901
1.55318375331587 0.837467747975438 3.92524731368761 22.3812427207027 84.0946177739931 166.403432369469
1.40433977670254 0.864928126144634 4.19981854554036 23.1295046362605 84.9856785981689 167.542491020128
1.25351275777006 0.94054874146587 4.62436638432141 24.1698587532671 86.1879518875026 169.100069699887
1.14735876431579 1.03513585071059 5.05517421824692 25.1713518415403 87.335077538997 170.577387453558
1.08368356829127 1.18124412006588 5.58845781556152 26.328496548275 88.6523924755704 172.258910146614
1.07396776817525 1.36663358121319 6.16901927668464 27.5187084586568 90.0069439205605 173.965952934491
1.11325087121824 1.59023017309975 6.78896891082986 28.734387130824 91.4097629570436 175.697085781967
1.19422822062255 1.83202517911321 7.40373143485979 29.8875566528431 92.7416852984655 177.323223302365
1.3189455078136 2.12651074377243 8.11020269305857 31.1758646124323 94.2402824340925 179.130010060826
1.50091977369251 2.45986343171539 8.80565439833498 32.3900532701416 95.7446201053526 180.837866345756
1.7331234982159 2.84277056962963 9.55559187067431 33.6591939256801 97.3444767558322 182.616872112522
2.04791271592136 3.3177971632363 10.438376636151 35.0990180912252 99.1639364317637 184.618526016369
2.4164314470804 3.83926553605738 11.3559174227855 36.5431434715508 101.006605351387 186.615112008632
2.88245994029375 4.46434112077729 12.4541586296046 38.2134256064711 103.032316641751 188.882811842528
3.40924048682578 5.14646384126155 13.6221024336619 39.9412429272522 105.092341114155 191.205888113696
3.95065067780432 5.83651576207521 14.7577839791655 41.5894038071182 107.080443277413 193.416999802317
4.50202764991781 6.53462002339443 15.8557954007428 43.1593975720646 109.006530312747 195.519375327277
5.10134849047004 7.28277431635336 16.9895950720454 44.7582267020673 110.961264688551 197.640311988002
5.79572493761185 8.1315260947411 18.2942642673834 46.5858784486657 113.096592159206 200.02833912345
6.47998667750547 8.98073309216698 19.4610611736675 48.207020567869 115.10620569867 202.152488710312
7.27667723607707 9.94308935333004 20.8157943765367 50.0800208712241 117.320967234618 204.566689355339
8.18787284446156 11.0302399849174 22.3290842770875 52.1726523213923 119.741794446401 207.230724518849
9.21363159488014 12.2396124242185 23.9823543949444 54.4636622509432 122.360551012548 210.113033498505
10.3090935714934 13.5193793659839 25.7021053518623 56.8507412827689 125.076552374491 213.090849554434
11.4268415828885 14.8156722483784 27.412592054454 59.2279092436608 127.782417070872 216.037150752931
12.3886527516639 15.939248193671 28.8177581012541 61.1863939323251 130.091144515722 218.464444481987
13.5350890773375 17.190600152638 30.554742343115 63.5475922431641 132.581335049318 221.307332686263
14.4415923291436 18.1568691078688 31.9281486303827 65.3889279002722 134.462020652194 223.500388925725
15.0756047399076 18.8207577979777 32.8910959722478 66.6640188757507 135.73026756473 225.007021768555
15.2966877203285 19.0732693913692 33.1982060506784 67.078376786868 136.218442716533 225.512213325622
15.2804749511979 19.0973508371592 33.1277286146556 67.0082794554334 136.290791122459 225.46085125462
14.8945796129166 18.7700678994988 32.4610423959591 66.1748889667317 135.725545252856 224.535976730792
14.2824580934967 18.2262551836297 31.4270297798911 64.8668472624182 134.760392116923 223.066313813362
13.5705243976786 17.5628330024639 30.2509161097708 63.3572203271788 133.548549860598 221.346943832367
12.7044505458238 16.7301400950848 28.8338665150405 61.5137857750274 131.992205212564 219.225410629291
11.8861551988452 15.8977544907542 27.527583018561 59.7745473904515 130.381423365405 217.18679747468
10.8244381731859 14.7560702557327 25.8618044195086 57.4964605408098 128.090097849829 214.46152670069
9.61342767922566 13.4153754496614 23.9601936853332 54.8629091472757 125.344894228216 211.27284097344
8.4880799664081 12.107559798064 22.2028216748737 52.3880775237724 122.595386042936 208.215388753317
7.53370706876174 10.9324189774341 20.7070938634278 50.2468180706773 120.042757096536 205.500019922049
6.73347705711118 9.89867683972446 19.4185897398881 48.3879923155472 117.719981486265 203.086918030103
5.98053897014585 8.91853623423244 18.143404489535 46.5610310797285 115.460320245496 200.696981894022
5.30067130495226 8.01771213296125 16.9549543985237 44.8578851359885 113.326318362795 198.444511493845
4.72318857378332 7.23536774122509 15.9087572303478 43.3549142401048 111.386547987088 196.422610166614
4.17307650435772 6.49345873172361 14.8652506450564 41.8522600571376 109.474148079648 194.394381390645
3.68202396574808 5.81658033291692 13.8822781539742 40.4206161341847 107.631212140814 192.438958410105
3.16832655434993 5.11432560394139 12.7702389163206 38.7858117459683 105.636654276615 190.221985284198
2.66287487830045 4.41938649831455 11.6156531814983 37.0695597357887 103.573784857055 187.892438379119
2.25326421491117 3.82689500719748 10.6446741127547 35.5949405427683 101.681785198109 185.845027444336
1.90603605204517 3.29806694629696 9.77100257194819 34.2275459305424 99.8405364356848 183.910890489309
1.61523684013134 2.81943022093437 8.96263223435671 32.9090612952423 97.9980752703605 182.014484023818
1.3920682224459 2.39587827616137 8.21669852277817 31.6046394668017 96.102999095909 180.104159514138
1.22048274586443 1.99108799741293 7.42935003128963 30.1196158366262 93.9702234217221 177.920716015547
1.1235271888617 1.54450233152094 6.42301868090172 28.0383510793873 91.0367261699435 174.839200658961
1.13950082821368 1.19501349669557 5.48661709004626 25.9626616496316 88.2172721817878 171.761996797453
1.15272215789948 1.08901459500111 5.24242716820683 25.3563257425818 87.2554492496118 170.830578629052
1.08096952745744 1.15332288421933 5.61242615260057 26.1572408785246 88.0350372889741 171.971402135447
1.04005251211755 1.28949899038246 6.12255784589501 27.2589667849507 89.3021787617543 173.559368767309
1.06417677204497 1.48800836364474 6.69406252925551 28.4418464677065 90.776672556112 175.264619860866
1.14427367216846 1.75343001530846 7.37113043693793 29.7706656004475 92.4420828206352 177.167647341022
1.30532427098903 2.06989439317139 8.04457955834169 31.001503309997 94.0735291788683 178.92664589163
1.54748522577004 2.48571898279626 8.89822201167031 32.4793783791545 95.9318078101122 181.000391488483
1.86319810984386 2.98005472317583 9.85896110088355 34.0706483725845 97.9000197473526 183.210259844024
2.23001408438828 3.53048321579623 10.882939967472 35.7180149279291 99.9249429414252 185.485001469189
2.6239008414445 4.1045293829237 11.8912228587466 37.3002023291925 101.900989859672 187.667988311886
3.03623663291751 4.68789746317858 12.8417883851914 38.7525241466604 103.773015587389 189.672965099724
3.49624570685815 5.31969352503786 13.829776563411 40.2335754513077 105.67201726462 191.699004801444
3.97896103674564 5.97586845193422 14.7854932407759 41.6484980512819 107.527518659168 193.629112971973
4.56259080382297 6.73976510614743 15.896887739547 43.2853116294413 109.569054986859 195.810153582004
5.22924325856894 7.58531159051561 17.1201370628019 45.0774686029127 111.732333596671 198.156269058015
5.98769179742212 8.50521663936392 18.455403174651 47.0104331058885 113.968442570356 200.631603293863
6.78737596329044 9.44924251208684 19.844693193607 49.0069509455857 116.200011072237 203.153171062093
7.59882393317507 10.3662906618624 21.2489392204068 50.9914124622638 118.286923786212 205.610274472798
8.33464223838428 11.1727515307618 22.5310643526193 52.7811761303263 120.075655949707 207.796257338017
8.7117214247868 11.5940461145238 23.1682817477127 53.6716102422425 121.008426689822 208.891147014882
8.80063609391396 11.7164913501279 23.2934399374496 53.8626489732134 121.304132073857 209.149018289359
8.72937774590787 11.681717232993 23.1228183504155 53.6557565251215 121.275334454966 208.939980861036
8.45227434304416 11.4313408443896 22.581834548544 52.9407115105799 120.783174524079 208.121789858617
8.07455977644324 11.0686643692943 21.8645211380229 51.9795506359573 120.043247775757 207.000807988665
7.58680186250514 10.5807368314964 20.9473885994863 50.7315519573991 119.015172438247 205.525463030841
6.97233323303573 9.93463746954505 19.8089080004129 49.1495991412126 117.598649734317 203.623932491895
6.35567525276799 9.27206993018331 18.6750072550029 47.5599120625473 116.122613539189 201.69923077979
5.61265118755472 8.4341699281967 17.3126645042985 45.6075156412333 114.180072116043 199.292893660533
4.84045590672945 7.5213319220212 15.8956445503573 43.5368178742737 111.985337695287 196.694116306232
4.15549889434499 6.65658803945522 14.6297333732858 41.6420275878816 109.8044343404 194.252454350395
3.56163185498156 5.85522922367256 13.4829430879025 39.8909727807604 107.67106053525 191.935501365797
2.99774292488438 5.07080327272241 12.3401746462033 38.1373179295833 105.513437630607 189.587772450739
2.60372539991775 4.45254798099015 11.4710057948856 36.7638411028743 103.645022024976 187.663978671446
2.2476627383618 3.8763396084404 10.6039324688956 35.3825296109604 101.781907284124 185.712393483547
1.91757325155969 3.32762824335876 9.72940135427086 33.9766914789546 99.9082542583579 183.718022508504
1.62951594321803 2.82353941507799 8.89075407691262 32.6056017091791 98.0679997500219 181.755599377221
1.37986026282836 2.35588174282634 8.05867937104864 31.2110036649283 96.2137804400559 179.750010519623
1.19970848950803 1.95890714566611 7.30514948111106 29.8932369726274 94.429459518928 177.826278968836
1.06174730479 1.60282779591369 6.57782277238981 28.578289396678 92.6575778948188 175.89723409486
1.00024331515226 1.33855323263985 5.98980728285744 27.4381040441711 91.0509564953044 174.188145162279
0.994693262073939 1.13614267509579 5.48997037283551 26.3972473082982 89.5456489041016 172.603037103797
1.05855999130504 1.0024215237908 5.06838364850232 25.418397261204 88.1292487063297 171.094080316326
1.17604697956341 0.906385122045454 4.65568903870117 24.3900578671926 86.7143286002533 169.514332177507
1.3393782823125 0.852913776482782 4.2943609867764 23.4101164884767 85.3908000337689 167.998406446281
1.53980895828501 0.833372873870712 3.97348080526653 22.4844166052978 84.1991985098522 166.561101096209
1.72800112314611 0.838226445736922 3.74227536866057 21.773151039496 83.3049200110941 165.445296004852
1.86882754822166 0.850979546314547 3.5981140748558 21.3013326659162 82.7148918863258 164.698998446867
1.97785241294716 0.859885741566329 3.48264464438956 20.9313808902176 82.2648833769028 164.11667475299
2.00333953190909 0.86258905989085 3.45158364943547 20.8276393612239 82.1363978890618 163.957244459299
1.98139159580015 0.856629928935603 3.45259667574975 20.846226278234 82.1617660782813 163.996383030723
1.91575456254486 0.842218377903292 3.48417007893387 20.9900145051693 82.3529001209411 164.235972151025
1.80774735545779 0.832376990571629 3.58723397215067 21.3455656560442 82.8081652687877 164.798638449493
1.68513131705914 0.831183460088902 3.73842078013061 21.823261528059 83.4082611066073 165.542144355986
