Comune Latitudine Longitudine Codice PL97 PL98 PL99 PL00 PL01 PL02 PL03 PL04 PL05 PL06 PL07 PL08 PL09 PL10 PL11
AnnoneVeneto 45.797500 12.685833 384 0.003840473 0.003823529 0.003768116 0.004039238 0.003715347 0.003656821 0.003565551 0 0.003429174 0 0.003302846 0 0 0 0
CampagnaLupia 45.356944 12.098333 385 0.007530844 0.007512788 0.007518797 0.007544141 0.008595989 0.008436182 0.008300031 0.003660769 0.008056094 0.003240536 0.011804139 0.011723838 0.01918946 0.027889016 0.02896493
CampolongoMaggiore 45.333056 12.050278 386 0 0 0 0 0 0 0 0 0 0 0 0 0.000687825 0.000679612 0.000673077
Camponogara 45.385833 12.074167 387 0 0 0 0 0 0 0 0 0 0.000656707 0.000809323 0.001428912 0.001413317 0.001389103 0.001375936
Caorle 45.602500 12.888333 388 4.411625044 4.320447787 4.430623686 4.285763949 4.312285337 4.602814699 4.431560892 4.397000254 4.343644923 4.406661633 4.574721314 5.088595979 5.076647803 4.847074468 4.954454787
Ceggia 45.686111 12.637778 390 0.001607071 0.001603849 0.001586672 0.001569243 0.001568627 0.003288201 0.003215434 0.00314291 0.003087541 0.001408947 0.002882333 0.002792378 0.006611837 0.005266518 0.005224826
CintoCaomaggiore 45.826111 12.786667 392 0 0 0 0 0 0 0 0 0 0 0 0 0 0 0.014427412
ConcordiaSagittaria 45.757222 12.845278 394 0.003601213 0.003597803 0.000757504 0.002936718 0.004006869 0.003971256 0.004421033 0.004406112 0.004390062 0.006259927 0.00863109 0.016079561 0.011886934 0.013251213 0.011384845
Dolo 45.425556 12.075556 395 0.010231594 0.010219583 0.010327733 0.011155488 0.012343967 0.014160766 0.015528377 0.013717421 0.01540454 0.018505873 0.019472617 0.021731885 0.024738029 0.023439558 0.023435454
Eraclea 45.578889 12.673056 396 0.794162579 0.812214475 0.747924649 0.751181986 0.747998719 0.757143994 0.747255351 0.736195353 0.746194495 0.598628734 0.962250824 1.089530065 1.103861725 0.721071959 0.718571763
Fiessod'Artico 45.419167 12.033611 397 0.019947962 0.02185982 0.022264742 0.022264742 0.02472765 0.026210351 0.02614585 0.022623747 0.024943651 0.022848665 0.030883615 0.029739777 0.028914057 0.026714616 0.027092964
FossaltadiPiave 45.648611 12.513889 398 0 0 0 0.005344871 0.005230386 0.005111977 0.005016722 0.004968062 0.004955168 0.004955168 0.004966887 0.00490425 0.005886508 0.005921364 0.005871301
FossaltadiPortogruaro 45.792222 12.909167 399 0.001738828 0.001724138 0.003937682 0.003941731 0.003932969 0.003932296 0.005603668 0.005535055 0.005552751 0.00590518 0.007 0.008632138 0.008263097 0.007565789 0.008314314
Fossò 45.388333 12.050278 400 0.001417686 0.001392515 0.001371272 0.001347028 0.001350895 0.001339809 0.007818999 0.007672217 0.007523611 0.007409743 0.010108746 0.012215352 0.012915677 0.009539184 0.009380863
Gruaro 45.831389 12.841111 401 0 0 0.003382187 0.005569996 0.005578282 0.00818757 0.008142117 0.008067473 0.008017493 0.007982583 0.008020416 0.007896626 0.007793128 0.005298481 0.017296152
Jesolo 45.540000 12.641389 402 3.490210744 3.467167391 3.408380402 3.447811301 3.584712199 3.573286513 3.579160452 3.56542948 3.533829841 3.693104456 2.520962003 2.842974874 2.798549461 2.468809812 2.415581395
Marcon 45.555556 12.299167 403 0.003130288 0.004429957 0.004385602 0.004367172 0.005003281 0.004940872 0.004859783 0.004727216 0.00461457 0.005026956 0.025127382 0.028204093 0.026061588 0.025724683 0.025019833
Martellago 45.548333 12.156667 404 0 0 0 0 0.000308151 0.00030667 0.000304244 0.000302663 0.00029979 0.000887137 0.002271629 0.008986307 0.010130519 0.008365055 0.008319701
Meolo 45.622500 12.451944 405 0.005719237 0.022460263 0.021461421 0.021109063 0.020795511 0.005646072 0.021368203 0.020888542 0.021049325 0.020875526 0.022053114 0.022042844 0.027022854 0.025738654 0.025793651
Mira 45.435000 12.122500 406 0.014976608 0.01493861 0.015896314 0.018744117 0.020624982 0.02209557 0.022082279 0.02155447 0.021286748 0.023266844 0.026799188 0.034417861 0.029003783 0.028856028 0.029733118
Mirano 45.494722 12.112500 407 0.008039134 0.011469371 0.011514851 0.01416409 0.014963545 0.015345661 0.01499044 0.014470007 0.014941302 0.015127267 0.021962599 0.027524656 0.024407539 0.036303874 0.036445295
MusilediPiave 45.623889 12.565000 408 0.001520219 0.001504212 0.001388889 0.001368256 0.001364256 0.003369272 0.004225893 0.004148986 0.004075206 0.003489119 0.003693028 0.004826678 0.006867177 0.00734151 0.006765436
Noale 45.551944 12.073056 409 0.021321216 0.021171734 0.022189963 0.021968245 0.021880065 0.0215311 0.023785927 0.023452897 0.023597273 0.022838819 0.028928548 0.030409059 0.024699981 0.023777988 0.024236701
NoventadiPiave 45.662778 12.530556 410 0.009635237 0.009597258 0.009580838 0.013813097 0.031129059 0.050074368 0.049188312 0.054272331 0.048682519 0.052389268 0.063707165 0.093650553 0.092992114 0.116221346 0.113746785
Pianiga 45.458056 12.031111 411 0 0 0 0 0 0 0.010886798 0.010610899 0.010099029 0.015426076 0.016154945 0.016184871 0.016528926 0.016097929 0.016617063
Portogruaro 45.777222 12.837222 412 0.008053636 0.008074101 0.008240407 0.008130081 0.008432115 0.00974461 0.009838567 0.009857699 0.009803137 0.009792604 0.010080165 0.013880674 0.014720932 0.014976415 0.015212264
Pramaggiore 45.814444 12.738611 413 0 0 0 0 0 0 0 0 0 0 0 0 0 0.002121341 0.002128112
Quartod'Altino 45.581944 12.370833 414 0.019602232 0.041903409 0.041057759 0.042912514 0.042729152 0.041863606 0.04183768 0.081909019 0.041507947 0.082168517 0.084027155 0.081303859 0.080351616 0.079030687 0.084617236
Salzano 45.522500 12.106944 415 0.001922069 0.001912877 0.006779661 0.007774035 0.00811324 0.008045879 0.007985049 0.007133758 0.007947244 0.007007007 0.006866111 0.006751869 0.006801645 0.007228726 0.007668232
SanDonàdiPiave 45.633889 12.565278 416 0.011911161 0.012492966 0.012742429 0.011984686 0.013437218 0.012257633 0.011928322 0.01155705 0.011394831 0.011853887 0.011470985 0.011783479 0.010012849 0.009569148 0.009542668
SanMichelealTagliamento 45.767222 12.994722 417 5.24392704 5.830889788 5.948296321 5.985042917 6.162204724 6.380700708 6.480607655 6.659224043 6.48721434 6.543298447 6.164873045 7.167113419 7.089950166 6.814178303 7.052926628
SantaMariadiSala 45.508333 12.036111 418 0.005133964 0.004996487 0.004869512 0.00476687 0.004672215 0.004577314 0.004414706 0.00524109 0.004056024 0.00494927 0.005641918 0.005916467 0.005456868 0.005498322 0.005432296
SantoStinodiLivenza 45.731944 12.681667 419 0.007474361 0.007448467 0.004390496 0.004635989 0.007068041 0.006967179 0.007162852 0.006099049 0.006958887 0.007782719 0.010233576 0.010149162 0.01159131 0.011078851 0.011919315
Scorzè 45.574444 12.109444 420 0.004502312 0.004459712 0.004391431 0.004250364 0.004209191 0.00711583 0.00696248 0.006469003 0.006741934 0.006955506 0.008722774 0.009889012 0.009983186 0.009972706 0.010019935
Spinea 45.491944 12.169444 421 0.001829026 0.00184 0.001852299 0.002179705 0.002202194 0.002563685 0.003015977 0.003251636 0.002984112 0.003583801 0.004410961 0.006129131 0.004461273 0.004400725 0.004481364
Stra 45.411389 12.009167 422 0.014407924 0.014205386 0.013939306 0.013775291 0.013638301 0.013515416 0.013329631 0.024975852 0.01309329 0.039464793 0.039602649 0.038793103 0.03981142 0.039081067 0.038778986
TeglioVeneto 45.816389 12.886944 423 0 0 0 0 0.003018109 0.003037975 0.00594943 0.005733397 0.005594406 0.005417607 0.005686789 0.005711775 0.005659556 0.005613126 0.005572225
TorrediMosto 45.691389 12.710833 424 0 0 0 0 0.00580855 0.005689577 0.005617978 0.005535872 0.00554939 0.002633311 0.006656646 0.006804168 0.009698503 0.010910617 0.007986549
Venezia 45.438056 12.327500 425 0.315104637 0.325011748 0.332800034 0.339844768 0.351727503 0.1131708 0.120167266 0.118738733 0.121006005 0.133545777 0.153282799 0.179568157 0.171269678 0.167758155 0.169363869
Vigonovo 45.389167 12.008889 426 0.001544998 0.002536783 0.003640472 0.003706449 0.004203759 0.004985409 0.004349871 0.003422313 0.004124401 0.002291326 0.005402542 0.007895816 0.008167793 0.008037309 0.007967736
Cavallino-Treporti 45.465000 12.510000 581 0.315104637 0.325011748 0.332800034 0.339844768 0.351727503 6.043317663 5.876478318 5.775566343 5.699537996 5.570695913 5.926144298 5.680087297 5.565557876 5.389831765 5.33901543
Lido(A) 45.384122 12.348115 582 0.315104637 0.325011748 0.332800034 0.339844768 0.351727503 0.1131708 0.120167266 0.118738733 0.121006005 0.133545777 0.153282799 0.179568157 0.171269678 0.167758155 0.169363869
Pellestrina(A) 45.273243 12.301809 583 0.315104637 0.325011748 0.332800034 0.339844768 0.351727503 0.1131708 0.120167266 0.118738733 0.121006005 0.133545777 0.153282799 0.179568157 0.171269678 0.167758155 0.169363869
Murano(A) 45.458101 12.351548 584 0.315104637 0.325011748 0.332800034 0.339844768 0.351727503 0.1131708 0.120167266 0.118738733 0.121006005 0.133545777 0.153282799 0.179568157 0.171269678 0.167758155 0.169363869
Castello(A) 45.434707 12.352278 585 0.315104637 0.325011748 0.332800034 0.339844768 0.351727503 0.1131708 0.120167266 0.118738733 0.121006005 0.133545777 0.153282799 0.179568157 0.171269678 0.167758155 0.169363869
