8.93966129766947 11.8174037575585 20.8927869871126 40.0051076424855 53.1361634287106 63.8867353125618
7.86049133436757 10.6821243372125 18.9798172447794 37.2276336564453 50.4919263572671 60.5587003416756
3.25637950422193 4.97390338846253 10.7276500411691 25.0126407756621 36.2677220145764 44.8559330284142
2.27610094741585 3.70389172920854 8.27437297310793 20.9248348563342 32.3678419297091 39.7150910550356
5.16914004236272 7.21917133909806 15.0666002351542 31.8678841431426 42.5625562048605 53.3125204544835
9.85903393558417 12.7583174262666 22.516646857969 42.3012555004414 55.2404629295849 66.6120073825973
0.28634843373659 0.507691298752502 1.89506140052902 9.52067902206923 21.1960888887264 24.9561496548594
3.83058372369508 5.67407168405566 12.0727961700589 27.1941831564728 38.315784513453 47.5686179656636
2.50375139173099 4.33677365877667 8.49492859211849 20.7703626967293 33.6302700184076 40.1028113494552
0.0961549250662378 0.0212226589293222 0.794112466067918 7.27336316354008 19.0659921767866 22.0149926955044
9.46018911515373 12.3501566155769 21.8157957165057 41.3085251813068 54.3264134483477 65.4339691345016
0.0365124571838222 -0.174637333411366 0.386845428651261 6.49839406801427 18.2692803405194 20.9503991256669
1.54575137929967 2.67137679409095 6.26079884332408 17.4554133261256 29.0004478328788 35.2919564934592
5.01799172479497 7.04506814119565 14.7355194995606 31.3438625157545 42.0767259779713 52.6689856690219
0.0179206495751133 -0.254156127781881 0.224084983546637 6.21109996538299 17.9607894132794 20.5389963640785
2.95623608928699 4.59669163385336 9.99986697016922 23.8176321965301 35.138324083105 43.3612255240322
0.275805854242432 0.544649022468619 1.80185021076049 9.03957247838119 20.9993163907979 24.507619996182
6.97741813314025 9.72524888920374 17.3899363374748 34.8630078649596 48.1759063074862 57.6970274666207
0.130144682276317 0.15382346355203 1.04437719591541 7.6687439125302 19.5290349693655 22.6080719498277
0.0309611601331129 -0.208987439582736 0.328625225746646 6.43983098841012 18.1772813680544 20.8383974901662
6.26574788965055 8.94893033103263 16.0739491052615 32.9144309067474 46.2956894082616 55.3330702374933
3.67067374868751 5.88322698193272 11.0586414299476 25.0187048833919 38.1466339476181 45.5262393908421
1.31305917371225 2.5501761910959 5.43803888271345 15.5307541003009 28.0091006534583 33.2614235334335
4.47455726639833 6.42811114460167 13.5370821737277 29.4947825259602 40.4142009637147 50.4052573629739
3.3676852667932 5.49481330088375 10.4174153624004 23.9705661673728 37.0405859566564 44.1977829857155
5.4575927603544 8.03302889485916 14.5615481988197 30.5987032916218 43.9665636248135 52.4907445390884
7.79257710897046 10.6015130627255 18.8623673238552 37.0325434242353 50.2710976721895 60.3160148588092
5.17470825478286 7.22478391391775 15.0785179314451 31.8837577323409 42.5742792422782 53.3313602238125
1.11843796329041 2.0219736013829 4.96371710166095 15.200989833266 26.8236787575641 32.3896782086139
2.60929363831528 4.14975759456609 9.11508096522316 22.3801397771244 33.8063662815841 41.5546279029848
3.34696039119976 5.08695774274638 10.9401435062341 25.3684026149025 36.6126283225302 45.300237272917
2.88178090015882 4.50405303685302 9.80039703258787 23.5221658998349 34.8954466947689 42.9918447981936
0.863335488019406 1.60162455811687 4.1300472214766 13.6908104722126 25.3263392802731 30.4292001327211
2.80518787282104 4.75320481562585 9.17578495925516 21.9299446917794 34.8932118534782 41.5958296785174
0.143069236820668 0.253035205470168 1.25506899845926 8.03447178122227 19.9241780004716 23.14428397343
1.80577914112842 3.32082143067844 6.75389761486922 17.8263208835673 30.5017758136239 36.2779894080695
0.0491878311527093 -0.104197581162915 0.528395530600598 6.72827902015694 18.5287845092945 21.2945994255707
2.96497638081753 4.60959722926904 10.0136744863812 23.8598033811666 35.1991599884732 43.4151341723087
4.64332812283076 6.62720605464417 13.9115300456795 30.1015245655437 40.989471762097 51.1543594764286
0.0899372862415025 0.0918691247807826 0.93467007698016 7.44838756240859 19.3011440239479 22.3290286333913
0.023793714523083 -0.251448211296516 0.240002201753436 6.28856084366192 18.0139085151786 20.6169979967801
0.352275540522855 0.701455602902349 2.09110612980257 9.56811805473637 21.5664999380854 25.2208187798274
2.41453630021125 4.21478874135543 8.26669130265112 20.4136444359808 33.2870920188002 39.6450930403193
1.32649487644414 2.55414098915631 5.42836205041494 15.518559235135 28.0083987626948 33.2348535968819
0.85424848974021 1.581991450804 4.0802243918127 13.6159064615697 25.267926802651 30.3287804914502
1.73764523490508 3.22691638404023 6.61157266417428 17.5699178192803 30.2051109561974 35.9481936148615
2.14423897318423 3.82727479572574 7.61915423724722 19.3079810859503 32.092025579999 38.2120437725717
1.32766513571489 2.5565550110441 5.43330331075552 15.5267038610751 28.0164137505138 33.2459138772241
1.80564606271439 3.05111171859606 7.00468998041162 18.7509764161641 30.2636198118048 36.9510885362253
0.0239523401654955 -0.177629172505465 0.379556305878567 6.44180766641469 18.2328538655334 20.9044299605622
0.104443291307507 0.0317688694390925 0.868771297465205 7.54477337002853 19.250329671738 22.3114674883982
0.476514264991482 0.951157938043102 2.54755984220596 10.3944886473848 22.4579785152095 26.3368123792734
6.03777165913222 8.69528115349584 15.6502006005876 32.2758001530973 45.6653454861361 54.553549527344
8.25233771740752 11.0994982405059 19.6738305566081 38.248446683341 51.4821209643274 61.7869056545866
0.793898356120843 1.4801153957993 3.89240858807264 13.2419131990435 24.8697262353675 29.8439158067732
0.340975083618202 0.762553435293537 2.23949389219993 9.82317435921055 21.8366743740191 25.6108991083194
9.48273576374144 12.3767209565977 21.8523165495208 41.3703014567947 54.3990238364781 65.510633567409
0.241317258040071 0.401031265790709 1.66738045329161 9.08739229522031 20.7703938726819 24.3791608041746
0.760766939471137 1.59581247996639 3.75939046553902 12.5585066683921 24.788636435947 29.3045046226025
4.53128857941521 6.50113133450285 13.6617321896595 29.7244150339724 40.6599295873992 50.693525998883
1.53015534619221 2.64862804470141 6.21658464829219 17.3778654114088 28.9242604555194 35.1926846340298
0.0453789587042579 -0.172588473814881 0.417280574797421 6.65278122661479 18.369294051436 21.1049858094981
0.109817612410401 0.0608974877883358 0.876672816446957 7.43285262199178 19.2279359642661 22.2311704557553
0.30312141291378 0.591204359370302 1.88478996766074 9.19528560454462 21.1647142733648 24.7113483077084
7.03979075258335 9.79686949930268 17.5022827272232 35.0402661314915 48.3631039003514 57.9154006960445
0.305783779742561 0.531174814940417 1.93422544089943 9.62461582283198 21.3075305790014 25.0792037719343
9.16643946358599 12.046326762204 21.3025139111345 40.5721024092392 53.6337284556284 64.5569425096788
0.0482354581319555 -0.085987378840962 0.567537520381648 6.78635801048121 18.5967676925904 21.3884800195306
3.28721481546317 5.3935520094988 10.2359575278459 23.6892524145962 36.7666763220018 43.8430069261189
5.1358179677191 7.1835113714072 14.9945315805705 31.7640342714793 42.4765063729622 53.1872106536839
0.470025788950366 0.87897646230351 2.65646341730288 10.9883563670697 22.6611587555888 26.8850951449587
0.279633460828111 0.525811243185296 1.75870751716687 8.97168484988191 20.9219684499864 24.3983043032311
2.60249756905256 4.47783661235619 8.70596142829957 21.1560165113378 34.0843855586142 40.6030905957802
4.5960955636809 6.56748100734972 13.8073225684227 29.914835631872 40.7944462950355 50.9207173518716
4.57890442156901 6.55232851287648 13.7684524323437 29.8747006974054 40.779446424303 50.8752050353892
2.11917336227147 3.79013985850258 7.55053613295352 19.1968051787633 31.9809958568996 38.0672605496789
2.4047506650445 3.88170138595769 8.60790607665645 21.514403100895 32.9590961264345 40.4639379813144
0.296861031524643 0.509812604276633 1.8888575518326 9.53858116088535 21.222514944695 24.9643100605037
0.231987291727126 0.386891053657183 1.63689250114519 9.01233535853932 20.6996203004829 24.2883454681514
5.11393127250222 7.15281486917187 14.9447255260711 31.6646362787159 42.3637668296629 53.0606499190948
9.762644644078 12.6538004685588 22.3543355371939 42.0536043352629 54.983859967285 66.3125444856093
0.840289298234534 1.55932561237981 4.05156896584168 13.530851221656 25.1547240486523 30.2202700370498
0.107613349602133 0.0311150526172438 0.867164949307589 7.55184714930756 19.2543015674835 22.3136600315849
0.717391218833682 1.34610396891191 3.62163404028006 12.7481064835288 24.3827652195845 29.19925654256
0.00751392574603914 -0.298289367322014 0.129493032457985 6.0305315033918 17.7760260355001 20.2885099924483
0.063404467563288 -0.0690886740635958 0.599419278551158 6.87055646796677 18.672658298927 21.4836237961322
1.69100075826713 2.88307783327135 6.65277708245636 18.1758384886313 29.742091260539 36.2133011462861
7.34352473731566 10.1349401993547 18.0397795301961 35.867940009529 49.2162003316325 58.9253438992169
0.0112624421103701 -0.297136481342887 0.13658547651204 6.07068540712382 17.8031021885663 20.3273390975168
2.96041893011634 4.60481787442307 9.99429532652834 23.8443763868352 35.2028921869592 43.3962852968303
1.65090728048162 3.08800821967292 6.36524141851772 17.147927022393 29.7586126843378 35.3918774549118
0.127105528153619 0.0865526409396027 0.987774817402281 7.79081313000776 19.4899441362505 22.6332417805217
0.325070530667911 0.590912692193753 2.06969101522615 9.85724308786517 21.5281034007491 25.3999363577046
0.825175144849838 1.72356886124096 3.99577929034012 12.9752916797149 25.2334353089983 29.8684409301159
0.129599253965732 0.17070567517048 1.08109042209096 7.72669621811287 19.5947402463573 22.698863919941
2.25351604892495 3.98541209661003 7.88187150800931 19.7601120223727 32.5843472493883 38.7990386258906
0.013106075749311 -0.263815985951554 0.200778635634323 6.15003514361458 17.9072334067816 20.4652033085948
1.9690920470202 3.27851930490557 7.42545428712025 19.5074975875184 31.0339526081031 37.9126013471764
0.0691127397895309 -0.0830167089903232 0.61472031895827 7.03807735230238 18.7526956658865 21.6305835672483
0.40471777502301 0.839217589276757 2.35597529901428 10.0423291935295 22.0781463479643 25.8793893119694
1.93261824886796 3.22821374419731 7.34995581278243 19.3422765127479 30.8354821718264 37.7035042807352
1.24235736572491 2.21599356530261 5.3433862055092 15.8833120308616 27.5013345007209 33.2706064056106
9.69866441569917 12.5888804678831 22.2416227369003 41.8954182714948 54.8404297829274 66.1253734930413
2.40884450396771 4.20723748799133 8.25253948052778 20.3918570975017 33.2664150329873 39.6172956544406
9.49974817889772 12.389324509116 21.8876836969702 41.4059725977193 54.4087636033879 65.5483992331841
8.56527243411316 11.4298621178865 20.2270336335815 39.0552803361711 52.2560176061275 62.75474428773
0.147683741902193 0.16695698656865 1.16187092553495 8.10145219611085 19.8044347455509 23.0688370681484
0.678724196193505 1.37595275872105 3.3288202735537 11.7929326420256 23.9728039881235 28.2410205283156
2.50984014962356 4.34886335412226 8.48978736491466 20.7923733804779 33.6956755301115 40.1343220624092
2.50218496969144 4.00876872996009 8.86166244896401 21.9257081236749 33.3380623889618 40.982039691302
8.44324953911702 11.303513224907 20.0081171444601 38.743877571514 51.9697142398973 62.3834907858002
0.16171405882549 0.181493996089412 1.19285119130627 8.19428884217317 19.8888965864739 23.1728230016437
1.58355334935021 2.72801633135105 6.3508341266592 17.6501577905022 29.2281841994278 35.5412062131642
3.7738645725331 6.01171999688436 11.2549323272251 25.3482183615 38.5137789662486 45.9413099293361
9.99618325966321 12.8910071738745 22.7640011969961 42.62999037797 55.509405059222 66.9947079503112
4.73952983128839 6.73148338391662 14.1247918812375 30.4081565774189 41.2413017980747 51.5256671382477
0.0476289973105494 -0.160418111669313 0.443459473800511 6.69908351832059 18.4175735143407 21.1713363128642
0.121565760659122 0.103769970469952 1.00842757193471 7.76278914244029 19.498115543353 22.6383973160819
10.2440113926095 13.1405519912002 23.1988633031087 43.2364941190359 56.0548001475127 67.7102976684699
3.06927639604002 4.74266492891486 10.2646149137839 24.2834977381266 35.6115792305959 43.9464245763782
7.94683624227015 10.7793237786968 19.1257377934019 37.4593639089895 50.7433349675859 60.8423533980959
5.04001475636145 7.54688243248534 13.7651072787916 29.3560228718139 42.6933986233807 50.9535507760429
0.2627986311334 0.444291480375329 1.75731458181438 9.27021612824999 20.9511471890522 24.6163493922659
8.04849150617353 10.8848603682491 19.3109032253748 37.7219297960883 50.9822219634226 61.155772265882
3.95782295778721 6.24340451403245 11.6318321654593 25.9635475718385 39.1671926925788 46.7181335900803
8.63158538134341 11.5001978789566 20.3431323101895 39.2260197173236 52.4222949885052 62.9598266378667
1.4500633669965 2.78057813460431 5.84887524677166 16.2429913505427 28.7677276161501 34.2067263237017
3.41167701795955 5.54924177819685 10.5116442300521 24.1181166519582 37.1879515988589 44.3831725393049
10.2911210593332 13.18820251714 23.2811042169056 43.3519081377733 56.1598199613663 67.8466654637862
3.92025110366168 5.77985820078911 12.2824948237525 27.5192607247419 38.6061200947432 47.9701838261271
6.35524062249911 9.05088534122379 16.2384159918826 33.1696162598332 46.5581633197418 55.6467334627724
9.67767038363871 12.5692550594562 22.2028016175335 41.8459122387917 54.803534856395 66.0684213219791
5.10304073025279 7.14092913334251 14.9210889143308 31.6297075618765 42.333865015769 53.0182996667541
7.39574897527116 10.1914036564858 18.1349585917251 36.0084500586288 49.3518622660386 59.0952984301322
1.04716420636292 1.90239502556958 4.73908610521076 14.7673213549326 26.3698832388466 31.8265764148456
4.39678984289984 6.78247784629964 12.5164906797767 27.3827785026851 40.6496099423057 48.4987662145609
0.110119981714311 0.0671210314536441 0.930394937349011 7.61515871885269 19.3489635276061 22.4364131726445
3.29112425682139 5.0187272960111 10.8049715318038 25.1547952692461 36.4188513286535 45.0344156693985
0.0710054917350778 -0.000285064044896849 0.742400305548349 7.10378026795328 18.9340413013172 21.8360710691639
6.25092343418128 8.92560257006506 16.0596493194365 32.8665726179199 46.207412581917 55.2685099865081
3.18402528736075 4.88511214164701 10.5452222778365 24.7328268222065 36.0244661635703 44.5072927554081
1.09902620007013 2.16204145640972 4.738294862431 14.3025358414162 26.6919978594904 31.6152817822212
2.93343036336778 4.92314575096035 9.47418495760427 22.4083014807695 35.3766515155651 42.2060981849188
3.23847308806157 5.32976795181467 10.1376594439709 23.5205967551972 36.5770974123021 43.6280899912191
2.32042104198671 3.77084917121156 8.39701559553336 21.1555870572906 32.609540853849 40.0116289262882
8.85582886434806 11.7308965605243 20.7436674150132 39.79304272846 52.9406377960954 63.6342659161043
0.468585110374369 0.877050307659308 2.65874787700165 10.9729737763658 22.6349316536451 26.8678183801169
3.41844237038735 5.17604133212412 11.1063524323267 25.6481961616424 36.8858009448825 45.6495350413226
2.7043384160115 4.61746492358861 8.94911695569311 21.5533779689352 34.4934711450771 41.113585599445
0.553924758297102 1.04178640745549 2.99657252526365 11.6032871191325 23.2588876913344 27.6965702507917
2.76583115482885 4.35466056785515 9.51215559155778 23.0429690864844 34.4386488665967 42.389752903347
8.26333641163442 11.1144916424416 19.6877060032239 38.280166561118 51.5310291375427 61.8280523216445
8.94007491559969 11.8203163641068 20.8905373458836 40.0095143693732 53.1524270038743 63.894311573861
2.05323415670819 3.70015563367175 7.42235320235339 18.9583597008305 31.6928361391855 37.7608207847519
0.0234891088322556 -0.199102578971282 0.333811833163816 6.37095298509006 18.1519770953416 20.7935395307583
6.80894838355997 9.53872166093919 17.0831573020154 34.3987117106882 47.7121295754112 57.1312461868845
0.408143953838869 0.895921518009653 2.48259260261486 10.2643440177605 22.3126754591548 26.2055638787241
3.85702404699448 5.71047085381249 12.1331309003257 27.3123081479064 38.4473986073496 47.7185376646516
4.07976489530034 5.97074999759189 12.6443853834358 28.1067453421542 39.1616402466764 48.6978133276959
1.38748493242329 2.44128505068128 5.79086528626335 16.6720801268453 28.271425001218 34.2884955150531
0.119179842142258 0.103018481603115 0.943008508245691 7.49915764839457 19.339632633642 22.3585677182
8.46108351681135 11.3221889774538 20.039864739462 38.7896806169947 52.0128539844717 62.4382937239531
3.31455020447153 5.42602876180452 10.3033352586223 23.7836737621541 36.8434952459897 43.9604017759001
0.187633477975344 0.378734883276087 1.50180673003545 8.4838470762464 20.4035066983284 23.7675046782664
2.5235443595215 4.03663971451909 8.91624572054888 22.0158038554905 33.4229397807129 41.0955110634522
0.623166328676613 1.17184727038929 3.26342182964291 12.0943392271623 23.742287309419 28.3414736590989
3.72180013995196 5.54387512388118 11.820309975817 26.7921690582205 37.9451097477354 47.070585965242
5.04894602782619 7.08014245568314 14.80314821509 31.4487096565379 42.1717218943789 52.7972743995033
3.9878977393736 5.86136281339433 12.4362464954769 27.7708739834548 38.8459573190582 48.2822555336667
4.4042205342588 6.34898485872954 13.3779587851722 29.2575637272315 40.2107944994232 50.1153679563041
2.6900592685328 4.59377596732037 8.92514308438033 21.4924249431198 34.401097305184 41.0319320031212
9.01357960859847 11.8899554917665 21.0286819014953 40.1869822889277 53.2856480009172 64.0997373951806
0.328274457242652 0.592365239116137 2.07031367836594 9.8595994575635 21.5317181834811 25.4005409017011
5.13715559562589 7.18329482386548 14.9972000963913 31.7612792956198 42.4668245383663 53.1824151124132
4.73990760812827 6.73758248795108 14.1257490255498 30.4335095461571 41.2891595374018 51.5614282085077
0.258595550798814 0.466335521053916 1.64413039570391 8.76935683327108 20.7016223898127 24.1142284744973
7.76868556594493 10.5910367954662 18.8043717997927 36.9937720827669 50.304205641296 60.283407656659
0.0896862726267806 -0.000363109074759238 0.791100259272917 7.36172093443798 19.0850669536836 22.0833408736811
0.665297689249029 1.24440698260421 3.39836978177836 12.3658080322543 24.0301272654291 28.6933743449176
5.20880211968254 7.26187073428915 15.1521068759989 31.9924475693839 42.6673978860493 53.4630274030584
8.13408179900411 10.9782463115564 19.4580459732782 37.9463947527571 51.213074417921 61.4278394823103
0.38253372625172 0.699804432856138 2.28777842976056 10.2898969225652 21.9653031691278 25.9630299080757
1.43344507539701 2.50414657360933 5.93226168874458 16.8799103745377 28.438140909471 34.5531734999679
0.0383812055451649 -0.104391430506593 0.532941510851936 6.71656212874691 18.5252869332658 21.2980235063791
7.08393303372007 9.85082123000645 17.5793443944187 35.1719124158187 48.5159937690819 58.080499556877
2.98596150532527 4.6341063399611 10.0727130700232 23.9363548093706 35.2494653805803 43.5097804226077
1.53667262815836 2.91825235548284 6.08655508194431 16.6572516852012 29.215239396304 34.7522683715817
7.72588420037335 10.5436964424841 18.7306120134354 36.8797376081156 50.1850604645196 60.1445775935736
3.96424215428002 5.83344364686461 12.3806774581052 27.6850006847896 38.7696174024771 48.1761601967702
5.32559486416664 7.87987791360766 14.3114011259039 30.2085988575324 43.5664113201395 52.0086537935457
0.212974662913379 0.322648849152615 1.49796321006337 8.77733074377423 20.4647170239998 23.9576533450712
4.64844630049639 6.62790130856501 13.9235072340786 30.0973755564656 40.9617758296813 51.1450381940868
5.09917237517877 7.61643682322094 13.8785511763337 29.5343792970346 42.8775795423446 51.1747850947464
0.92195971193703 1.89315365197198 4.29450521179539 13.5078476804115 25.8113594512741 30.5781075556233
0.171571461061205 0.211170759008543 1.25755669555573 8.31568632672484 20.0087926605278 23.3378203429722
0.662823436836857 1.24848736857427 3.42267735616086 12.3862672262648 24.0275454545287 28.7258040204267
3.80586827247487 5.64397789905626 12.0185051649381 27.101284914662 38.2227106269914 47.4531972167363
10.0085783417186 12.9107785481929 22.7789987327828 42.6716217760271 55.5799680913045 67.0508822056546
4.58681093896415 6.564827801003 13.7858886757669 29.9165629215294 40.8328079514163 50.9293605970433
4.71744435127252 6.70767481742604 14.0762100754264 30.338431296662 41.1840581327166 51.4413729137034
4.04323047793539 5.93168068695587 12.5584087698262 27.9915397941015 39.0778594479195 48.5585934288157
4.21699992971037 6.13598818666136 12.9531542559224 28.6156854950757 39.6514164907364 49.3288340979849
9.2053929019606 12.0892179128906 21.365468093094 40.6714606387039 53.7423095449765 64.6776509487155
4.88894948738929 6.90840887101918 14.4549265829514 30.9474488504509 41.7575529243003 52.1919447775641
0.0307652853576039 -0.150586272921634 0.435299374320296 6.54367960658666 18.3405030558614 21.0479993033265
3.84034020060157 5.68513014814279 12.0986627602851 27.2282615556145 38.3390800754517 47.6104199749239
0.0244782601269668 -0.179135504235919 0.376065433017868 6.43734868891384 18.227288597799 20.8963511459353
0.147674994202351 0.168570648657148 1.16484723842565 8.10443464186094 19.8086946440664 23.0746520964573
0.0190714705052092 -0.248396590465172 0.235785559881696 6.23082196981703 17.9824907057937 20.5679347102962
1.36505404574406 2.40099893255145 5.72873547310551 16.5229049763195 28.0897179045453 34.0941346644501
2.91039317574862 4.54003408562829 9.88675918332154 23.639112984662 34.9771146163144 43.1385516166262
2.82151185300403 4.77586375790341 9.22353505762623 22.0004293450203 34.9537309170701 41.6863486272412
0.0331409210712798 -0.215330410781371 0.320853718260863 6.45259864734602 18.1750299513885 20.8382649424951
1.64388158033699 2.8150475876816 6.51931697501302 17.9451210887586 29.5182416279968 35.9182601223916
4.25676427946467 6.18261558366277 13.0435947925415 28.7580036099116 39.7814680543678 49.504371641478
10.0610617157791 12.9605351648127 22.8740975461644 42.7954210426091 55.6770779665805 67.1939821223615
0.278630819154265 0.492152110441846 1.86263521740932 9.45572491828491 21.1320930842795 24.871692832698
1.06927041333841 1.93821335899606 4.81138268740381 14.8950269164404 26.4938068037063 31.9921709271193
0.503910922422578 0.94697472208729 2.79846077739402 11.2486383742082 22.915803602681 27.2291775548908
9.67200640098726 12.5665847745595 22.1890275708003 41.8358816773988 54.8095935278015 66.0594841988773
0.517151157845308 0.973081266973414 2.84993916194242 11.350552645385 23.020779757797 27.3629305395677
0.0587274057405013 -0.124719558803674 0.52385361421286 6.86687619761627 18.5798693621102 21.3936295028711
9.14055698007523 12.0157828338369 21.2595450263182 40.4999503373596 53.5501877483571 64.467314708394
6.98908739672381 9.74843531546782 17.4059494652908 34.9166695428652 48.2708026255939 57.7719090808037
3.71808052690158 5.54019587128885 11.8108231169992 26.7816134257449 37.9402265866049 47.0580767016096
10.3060470701499 13.2042582895749 23.3065037066216 43.3901590394271 56.1986692570172 67.8927983709762
0.70712082098998 1.32002757520995 3.55132285111371 12.6470666247511 24.308879787993 29.0616858004443
9.44165814212318 12.3269783064514 21.7890234315916 41.2574155439493 54.2578744258838 65.369329972004
1.17175183008593 2.2894081020196 4.96388306808702 14.7000403750421 27.1214902464295 32.1457620808037
0.885457098542106 1.63493719196482 4.18583447555158 13.8081818160885 25.4586607117962 30.5791342621091
2.16922446097267 3.55671816167895 7.9886827255959 20.4365447824155 31.8952849281117 39.0949539201537
5.81624881488454 8.44339150598916 15.2371552787555 31.6401958618965 45.0212158048977 53.7726677313675
0.0372933009035047 -0.20414846106361 0.347383105222398 6.51532065265037 18.2327495576976 20.9176296491049
0.0918583282875355 0.0751004312553287 0.895562552209864 7.38208333088437 19.2297989979141 22.2276397097223
5.62000627171082 8.22091133817604 14.8802952456822 31.0864057319108 44.4497993518236 53.0929908809063
0.0794367934533699 -0.054735845895313 0.678542430469722 7.17471365000608 18.8833611826946 21.8086636163412
6.11263969707603 8.77294952687169 15.8050442600841 32.4842656842073 45.8308285631978 54.8030183303122
10.2260646438023 13.127745786313 23.1632273461447 43.2013171168786 56.046121695337 67.6739078090241
4.34513864884636 6.28496818757572 13.2452197276478 29.0690360030961 40.0590420602503 49.8870251120923
0.831996553268003 1.54365689296437 4.00325974564014 13.475901851719 25.1294919466098 30.146202293198
9.88111219635294 12.7821233912646 22.5543983108696 42.3581511948583 55.298223287804 66.6806779587667
0.0488748359319475 -0.153829756560092 0.457566594694589 6.72392153997474 18.4435541020385 21.2069737290602
0.191573616879651 0.290585948891166 1.42971993238533 8.61233965325567 20.3086635226236 23.7576964674864
3.93243393291826 5.80011581247147 12.3052617771664 27.5876236996795 38.703372551123 48.0590833854585
0.0856065727566589 0.0800526612754432 0.911465067741366 7.40536739224076 19.2556067275504 22.269852892527
3.43471819346452 5.19673523171916 11.1441082748413 25.7136795194519 36.9516031366387 45.7315724722586
0.031267892570806 -0.137179577035986 0.464612467473566 6.59293241040985 18.3941951170723 21.1221413205112
0.047580219299286 -0.0584961859176538 0.629072698294937 6.88958162052565 18.7090839066798 21.5453060342089
0.078440038244364 0.0564511760118992 0.863931469428309 7.31822252137549 19.1632536585828 22.1481922277653
0.110054838879009 0.168483180578837 1.09135675410366 7.7329491903839 19.6033229784222 22.7303826305062
0.158125005260764 0.313241597737301 1.37873464609819 8.25744883276185 20.1613859786587 23.4601722479855
0.220261103227002 0.479939087830166 1.70344621052705 8.84901694431718 20.7926492839631 24.2776568489382
0.304713666866465 0.682206619956465 2.08896627852193 9.54958609187019 21.5428810946759 25.2382539968925
0.39831890671992 0.89196561927626 2.48327242602624 10.2633646223993 22.3089528825562 26.2122851291193
0.5176599120842 1.14716507903457 2.95797272125861 11.1199792478147 23.2299210163735 27.3769777084548
0.694402938649537 1.48482651798641 3.56883826194034 12.2141531400623 24.410966839258 28.84916307737
0.913995007014598 1.8827563711513 4.27940929644991 13.4791319381678 25.7775870418436 30.541874841587
1.20074888071823 2.37379598377515 5.14410931667851 15.0051850600019 27.4264407915744 32.5709828509352
1.5432454730607 2.92634708874197 6.10252980957613 16.679654325609 29.2344996695192 34.7804861833465
1.94054470157298 3.53355655706687 7.14288601989067 18.4754578076565 31.1681281120949 37.1317776393707
2.39718051406689 4.19053776160876 8.25252926505289 20.3619670751093 33.1913304341968 39.5777914059473
2.90405998937338 4.88457143079133 9.41144267890803 22.3036294604409 35.2638920284557 42.0726999375014
3.46062705276205 5.61126031715809 10.6140043238221 24.284512600738 37.3628877396461 44.5935042040353
4.06478122840491 6.36541277939199 11.8549260674509 26.289945882384 39.4657271710201 47.1196471149148
4.69554135191596 7.13409065759928 13.118361355458 28.3077491409492 41.5649992179099 49.6463686617363
5.36374636153025 7.90806361047746 14.3895504269807 30.2838504141006 43.5813990391176 52.0873032399766
6.04002332170964 8.68170158223152 15.6634981164002 32.2481155835332 45.5706664302279 54.5049256472322
6.72260482846249 9.44315977110738 16.9246013406423 34.1596790381449 47.4752352364434 56.8399766608768
7.39762029580273 10.1780238135652 18.1513959028915 35.9862039179773 49.2611074823214 59.0540089290575
8.04922943425388 10.8742452923187 19.3223621162875 37.7045348079182 50.9139640809974 61.1240826508776
8.66195595023138 11.5187737649964 20.4140312546314 39.2865960663332 52.4132617552253 63.0198971653556
9.18973597563825 12.0661679256609 21.346541234392 40.6230481821953 53.6630512495893 64.6134773079162
9.63791064088282 12.5257896021239 22.1365206718429 41.7434238321257 54.6952890359595 65.9441316794173
9.94947368274189 12.8425809226475 22.6838401482571 42.5139363062439 55.3980813486305 66.8564234187839
10.1472731836922 13.0424916442445 23.0304856065513 42.9994215258036 55.8377410695252 67.4299770084315
10.2528428654414 13.1491713210886 23.2146130015792 43.2576835950231 56.0726168488658 67.7350307994112
10.3159904118187 13.2135158075004 23.3243736591176 43.4130784265161 56.2161928253196 67.9190938453527
10.3226653365118 13.2217812075309 23.3349838725045 43.4320647947134 56.2398482229028 67.9429934416227
10.2947035715837 13.1955745114017 23.2845698459145 43.3670290483797 56.1896343187004 67.8681570288588
10.2158185646844 13.1178107941531 23.1449363177343 43.1768663136461 56.0258171348766 67.6454278951706
10.085575020064 12.9881123169454 22.9147756766505 42.8601582031232 55.7479883177426 67.2731560827193
9.89637298121037 12.7977401678941 22.5811682107968 42.3960822271544 55.3331930769523 66.7256840410994
9.56042489692955 12.4567258395376 21.9882572244909 41.5643392679192 54.5800792586954 65.7413547268693
9.11259029401134 11.9984138176552 21.1960845917189 40.4448825418759 53.5556970005705 64.4126386257712
8.5762862789322 11.4432282982895 20.2450128744604 39.0865972252862 52.2937820587227 62.7939468349768
7.96975791505873 10.8055976131062 19.1642954118345 37.5218646186134 50.8128255342193 60.9192826342536
7.3228569694061 10.1126612780504 18.0019063050096 35.8123099103775 49.1629738378622 58.8581134076051
6.6497481163985 9.37622148852256 16.7768453974869 33.9809459997543 47.3629933013666 56.6347333754306
5.97162459427414 8.62130592437698 15.5278690136859 32.0900625368297 45.4799057126868 54.3264943828704
5.29952568190824 7.85128655193102 14.2622564114644 30.1361068132381 43.4972461963826 51.9205429036092
4.64462704403051 7.07941696691968 12.9966054796622 28.1487597376296 41.4525194646259 49.4537716539967
4.01590827597933 6.31509975112172 11.7435835358306 26.1482360003304 39.3690231594722 46.9502123917853
3.41949579178583 5.56323459349634 10.5060287905231 24.1396977315304 37.2568618724221 44.4142002352907
2.86328604250789 4.83216042201473 9.29485694284177 22.1409713838392 35.1370808104773 41.8669516505856
2.35223714815698 4.12854904269226 8.12015066686496 20.1698289089107 33.0299393778215 39.3311601597928
1.89769737348424 3.45961627730089 6.98700778086179 18.2317447488811 30.9441727173996 36.8080129387203
1.48922521378718 2.81965704278246 5.88699375925126 16.3233952969206 28.8826144385346 34.299059838431
1.12704203344468 2.20735961741674 4.81536543091841 14.4395085276389 26.8423692273375 31.7960331275849
0.80617851253503 1.61374079347546 3.75396452156278 12.5534497860787 24.7981593733694 29.2625667462626
0.469241386602948 0.924344773870586 2.495273349131 10.3053590608882 22.3586453770229 26.2077686953395
0.232203456061576 0.379632373293309 1.48287720252369 8.50769439817345 20.3981587406086 23.7293848604834
0.145848264012609 0.166150028037146 1.10463209231699 7.88648992262147 19.6749932073448 22.8380584591016
0.154243944481349 0.198268602042255 1.2165660169593 8.17085106310911 19.8965415673518 23.184730351742
0.214303624301557 0.347172220913202 1.5515809147407 8.84630164138363 20.5380765770056 24.069672742762
0.320681141874084 0.581225445258373 2.04965525903836 9.80671875089049 21.476924588506 25.3361268589446
0.460074499887215 0.868678958445896 2.64971997207873 10.9418126002378 22.594383669531 26.8324787006658
0.64782850785254 1.21894307935038 3.36510047156442 12.268409308701 23.9049359662415 28.5718143784339
0.870639228036825 1.61009496148481 4.15597913895021 13.7131800559355 25.3294639629413 30.4577661913023
1.13656743510791 2.04598647926897 5.02678908349838 15.2777582296685 26.8679556580605 32.4876899742439
1.44210805943977 2.51833599172369 5.96108855515625 16.9307346813746 28.4872679694263 34.6191572024994
1.78247804676898 3.01749994110579 6.93981348027875 18.6367536759981 30.1507840046531 36.8049755408197
2.15190061808772 3.53420346340526 7.94550893371738 20.3640203508735 31.8254720591513 39.003700445542
2.54143731632124 4.05929577122129 8.96330398836741 22.0882176403957 33.4858078142958 41.1863176828607
2.94665506132091 4.58342906638707 9.97519639631374 23.7737061587872 35.0939081980752 43.3054105476174
3.35629205052013 5.09602350216264 10.9642233766088 25.3940369550099 36.6228086338348 45.3304423801724
3.76034754035022 5.58806510310574 11.9137092007484 26.9269602032972 38.054182622661 47.2361465556743
4.13747113621504 6.0348284135831 12.7768784166159 28.2981059354935 39.3185334371755 48.9309984090467
4.48184233272796 6.43579164140629 13.5527475883834 29.5169277580533 40.4321223288925 50.4318616582288
4.76031986278147 6.75430920723921 14.1706077315287 30.4755647020237 41.298486712639 51.6075312321946
4.96829070562586 6.98903240954149 14.6271243385828 31.176742174008 41.926225351832 52.464738946245
5.0902057002414 7.12598746502969 14.8930261405148 31.5845618008403 42.2912481518666 52.9627259508427
5.15524219974419 7.19936088165059 15.0346923655224 31.8033368335492 42.4887282102405 53.2301222425952
5.20412096186923 7.25511911356443 15.1413415876047 31.9703665846271 42.6419048363468 53.43478855699
5.2133947428596 7.26697530806367 15.1620513864769 32.0075502502601 42.6807845818077 53.4814185559605
5.19337983421414 7.24615145510773 15.1191730115141 31.9477892120017 42.6334191603997 53.4098624528824
5.14253443727243 7.19094745420425 15.0091559571838 31.7860296806675 42.4957441375301 53.2139757161243
5.03588484762354 7.07262370613886 14.7764763354558 31.4355721791166 42.1888391953847 52.7872873001178
4.90878454820486 6.93081668267259 14.4985348607709 31.0144067389451 41.8174669431872 52.273817760325
4.70139053654635 6.69599060799256 14.0404006074441 30.3113911823932 41.1895550215139 51.4136638568631
4.42294365722752 6.37635532298871 13.4189297933231 29.3472799915755 40.319337305825 50.2302403480718
4.08569926828738 5.98204939053908 12.6549732519157 28.1459764550097 39.2215522204879 48.7495204790636
3.70932254794573 5.5318635566587 11.784556016697 26.7572844264386 37.9372224583229 47.0293966240438
3.31320361585789 5.04941319238727 10.8522473145127 25.2543825272203 36.536298302676 45.1608684376049
2.90781583804931 4.53816000759329 9.86534604099699 23.6323120078281 35.002490454955 43.1306166674746
2.50953466882188 4.01559869636013 8.85423857323602 21.9402089109431 33.3844863985207 40.9978774045071
2.12325007792846 3.49237585201106 7.83899492914565 20.2189327989427 31.7266088597559 38.8171318864254
1.7544732603905 2.9757559229791 6.83303832170882 18.4916327960573 30.0521343680498 36.6176687962981
1.41384921056843 2.47609902196674 5.85399319662777 16.7850572235315 28.3871268856559 34.4308514185056
1.11217417795456 2.00679026621355 4.92655744839393 15.1402480021032 26.7721880713519 32.3080820486268
0.845867342861296 1.56794131437326 4.05142181014035 13.5652449304731 25.2191821623168 30.26282053971
0.628398006736428 1.17763275595164 3.26288873260372 12.1177880617015 23.7850461639195 28.3684428591249
0.444402915332999 0.824522969496667 2.54202162381169 10.7768196501608 22.4535769472904 26.6042484105532
0.305174829520152 0.526808364803756 1.92372149050505 9.60508859011928 21.2889595159323 25.0520167959068
0.20058347789571 0.27768918366782 1.39733868074649 8.59287214567352 20.2842783153028 23.7036507315001
0.122700373431518 0.0716851058975812 0.955601892073798 7.73234500601088 19.4312452738606 22.5523603801395
0.0727182111851708 -0.0810914978163557 0.62167633735175 7.07169771679363 18.7784462520585 21.6645295097572
0.0435514450322584 -0.181955462470447 0.397531657698139 6.6200760238568 18.3344227433817 21.0571072350311
0.0262883990946569 -0.245119504947014 0.255333371740221 6.32644989898023 18.0481295200247 20.6641978394714
0.013623668541411 -0.290838888005825 0.151582139762754 6.10686227793729 17.8360743778778 20.3728148383076
0.00735432806176631 -0.307350924745801 0.112101179969302 6.01069224167438 17.7488074508613 20.2523423572358
0.00352258709802145 -0.310191842572358 0.10352389212069 5.97518313977019 17.722169493227 20.2157052522318
0.00274005876099494 -0.296645682752492 0.131117692168898 6.00952859144535 17.7665193054024 20.2762915347149
0.00898500385869803 -0.255378385438988 0.217151263282032 6.15475649823028 17.9255026969659 20.4908470529888
0.0195101849763338 -0.199198639555397 0.334519048407624 6.36108080407287 18.1469596844252 20.7889898286114
