9.37748437123538 11.3677236674814 28.3396768710303 47.935502791089 133.508895219419 209.937628199441
8.87170228777209 10.8550119588472 27.5247587521745 46.7708597918993 132.72462398958 208.445041980198
4.40766448570318 5.79967402938847 19.9044483006705 35.6269632988553 122.220987305758 194.226749453196
3.179497838288 4.06866357084548 17.629722775545 31.9578245845051 117.593715857569 189.541222812076
7.73133829834308 9.88329589100639 25.9333223039283 43.2964477894706 132.401646574715 204.920673863245
11.3423678259653 13.8555514265703 31.554104861773 51.2725920263466 139.615972771562 215.032371933536
0.81629958530081 0.0453428931784073 10.4155889940149 20.741854888484 101.734779057691 173.508273446137
4.67462048982051 5.59571720309169 20.3319776464515 36.8716794502981 119.987942705456 195.604005825062
3.47613200723092 4.54614825493868 18.0885618149248 33.1837667331941 118.835965834121 190.631678395169
0.952170146413768 -0.514061046716771 8.71372480636443 17.3545458276555 96.4762141517672 168.227592217712
11.1558621050883 13.3911934494325 31.1286037106473 51.7326607214474 137.575074878816 214.636575161744
1.42027762755783 -0.733524230592725 8.19640717981169 15.5779733629667 92.3976695816599 165.562725765181
2.27810183428272 2.55722274640825 15.6692559169197 28.7852705081732 112.552776877041 185.568814398978
8.82975439948365 11.2730102236999 27.5931221616555 46.0448245377941 135.418254456029 207.848130798526
1.74430932895206 -0.445298853786684 7.81836694066309 14.1434378509497 92.0089260304729 163.648995045396
4.01429578842161 5.1618808509889 19.1966756348608 34.3928935464926 120.326527048084 192.909453598637
0.87098459957268 -0.523056108307898 10.1874347984684 20.0182308208034 98.2549239282148 172.568631700184
8.86716621436635 11.1275595490563 27.558206609641 45.926141269647 134.13837821427 208.386231599621
0.943096459942123 -0.763233618688282 9.03849507829557 18.1286823410791 95.62302074163 169.069998096569
1.51098206767814 -0.836105551475851 8.2292183679671 15.3059330467468 91.6161177400076 165.06592438245
5.48350237794502 6.69933541055469 22.032402605584 38.4890318757367 123.4903531018 198.311643413837
4.55519649868784 6.0541481524708 19.9247411873956 36.7432750107479 122.812173322873 194.539045120557
1.73374193840813 1.28266645172827 14.1996036472976 26.6576885233537 107.07144497858 182.660998871061
6.75981890910083 8.75810088584687 23.9886251936476 41.5864293618947 129.292654821707 201.959700101429
4.29805093131433 5.32918351622924 19.6061610327105 35.4300714736699 119.934231830476 194.151180404211
4.27666368755722 5.47015771180533 19.7560216174961 35.2107272422466 121.134657407169 193.88369147476
10.6194759694088 13.8232753613619 30.2182380636609 49.3690348193645 141.935708908201 212.217728205164
8.10593320690521 10.152226847433 26.5543659528495 44.120752450476 132.499131934401 206.238537905626
1.13356075766618 0.289208457604847 12.2899105527514 23.4256134571883 103.438791129681 177.86367444774
1.85284088325992 2.24548970611735 14.6041490753776 27.2058712626317 111.981922849859 183.128999342624
3.99040351664188 4.69938577143374 19.0816206369719 34.8846515178394 117.722038964838 193.134673961701
2.12036307752591 2.61784525489309 15.1410147607663 28.1221411868161 113.059803594578 184.596061254694
1.1366578355773 0.191070341936571 12.1673580823935 23.4692427190551 102.56238520212 177.818413263425
2.8999359249839 3.07208638806769 16.9596746314458 31.6038417814835 112.96833434134 188.653353319672
0.817352448924685 -0.258155603190102 9.17055606925144 18.2725315231973 98.9718068947071 169.812929609111
1.59072343592666 1.60786665946769 13.7405003011382 26.5090636947922 109.196602278062 181.521546202132
1.29425703454313 -0.74200669248672 8.30721666047183 15.9723787112226 93.2075261997377 166.025679039606
3.04789053596331 3.32959931959133 17.2505705143734 32.0952697305628 113.858269433043 189.318130424978
5.43963944225647 6.49313600660605 21.9471431683084 38.6743708441785 122.626803131147 198.253420727705
0.937895116806881 -0.238737462936814 8.5450399586593 16.3079523854001 98.0583444928509 167.292317339521
1.87180587290412 -0.138586259871048 7.60235132046251 13.0851537152366 93.0306256884383 162.18915071529
0.834694090559898 -0.251556980076847 10.2630923128287 20.2093478030869 100.003759200183 172.833178485567
1.97576431005496 2.14019269853697 14.7119800964383 27.7510435022701 110.770045512613 183.929294662565
1.18560374608563 1.10548984658518 12.5209047664263 24.3886171267427 107.522783615022 178.585197051198
0.824653515657929 0.00345255390551062 10.692347066364 20.3543989071019 102.063087795158 173.600010688866
2.30589504386559 2.3961180201692 15.5251413104 29.2557392802218 111.13945607598 185.789168963395
2.12931913378304 1.96309130609121 15.1921586919417 28.7148804704854 109.557205895044 184.918758182469
1.26633908938568 1.06448297238968 12.7014315482532 24.5183777052777 107.054129177208 179.182320397481
2.59924162676228 2.99522580817925 16.4358864611541 29.9847436766725 113.936605540356 187.200361629712
1.56321459932748 -0.0919718730075417 7.50494990859689 13.5760538500165 94.935643572527 162.477038619159
1.11581761373697 -0.806324001283595 8.69821540531332 16.9243125511703 94.1710297691681 167.643667867615
0.726669413602049 0.180473248123748 10.1869048024842 20.2667603321457 102.839557296897 172.565578106484
4.62707217907441 6.05726328561722 20.4516346407844 36.0757434008614 123.101173288952 195.03482676713
8.56656603830492 10.317545607739 27.0643209631168 46.3391916735093 131.046494415018 207.748241219669
1.19686933524489 1.03602358240812 12.3143439161891 24.4384738527685 106.714091008729 178.566573890117
0.743789064518009 1.02961394099563 10.3742472742793 21.7287536555788 107.489041366412 173.875806480169
10.0104615138779 12.4881272363328 29.3225650592382 48.947405293263 137.174374512259 211.202742485682
0.854114652404928 -0.433932271001453 10.0916328170532 19.9404704147643 98.7732088558191 172.390177736925
1.37256796007502 0.910770488623754 13.173131174306 24.6967683066095 106.12820992188 180.055224159377
4.29853454432261 5.55213954574148 19.8478936712806 35.0820363731571 121.617740133237 193.94197315121
2.23586989765286 2.63048965362261 15.6134488347181 28.7907665694079 113.062986299168 185.266659283185
1.59575795918509 -0.343947442159632 7.73040196564185 14.1612627315357 93.4479071670309 163.55960304924
0.853986060820184 -0.36835286783001 8.73031639594632 17.5732379953325 97.7681485616964 168.285701636152
0.834107268268572 -0.369365720105624 10.0757987436301 19.9341989812267 99.1918817744646 172.30470965053
8.25005686890899 10.0570330447652 26.6208508915068 44.9874308079183 130.813320884558 206.964572217884
0.861728026205686 -0.297390553921719 8.98692072651843 17.2676058265307 98.5816414425589 168.779250323578
11.6842258762219 14.2559842195746 31.7837547693432 52.4670325138359 139.733916778261 215.893720057454
1.34406266492873 -0.670430552563982 8.4082963332468 15.4011695216242 93.5197094045592 165.923253991479
3.15142033122551 3.73303866913249 17.3581796236284 32.4684479584968 115.415911134997 189.55938928872
6.80314631198974 9.23170820170808 24.2506383778642 40.9210690347624 132.162462614877 201.703108232811
0.776661834604213 -0.294995245846607 9.77655252601028 19.126322378812 99.7635357593052 171.099233431607
0.807659862426005 -0.333178533655237 9.8015884209675 19.5725197881542 99.2619254204261 171.579166252202
1.91121378907722 2.40168009021479 14.5380070751223 27.8146165514599 112.370159137422 183.351732064835
7.05613405599455 9.16470617388623 24.5359405879746 42.3832263083348 130.426008358566 202.728175707002
5.6130081829579 6.66329992080522 22.2097072820455 39.2960685402488 122.79068437621 198.835337830637
1.699031879901 1.87150276218374 14.072809847887 26.8809278166858 110.228058616278 182.243195701884
2.48487466825099 2.50518733924538 16.0975636038274 30.0045427911196 111.544366624903 186.734077818742
0.807345278853306 -0.178261675081298 8.73196951999138 16.9373240851518 99.2871108296512 167.839962228928
0.711348392868771 0.570372748315149 10.3923661305721 20.4685976612145 104.934674410847 173.062759684072
9.40095603408784 12.1018581589203 28.5036580896013 47.2083470626685 137.795526655363 209.168418891466
13.8301736831674 17.1061951536895 34.8983625876013 56.7415918937869 146.610217293223 220.558330861414
1.27418193795255 1.08585620863094 12.5637996691793 24.6554909074904 106.818939680441 179.171536956907
1.14295638984287 -0.438917676060984 8.12345166806972 15.7951179756337 95.4971662711931 165.744651670492
1.04790577843687 0.917356688344002 11.8663864915594 24.0552653929188 106.459220725878 177.331659377462
1.96026681095714 0.257887404080773 7.0186237045498 12.6411575102504 94.2527149579168 160.570506236893
1.19945328002136 -0.782206774847168 8.44664264890009 16.5463924832219 93.5414588979995 166.817208197399
1.17665740463955 1.13342550277271 12.5172564951827 23.9397581809623 107.843218841503 178.48762161398
6.17660867433944 7.98769391341435 23.1201991033678 40.1988685619661 127.619316325551 200.163023342101
2.09505133705664 0.224473445187791 7.28368751057665 12.1291424818776 93.6496939004621 160.695504182555
2.00886122390411 2.77001103639707 14.9009746532712 27.9959296275771 114.25788152698 183.808513066535
1.93423159408488 1.65946108918941 14.6939358853238 27.8135928409204 108.496380291244 183.825970721708
1.09836245423552 -0.393826516080607 8.1817291208874 15.8695487675797 96.0247542882607 166.033175629329
0.816303353230505 -0.0531466926881218 10.435093162568 21.0148665021972 101.216358865033 173.571472842351
1.52187814086741 2.48207607802914 13.4263778314398 26.2715032808179 114.003567045894 180.689923483838
0.954692073995047 -0.755454477374058 9.16507860769654 18.0581364577107 95.7337328957376 169.293150246635
1.94050529862352 1.97347323782956 14.6727003926691 27.7250388894428 110.056207788799 183.775423264065
1.70426660634415 -0.162112102750415 7.37397538805016 13.9016867666068 93.3982410614805 162.400909165265
1.46690491431404 1.50812735300127 13.4690611546236 25.5362560496671 109.121553648767 180.662410512318
1.29263108439532 -0.772463120376177 8.37126507566776 16.0273107350619 93.1727952251522 166.224855398916
0.899752855294329 -0.217636618874191 10.8552192484277 21.0298865081041 100.388881868919 174.316895547686
2.77189426806088 3.46821910256174 16.8286245901484 30.6537878606034 115.800351125211 187.787587827932
0.896912848602746 0.605495702940039 11.5390607601071 22.3840476918719 105.662391586862 175.837823453984
13.5863845885308 16.7152971104978 34.5600754346321 56.1850424265351 145.46817248065 220.193013316992
1.79263832009652 2.14885117686297 14.254555142615 27.0602860090814 111.332095515682 182.778686610879
11.787426285435 14.1039121585191 32.0732003434339 52.9899193714664 138.805150074675 216.32544014993
8.30238944423851 10.1138595240942 26.680537069841 45.3960900569621 130.983692422206 206.96834928709
0.893268610484689 -0.673147418097642 9.43718991254849 18.6540354077567 96.7778646769397 170.225873822891
0.84913959293544 0.372746913818271 11.0046037975538 21.409578698476 104.028351442638 174.726300475722
1.82746469174623 2.27943678013173 14.334571883134 27.3378640169883 111.941587821816 182.914890543518
3.16345442102268 3.70689983634503 17.547510487837 32.0618711419123 115.691785098832 189.686583397015
7.46111015685331 9.36280324777449 25.3130278833703 43.1691182501678 130.130792076648 204.35734829791
0.991066945271819 -0.278004711871953 8.21653241412166 15.9726236740244 97.2528910461229 166.171235774322
1.26408689898979 0.871199542268873 12.7607913180423 24.1544477685542 106.231050634441 179.164401534539
3.70138232556532 4.47365101451178 18.3750447070188 33.7929191126125 117.249718763551 191.989740123123
14.5214350727554 17.7013542566328 36.0284519046372 57.7959684252249 147.248965521889 222.592866202671
7.36606281459537 9.26690022642919 25.1291104499991 43.0997610014874 129.984832541771 203.961296760496
1.50438552367995 -0.644029683090005 8.06404248764694 14.9731588857346 92.5416809188612 164.748549925651
0.755100658486282 -0.208054322894117 9.1336879932317 18.2454151409426 99.5555930576 169.437354681025
16.3146714783981 20.1449139662693 38.6702355299124 60.7294748944743 153.595650745411 226.184341936148
2.65822535986215 3.12200294968877 16.3454617818546 30.4552542620168 113.936639931204 187.316600234613
7.53295575442053 9.16240413722168 25.4361722329902 43.7230916231843 128.899524391744 204.737563207639
4.07970330599765 5.17942166381838 19.2782248269864 34.8199134181457 120.089168795945 193.176159871685
0.858181787055905 -0.595661864314784 9.849654895916 19.5463883172438 97.6620952355612 171.507705330081
8.29300911116454 10.0131481486075 26.6289048209045 45.6917029342173 130.498838694709 206.940801678006
3.40881013560718 4.51908995518373 17.7513350499084 33.5103182042294 118.593940998367 190.202081994646
7.77172172324319 9.7783300205873 25.7928406743424 43.8767886859567 131.130505567847 205.218513078235
2.12144077161232 2.69458585288234 15.0254055547329 28.7411239113869 113.227523625013 184.516950284574
4.76858688324522 6.48156629045106 20.4293330181631 36.7063211572939 124.431359061137 195.221989301472
16.559909214363 20.4535182918431 39.0992145294203 60.9797398143592 154.381155013135 226.726600711484
5.41510113729218 7.19769146242529 21.6373374240166 38.5170541321032 125.862932966365 197.467027775549
5.15299147551267 6.58938446716001 21.4305908563963 37.5595138599432 124.087920278092 196.956629122201
12.8483724276414 15.3906379441941 33.646563024297 54.8384204501141 141.462815924149 219.026579750609
9.16234527818233 11.5138912608109 28.1566486616723 46.5303529330411 135.591771034605 209.061896305244
6.40069831580558 8.09468896352215 23.5047959334373 40.7307996400554 127.407575426958 201.073475725519
1.58401001839936 1.54185905525596 13.6501452088032 25.9934650214543 108.722534018228 181.494464006069
3.94452015056992 4.89390375705341 18.8691558602283 34.6125716149099 118.669211221819 192.819042725607
0.869274241311548 -0.449117008386711 9.07545773960184 17.9845744294006 97.667540874796 169.307806515208
3.59675511411972 4.1387140001867 18.2995184882896 33.8895710906291 116.12896018658 191.551250886222
1.14402413552457 -0.761254692037918 8.72252308561436 16.4099018188583 94.3401219815041 167.177314287936
7.46252273905651 9.57194037971482 25.0121162420805 43.6232557544316 130.936150793648 203.992431476222
3.30774305329956 3.7361816010698 17.7261424134847 32.9663610342313 115.02498199826 190.364929547001
1.05308758915439 0.797290390996608 12.0207165899993 23.2636333832078 106.107309318539 177.375662068374
4.14765997350379 5.32623500228416 19.4486236955861 34.6801507330289 120.60589746221 193.454740390298
3.62713911509535 4.1507997381708 18.4203988776325 33.6716316698925 116.064818594641 191.803040520418
2.60672462931365 2.67318105568872 16.3911189099572 30.4333920650243 112.131040720196 187.348683892272
9.0881067480055 11.0517075517003 27.8902143490658 47.2576013168236 132.934542789837 209.121208825792
0.900277436688604 -0.227830152051217 10.7744060125181 21.4501538282329 100.127374163005 174.426281691327
3.58086174467371 4.1528626893069 18.234914614284 33.8746055859419 116.206908860123 191.450138792753
2.76527041270204 2.84529551009218 16.6712782242316 31.1305151395559 112.226613141949 188.076520879966
0.938338024720706 -0.0737635243623845 11.0583234129838 21.9776129826256 101.021014204747 175.160934630105
2.11351557676811 2.42657766164829 15.1653042844999 28.0407476473654 112.080513786224 184.67277689125
7.23458375263003 9.11168310673463 24.9525694402696 42.7184946732304 129.659931967617 203.617041275966
8.24718992522776 10.6072346698321 26.4931252009581 45.014135218228 133.651259330504 206.22100187516
2.81089775348015 3.45175575813655 16.632627164097 31.2659478931609 115.15887951924 187.972730970397
1.50923912589604 -0.409822263478705 7.71586632777529 14.6820245902049 93.3692019632208 163.799925618661
9.00459410440241 11.7053795185868 27.697895801366 46.4154972035472 136.727841835033 208.104768120258
0.969992975500302 0.496215576861525 11.3078287988666 22.053512976537 104.041897527824 176.016557636625
3.6386067276324 4.48605562500346 18.3640726451941 33.7774647238835 117.841234607338 191.536120424995
4.90150109549999 5.80638628162715 20.7844419958828 37.6271466287049 120.381334665089 196.436328232055
1.241129817054 0.584997522600679 12.7051478433129 24.0346115469271 104.844710839089 178.920832937501
0.955694592480815 -0.633043014683505 8.80380708064634 17.7231702102308 95.943360250415 168.468258577411
7.4888063114806 9.39638228940541 25.356462607838 43.2298726783274 130.202419437759 204.440278891955
4.21108515743587 5.15768669853358 19.472402811949 35.1621195168555 119.351417748593 193.884620410918
0.742998639493786 -0.00145742104911679 9.44531932027414 19.2271300712322 100.93115563024 170.923964738846
3.24171111757362 3.88306376691196 17.7119512840491 32.2852076542487 116.351665115041 189.974948842894
1.00384409785199 0.193978838465724 11.4210800178801 22.7162632693179 102.41248947164 176.250964106367
4.38648393899563 5.19848135440993 19.7975270497279 36.1485898972324 118.891255490209 194.582658440817
8.90579687317383 11.0752707859529 27.751765305536 45.9880968768412 134.173922655457 208.560709124513
5.13869552829885 6.22538573855451 21.1692930071886 37.954913251273 121.688595101453 197.244669486588
5.71869051506217 6.81708802474226 22.2868128637791 39.6565340003039 122.951950177383 199.206982868924
3.77326367887252 4.89168348395406 18.709913518153 33.8399937371946 119.65256725631 191.904969209112
10.6449650292629 12.8322642731492 30.2561803233953 50.7023948284603 136.283360343058 213.348701169319
0.844711272774818 -0.249206104699113 10.3644244664589 20.7380707352531 99.9728629496441 173.291613794387
7.77679483746491 9.44660122259822 26.1082588041226 43.4009085828611 130.037447960545 205.681108116838
5.62377853493717 6.758257995771 22.2981734067238 39.0126582232625 123.437380332645 198.868951307565
0.770549734761998 -0.271570780858531 9.53085952569091 19.2212810893288 99.5123058027328 170.806910113533
6.72452092539411 8.5185579069207 24.0784937412283 41.5623673617062 128.430547035809 202.02365338643
1.01743151737405 -0.788579825279384 8.91162049913986 17.5568776477245 95.0151668711557 168.534260476515
0.723105144886818 -0.0645206116885354 9.94734629735409 19.2689937497173 101.57131993479 171.487588697053
8.64852535734804 11.2982252870502 27.3054014284894 45.5621018444579 136.461641170622 206.998032339151
7.30494402188074 9.05557667590535 25.0769642022421 42.9688637334644 129.152120080387 203.954319519627
0.854797310930177 -0.488590010276126 9.84075736873582 19.1956637256504 98.2858199974102 171.425109571006
2.10505668876752 2.41806750518077 15.2707924211235 28.2828937871757 112.293130158177 184.594309833016
1.34792614147656 -0.144500048964855 7.86415034714753 13.9326796953487 95.9973699868203 163.743564309233
7.31054550478971 8.72028214683686 25.1357295997959 43.3364236699869 127.489345912534 204.19455749786
4.0951528434766 5.4838564856419 19.3720025517088 34.7014076178554 121.741864637791 192.96870090033
2.20842578793063 2.76513354867445 15.2254997446533 29.0894125876648 113.323755707263 185.007295095267
7.36217772747269 8.94395160307412 25.1493971714006 43.3596421714541 128.394297205448 204.228019124149
4.89360080970654 5.85878269351304 20.7427736900191 37.4858934752634 120.633916270119 196.386926246764
4.35483483183211 5.41926088945891 19.8568090553118 35.3872922941786 120.510435632757 194.336955356089
0.916180773164516 -0.720988399258571 9.37755871480035 18.41003703201 96.2735375761275 169.937648991521
7.07449188563951 8.84059192456215 24.6102032351488 42.3719817376752 128.735272950673 203.252024200619
4.03308318256207 5.21454690168199 19.2156476668321 34.7732245399317 120.495105114669 192.862723893098
1.65987992104243 1.84633549313513 13.8898895786134 26.1500189224124 110.17035978427 181.953761116011
1.0312347313156 -0.591579646149808 8.80268306772945 16.9641941698029 95.8398466071534 168.151827006987
1.04756895150894 0.545459294891565 11.6731330607034 23.4007714468872 104.25803595288 177.074123458135
5.07926628109846 6.36907494171487 21.0584302610295 37.5563896781663 122.640825077064 196.897826748463
11.0906773597436 14.1919396161267 31.0718000830414 50.2326095076858 142.227166263416 213.765333979924
4.51293314340282 5.7760475373089 20.2448637547071 35.7130202717611 122.085743380441 194.75201310631
6.91467311491684 8.281316689882 24.4526825704885 42.2011626196281 126.549217868377 203.091368206785
3.50630553218236 4.52210193524912 18.182243911683 33.0350003599724 118.636386078752 190.883980761445
3.58900498459357 4.72615867017021 18.4210452263041 33.1039469296083 119.53438830909 191.169093710535
10.5112979388685 12.6490628955542 30.0948600573472 50.471076638603 135.980467508274 212.966859485701
5.19475763517941 7.17854099029028 21.3874710767353 37.2383952255208 127.017924824773 196.639095633685
1.53528337894136 -0.332202479179217 7.89720866933166 14.1049696330117 94.0073477107328 163.998748111061
5.20234489095024 6.67627630065712 21.2728926555128 37.8873512353872 123.84235031612 197.124445827561
1.57986385827823 -0.246025176122055 7.68712628180945 13.9097894327403 94.0622641364867 163.282544304863
0.885509928681639 -0.622028740580968 9.48165284823321 18.7010028750026 97.1247543379226 170.413878567301
1.7066335087062 -0.477548434111458 7.84370536762877 14.2938516774193 92.0342857497014 163.798535411415
2.03192769051525 2.20881091546877 15.0338170173322 27.8691398255815 111.359663517735 184.260010344936
3.55866812347623 4.10904644227702 18.3145035080594 33.4532634184403 116.329973140357 191.467872012026
3.51728829733475 3.9904233293274 18.2600790268877 33.2442658489621 115.807059872513 191.362397178589
1.72914697967889 -0.412508565202248 7.84335864621013 13.9081334551418 92.4699920266765 163.495600309217
1.06058455915003 1.13317772224296 12.1911829504256 23.5379245213758 108.158779104131 177.569686782798
3.71906358798017 4.78879999167992 18.6799579132268 33.401462037798 119.438914226542 191.811868694517
13.0441620282388 15.6657092031863 34.1823098634078 54.6065451843422 142.719419157456 219.532327769977
0.770600519322487 0.258653290732366 10.4255780325138 20.8432010739893 103.111787401161 173.442016886301
1.54478077995683 1.8104197973311 13.6755123439428 26.3332546740433 110.368590046029 181.191122703104
0.854196913262214 -0.34819751703404 10.3340240877468 20.2400916613389 99.5049534672258 172.878281350951
11.5766137328467 13.8645401098221 31.8601701596913 52.4171073880701 138.653923356722 215.756120997652
0.806807925581043 -0.316800506043963 10.0117926729523 19.4704822804489 99.7289630701519 171.886451175902
1.41927780840074 -0.450457141343724 7.86618371326396 14.8788582564949 93.8356190838634 164.316009774043
12.7674261371978 16.3388380722315 33.2396486099232 54.2466818582086 146.700392051242 217.460596095743
6.97815321273036 8.29653113826713 24.5932001151275 42.5267880017634 126.520545437344 203.219627833713
4.15326955971758 4.88588202209854 19.3431792455342 35.5323029257221 118.056041180815 193.709126758876
15.8999895798068 19.5856220500991 38.1903379094965 59.5833066456704 152.311421132082 225.527088862243
0.753960303884676 -0.0614201416931311 10.1178191671434 19.4709000374944 101.584578107832 172.013309744222
12.8207602248818 15.6737516940012 33.4645800361267 54.4924128841806 142.846660272563 218.700056175024
1.1517452929223 0.888809467241821 12.3281544030727 23.7759334508977 106.361623236667 178.190542177185
0.772092851790022 0.0951486804848046 10.6087292159218 20.3158603512983 102.732733827598 173.290350459486
3.07166164620113 3.91587737901866 17.4193254278723 31.5860820529634 117.150234065489 189.084807087187
4.75377025201348 5.87614865096199 20.7025247336169 36.3669373506018 121.692115672894 195.839655884066
1.67544483200593 0.0147224974367986 7.29591516651243 13.2625451785855 94.6970318126904 161.685755383085
1.0468235597239 -0.66915340874711 8.88934405836398 16.9260887023091 95.4611911216757 168.145557196037
5.50344392586915 6.57344955892151 21.9224184696803 38.7366344710652 122.402469657695 198.552013629074
1.28196093621665 -0.560282621354724 8.12320448270243 15.5840434802495 94.1274441410465 165.543321652545
7.09483507464034 9.08277278981142 24.3823119904589 42.9561356837565 129.696715665991 202.914775336243
13.1472048947806 16.8006951609854 34.0645933819919 54.4288806895119 148.222993252462 218.443750359346
4.55297853202888 5.36200678043328 20.2904749298687 36.2704466346323 119.613951299525 195.242172824209
0.82639054758729 -0.023366715830607 10.6391541131226 20.2350059753894 101.865683857301 173.484053986139
10.6062710151374 13.5104828592062 30.3375077191401 49.4884508918946 140.459865507482 212.551733035575
1.4529940051623 -0.750009334423021 8.18154353718125 15.3266329369768 92.3359926588165 165.17009836506
0.793894788498433 0.0682513946836297 10.1382470254276 19.6227945258786 101.706605151293 172.493580784965
3.56650001992738 4.49772263721853 18.2539701173427 33.4367769845461 118.216088788027 191.160840577437
0.883687677041638 -0.096719095294976 8.3184598596787 16.0512056740402 98.9497920569382 166.395152933094
3.40803405619426 4.00122294933462 17.8733819888466 33.2729083096258 115.992590284208 190.680260190152
1.47445919826061 -0.0935115418918021 7.7105205168482 13.5174161979339 95.5398146189971 163.13196303053
1.12863646878293 0.0133711509712124 7.81423574234639 14.1804367242362 97.8787497655971 163.682056139417
0.883560195753952 -0.00847340381123859 8.13804544499888 15.6489834496322 99.2806627204235 165.608561807303
0.348822779792102 0.304992282342693 7.91809023254314 17.6646242606386 103.666170018891 164.524782597637
-0.000286694794771951 0.641105726700718 7.97887798690184 19.7195698476354 107.487233891318 164.501510409522
0.0499785888174047 0.994115686050947 8.50292398636953 20.9852166703496 109.704156439535 166.760189328443
0.381361214353257 1.2497708401229 9.53855449614591 21.8119809745281 110.159400489351 170.621300404044
0.573942657270028 1.66904398803155 10.3998894393979 23.1136300117288 112.227063432187 172.854971700514
0.653262880957439 2.23767545427551 11.2190718407916 24.9937861701872 115.788236200608 173.973750946481
1.1859097988356 2.46138196089327 12.5939744854275 25.8785156190476 115.168782262938 178.132841330282
1.62006993425129 2.67730948975517 13.7507852161439 26.7411836619743 114.712675152159 181.341065013793
1.61410998168241 3.24667065916501 14.0975402685324 28.520241019194 118.074221335312 180.804051173855
1.81499325577297 3.72686483380664 14.6935003322368 30.2549506464555 120.12482052083 181.503136282853
2.24492865104819 4.37424186758928 15.73353762954 32.0489934924046 122.251217858327 183.403621206746
3.11923957483915 4.98289725448767 17.5196801002148 33.4422009175338 122.486351212157 187.96238506082
4.10109101951899 5.64638155014496 19.4106688831836 34.8544371202636 122.467480406063 192.759922298212
4.79173145450957 6.60268041175861 20.4678513143655 36.9691051483033 125.009103783478 195.131618702703
4.74416653977935 7.62560196144105 20.3651047281276 40.022759912252 130.910493951788 192.689054184581
4.90777982534865 8.84763062324406 20.7387425165509 43.4153388280235 137.178229978758 191.042910179154
5.88537003281731 9.57938689700589 22.3693857715006 44.2774558205368 137.279474012324 195.090280279076
7.22662307112493 10.5645999482484 24.6230267056338 45.1740407537632 137.333663547148 200.656274720748
8.8354411576321 11.6100537863987 27.4091243241891 46.2986564048226 136.860791070601 207.378727700405
10.0025266644344 12.9649410512166 29.328516840946 48.0620382981754 139.694203798527 210.822945918674
11.0536407499382 14.5539578118758 30.8175186467157 50.4217543229708 144.158076817415 212.907255747929
12.0426309598397 16.0177376441167 32.1712355270676 52.8948275669225 148.001821700535 214.715659899855
12.9156897791861 16.6859286688506 33.4360098819887 54.6988107250727 147.976535135651 217.439367250368
13.7121734170502 17.9950897473953 34.5958858495006 57.3522663806639 151.779084709508 218.132347220199
14.4491269935652 19.2354032391789 35.7141998605348 59.7874161038045 155.590840964516 218.625573038753
15.544412949547 20.3713202934199 37.4031357931387 61.4222719905059 157.559630945307 221.490875304524
16.5183055429294 20.6395932284288 38.9556801802052 61.4386090537589 155.449623474497 225.997854331396
16.5304559223015 20.4580370560839 39.104841069744 60.8286462604315 154.533118929198 226.609569018321
15.264081411937 19.5280222427595 37.225195781157 58.9874267846135 154.395980723233 222.575081641113
13.9386827390257 18.2603684735375 35.2029112629396 56.5647739134303 152.821576124401 219.056991852493
12.8337991954504 16.6200603535101 33.5775445940738 53.9163618593831 148.434878968784 217.336820886252
11.5148478983899 14.884828223515 31.6751001389451 51.0973414495626 144.255829428493 214.517623993768
10.5250319903132 13.5093359432572 30.2155126377048 49.2968937456905 140.736462734925 212.223889705958
9.44058464990892 12.5458448521389 28.4389517749925 47.8619046554112 139.53504059161 208.502363439693
8.44305208703996 11.1183976067586 26.7926229525183 45.591668149798 135.590281180333 206.294862446469
7.6137892408682 9.56331627011395 25.5517167365745 43.4813366962004 130.595374801431 204.818971236395
6.78955082191674 8.70466915564747 24.2295961522145 41.8023803649721 129.152350008434 202.0596335603
6.01154714108286 7.96080509686354 22.8490301099065 39.8901304488779 128.038916561834 199.389413521667
5.20426015703876 7.02257262216501 21.507657538575 37.8921334116643 126.084223332803 196.634256007427
4.53787719949147 5.95312546354623 20.2864523595872 35.8230801012706 122.865680529663 194.721868332638
3.94366411899424 5.3590818801897 19.14227310629 34.6812154600608 121.684525117796 192.197880591021
3.03470053167245 5.06184899332302 17.3861805980258 33.9758314098098 123.234816817883 187.179585021571
2.31051606737495 4.6907128778422 15.8551134631128 33.0521370622554 123.7836727512 183.221404759664
1.80012200600786 3.98048103034286 14.6921862179848 31.2522519871542 121.706604755595 180.894517250083
1.67463965807807 2.94447115630531 14.1875782857006 28.6339119912427 116.267345450434 181.303139159739
1.62762449816926 2.13828560655248 13.9069108689462 26.5872643250692 111.769677903868 181.717755317969
1.05833169197372 1.97367557411553 12.7733687514447 25.9320207192384 112.858370980234 177.754997053081
0.708744026907008 1.65644240978107 11.8067709377661 24.7491388341696 112.188140868357 175.158736413205
0.604610216449613 1.19647621042835 11.2345477578189 23.2720756518271 109.756596316291 174.028151528814
0.47835101167767 0.86956304344796 10.5142298736592 21.8029533448292 108.03812106992 172.222992083121
0.579344904698689 0.341270259848922 9.85164789566753 20.1056279820749 104.106567590996 171.198023842764
0.494267326389698 0.132192766855204 8.88807866453724 18.7586386656989 102.429143459821 168.27356984105
0.454837154423951 0.184682232201126 8.69429256940479 18.3788332439068 102.715098386968 167.4516792805
0.426833901440369 0.452249578180107 9.2866894242918 19.1495941016235 104.799522272341 169.008546675575
0.710682053319353 0.551224873075914 10.3384837540728 20.2023288068409 104.755808497041 172.882189106923
0.473764265650048 0.901209059565684 10.27328060259 21.9360005137131 107.995116023948 172.040456659305
0.132807688696732 1.45629005240126 10.0792609404032 23.9725711365482 112.767008248744 170.319710713617
0.410603112668668 1.68566909381576 10.895904280986 24.9276630826564 113.205078597432 172.731290751284
0.870656764961682 1.99067282779855 12.1881392266454 25.8861491395666 113.472575171202 176.312581407833
1.47248381445324 2.25042676566551 13.7853484884427 26.9726910789661 113.125404380337 180.571429359073
2.04169230608962 2.61206901380667 15.2376827867818 28.4560351800915 113.538979862328 184.087909639758
2.5427948741664 3.24740309024571 16.3974404872801 30.070118613828 115.380490295013 186.660983246591
3.05866732683668 3.97859978171957 17.4148565567488 31.5918126251913 117.512145109026 188.964265014752
3.39885576475218 4.89654836540992 18.1598649505688 33.1612243300779 121.144652277929 189.790532303441
4.02636132915721 5.56648601299075 19.2760102316776 34.6561804962395 122.425830175719 192.471772976955
4.48586569490256 6.48536076118012 20.1106423910381 36.4040793570264 125.598285007969 193.593618126155
5.03891911354109 7.49071206746568 21.076587021945 38.2878319003152 128.879705450161 194.960420063406
5.85633519678988 8.41745303065537 22.4521204404753 40.1381881823664 130.771497264313 197.76024836606
6.7142582690047 9.24833077797027 23.9521908761412 41.965559291603 132.044938314884 200.835633518823
7.47914774854672 10.257542837223 25.3305596591563 43.9465787697115 134.694983151654 202.844207539492
8.47919078803527 11.4098699658324 27.0247357047381 45.8975948231083 137.289688665624 205.818081854121
9.37404026893472 12.147888383457 28.4564915205473 47.2075724882476 138.093356443955 208.954068956828
9.38944506465493 12.4713125330455 28.4830818156859 47.5836831559269 139.773649044397 208.386737653377
9.10864443313747 12.3933758254787 28.0103820290209 47.1909562974254 140.420721795153 207.185696171786
8.63421294463388 11.4461427129986 27.2724003540243 45.6747414665153 137.262564026531 206.662645353336
7.68689855833054 10.4069323568109 25.8340325865037 43.6266376178186 135.212315561114 203.831113755021
6.84987787836674 9.31624056848432 24.3355906756752 41.0638336021285 132.438151831461 201.798516978982
5.90527117086343 8.40247408929785 22.643323387863 39.0124731084097 130.939687405289 198.433849351457
5.16264476946722 7.3714555504646 21.3309852256089 37.3040699476147 128.129730433739 196.173392146528
4.4821637028686 6.30777253447134 20.1938083504669 35.793895626137 124.945622608062 193.96231472706
3.923280768233 5.17885979031861 19.1449364966585 34.0251838028006 120.872538661899 192.456945280368
3.32431602282319 4.51724914492653 17.8761488713679 32.5392529462125 119.280312740794 189.920178623636
2.56085539534518 4.22229479888638 16.3547165281016 31.4740677696019 120.283790510743 185.578913397203
1.94139187176883 3.58705183151789 15.0096155909173 29.6372385360158 118.994716463877 182.555075367948
1.94497485662862 2.67688200259943 14.7438711314397 27.6183056826219 113.954968308049 183.499336551282
1.53356688242978 2.26625550734137 13.9644009717301 26.6201859065669 113.111161650402 180.968697356369
1.05158151394674 1.95593559384603 12.8214298835364 25.3490000202594 112.909902200695 177.739691085021
0.936618593790949 1.40373747258299 12.0507111146904 23.6905509758371 110.048923430194 176.762238760282
0.732364741090209 1.01886167639389 11.2358023226268 22.3349670858139 108.396916207479 174.782281683013
0.637647390225876 0.607214044125404 10.7428800355993 21.2738992345347 106.204301394255 173.25348046648
0.705026180299077 0.110808699282116 10.3746567751147 19.967100329431 102.915476135645 172.49207698594
0.607592253050106 0.0359186586411914 9.56987699289675 18.8653042080974 102.358929428897 170.131554629162
0.449330899419475 0.123888343605111 8.79680082529803 18.0611803783299 102.798301815425 167.275865981813
0.694631108396851 -0.0364980866161694 8.51958322526619 16.8601977183 100.431336148406 166.882416854671
0.756762904998429 0.0268660603323531 7.91883493220404 15.9221820508421 99.8680419449199 164.785729994567
0.784869675698623 0.115502810915751 7.33866633929321 15.4362657317998 99.6493180625056 162.349251473021
0.935590234770737 0.226265109001265 6.8854245474189 14.7381967614072 99.1256443414387 160.224133998552
1.47636867481562 0.178923850186988 7.00427780765807 13.4423874228129 96.3655691483795 160.651358232223
1.77629249609928 0.185437930204788 7.1785932716754 12.6859399266643 94.9245552350084 160.586755940239
1.99932494084354 0.304984523017085 7.18988651869815 12.1184248621276 94.4308451529782 160.062822786039
2.05108679020382 0.444615108912199 6.9410291874468 12.0306695719754 94.7980522213625 159.644505373633
1.73286313550488 0.60758213686898 6.38621306382116 12.7192370270243 96.8672263645799 157.937718610356
1.22420600449054 0.679260735967158 5.91726685785291 13.8291777932888 99.4439909398978 155.878678208412
1.19215413973491 0.459799611296757 6.28760593236552 14.0279508436478 98.7283972869663 157.284171377554
1.51704996489475 0.0549381837401855 7.19426433485412 13.5287709096941 95.7236358211003 161.183907755631
