9.07955646037891 13.4126218889912 25.0798220289924 47.5442019385083 146.0266527587 205.391196216076
8.4889850613814 12.7122273697065 24.1536271941428 46.3726909146455 144.534166942339 203.766899479923
4.15695120315051 7.37355617429859 16.8028376718535 36.052930398161 132.109686100228 190.333970287115
2.95368959251544 5.76659747245777 14.3985007940855 32.3413824683817 127.763479584812 185.604303414783
7.46704867820864 11.4907082332557 22.5584372354114 44.1733397739098 141.872402170565 200.916525368042
11.0833866728836 15.7741706458959 28.152214038001 51.6073329547081 150.903052092091 210.629139090044
0.520607099262919 1.78606964901658 7.2986378406197 20.5912292873341 112.876509422267 169.159337631479
4.30996354140751 7.55555451419759 17.0482902877403 36.3875025121307 132.577588230101 190.842033428875
3.25424888480139 6.19492933918023 15.061777992494 33.4771548885614 128.983029662156 186.925026964156
0.665344826129813 1.31219755939631 5.6030423927328 16.9769437979884 108.157878468023 163.835059793935
10.8255631059552 15.4748819733881 27.7722220268548 51.2329753270759 150.302812247486 209.975089246946
1.03877687381189 1.29511763111325 4.81076399468144 15.1205996426114 105.361890680031 160.632908025591
2.05825366157382 4.46283301638479 12.2895690540515 28.4814852942536 123.719801778187 181.236005357861
8.56743838294589 12.8397862501489 24.3628616003803 47.1089387996194 144.841946023349 204.066847459324
1.43325362689644 1.46465217979774 4.50837554176353 13.8802982171611 104.030597986526 159.132077771018
3.80367989986196 6.86956147048423 16.012193906262 34.3907565543287 130.723569767408 188.869891229077
0.490942586931041 1.57853865045524 6.73886406909074 19.5476136994758 111.449900412105 167.557129582813
8.49388814528724 12.7168880923982 24.1561677067959 46.2586404471907 144.522674525257 203.776395722039
0.600948427422619 1.32321534594917 5.74763797633041 17.4355656085853 108.605351334141 164.33576712218
1.12874425172226 1.32041545708367 4.6990302082775 14.8406842921923 104.947840429076 160.153835848568
5.18056774227228 8.66832670367672 18.632716039691 38.6514842935877 135.329444223691 193.824465105218
4.33711824286915 7.59837826577304 17.1260325889027 36.5399760075481 132.701444644455 190.970000900341
1.32492574388511 3.41810612825689 10.5913329805509 26.4004716254112 120.332496858295 177.446820175881
6.52181745431841 10.3396316906375 20.9520917218236 41.9799212169714 139.261183815144 198.079730751273
4.01159661711951 7.13461350124641 16.3884619184577 34.9544176231119 131.413313721515 189.654493823413
3.86724831439063 7.04383074176683 16.2876053570401 36.152539802809 131.324907814469 189.397208800913
10.2828890326561 14.9185570193836 27.0631999214065 51.7825942855825 149.204073751903 208.662501072437
7.81440623167681 11.8929067714356 23.0263220172526 44.5941202375345 142.740474108581 201.861879648088
0.774565324516475 2.42656133116893 8.72645648421077 23.1913414839847 116.301234049351 172.977648877111
1.56434895631383 3.82683975566226 11.342250779169 27.9016451143607 121.837447429904 179.079262094845
3.61870763567382 6.66791002885215 15.7464353745299 34.4036273443359 130.239617686563 188.299652112091
1.87880786692965 4.24458468660958 11.9482899024948 28.4761459365251 123.102161166442 180.505528258214
0.729513635428603 2.3593490057958 8.60731251678503 23.0573417025617 116.014511171369 172.659322976591
2.52844302056094 5.19839513913435 13.5327682121357 31.0934640996731 126.11661293594 183.79326491909
0.523580911863236 1.39291135793884 6.12054948791499 18.3088801919739 109.734894645096 165.613479578151
1.32647489371304 3.41510321555413 10.5909767064279 26.4116524051028 120.317821077541 177.426823213571
0.932505173086604 1.27656641705536 4.94890853897841 15.555916397383 105.922539459168 161.275309222404
2.68766160393517 5.41716280839134 13.8689000215325 31.6458558261335 126.782227700473 184.52923130456
5.1027015972549 8.57606543486639 18.5185498090083 38.4711149849553 135.109550153346 193.590214453483
0.77731919823539 1.36670009296805 5.53334838310683 16.3743129328816 107.873399540767 163.551330182947
1.55691231327436 1.47914665960349 4.31046583206223 13.7403335103144 103.145106082539 158.063448106205
0.51704069122381 1.68082942692455 6.9920506845469 19.8801894291824 112.074022504256 168.263818234646
1.71117511800572 3.98717954490025 11.535186773978 27.6096124433321 122.233538268642 179.566075221492
0.880912979880029 2.71656340247039 9.38222568826272 24.6909214220703 117.724952810657 174.530588945733
0.563478313402769 1.83436230700267 7.35347880932643 20.5113661786526 113.029264620231 169.355012947642
1.93143342604892 4.34511220841418 12.1672980446455 28.9183430508946 123.499504270005 180.936449380174
1.76298759954307 4.09070049898235 11.7452426855406 28.2751903477635 122.673978230283 180.015733012924
1.00822212086669 2.84861205061013 9.52210722225096 24.4249363006821 118.068891673049 174.956627872399
2.30586586987476 4.85518295739225 12.9707759906611 29.8766078673747 125.044661226556 182.655907649922
1.17472777582997 1.22142563932133 4.17397486498675 15.2816876716702 103.323729576852 158.162955155443
0.740666309478211 1.26838436541603 5.31913163511367 16.4308681064698 107.222045572204 162.767056013316
0.449140990690098 1.69006132556285 7.13430650970872 20.7025818932851 112.508800414941 168.713815870951
3.8563239547575 7.19622492219524 16.0303278207522 39.494362301076 131.86386100516 189.533952859722
8.21695860163502 12.3942652197872 23.7309997491528 45.8615181893872 143.864359741901 203.041572080944
0.90048770758789 2.70094062063755 9.30333921336534 24.3532103600492 117.581975522439 174.394758563157
0.590903820112538 2.07287266890059 8.02781094050994 22.2376560373062 114.689913413162 171.166431747992
9.78254837161528 14.2583361172336 26.1953467382389 49.1883241373265 147.795694314736 207.277767529538
0.490976982903033 1.57256820021094 6.7276101143231 19.5312730568521 111.420662224471 167.521800213576
0.985522327325394 2.85331212600926 9.58524473718542 24.7110764235058 118.179282472643 175.052953808123
3.91046612555125 7.10268620753583 16.4368709812739 36.1437126069473 131.491252913682 189.600891748181
1.8462805159735 4.31233694363656 12.1854448013052 29.8651712943887 123.558784565935 180.921745798979
1.31818142936919 1.39666729854412 4.55111955423889 14.2333555633362 104.247059927706 159.360072147718
0.547637412906327 1.2695448899924 5.70799811798721 17.663114770424 108.536200395213 164.247228271009
0.482087627266683 1.57618195750023 6.76559420139179 19.6544661172056 111.506547201632 167.611736473077
7.84328676948869 11.9354830491732 23.1128382590713 44.825003532463 142.829892084025 201.945810231491
0.676036625378796 1.41279553712159 5.89106567649439 17.2354444767485 109.001176544011 164.828667875024
11.2973910512652 16.0285576400881 28.4755559135306 52.137246804834 151.402049122222 211.157076826455
0.975576293237116 1.29563417867106 4.9356528371686 15.3450810895536 105.83404599063 161.181573063671
2.86447098625402 5.65581612960052 14.2234473470858 32.1635509975125 127.455725595849 185.261583576446
6.31080045675276 10.2089784471434 20.6314560230606 44.0902541898995 139.066587906705 197.620826346803
0.47314621540302 1.49436352434639 6.53039874571136 19.2434833038421 110.845523401305 166.864711070387
0.505124794987738 1.54278881740494 6.61474600412386 19.2545957417247 111.111269176009 167.174677462168
1.6721747828519 3.96088091444323 11.5315667122352 27.9573721682315 122.235065507602 179.539339781359
6.84698423028175 10.7563653863995 21.5554518951035 43.0360390013943 140.242238836694 199.123424580889
5.26492462884649 8.77265885141474 18.7845204059381 38.8474165182173 135.573117389579 194.099738113279
1.42215849789506 3.58969995999593 10.9021261058459 27.0027294663353 120.966531420977 178.136073748183
2.13054273251142 4.63524224215963 12.6411304331759 29.6301374062441 124.409141717806 181.933241414886
0.435497376370883 1.15874200555231 5.55796507511652 18.1268791389688 108.168551673545 163.76619791836
0.250346475957444 1.6661447766857 7.23491513062307 22.9143309008965 113.236541265759 169.369767064752
9.25501427435853 13.6881069156006 25.4840280579087 49.2667319009283 146.657980932336 205.95560213805
13.6249550297159 18.741951605504 31.9607916389397 56.9263757085057 156.760028723681 216.878627074527
0.982329044416912 2.81392046905614 9.46623986611304 24.469567974949 117.973121443399 174.836404590139
0.864812197637383 1.25909466779872 5.03475459968247 15.8178626849821 106.25461724081 161.655730399647
0.812840424871144 2.55240264807944 9.02672193199615 23.9183494738842 116.94360044714 173.683482172043
1.7848692349691 1.58701520396289 4.16390084768075 13.3727552730788 102.308569846988 157.083141643082
0.835977759549351 1.27107960199198 5.1324739557464 15.9391106535119 106.538835255712 161.985233150328
0.955120370928654 2.76222568955613 9.3545269508994 24.1938322317195 117.707633660142 174.552197766724
5.66427734623454 9.3657401387263 19.7020790499126 41.4370656078484 137.144162612555 195.672660576172
1.86537319798075 1.6222862592317 4.12887043554562 13.2676325535114 102.128639754374 156.865771076039
1.56584943343299 3.94776623330667 11.6064424644843 29.476025132573 122.476793007903 179.685661739258
1.54961772527828 3.7724488558143 11.2016520017568 27.4494627269025 121.608757045302 178.845579269229
0.83880387044895 1.26335494060412 5.09839110328625 15.9400112403481 106.507476674754 161.946928339099
0.503572713220292 1.77645317567164 7.30659570024628 20.6916566929767 112.892548428138 169.165256380349
1.26874550014882 3.48498829006444 10.8238260583453 28.1047978922275 120.894562958905 177.963470329332
0.594014195161458 1.32400954098821 5.77128123257781 17.5334324530955 108.711794080441 164.460317810106
1.60564894198189 3.86189409634623 11.3746523216405 27.7278993846175 121.93066567696 179.197507762889
1.4624665735808 1.44850837050688 4.40834783761179 13.9216989172276 103.599806425098 158.598701825899
1.19378872113906 3.2134810375091 10.247938220521 25.8905791321299 119.613666462366 176.641508621798
0.924995034384328 1.28152771983927 4.98253065238495 15.5675813926729 106.022239462712 161.395875903028
0.530821630595062 1.81976016972234 7.38508054684906 20.8110370601466 113.106547406201 169.415008700722
2.331632809476 5.06112430709564 13.3861516826873 32.3012758831069 125.931961287047 183.478676540696
0.641790041731718 2.22449603385692 8.37013025960982 22.8188742967354 115.460700890021 172.024741190122
13.3300535722089 18.395349562174 31.5151069968675 56.2776279406544 156.086401052229 216.160077848822
1.41193000437749 3.62821316660732 11.0300789377381 27.6773182079668 121.228335312572 178.388838266614
11.4163031251077 16.169874681343 28.6709386670876 52.4905929679008 151.706092390225 211.475282479916
8.05228223599471 12.1839195911699 23.4610064975301 45.1945972805518 143.377010629071 202.544694749047
0.532487127840539 1.3782314924128 6.06573106373251 18.184067212262 109.552233002129 165.410732141031
0.594880750401178 2.02009807022474 7.85899182181178 21.7003837777649 114.252790486703 170.692461711512
1.5106063075572 3.75540354544377 11.2128598520686 27.8200471963435 121.627692942511 178.835140147089
2.85167486718358 5.61802165058141 14.1296886871133 31.8529108204254 127.306571089598 185.120946765994
7.14297907709744 11.0718174634603 21.8152233609499 43.4733857088419 140.882965849414 199.875555934897
0.747228173473157 1.24003327062658 5.20072865850889 16.3342306235549 106.846169345723 162.33168663311
0.968166528474538 2.7879317786945 9.43232572503866 24.2731075152232 117.839003696247 174.702879159657
3.34338829873014 6.30505697835659 15.2078379146036 33.5642591019864 129.268177182378 187.248949274412
14.1262015616335 19.3134610870996 32.6716281773575 57.7342020704792 157.84829813684 218.048471283569
7.06217666825697 10.9944561295308 21.8496868571082 43.2156153714802 140.764907840647 199.713110281012
1.15469635288072 1.33553064355124 4.68965295070819 14.7415817547471 104.867057866647 160.069604627574
0.491970166376345 1.38124247591235 6.14278711553885 18.4429271249884 109.765129013846 165.644945302191
16.1430796476383 21.6213802818145 35.5696450788705 61.5661604090085 162.225699987007 222.724475054241
2.36947730685922 4.96703814477397 13.1563882281495 30.4227333952362 125.42345837319 183.049706650527
7.23269161071175 11.1963946754827 22.1128779358567 43.5630271770275 141.206637515296 200.186785996547
3.8237566721561 6.92790199745298 16.0950880577509 34.8202893914019 130.896491199953 189.024636106907
0.496456409477281 1.48907249639832 6.46622407143239 18.9929874848503 110.694168590088 166.697815017289
7.96293248186753 12.0806249387607 23.3014373465273 45.1878615588533 143.162659041396 202.297653317322
3.18554487151232 6.08418906952085 14.8890774274391 33.2311995914934 128.67503076646 186.588847583213
7.31458128935449 11.3572270056616 22.2436776415742 44.9358274779558 141.594562282025 200.49184710391
1.88811081610211 4.29152753340968 12.0866044637412 28.8519171368517 123.334252612165 180.74912612642
4.32594533221687 7.72950861993885 17.0218040984496 39.5347522705575 133.166875196228 191.155364414131
16.4026159564689 21.9876544157982 36.0477007245244 63.5148648656813 162.920965410817 223.33417738728
5.22024211289738 8.73112351379229 18.7379537342491 39.0263203062815 135.507155193739 194.002288878095
4.91331541562062 8.33975592697193 18.2282147694628 37.9123723414328 134.525774307933 192.98560678751
12.4414507398373 17.3632825420775 30.1986801889984 54.5054200854736 154.075176897624 214.013481824501
8.81860245469628 13.0991880719918 24.6605731774812 46.8878253883899 145.344112991009 204.656280312148
6.24872243777327 9.94826141746234 20.3590063974867 40.4700881609085 138.31116827731 197.124794686808
1.27975693351171 3.31544912568702 10.3926876018048 25.8764958247251 119.926642107926 177.014893661294
3.63454968505246 6.68654912510405 15.7807235241237 34.4525429879737 130.284626315584 188.354311794123
0.580178482835423 1.36341883170288 5.91988517088406 17.7226853918809 109.141842989712 164.956232224762
3.24224054078758 6.16425855760665 15.0050959384817 33.3092470657471 128.877452208167 186.820007121187
0.770858437447974 1.2666810386321 5.23911905863713 16.2633352163771 106.931602272718 162.429289429153
7.22624032760899 11.1810804189249 22.1149875428969 43.4112721856216 141.177817768071 200.174458317866
2.96063753759275 5.77707108272509 14.4178355714381 32.4369619963188 127.799184967412 185.637556914169
0.761349015860289 2.45802017909919 8.83726239444564 23.5572721632241 116.529467931115 173.222197744162
3.84891698838568 6.97055379113563 16.2086728536958 35.1209505043139 131.059731218529 189.194036461199
3.24023578620022 6.16323594387761 15.0021921216677 33.333912672063 128.890968737584 186.831023095603
2.23141960698676 4.7790823536808 12.8645695273814 30.0931479637929 124.869809302159 182.428087139044
8.77836606601603 13.0644607919115 24.6164634327917 47.0160043560474 145.280985460504 204.578126955656
0.532207441230692 1.83988446754604 7.42087596960805 20.8756798727248 113.199528717404 169.515811348847
3.24445284877247 6.16482873498333 14.9992309678072 33.3031602363976 128.886487703398 186.823302317675
2.39814425952972 5.01143729225058 13.2184294676991 30.5763596617871 125.55101233296 183.185616744833
0.563101696797608 1.94839434989985 7.71861227696947 21.4315343254902 113.922312859797 170.323267195585
1.83466615384037 4.19126615322995 11.9042157487576 28.3720670281149 122.9624846898 180.351452998932
6.59542279878041 10.5443745737286 21.2896343790014 44.2900836936507 139.899668904767 198.576112011718
7.87198658795786 12.0210227818817 23.2554543985508 45.7904595862144 143.070051928921 202.145651968511
2.52866886811808 5.20007373070705 13.5334744908639 31.0852805164386 126.12600776578 183.803963044781
1.22042968110063 1.35483967942915 4.6206136658541 14.538672148861 104.55066810524 159.702016558284
8.6098856509826 12.98160045613 24.2880630017485 49.4052940472857 145.16230553169 204.163159341546
0.638623691556065 2.14546418693714 8.14661323022505 22.1590597875054 114.928354667691 171.452457448109
3.36041516156813 6.320519448912 15.2317409735743 33.6900698476928 129.320008569868 187.29555116087
4.54301021293483 7.86625993355896 17.494918776781 37.0083339655963 133.34326658105 191.677883029871
0.875074726534467 2.64081541274481 9.15987660022551 24.0235893501726 117.262742679398 174.046020324694
0.630356644149066 1.30315304026473 5.63612682228892 17.1808834335011 108.23631595448 163.922355004885
7.08904517359935 11.0635309638053 21.916410246612 43.7631170238753 140.939303361271 199.80992928447
3.77710004915546 6.90025467514414 16.1245164257074 35.2788385313979 130.923051250415 188.987912235797
0.487622566784881 1.52371586376026 6.57902240975635 19.2116517912951 110.9976698862 167.041975228756
2.86848161597078 5.68279664959931 14.3170769907287 32.4205486673579 127.571828917888 185.378203340501
0.640895029271055 2.14843261526568 8.16141264056645 22.2279830374541 114.954926015941 171.479163221731
4.02558487161317 7.19753311376586 16.5201976346438 35.587957756732 131.631336337419 189.817635853068
8.54457641926432 12.7642596498286 24.199244808116 46.1749037322142 144.626506005021 203.893104435276
4.77777762374583 8.14389947017236 17.873356625531 37.4679680390047 134.038290507841 192.438849986789
5.34326659888174 8.87181410458263 18.9067706611433 39.0396808643234 135.820732774534 194.364649676235
3.5013537328849 6.51662120078044 15.5394519491028 34.2634645613941 129.872481759741 187.886042765473
10.2727800489748 14.8270729710281 26.931313022346 50.1753621375349 148.998766380968 208.571979941774
0.504734525422838 1.71335843393961 7.1229154538851 20.2495815029904 112.398320796276 168.62319216137
7.36381233226381 11.3576541420078 22.3390889044537 43.8253311942926 141.569949681709 200.582836603762
5.309676986285 8.82644810953781 18.8459341218343 38.9156179043342 135.714735077915 194.250845042929
0.469648149886181 1.47358298654799 6.46750249780335 19.1023899176657 110.693125558402 166.691266644491
6.37955398567327 10.185256204223 20.7537290798304 42.0963543761977 138.952539496994 197.718190651218
0.650927242929427 1.28385126226455 5.54664997227844 17.006271800032 107.976647364887 163.633783725649
0.247836651908244 1.37079643161088 6.57052708763041 20.5942921769979 111.08512904481 167.00171672169
8.4638245549829 12.7328143815625 24.2163452425138 47.2712711108263 144.626355629119 203.799899061233
7.09713432774564 11.0143883971718 21.8759052457313 42.7709720749438 140.778546260308 199.767667921669
0.494544764946777 1.49111778575148 6.47311214582911 18.9744396840648 110.699741430493 166.715171386504
1.69817748785459 4.10205512328943 11.8680904817026 29.3472558957229 122.909527659392 180.203748714353
0.984920047537637 1.19415987160741 4.5358273780965 15.5596603644336 104.58734062919 159.676965096376
6.95084865659959 10.8572250959035 21.6663522415439 42.9866240598634 140.445855125195 199.361083115926
3.73953374298747 6.9223281066087 16.1982728894538 36.3732463844954 131.088503585743 189.111888372938
1.96342718300422 4.39550872760775 12.2513737683504 29.1104565619002 123.673693200118 181.11753897122
7.05272547294384 10.9854165648921 21.8447238478853 43.1397296829089 140.738591163688 199.676605901106
4.53155152515061 7.84217459069501 17.4481093836385 36.9668568106476 133.288718031324 191.616280063168
4.10578607075993 7.26862654385905 16.6231825865753 35.3387323134417 131.78969735847 190.029306846026
0.540427706969229 1.35772347160399 5.97578417880415 17.9702729191391 109.292510985277 165.125443846669
6.76952227442267 10.6268333478325 21.3356908739253 42.3075200049723 139.909817324301 198.796844472286
3.69544751917841 6.79414931449437 16.0181447229231 35.1501932730532 130.652193457817 188.729125903959
1.35603985829851 3.45448818164291 10.6454730507003 26.4414779756161 120.4376665229 177.563101533975
0.684650943040327 1.29484704602218 5.51430314417957 16.8368417952071 107.862084912823 163.503003927412
0.745308859783756 2.36453227263363 8.60830212577227 22.9348097780581 116.003466430705 172.650537669115
4.7434882072753 8.11768305992359 17.8530942914698 37.4513367908133 133.971941921972 192.363829963479
10.7046565460802 15.3937226194405 27.6844565241656 51.9923792962054 150.155270025581 209.736204298003
4.28901224645705 7.51482497191031 16.9735792659566 36.0262249306528 132.441379360767 190.715127346774
6.48936934261256 10.29679197378 20.8861737714156 41.8787643811498 139.172194360895 197.988695048096
3.21645767765524 6.14841800771804 14.9819868200393 33.5538196287405 128.86310171891 186.778815162249
2.85599986247038 5.86709008830107 14.6818498136446 35.5404636505774 128.431273118984 186.050227235316
10.1643714618212 14.7109379287504 26.7838280925073 49.963856027387 148.717810706216 208.263949054862
4.92419992309359 8.37931595800751 18.2693462560929 38.4710556427022 134.663261882093 193.081917699616
1.27418953902999 1.40178235451142 4.66680191624877 14.2979682826694 104.654170380089 159.845055615057
4.92387005809293 8.34249465764337 18.1649207120997 37.9655715505258 134.525836577908 192.954635021015
1.32348140444535 1.40033113459388 4.53544912070372 14.2626440175987 104.196841167367 159.289549470832
0.539379953570432 1.4038499824885 6.13148320217882 18.2245394863534 109.734721497985 165.6273616281
1.28642268853302 1.35497274491901 4.4987552950171 14.3973820439184 104.019834901327 159.065586712621
1.75977419787894 4.05339311936609 11.6479958208739 27.7686964443351 122.465268969039 179.8262527275
3.18071353964952 6.08600736523616 14.8856437469248 33.1312568772178 128.659420367036 186.581113879008
3.13136975398834 6.00558187981067 14.7519813173042 32.8885566872433 128.427734085439 186.328119412671
1.40280616398694 1.43152522287166 4.490207875728 14.0022648217239 103.95844572123 159.024550854348
0.718709224342368 2.4890310841842 9.00046417875803 24.4959181660348 116.90757090016 173.58782405902
3.58363583353218 6.55061613753743 15.5165568154893 33.1718533716945 129.791338542079 187.919568826016
12.6507464281099 17.605557733716 30.5069788538084 54.833399489811 154.555884682777 214.531278681155
0.525420156636569 1.83384207743689 7.44932710698758 20.9024623300232 113.233099726628 169.558412214258
1.28647683463909 3.41155995258981 10.648122100204 26.8712010105153 120.420064467842 177.510757896339
0.499662967698705 1.65492076808454 6.96084567612144 19.9597838262767 112.006064258211 168.175963144321
11.2308408303998 15.9568227987828 28.4012358771088 52.1767612144046 151.287425953373 211.020001436318
0.540467039431027 1.61356680306311 6.75864566241881 19.3060866332593 111.46090703332 167.593414075497
1.10933126275386 1.3058016260198 4.68315201437335 14.9425881233205 104.912848694802 160.108430161473
12.6082368091511 17.6031737334631 30.5359588909749 55.7687116846078 154.561840977662 214.460178888149
6.6385583984483 10.4706540758739 21.132238263271 42.1622409049828 139.570673198244 198.424259964858
3.80534733842157 6.90520174606792 16.0963472451556 34.9126747124882 130.874335860032 188.992986086475
15.5370623719997 20.9326580688093 34.7173280376033 60.4363852122736 160.930770536936 221.337794638362
0.571061706709213 1.68013124779968 6.86920203227474 19.5446170310165 111.82280775322 168.023110674023
12.4515770643527 17.368646144279 30.1896556156785 54.3644726986784 154.066820996216 214.009919079973
0.878380059973966 2.63285261865374 9.12011190286633 23.8416603472487 117.176705567417 173.959776129264
0.411201132859274 1.69808091505769 7.24642364883986 21.1451318198823 112.763279337664 168.985917506704
2.73072923947525 5.54258978215924 14.084182653288 32.7535307555445 127.229708598892 184.948164635944
4.50306747327813 7.79646368427857 17.4075579807702 36.5387896776897 133.152116296803 191.503912195997
1.45479999855636 1.40403392800886 4.25684354992903 14.1699096294523 103.065166213704 157.94020848983
0.693797407023175 1.29531316247442 5.48251771832503 16.8009084361094 107.762268019608 163.37554055104
5.1296615227479 8.5963702316029 18.5229841288906 38.4722138283736 135.147888031008 193.629986100672
0.973999443011442 1.29266813989407 4.92458381640034 15.3610214033723 105.804888150265 161.153951062049
6.82891409240571 10.7100097084294 21.4415783991166 42.8038646425209 140.124765994292 199.000164146251
12.9737347650405 18.002795917833 31.0435524066875 56.0138026313829 155.351821119312 215.347384580004
4.24285562891213 7.47085108339096 16.9248665254605 36.0799657563389 132.324980692455 190.574291276357
0.529346817825796 1.78609751047555 7.31469264899206 20.5198331648939 112.868683589485 169.135807554974
10.2175558485346 14.7985073951119 26.9151970275894 50.8156700701975 148.929776378397 208.437494630711
1.07631756133753 1.30050105902023 4.73146918293436 15.0106252225938 105.120351686303 160.349709849232
0.493704594315412 1.64237642315793 6.93906280967929 19.928609025529 111.964055213761 168.134595444675
3.29558550156476 6.23956311801285 15.1257355713114 33.4522379096579 129.101203722385 187.062748318497
0.465814499135745 1.06427964518258 5.17931132856658 17.762905334877 107.065257161863 162.471612648141
3.08948566529244 5.95792972162615 14.6874570343814 32.903439508136 128.307301586973 186.185277516602
-17.8854709152981 -5.71139546746343 18.3550386016412 62.7412506391447 103.554276094466 123.568939272098
-20.9998060214185 -6.67565168197684 21.8459656379099 68.2479056435233 103.959229463375 121.645405659888
-19.274434274977 -6.14657117058813 19.8635211728636 65.9646418429095 106.092681340961 125.833631881306
-22.7235399581727 -7.06607964404011 24.1960950193733 72.5751147471327 106.757121788481 123.78046133052
-23.7553418000609 -7.1843931973284 25.9632325717389 75.5178409814 108.330107205413 124.744217874256
-23.5484016264997 -6.85513172644645 26.5276471320819 76.7071913315981 110.297098898651 127.087047868183
-23.0186792353166 -6.3955013021088 26.8199525892937 77.4897047481117 112.34253441964 129.729745666801
-22.7271452238627 -5.95218972037379 27.5616890416103 78.8572983805697 114.401439599628 132.124974732998
-23.6838857526574 -5.81858523020151 29.944180650274 82.6097137939627 116.355863305721 133.276519290243
-19.7209096278392 -4.22629632412155 26.5870635886317 77.9861380299646 119.273253144354 139.670603487404
-18.6005129474029 -3.56003332149344 26.2964835571426 77.6869741819032 120.899079457401 142.190628067784
-22.5547725448017 -4.41634034088309 31.8755487536612 85.8217303035535 121.061530283059 138.705908951714
-21.6629991693751 -3.74782721463197 32.0689994220752 86.1847305386927 122.782908126965 141.063370353131
-21.435957941181 -3.15568029450553 33.4053733444355 88.2212131011143 124.716756722104 142.966046816756
-20.3352455426628 -2.16139410311721 34.1583929772323 89.4222991270904 127.284507068458 146.178848648989
-18.9469966677511 -1.08423438929378 34.5691632721328 90.0890825169062 129.772637487722 149.519410908613
-7.02958314032785 3.33310141097614 23.6059353807601 72.2692526593886 135.489521763089 166.181226929475
-18.9813370618496 0.0835784160155751 38.1945122766679 95.5233902398001 133.487101149735 152.468165708187
-18.4124036891614 0.981097169942258 39.7812989845632 97.6175025008263 135.708237942458 154.770092252147
-17.4744334310594 1.93600277935251 40.7593570496727 98.9567973058601 137.747251506615 157.143173680405
-16.8576343096482 3.01480741748023 42.7613370968881 101.936639859288 140.305223699028 159.517002377166
-4.16694761238839 7.9690429108465 31.7967227300508 84.3241361398886 146.625606798689 176.932352853636
-10.2208189894425 6.96169152673563 41.1017245970707 99.0745364727266 147.067140047895 170.741114976841
-7.85235499542518 8.74042038860118 41.6431477509878 99.6190734778081 150.310848734836 175.240445401107
-12.0101928139086 8.46818014734436 49.4199017060413 110.815801563774 151.489846040846 171.83271039878
-7.58977919733147 10.5064932781774 46.4958351070254 106.408370548019 154.324088771747 177.999229209863
-9.93393331706163 10.7085468964687 51.9841402910197 114.108247926543 155.73293965191 176.536815246799
-8.96340710397634 11.8103015803579 53.3507819382263 115.864139445641 157.812535569141 178.777192832164
-8.27082985595634 12.8353611040574 55.0558445176244 118.126009674452 159.794108740168 180.640707129773
-4.47277853816117 14.5318878400609 52.3692284962418 114.153411868996 162.118915908264 185.862661689927
-2.98884624195538 14.9576941316278 50.5940390382408 111.612752672241 162.551101842383 187.661848206839
-8.96878577258814 11.9978406183079 53.9334246637715 116.684228972326 158.213294786584 178.986484072539
-9.40739969740298 10.8433145679227 51.3063828928082 113.110574553866 155.794186206421 177.083273719177
-10.1137325891804 9.58680745261077 48.9118041257436 109.959579748555 153.23799741166 174.782313286151
-9.65555109018135 8.46646631956941 44.5333652746281 103.836579692294 150.41898443143 173.460815225324
-9.21071565576586 7.64964948172404 41.1095991571352 99.0399412435866 148.234150034751 172.457624513085
-14.5607623936133 5.24701086415865 44.8484873417136 104.585132172046 144.767952967707 164.845697501614
-12.7365339898909 4.83265519518827 39.8032806325296 97.3591196336094 142.83838910187 165.327966111982
-5.59217340922269 6.18152751838212 29.2504147026502 81.0338237274674 142.594165364077 172.475912810078
-12.078147885128 3.30447994687264 33.7735686605172 88.7811331878541 138.711966706248 163.236121918103
-15.0877977697254 1.71389368877219 35.1143569555838 91.0099104675065 135.89771378997 158.078045761951
-16.5185017402861 0.619935393203238 34.768724230371 90.2169901437002 133.483752650286 154.920375010231
-4.25161302887969 3.68789445890329 19.0563340067216 64.5712034162817 134.725078093051 168.720571157225
-18.1984594479748 -1.1293704187055 32.873630860586 87.6993400898277 129.234115445234 149.825998301186
-20.6014434512248 -2.32258525408045 34.2175093932439 89.5019036543106 126.946190330157 145.64660626406
-21.2427232749817 -2.99842859534332 33.4852294281107 88.350266242167 125.108954296276 143.481736728436
-21.9585921497073 -3.75283632500635 32.6667998731178 87.0510604460443 122.966694317197 140.936662974272
-21.2639341961697 -4.10711615827064 30.1438439734149 83.2941310396908 121.050015069761 139.84382625682
-19.8921502273235 -4.18636407756698 27.0576232504317 78.7384053615224 119.5754325972 139.766850620557
-22.908993123784 -5.37352378330743 29.6940654952727 82.3560570612793 117.503860527329 135.07533242543
-22.9350496912639 -5.76905711328202 28.5442813600733 80.5283776305195 115.835433501423 133.466109308086
-23.0069664526601 -6.08418555255333 27.7368626155045 79.1450764061659 114.2791982777 131.815308230906
-23.4815669574634 -6.48678731446767 27.5008643644252 78.5140370458863 112.537386820084 129.547997589991
-21.8890026908735 -6.3377959304353 24.6629590166602 74.0669362453293 110.834936956215 129.081128804014
-23.241949622868 -7.02154320569454 25.3924453274207 74.7199928734819 108.462417520512 125.30227547157
-23.0476317268836 -6.9928993259114 25.0819430018833 74.1781396037108 108.200277745199 125.165490491455
-23.9493570782221 -7.09757996885254 26.6145365669475 76.7529972108935 109.383742489574 125.722778299631
-14.9063931959289 -4.06873045825106 17.1818539285814 62.9501282066109 113.974131666854 138.804620821548
-21.2058277916125 -5.79343397081082 24.9099459493044 74.7317241468029 113.288228572063 132.384747368204
-23.7204282832084 -6.29265751400604 28.5804220636781 80.3343009312335 114.035777629884 130.913471891522
-22.976467695161 -5.78463259806893 28.5850730387924 80.5353860255041 115.68673896061 133.244081517063
-22.5705519646869 -5.27693455284873 29.2866936772946 81.7778667961259 117.587725651055 135.463276732912
-21.93666851562 -4.64835485034533 29.8837927660629 82.8749653473101 119.681387547108 138.030243428667
-18.9845078543679 -3.29933846367526 27.8753723298816 80.2307761254191 122.489815195715 143.365712559928
-17.3687832165242 -2.28431480037234 27.6330281755945 79.9089525656745 124.779674799666 146.86680122833
-15.6164697906362 -1.18249063744546 27.376459671167 79.5258644677521 127.176465262811 150.554917736225
-20.4840845974263 -2.16930477212117 34.4400692288143 89.8534726572033 127.358654100091 146.088944438093
-15.8653847368707 -0.183328179855807 30.9351507317182 84.8683477128023 130.672187505346 153.234049248996
-18.7603541346518 -0.484533020871621 36.0138982824398 92.2187729519505 131.53272193661 151.123289367197
-18.7114346633124 0.207173444924861 38.0330491086186 95.0758918405146 133.482168576038 152.671060806659
-17.6439862797724 1.26840386488444 39.0643050263303 96.5501509335837 135.878797601516 155.506578454918
-16.5225780135166 2.32599826844237 39.9735240181094 97.824434057239 138.167085902604 158.273978410713
-16.0622832498705 3.22723037694526 41.7786849920729 100.361239642184 140.373723176412 160.345094183448
-14.7429869137484 4.49640388081447 42.9254957681231 101.939009074506 143.025961990954 163.5064885122
-11.1079989082885 6.41906775347852 41.2655779386775 99.4816897283018 146.150307128272 169.206538271565
-12.591205879477 6.0151605948791 43.1125960995658 102.082211414346 145.814130542573 167.523819240386
-14.4227550680393 5.24461103242531 44.5527270490455 104.201425753728 144.781100868688 165.04102597789
-12.4067661792586 5.28746405607468 40.4987910676839 98.4363135912727 143.889946332965 166.375169730845
-16.267949954538 3.26969264694235 42.325372573682 101.210336274826 140.541040745789 160.196481118548
-7.04673566721014 5.14674773640837 29.0840501255391 81.0055172491993 140.722616142354 169.780762616604
-16.9491246742878 1.25009176653727 37.5673443159576 94.4165701091025 135.523942700318 155.968611664409
-17.4626246835142 0.406492530682982 36.0465602145168 92.2621573918938 133.314752024773 153.710028875544
-18.9453929773395 -0.705796815406544 35.7207180864533 91.7852200409296 130.942943742972 150.456655259472
-15.6215074781353 -0.426620941934151 29.6932204943844 82.9899407856193 129.695804266012 152.673130806995
-13.8736248213344 -0.624210584749546 25.4730040005662 76.8578361958544 128.122083334533 153.198655398452
-21.8207361313732 -3.44095798305943 33.3233920491459 88.210425980045 124.3144774475 142.379416637558
-21.1000923384894 -3.84718581030243 30.5954738078337 84.1262197734713 122.347836785525 141.37165528655
-17.2249509518418 -2.98934945522022 25.1925304586995 76.1008835079228 121.881183743637 144.359382397677
-21.9086957796471 -4.7206978594581 29.6042827862778 82.4280951091809 119.259019705096 137.614218901926
-22.9949914264103 -5.46121316075428 29.6067267000101 82.2002047600777 117.253539435558 134.780908681809
-21.6409524361722 -5.46186484878823 26.7969978542877 77.9693947560903 115.690710474716 134.421995612749
-22.1698710949644 -5.97409462617664 26.3354423239935 77.0778822592388 113.827493359193 132.097789869211
-22.6148460136955 -6.32636960020829 26.1911047245836 76.6123383291168 112.328856891738 130.111422874991
-21.4308718547468 -6.1483884129164 24.2908022881082 73.5340663319494 111.096269346696 129.704479274761
-20.0545262181929 -6.12135396681709 21.5236722249733 69.3804259456807 109.721403610989 129.606831301362
-23.9161678581996 -7.43142779234753 25.5412398875948 74.8181126439625 107.319949402096 123.581486255592
-20.8691727948627 -6.54944793137656 21.9277173646055 69.2727454013978 106.915568800868 125.524812581087
-22.5335872194537 -7.11157379332664 23.676658651588 71.3754776706177 105.077666443665 121.860601591286
-22.8521420126881 -7.19326449969921 24.1058423869824 71.5744298465391 103.893157717951 120.027610224735
-22.9830625580421 -7.25105023679489 24.2158291287703 71.3116810826959 102.542153502131 118.163214973529
-20.6626728587222 -6.5195275135111 21.6509830195916 67.1777620712353 101.801435307921 118.959990149593
-21.0273206032028 -6.60312332028288 22.1611002472449 67.6627681445775 101.046226958336 117.628267419165
-21.0132614712123 -6.54546238401216 22.316535731835 67.6614704636202 100.53533635216 116.876418535793
-20.6273069168372 -6.41133389844765 21.9295412404871 66.9852532337654 100.306919840215 116.849266995851
-21.3252833149847 -6.65183147622746 22.6420419942089 68.0566518845388 100.226987986984 116.243728084765
-22.4228013194613 -7.0372476721211 23.7377002534449 69.8076772583352 100.420126499601 115.730384606554
-22.7882294908325 -7.17986800471042 24.0481804786245 70.4880458599767 100.821860473429 116.009029651263
-17.7166041139689 -5.66143859406785 18.1752354516863 62.1182442373254 102.662866450512 122.547775571024
