0.451411735578088 2.34932506203288 6.14531694335241 11.86145629851 15.6838492814443 17.5946501248297
0.0673038349641582 1.77182699931902 5.18206767624211 10.3013158900308 13.7062691286025 15.4087452519368
0.145276433114333 -1.4192542870277 -4.5476986630531 -9.23118773335641 -12.3514463506067 -13.9114759180523
0.225021324005448 -1.10088278229514 -3.75192181544709 -7.72819799065512 -10.3779662572794 -11.7032026102013
0.491580843614236 -1.75501115292814 -6.24959892320572 -12.9831638669205 -17.4693000944515 -19.7126360891052
0.541984038132676 2.65370606382808 6.87545061295816 13.2169079645738 17.4551905962183 19.5739680421321
0.377674678578125 -0.292847126289056 -1.63321802759464 -3.65010726742312 -4.98648182184808 -5.65362035896065
0.417796168422993 -1.34243795754696 -4.86353143784251 -10.1483976504246 -13.6712093025948 -15.432971937143
0.356805794146027 1.32089240969895 3.25012844231083 6.14801382841011 8.07713487788486 9.04286466061757
0.468478476992957 0.280677953858464 -0.095247602549684 -0.636830729457504 -0.986292579092073 -1.16157142315351
0.385295181096018 2.36855430130836 6.33521593922763 12.2939969694245 16.2709718463094 18.2603475804922
0.363166630371422 0.204397395849205 -0.111690521052517 -0.590441528014721 -0.91737032250654 -1.08036755851264
0.49180536812562 -0.661194263490006 -2.96901418758808 -6.43716836464841 -8.75302805691546 -9.91076525842629
-0.0512332880954187 -2.13032220747359 -6.28796853869562 -12.5386917120508 -16.7125371428631 -18.7994467442349
0.205666268796806 -0.00815527397829458 -0.435710357188457 -1.06438710887448 -1.4739311042713 -1.67882190274796
-0.0122959669054966 -1.50521932016371 -4.4910717342962 -8.98065729489159 -11.9792262751014 -13.478421839974
0.400998958928574 0.635589988560256 1.10507949397909 1.81242531810179 2.280397992544 2.51520824104614
0.182991952635846 1.8063260675812 5.05237662628659 9.92583728067101 13.1809176785393 14.8086840184096
0.225451283691989 0.292160393943332 0.425391406014731 0.631802623975633 0.776844271692709 0.849558560362981
0.23921391346717 -0.055403581668009 -0.64564660452404 -1.51909312017573 -2.10113228561966 -2.39300859661455
0.287800463064422 1.80837188720424 4.84781202775336 9.43904518170392 12.5246264302842 14.0666945643395
-0.0342693324406169 1.12276399552315 3.43780588138403 6.91508441231398 9.23821410765863 10.4000715369705
0.196006867367419 0.859203319852665 2.1869155205189 4.17912798782324 5.50268957316684 6.16438629165934
0.175907235259379 -1.67838582805766 -5.39029380275347 -10.9451568312505 -14.6382894242712 -16.4854450337749
0.169446064415667 1.27091246988292 3.47656121199495 6.78057670350007 8.97386224733641 10.0708517740032
0.565144924155159 2.0069944951998 4.88938901115621 9.20056689072536 12.0717562836226 13.5069631038963
0.03628932767573 1.80392673236136 5.33831351275451 10.6331045900145 14.1722771216123 15.9423877655395
0.0418614413144716 -2.21092053867212 -6.71636435304489 -13.4851664962714 -17.9942176878922 -20.2490846984723
0.389960720993457 -0.686558978160219 -2.83972377750709 -6.0696313330297 -8.22762869206988 -9.30642529939926
0.505206141314957 -0.927403846757286 -3.79291851401554 -8.07886626932593 -10.9280705363543 -12.3531733623397
0.322598247354103 -1.31751036295088 -4.59830147506967 -9.52111281584563 -12.8108651715172 -14.4559577719327
0.498285197354607 -0.972198661741624 -3.9120524703977 -8.31983171315468 -11.2541378814111 -12.7203391374285
0.275436234629241 -0.72681394391804 -2.73050583082208 -5.74317408836944 -7.75797093954494 -8.76464661292358
0.214428991121266 1.19008802222508 3.14135289801002 6.07317084689834 8.03700831426438 9.01878466320149
0.207994898693556 0.398186861323762 0.777383218878612 1.34736147952317 1.73244121536546 1.9245675010685
0.354602946042768 1.17485566564938 2.81582152256714 5.28880418850286 6.9359672491391 7.76007075407076
0.216563079711521 0.171189877783579 0.0819477876989494 -0.0403806075158412 -0.124237906973816 -0.166749009301379
0.151855324304138 -1.4026305594957 -4.5111775562114 -9.19120999603964 -12.3238398715012 -13.8903006643156
0.496335361246717 -1.47981159526185 -5.43181885363347 -11.3629810802391 -15.3202933964711 -17.2993343155985
0.173976409723123 0.328406326994442 0.635973248280557 1.11270207119764 1.44007171482554 1.60360867032684
0.130866945011366 -0.136386569209628 -0.66991625119899 -1.47104710823326 -2.00816311419827 -2.27607075351944
0.21019712298668 0.509064409515809 1.10691362287673 1.99874343670806 2.58765441959001 2.88218421284997
0.30146429157852 1.25701162974062 3.1683248959589 6.04350322758386 7.96000392455599 8.91858894832497
0.286358055093494 0.994816804540969 2.41077640376024 4.56695397143514 6.01040111186079 6.73107514432695
0.229173883448616 -0.701750688897707 -2.56342347586433 -5.35055054203295 -7.20981591552123 -8.14017027699429
0.32717056526206 1.09036028147836 2.6161890443676 4.90051103785097 6.41879114794116 7.17808785302588
0.40401550774188 1.26686099472963 2.99086835083076 5.59155733153788 7.32857190629621 8.1958517407595
0.216278854940723 0.924511706995994 2.33969966705519 4.46265686540209 5.87339669216505 6.57767497371376
0.296881259736216 -0.923279721477197 -3.36384216075375 -7.04377614715979 -9.50555667730838 -10.7363203045042
0.0538871977409993 0.097845919644101 0.185589762509119 0.320013628466265 0.399961456056657 0.439312104990158
0.0432160473073426 -0.450755102123789 -1.43730995023069 -2.91657461678951 -3.91272126186977 -4.41131625492458
0.295305544803791 0.743299754808294 1.6386297033871 2.99729729650428 3.91347525507061 4.37128296870621
0.308045532645615 1.86857645327898 4.98993299314767 9.64036922370225 12.7176648032237 14.2556544686619
0.284850309353696 2.06970795404686 5.6396716064598 10.9861249283275 14.5487627321631 16.3306349402584
0.454475176244369 -0.488065567132535 -2.37207478213085 -5.20397146665701 -7.09230426958986 -8.03543574369263
0.0320072801406852 0.393250372460721 1.117858113277 2.1983816397952 2.9170402281567 3.27689910790031
0.198210258270299 2.23949482947767 6.32328200748519 12.4488871041146 16.5172794830358 18.5516976585757
0.432186249276088 -0.206497590721604 -1.48408746526365 -3.40588949061028 -4.68020530121269 -5.31644484557991
0.307303512171407 0.792289006383977 1.76152723589623 3.21692668579688 4.1902003074277 4.67604073485147
0.32832896340571 -1.55834217067995 -5.33138822165942 -10.9913397114445 -14.7676477008466 -16.6561334516042
0.229038019766307 -0.906251336233564 -3.17727552555353 -6.57983319222415 -8.84944972614229 -9.98418498132915
0.197296947374136 -0.15957655103071 -0.872195633564386 -1.93706762454722 -2.64258149365319 -2.99394928692432
0.118731686496127 -0.0628544849876053 -0.424990998303641 -0.985921692659944 -1.37682738249374 -1.57264059820426
0.272470912484072 0.532360522772117 1.05245611325825 1.81655631165479 2.32219076074815 2.57536989485507
0.583686907323164 2.18948533830567 5.39965707592431 10.2361381323255 13.4716202641871 15.0892712259832
0.276711707880866 -0.372237506914687 -1.66992680723114 -3.61504366621582 -4.91595748124027 -5.56673628792478
0.463577381083451 2.3797396826261 6.21114308046904 11.9678983100027 15.8230326345375 17.7511471362683
0.115604680605135 0.12712381028068 0.151431800617599 0.18502199351827 0.214779117645238 0.23020507186312
0.280829815029189 1.35365495434269 3.4997140380834 6.7262233873122 8.88366618595376 9.96257439895749
0.0920063068981502 -2.10988654232002 -6.51484990794605 -13.1256764241755 -17.5316627297761 -19.7350151638185
0.469311267608043 -0.312268270086021 -1.87553616809324 -4.22628449130599 -5.80345444566097 -6.59218357785121
0.194500290665733 0.439457486394873 0.930969902383856 1.66047927792828 2.14088526017895 2.38114979460094
0.141057575075295 1.14976006620727 3.16668947970187 6.18365369609029 8.18423643040675 9.18477706238304
0.0425079341181792 -1.85214348400926 -5.64221994524136 -11.3410025828219 -15.1539110530107 -17.0602993441331
0.216252638572428 -1.72691845079686 -5.61399079184481 -11.4546882426608 -15.3506422046525 -17.2992984953658
0.594270197089941 1.49141362145096 3.28529667666709 5.9650895706324 7.74010535234049 8.62813885353718
0.323372075647465 -1.10557604082944 -3.96320190328823 -8.24932637935725 -11.1028485589865 -12.5294071838049
0.106608518801113 -0.542891984258248 -1.84356796148881 -3.79919977555817 -5.10817238180554 -5.76268449894179
0.243227325564072 -0.313207476281526 -1.42795148440765 -3.11011292315116 -4.23536801516993 -4.7983054164086
0.227978879718652 -1.92628489806411 -6.23614234758838 -12.6850253640913 -16.9736804208944 -19.1183962416076
0.158624533699783 2.22205660755607 6.3484973575335 12.5399810212519 16.6759648131032 18.7440368681826
0.248103605623193 -0.709178346357797 -2.62448564622928 -5.50884249192752 -7.4313519707069 -8.39206471323029
0.135866097635051 -0.327966366310874 -1.2539241662434 -2.64163393900359 -3.55769792801968 -4.01551855730432
0.530399432667163 -0.393925259704682 -2.24208941147136 -5.02323925031615 -6.88213976990351 -7.81215542965673
0.327156935691786 0.179491546776785 -0.115903679080455 -0.563798547197772 -0.864072340495141 -1.01503144284288
0.243465801475088 0.160434592503754 -0.00574032652507115 -0.239853626535201 -0.388456967552605 -0.462651007885945
0.278184428625338 -0.930243773828585 -3.34870626013367 -6.96917169131494 -9.37465076549 -10.5773549125894
0.282433926755256 1.99568404032218 5.42351401330863 10.5552143575174 13.9611500481159 15.6642669539832
0.249172393004827 0.0398107535212132 -0.378007983533314 -0.975033351037533 -1.35575337929497 -1.54660107975435
0.33938735502775 -1.14680846538051 -4.12031950599233 -8.55728904457009 -11.5107241561417 -12.9877809117455
0.362468412409988 1.10903279275565 2.60167744316309 4.82685058773836 6.3112710833649 7.05356383882213
0.285928001868567 -0.213596333740156 -1.21248173213851 -2.70827916929586 -3.69958163098376 -4.19519087442007
-0.0204366904011106 -0.719736799114698 -2.11813861203775 -4.20473784960185 -5.591281759857 -6.28541866201694
0.32848037443784 0.900380266600148 2.04301565942392 3.75833177422651 4.90490214696845 5.4776373166284
0.267659772170302 0.368149929984376 0.567925461789982 0.86443674411016 1.06300518456089 1.16230799651417
0.339019217761577 1.24682866072778 3.06263906829159 5.78699304792299 7.60179603343607 8.50982501571757
0.361420577800998 0.215882335614686 -0.0771087663529463 -0.530041091407508 -0.84600521551822 -1.00395854756599
0.190518364929402 -1.10127847411939 -3.68464253463281 -7.55387871256032 -10.1266570822738 -11.4128843775053
0.390546501266417 -0.0194041668708117 -0.839567152482046 -2.07869536261202 -2.91634150672186 -3.33556400986265
0.258230629380674 0.579293588542985 1.22191515607838 2.19994691108759 2.86446980177107 3.19703173609047
0.322849246171644 -0.903302329587618 -3.35460093409672 -7.0429082162671 -9.51657707983872 -10.7533412692933
0.415626793276187 -0.659656025139975 -2.80926087894071 -6.03925162279491 -8.20456266484521 -9.28691839066399
0.326727584542583 2.37960435895018 6.48652295558243 12.6494093935931 16.7517111025197 18.8033581920081
0.0841963200902565 1.06884844845056 3.03815304824182 5.98164899562429 7.93842093309057 8.91693346741621
-0.0460185366545532 1.94869384590499 5.93744852206869 11.9030079225989 15.8723108258667 17.8567864808392
0.134215454198345 1.98278278942152 5.68023633669832 11.2415719718339 14.9544460343531 16.8104640306498
0.330673584233351 -0.226322933465501 -1.34085856391722 -2.99527696444831 -4.09682695433871 -4.64843125404693
0.191027747516872 0.706191748333705 1.73685390092169 3.28496148684161 4.32218333443887 4.84109988202966
0.273626610456672 1.27120566980667 3.26655488258696 6.25337408521529 8.24198837399039 9.23652972708828
0.25815427283056 -1.16532187855785 -4.0139100007926 -8.29617153848754 -11.1519880977596 -12.5796365462476
0.36594322296107 2.25836700853842 6.04512493879857 11.7281286449719 15.5083905563846 17.398220185123
0.19993180895172 -0.321371725896603 -1.36264550468722 -2.932736582223 -3.99168410296253 -4.52161745246475
0.350526827388393 -0.844242045658047 -3.23390872313933 -6.81419160409228 -9.19533987104298 -10.3859480988676
0.304161728513461 1.45112576207874 3.74351689027674 7.1715778244646 9.4649874010335 10.6122337182353
0.382299563215853 2.50284156520245 6.74428083890664 13.1119251299259 17.3566763871687 19.4792638672395
0.331155373607311 -1.6438894593324 -5.59503958681925 -11.5269987240019 -15.4744431676063 -17.4481454860385
0.224367809737047 -0.140235241477594 -0.869659201305785 -1.96617292406022 -2.6948547204966 -3.05868530344998
0.303547681303583 -0.147716001948488 -1.04932802312917 -2.38071330321079 -3.26618914837614 -3.70898201463985
0.0386525467970768 2.31664699545733 6.8711980027188 13.6863273941885 18.2252623933956 20.4951862478933
0.552200708183014 -1.01583883203565 -4.15246035404525 -8.84972043044228 -11.9722160387175 -13.5336036275126
0.403055882858315 2.15886887299227 5.66968181595105 10.9381607461788 14.4570574253092 16.2171035468002
0.274210238232333 1.64783521436019 4.39575426865937 8.51905810072824 11.2656421601104 12.6388282196529
0.24808339476337 -0.432436515244054 -1.79479329981172 -3.81992384433387 -5.16535400140073 -5.83880690272584
0.435565743301279 2.18337206141362 5.67934754221378 10.8902512138606 14.3440511293312 16.0712726889709
0.119368890440229 1.30192266825167 3.66777363335511 7.2107276033732 9.56862331487449 10.7474673226008
-0.0594045924169924 1.86609357973255 5.71673210143995 11.4878114640456 15.3338191311875 17.2570405891474
0.0987172761724715 0.820815892125375 2.2646015989702 4.42695615580972 5.87025263816537 6.59244729493579
0.310326707025161 1.46355197278624 3.76883657900243 7.22713883796975 9.53790447141306 10.6927956343592
0.377487561593477 2.67189191387493 7.26124196062472 14.155017942673 18.7490397945988 21.0459439406206
0.219471979601769 -1.5108641392941 -4.97248934628767 -10.1740378792841 -13.6406773360367 -15.3734758186927
0.3731805043845 1.92409757251418 5.02416574807988 9.6704667820285 12.7585966892181 14.3024743805507
0.350634819719089 2.38993794818877 6.46739537086588 12.5751832327079 16.6549463188945 18.6957354108307
0.324869554476028 -1.8260663511786 -6.13057230036586 -12.5719381625974 -16.8562409429339 -18.9989438248051
0.24922789294329 1.95735519470202 5.37385430068454 10.5098249298085 13.9326424193516 15.6439370618835
0.311620041493349 -0.716993409235954 -2.77345103763164 -5.84671905566988 -7.8938353573441 -8.9170404283981
0.341068283061311 1.59216136781267 4.09408496164603 7.84347869092977 10.3434577582685 11.5918148035281
-0.000952032876665428 -0.43272465769278 -1.29525248103309 -2.59151090904218 -3.4640696191038 -3.90058156539355
0.111934456422826 -1.50500340505713 -4.73825098943474 -9.62080422376732 -12.9021260821412 -14.5424734319464
0.286062320732128 0.348012454994099 0.471886820859279 0.644423543397774 0.751192295515959 0.804724809893537
0.308945583206766 1.81178081636259 4.81840639836786 9.34123805731796 12.3594540277664 13.8685298730927
0.230232605999643 -1.38502437629416 -4.61590635455892 -9.45394315318557 -12.6709570421943 -14.2793691965668
0.390538487600638 1.04731145549757 2.36141298384187 4.32318772755045 5.62080902690026 6.26920967910844
0.0203879114456985 1.08096290435511 3.20128532427139 6.37846019655268 8.50591425729029 9.57043853921227
0.369444138639351 1.42940456731164 3.54892971953589 6.69723292123036 8.78531752272325 9.8301365842566
0.244304909421697 -1.16408912358027 -3.9819977276773 -8.20836741165255 -11.0234265731517 -12.4310480327979
0.273383722607647 2.16811598586228 5.95808107127795 11.6335965655755 15.407789122898 17.2945442485343
0.256359914710766 -0.545974022991082 -2.15186167279332 -4.56450076134177 -6.17592981659099 -6.98105807036529
0.0354540510829383 -1.61460004450519 -4.91598044181602 -9.8758362008549 -13.1856838985438 -14.8406192301678
0.18878678202089 1.15151065583904 3.07638954314662 5.98245666404369 7.93460302165889 8.91059463938148
0.0849537149943385 -0.772673637335538 -2.48657799750735 -5.07137123925481 -6.80508684285696 -7.67070352477127
0.156076086157611 -1.31434245253591 -4.25499891118869 -8.65521608180881 -11.5836203415338 -13.047965540442
0.274548521432965 2.13042764067564 5.8434180755281 11.4146119876362 15.1312077030448 16.9896060938909
0.232205301320344 2.19515754499714 6.11970814331926 11.9958648493361 15.9122388266996 17.8706882778432
0.236900954562605 1.09124381789879 2.79863682333232 5.37561110015158 7.09818223208604 7.95902417685521
0.292359889587312 0.226175513736018 0.0927144107227351 -0.0876366879152025 -0.19792562029856 -0.253217210969732
0.276742981529742 1.93565452278018 5.25288545904905 10.2351095889289 13.5468618114108 15.2020397304181
0.314070686224466 0.650747391500928 1.32451837206756 2.34221592051435 3.01909963036419 3.3572115933281
0.487082614075653 -1.26161799947652 -4.76131813707895 -10.0069637659457 -13.4881411662296 -15.228988417294
0.334577051369834 -1.48837986814553 -5.13542549750141 -10.572785223082 -14.1828773293242 -15.9878049378681
0.333174819739147 -0.802337753599154 -3.0737613042032 -6.48672183077184 -8.7664941773894 -9.90702042007089
0.266962531426767 0.267727697326134 0.268675113888173 0.265203061322711 0.264945464923348 0.264637900574008
0.323334583275334 2.22390619122163 6.02355607183833 11.7035835985507 15.4807166697085 17.3685501500401
0.221182424451343 1.3056257864482 3.47403633182122 6.73749531009006 8.921244928096 10.0130674285666
0.0974568540531744 0.324845258624938 0.779418152419582 1.46731119423055 1.92607807505925 2.15554648491473
0.542701212336742 -0.870761861141124 -3.69657163502626 -7.94004204850819 -10.7719931932383 -12.1878724338162
0.228584161316291 -0.657460623369653 -2.42990355158933 -5.09609657309653 -6.88073050288717 -7.77341529396024
0.352844682975615 -1.36755902663768 -4.80824586236664 -9.98791434257552 -13.4402865971549 -15.165777672321
0.227061735515332 -1.87449967437037 -6.07703102977094 -12.3754991541123 -16.5611969942215 -18.6534381090083
0.443165960683808 -1.34020830720348 -4.90660519421549 -10.2562427062087 -13.8276134724137 -15.6139335895998
0.174218041220091 -1.72827411691016 -5.53331336366916 -11.2433495412007 -15.037921818955 -16.9350081555315
0.408344464702858 1.42278155957239 3.45140318773526 6.48263269971954 8.49913622582539 9.50699912933808
0.273426735973698 2.162386531903 5.94133472341066 11.5992997999899 15.3543459314291 17.2319558590141
0.101584239381194 -0.604752270605698 -2.01733079490306 -4.14132727118807 -5.56479486792886 -6.27646082286031
0.160668661891403 -2.04050923840683 -6.44075925042884 -13.0264965027885 -17.4112735404621 -19.6030313371915
0.199887596258607 -1.79462301238922 -5.78411403871845 -11.7718077507712 -15.7621094885301 -17.7574554297859
0.289984094517806 0.481439410524999 0.863861396778547 1.43730765311608 1.82214834383674 2.01449074081678
0.111018820867453 1.87759369374356 5.41163531655933 10.7113032561321 14.2395696577184 16.0030731296144
0.181761346605333 -0.270971618859751 -1.17762378187724 -2.54294414231131 -3.44745148877387 -3.89946853707926
0.434225913031961 -0.398272749397977 -2.06330665947286 -4.56054578632498 -6.2267939545601 -7.0601955978847
0.35189581327628 -1.95237395226749 -6.56147620971085 -13.4754218963618 -18.086114598383 -20.3920332328394
0.220482460754193 2.03169425584626 5.65266527163262 11.0784931942898 14.7032410884176 16.515316202277
0.277976747151471 -0.473226806741754 -1.97508381630545 -4.22091057815145 -5.71888424559713 -6.46795878572373
0.284638221427125 -0.816665184125954 -3.01938570991541 -6.32490831611367 -8.53684524578349 -9.64316921239858
0.36127992171514 0.459915840315622 0.657177693574075 0.944446540324915 1.13133252609993 1.22483192656783
0.366622134142624 1.96429438301572 5.15928749308118 9.94284006012226 13.1309842520946 14.7253173486196
0.113573628808002 -1.37566695166769 -4.35424894414222 -8.82738670867035 -11.8116663733202 -13.3038810087988
0.579127034682917 1.3222966616094 2.80983508868921 5.04530057438117 6.54344831308268 7.29284391430134
0.022441015228382 1.75284629346216 5.21371848607118 10.3945221689961 13.8470920054577 15.5731252489125
0.303141059249281 -1.49442742693158 -5.08803548037292 -10.487057733028 -14.0840773141602 -15.8816029043792
0.347756435126119 1.75493451989578 4.57019457944811 8.79431154974222 11.6007607396804 13.0037826804978
0.28142134457388 -0.352339279461464 -1.62082881554629 -3.53127203940095 -4.80763278327452 -5.44530681317974
0.339550111815358 -1.60653260385007 -5.50031329057485 -11.3040289913982 -15.1558059460731 -17.0821615764808
-0.0530692006207256 1.34154739960679 4.13213084379502 8.31592348820587 11.097926720148 12.4891396998918
0.213212094547009 0.778776009935806 1.91107455591985 3.61450871162998 4.7631430926296 5.33785252375911
0.125576004724895 -0.43770811642264 -1.56277657649314 -3.25858076808084 -4.39451511473353 -4.96231160886716
0.405215695037287 -0.491637736723643 -2.28475654046741 -4.99557001218952 -6.80233965897688 -7.70484592492583
0.212254815338203 -1.50243987151116 -4.93151293321515 -10.0949618482293 -13.542827697523 -15.2665515682547
0.174240649151287 2.39878188748862 6.84782335860017 13.5220983044061 17.9618794550218 20.1813435885429
0.0724399125137343 -1.8567206180763 -5.71444729482177 -11.4844412544282 -15.3302538449207 -17.2530953648939
0.32550330806828 -1.65200531931684 -5.60699216522518 -11.5346320292451 -15.4887438878641 -17.4658528067124
0.272393979095292 -1.49925772223988 -5.04053692717521 -10.3468329990335 -13.8855572958846 -15.6547916288463
0.301755125263878 -1.45474036309064 -4.96763369897536 -10.2583282657793 -13.7907101699442 -15.5567884633246
0.312845317077616 2.24208785359436 6.10129696510613 11.872934003514 15.7117747089473 17.6316710500235
0.0849043545141211 -1.92441042643455 -5.94335923958967 -11.9860968950808 -16.0201723100776 -18.0371220888083
0.0839976391996358 0.109334280233283 0.159899444249382 0.221107630068372 0.25474115459733 0.272389088379972
0.271944512866197 -1.43945138082533 -4.86171749626132 -10.0020356727738 -13.4356825625009 -15.152843743549
0.539169593043296 0.560734912686995 0.604567044419605 0.66260656662698 0.696041571733741 0.71311725778894
0.308105599486976 -0.237952852100526 -1.32974013850592 -2.96925202898389 -4.07002829819636 -4.62034365351555
0.205530864827279 0.00520768968175008 -0.396662467025138 -1.00996336822089 -1.43374419747055 -1.6459461553275
0.445028387983034 -0.667836082019205 -2.89451172189235 -6.22890105634981 -8.44599117086348 -9.5545426636712
0.342493420684071 -1.19243469175612 -4.2630710838246 -8.84071814151522 -11.8870990150559 -13.4100198932574
0.394869310968207 1.38461558870979 3.36427305035033 6.32024311495787 8.29115510982067 9.27697291820945
0.203820931389024 -0.104542093511394 -0.722008960299839 -1.66937812834075 -2.30981832978233 -2.62975581326679
0.0651958699370284 -1.10122921074485 -3.43536766255703 -6.94330792326139 -9.27117349437304 -10.4350880488633
0.708154326457839 -1.09217534847394 -4.69192300282325 -10.0929699954134 -13.7038867785965 -15.5094481537972
0.380569081506526 2.54342671950688 6.86824212939906 13.3278164496881 17.6297669992259 19.7813329105885
0.365718723314149 -0.292026709076406 -1.60777325001815 -3.59169412369536 -4.90910114521785 -5.56752526183365
0.230754316938333 -0.781631936950038 -2.80669130860198 -5.84675292250199 -7.86971821012076 -8.88110942234694
0.272988393605423 -0.55831211525152 -2.22104844484997 -4.71141742001141 -6.37544380438109 -7.20717835179692
0.256686122496861 2.28535237462961 6.34179122198795 12.4344237090918 16.5053758815478 18.5404348900122
0.387015219522536 -0.428247758956102 -2.05867318503082 -4.50293106078707 -6.13398194573699 -6.95002732510629
0.156830388244651 -0.221493386615182 -0.979652679070986 -2.11589427230735 -2.87272126746729 -3.25126830910604
-0.0851949540215756 1.89212108613969 5.84721787349087 11.7848278432132 15.7354334748562 17.7100263247875
0.088329148193678 1.68246291089139 4.86985306911731 9.64086901254258 12.8200023860194 14.4099194350223
0.401716219998177 -1.34930853431091 -4.8517372795143 -10.1024869302049 -13.6038924527354 -15.3549989369647
0.337513320998753 2.60121190890419 7.12915925809326 13.920104458526 18.4572362302438 20.7269605290805
0.250468056457992 -0.60864724664025 -2.32763270165902 -4.90234434449056 -6.61335002795829 -7.4691018876811
0.486153425972311 2.47120475553857 6.44071188599249 12.3955759513143 16.3652546783038 18.3499888130269
0.141383479943276 0.80988849964676 2.14687593395195 4.15836823269511 5.49019401195133 6.15533310977689
0.0345439959483133 -0.908506308843835 -2.79275710545285 -5.60927558503421 -7.48268485919509 -8.41932844251189
0.397533124612232 -0.88751314962401 -3.4561950623632 -7.32219072932636 -9.905767512645 -11.1972737094693
0.145266894214087 1.62132553528588 4.573627878541 9.00537298645922 11.9541792567015 13.4285601835732
0.0858111379321604 -0.20666556364094 -0.791054116377669 -1.67181753675753 -2.26196941879828 -2.55731195578181
0.320040466494987 0.391567347017874 0.533546202430484 0.759143386852979 0.916837326394691 0.995560497321796
0.174377898806131 1.59467908044507 4.43583848257559 8.69636197516262 11.5361189282899 12.9562271388983
0.570323687029827 0.157381717506836 -0.669214548186176 -1.93391733672952 -2.78406859342839 -3.20913662428572
0.273376587082059 1.75070480002355 4.70743556791121 9.1365408627681 12.083608099807 13.5579574308963
0.254743294459674 2.51203310307443 7.02812010643209 13.8285522679044 18.3678697298193 20.6376774317822
0.355516503878468 -1.53159764289339 -5.30518379812856 -10.9609858358996 -14.7297659283386 -16.6146145413804
0.461299438520017 -0.458902574814506 -2.29939630068408 -5.05176098356423 -6.88410307147242 -7.79983313273072
0.237844235780745 2.41087581796752 6.75811411827345 13.2938965893532 17.662106352898 19.8460880973509
0.3728428748644 -0.000272381487250607 -0.746247282510949 -1.84874748474911 -2.57602429049018 -2.93993069773126
0.342034286182556 -0.205921002926953 -1.30129407627511 -2.94525415075408 -4.04397738799889 -4.59370323829999
0.302929857820491 -1.43714054067845 -4.91613848371022 -10.1454578999254 -13.6455414906265 -15.39586256859
0.299064510874243 0.477885850172146 0.835885766221948 1.36661441065383 1.71325192219258 1.88659659454393
0.222287400912368 -1.43815944644072 -4.7586688413128 -9.74073556330357 -13.0649847681809 -14.727094384409
-0.00707946030131078 0.0702429961729307 0.224888250160543 0.456846460162421 0.611472649858774 0.688786247274959
0.703910775184708 0.8532005744486 1.1517804650264 1.5996441389805 1.89821492719294 2.04750051249895
0.44816293836152 0.630722278964027 0.995843252086383 1.54348098833025 1.9085404801624 2.09107151295108
0.126602716174933 0.351570349472185 0.801505985254339 1.47640243860774 1.92632851005743 2.15129173670575
-0.0173242152321209 0.242669069000573 0.762655626971682 1.54263560828406 2.06262235866566 2.32261572866787
-0.164791159258271 0.140832236785179 0.752079008405009 1.66894955839707 2.28019675808544 2.58582035411458
-0.0763310047268768 0.281721740945537 0.997827344677033 2.07198413524078 2.78808797455002 3.14613992248236
0.0978718643717629 0.505624365574413 1.32112947207336 2.5443857492391 3.35988948117625 3.76764136715658
0.323640402713197 0.785768735656096 1.71002541461121 3.09641018748888 4.02066623123672 4.48279427706659
0.37452337837782 0.907192818137274 1.97253155624382 3.57054097488192 4.63588195235059 5.16855234571073
0.24946547857874 0.850309254622983 2.05199653746406 3.85453176585753 5.05622602349817 5.6570729410766
-0.266883021138607 0.406395940622723 1.75295395304449 3.7727892539142 5.11934509187768 5.79262305817024
0.292248124319228 1.05840393173311 2.59071558482419 4.88918236508412 6.42149324479344 7.18764869675144
0.673392642315495 1.53894342884238 3.27004485414081 5.86669997117308 7.59780558569002 8.46335829867737
0.434560762451469 1.39447776089508 3.31431171077987 6.19406334548687 8.11389700765167 9.07381389922589
0.129227475482029 1.19948077079197 3.33998734061396 6.55074774606947 8.69125794551289 9.76151288366805
0.321832894895674 1.48339230262596 3.80650875254336 7.29122498350499 9.61441575452173 10.7760089184154
-0.00576367182698004 1.23095732500524 3.70439908286203 7.4145662736496 9.88801397581766 11.1247377222904
-0.147820815926774 1.1705756036196 3.80736844007397 7.76255766061077 10.3993500665346 11.717746285838
0.0761506517016595 1.48304754997663 4.296841575351 8.51752868202698 11.3313179721398 12.7382127054014
0.316552795749762 1.84103236131051 4.88999122338601 9.4634357249408 12.5124049568205 14.0368893164201
0.298999965638669 1.94840080984513 5.24720234204417 10.1953881576795 13.4941279648036 15.1435000085695
0.0961092756711056 1.81237876088229 5.24491805878101 10.3937215862909 13.8262587059794 15.5425271807877
-0.057575453324126 1.75060497385563 5.36696625916613 10.7915030396747 14.4078693437723 16.2160520986997
-0.201802267893207 1.70994373371719 5.53343558212396 11.2686756691784 15.0921677778699 17.0039138981239
-0.191646640043378 1.80170720090259 5.78841500058325 11.768472233492 15.7551662638913 17.7485137260319
-0.215938507500333 1.84839695692112 5.9770679463575 12.1700732487173 16.2987423075748 18.3630768860756
-0.390598634594382 1.73577141945476 5.98851132414018 12.3676254653294 16.6203726289831 18.7467460185394
-0.291604085962344 1.93320444001116 6.38282168177131 13.0572436996252 17.5068556315095 19.7316617081502
0.0185958099447559 2.31170596467546 6.89792617078004 13.7772573522383 18.3634759487489 20.6565853533691
0.580293643539651 2.88045858924694 7.48078735273805 14.3813006819305 18.9816481584201 21.281821759741
0.392542462398685 2.67117631086362 7.22844418394637 14.0643433892134 18.6216102421658 20.9002436296814
0.312447994767566 2.59316379714973 7.15459490254359 13.9967508603191 18.5581922233723 20.8389127673207
0.229677767075374 2.50012471129079 7.04101757172986 13.8523768196299 18.3932937582741 20.6637518448885
0.145205698975176 2.39366016146031 6.89056941213106 13.6359247121074 18.1328170005744 20.3812636079558
0.188133973359209 2.37898572895102 6.7606883539598 13.3332602204159 17.7149846208305 19.9058464459585
0.0767948928808573 2.17268902318885 6.36447720583377 12.6521613802613 16.8439506697513 18.9398453364882
0.297601824826108 2.28707567853261 6.26602476615162 12.2344206221579 16.2133389162301 18.2027984762304
0.168562542071596 2.09079659350982 5.93526669230395 11.7019338137774 15.5463472623295 17.4685552557453
0.116649884999847 1.92013665371697 5.52711115767388 10.937557624253 14.5445250731598 16.348008529636
0.280657376875652 1.99249173129428 5.41616259517164 10.5516275844398 13.9752370706836 15.6870431937283
0.39512017437255 1.99818915366429 5.20433014018109 10.0134819618675 13.2195416696862 14.8225731112961
0.370886312908018 1.91774076947871 5.01147385724261 9.65160343530738 12.7447076008984 14.291271428868
0.23660564939326 1.6718448905765 4.54232413146723 8.84802867292845 11.7184918731062 13.153723688354
-0.607860880470431 0.733703756835343 3.41683299769455 7.44152767982975 10.1246576223978 11.4662225964377
-0.498872184179926 0.723480125923026 3.16818485326844 6.83523982664396 9.27994154265375 10.5022924627107
-0.177172015004642 0.950973986430548 3.20726587502377 6.59170604792685 8.84800074760868 9.97614805326533
0.103915108163753 1.15388248685794 3.25381767429354 6.40371172623862 8.50363505895769 9.55359696327964
0.116596316296568 1.09944860588242 3.0651540039248 6.01369754674634 7.97938668153512 8.96223146956309
0.704753727039231 1.57461937600288 3.31435100015922 5.92394203110655 7.6636650959191 8.53352680185929
0.576921451179188 1.36576407848995 2.94344828463449 5.30999401830672 6.88770153393129 7.67655491466897
0.735784955409575 1.42230330275536 2.79533978768402 4.85489841690456 6.2279395095197 6.91445998028154
0.493034093524207 1.08047370524302 2.25535323506716 4.01766702459495 5.19253997980644 5.77997656744808
0.278247716424872 0.705145785434299 1.55894099180926 2.83965152219044 3.69347024427908 4.12037914506677
0.135768010446157 0.202831693827231 0.336959787330774 0.538137915327694 0.672247994844825 0.739303360197162
0.218084326220056 -0.0424997485399783 -0.563667685033935 -1.34542387669227 -1.86659858931883 -2.12718578067924
0.449181971129311 -0.00783835979117252 -0.921879605743832 -2.29293009974992 -3.20695725645989 -3.6639710770788
0.227077049637687 -0.306433934356879 -1.37345370745826 -2.9740316304271 -4.04111122486535 -4.57465006725247
0.340631690124417 -0.337515112063388 -1.69380808952435 -3.72826054965069 -5.08456836017479 -5.76272205877229
0.27339225915522 -0.524160158034138 -2.11926510652069 -4.51192022361739 -6.10702215083961 -6.90457318183737
0.645664885866278 -0.24265516564335 -2.01929537234499 -4.68425437121611 -6.46089532313456 -7.34921573747895
0.307402384083167 -0.626500019194703 -2.49430467263888 -5.29601417165758 -7.16382044076465 -8.0977235835151
0.167135632792456 -0.836965431428815 -2.84516747471577 -5.85747139148241 -7.86567205974628 -8.86977249250682
-0.00619891884404088 -1.07638233461435 -3.21674854221969 -6.42731229066563 -8.56770791296357 -9.63790490585363
0.0589168038850026 -1.13651526376225 -3.52737899179903 -7.11368407207014 -9.50456822539122 -10.7000096852792
0.547845015948787 -0.723514165716828 -3.26623020564073 -7.08034638080572 -9.62311962917012 -10.8945050703338
0.598955451801267 -0.768799499677711 -3.5043095236603 -7.60757159164894 -10.3430785611413 -11.710832088585
0.228548489916305 -1.2460665125065 -4.19529626984561 -8.61914577684067 -11.5683813303317 -13.0429990303608
0.192912611256568 -1.37766348532485 -4.51881580229111 -9.23054155385582 -12.3716900440977 -13.942264362241
0.231071499396277 -1.43524156892027 -4.76786770137935 -9.76680711033236 -13.0994340512089 -14.7657474912336
0.0380253615394969 -1.73118930199526 -5.26961869765881 -10.5772611989069 -14.1156862550937 -15.8848989167556
-0.0783050287371069 -1.92425046238984 -5.61614085835236 -11.1539863689705 -14.8458910294574 -16.6918430585133
-0.107539651737485 -2.07748621535192 -6.01737874822379 -11.9272287325469 -15.867135355546 -17.8370884105581
-0.275899166202776 -2.33586865921597 -6.45580693429615 -12.6357282848449 -16.7556857995228 -18.8156641787148
-0.0193796921742027 -2.14390605131779 -6.39295950180596 -12.7665265042531 -17.0155631591596 -19.1400818094138
0.488147770308642 -1.71117210397555 -6.10981278088289 -12.7077568442734 -17.106375022123 -19.3056845560221
0.594553647272317 -1.68691884092123 -6.24986379253287 -13.0942824179855 -17.6572303360288 -19.9387042033876
0.426651926272761 -1.88616833219351 -6.51180885296074 -13.4502701636366 -18.0759128363442 -20.3887341118649
0.949210262565688 -1.33136115154162 -5.89250430770911 -12.7342139382823 -17.2953521248818 -19.5759212592571
0.104020816774991 -2.10615504459108 -6.52650600162712 -13.1570492761137 -17.5774127710222 -19.7875946691045
0.0286800803180583 -2.08896151196837 -6.32424453288679 -12.6771723878736 -16.912458565065 -19.0301016423301
0.116769011244171 -1.90529989738434 -5.94943702601459 -12.0156557841988 -16.0598091107258 -18.0818854945636
-0.0147126664057652 -1.95489400852352 -5.83525676405433 -11.6557996401281 -15.5361611091477 -17.4763418569466
0.599386039272074 -1.21928258616567 -4.85661727553183 -10.312665585426 -13.9500521328879 -15.768744705103
-0.113189725011701 -1.83046973952186 -5.2650257833398 -10.4169286335963 -13.8515531204442 -15.568864701535
-0.113613436735454 -1.76942921213523 -5.08106064076817 -10.0485103455314 -13.3601469470994 -15.0159650968027
-0.0319758820002582 -1.60544045081161 -4.7523702961689 -9.47275317048124 -12.619669230559 -14.1931274840965
0.396283346601226 -1.06598817795672 -3.9905338245602 -8.37730816941013 -11.3018053916822 -12.7640546604618
0.507918378726859 -0.889961934880623 -3.68572277358857 -7.87936006725955 -10.6751152856915 -12.0729930324313
0.166433292784272 -1.13248689995777 -3.7303272938531 -7.62708773506121 -10.2249283965838 -11.5238487067891
-0.0438307885283927 -1.23093300359294 -3.60513728225642 -7.16644582310445 -9.54064846596119 -10.7277499495247
0.00867544199824617 -1.06627491449183 -3.21617519042787 -6.4410329533922 -8.59093911493273 -9.66589219790438
0.0965012448537597 -0.921234863205666 -2.95670710799645 -6.00991445389348 -8.04538652608388 -9.06312252097225
-0.159043271885423 -1.07894230393937 -2.91874115437945 -5.67842249028693 -7.51819689974865 -8.43808460510997
0.682185941100556 -0.114352184279463 -1.70742772769949 -4.09705544989541 -5.69015475772426 -6.48670384504013
0.666209352642995 -0.0666966788260406 -1.5325085866065 -3.7312296259532 -5.19704604258167 -5.92995415326638
0.0339644188684546 -0.631622712113753 -1.96279658426179 -3.9595677325735 -5.29075427130216 -5.95634731386256
0.00930302959115678 -0.554477633653704 -1.68203860256685 -3.37338759632089 -4.50095953229637 -5.06474526680514
0.159501193815206 -0.303615000133126 -1.22984751790205 -2.61919362178715 -3.54542279396537 -4.00853743933877
-0.0708731591595972 -0.430891903454132 -1.15092939987085 -2.23098543454602 -2.95102203773743 -3.31104037847255
-0.0340013357111302 -0.335374104302927 -0.938119749722486 -1.84223624723733 -2.44498056572028 -2.74635273138214
0.0830590060526092 -0.168177581711703 -0.670650532477862 -1.42436416204142 -1.92684321170168 -2.17808261303553
0.210224438739651 -0.000985515946719689 -0.423406147245277 -1.05702325661272 -1.47942677101422 -1.69062882229566
0.324442429640995 0.164806219076071 -0.154466272932983 -0.633374129993041 -0.952646503178896 -1.11228268596798
0.401270968375688 0.280572627947518 0.0391764519102045 -0.322927805843643 -0.564337468143338 -0.685042052267318
0.45413452971606 0.368357614256922 0.196803760418629 -0.0605269986743525 -0.232081120843959 -0.317858165576609
0.606295097283176 0.588058236352207 0.551584448107801 0.496875543897204 0.460405148877786 0.442169861644186
0.160063664289607 0.199693452947068 0.278952986251359 0.397838541669823 0.477081897411847 0.516704131450512
