6.05133195724691 11.8660521107188 23.4892090774631 42.1258408786939 55.3666142617 61.9852398794663
5.53869431966304 11.2743902434791 22.7396743475881 41.1081833364145 54.1466368709094 60.6629005631748
1.10747802628494 5.85182183180512 15.3425750148185 30.6304684269918 41.5368515945134 46.9922326804962
-0.164134834309358 4.20464894077031 12.9491601955995 27.0530827774205 37.127146508655 42.1689098108201
4.40415771266941 9.97075079392081 21.1084950469676 38.8235515938747 51.3177413253771 57.5681532695635
8.02400370427372 14.1946676406689 26.5300207483686 46.2385319956198 60.1960992560537 67.1732876177407
-2.48915956324128 0.272282560126625 5.78978877871732 15.2438211146286 22.3450823220145 25.893664720229
1.31946462968379 6.06614733608398 15.5529426653379 30.9725294838755 42.0581883521645 47.5985387169857
0.198527735346941 4.65179379391457 13.5594608570387 27.9876821749773 38.3319247717815 43.5063536226204
-2.3604160047609 -0.216324462089474 4.06602820534227 11.6827921316421 17.5704679015271 20.5124208577068
7.81688548359436 13.9598461558552 26.2397671941772 45.8453748329498 59.7202709479843 66.6558630752777
-1.94206246246737 -0.197757221505435 3.28324942451857 9.70910490977136 14.8097863881714 17.3573964425512
-1.03014844300555 2.88533921091739 10.7117847788489 23.6549130707353 33.1001602539761 37.8210057377432
5.50620562115717 11.3265601399893 22.9754408970992 41.3785883931313 54.2788141567019 60.7345228398177
-1.57891239358194 -0.0720758166604129 2.9335333869886 8.67341411841291 13.3364021563882 15.6655046976726
0.7094907436524 5.30164160026642 14.4857412015071 29.3840022598201 40.07845047977 45.426579858069
-2.50126668663738 0.0726071181739523 5.2128525739295 14.1321273941207 20.8987226563077 24.2792308229835
5.50391322290504 11.2547259466919 22.7546396084655 41.1120094465672 54.1003161434195 60.5938585465403
-2.39930316016909 -0.189411616287602 4.22392628827499 12.0397266784738 18.0611698244003 21.0695479912701
-1.8395815575947 -0.167730546488578 3.16783532287727 9.38621736633089 14.3560688680139 16.8383180017245
2.15752343762051 7.12455855732523 17.0530983067603 33.1313186180984 44.6565468655968 50.4181449053592
1.30800076737784 6.09792209629773 15.6778873868064 31.1320886368044 42.1699379210065 47.689703331468
-1.64921526442633 1.91914361666611 9.04599342566473 20.9799848274764 29.7793403622966 34.1751096130859
3.4642825742004 8.79711064692766 19.4638008648523 36.5379219196023 48.6501457565914 54.7080168377872
0.965211159642897 5.60288440830096 14.871709324836 29.9807011344604 40.8698377149592 46.3116732060965
0.885371910685881 5.62437653816467 15.1083367228229 30.2654564566722 41.0011898060255 46.3725519132489
7.2019575483267 13.4545311534518 25.9823441645613 45.4016675504313 58.7744982484207 65.4740207638724
4.80948112482264 10.3853396785272 21.5314250219537 39.443691637184 52.1938697761479 58.5667595102632
-2.20591285174865 0.918995449777656 7.15931477768749 17.7685699025302 25.6883290951252 29.6445652701798
-1.48069913563682 2.32811482175999 9.95024947400717 22.3783599580792 31.3393434210457 35.8230028989123
0.645778971448789 5.18076810019381 14.2427287543614 29.0523326445157 39.7493696135296 45.0944214323461
-1.21878840891409 2.68433731983135 10.4926175859916 23.2688264582372 32.5083373437205 37.1300140530747
-2.2383729902878 0.866516359853439 7.06688573360435 17.6029636594488 25.4649191830104 29.3923527622383
-0.460099664965624 3.695810122753 12.0010175405817 25.6501376808123 35.5579394226709 40.5097246428153
-2.47469343243226 -0.1123220716915 4.60688376440851 12.8636774573083 19.1677290673677 22.3181311892362
-1.70019888303923 1.89463922645822 9.080884321054 21.0039331356006 29.7290138284902 34.091066214962
-2.05074220079059 -0.219790065491497 3.43562699913625 10.1077203270892 15.3620872309811 17.9871255850894
-0.300988637258962 3.9153428561184 12.3412981188825 26.1764791922215 36.2108543743195 41.2257355798335
2.10765104873139 7.05877280965729 16.9542700164689 32.9980460541482 44.5083880912921 50.2614577810737
-2.36385450014092 -0.249554378182272 3.98037665031348 11.4285398545919 17.1428477015598 20.0017711232671
-1.46461035154059 -0.0173350005959879 2.87925230515227 8.26719987965195 12.5676895217392 14.7203041006243
-2.49545024821545 0.152035347572214 5.44032886535132 14.5766152366405 21.4839710447942 24.9353982596588
-1.33357887047091 2.41827223576374 9.91453530100816 22.3923217646826 31.5480711392604 36.1236110905731
-2.09714902923749 1.25859814183392 7.96904786153005 19.1203252217962 27.2909909619445 31.3764109109699
-2.49922808776953 0.274654203922022 5.8197021406851 15.2841760137124 22.372323293981 25.9163106000551
-1.0443259758882 2.85861524267953 10.6566093402102 23.5659069657409 32.993504038463 37.7041421399987
-1.2283949533572 2.58346288332092 10.1994589130932 22.8370267612732 32.0860482919321 36.7079755777023
-2.02684987490204 1.31245717543015 7.98596173984726 19.1857961837809 27.4591444690954 31.5941510718377
-0.718927863814264 3.3439677930081 11.4642410185577 24.8395442232235 34.5662178248222 39.4269694891881
-1.84729450406991 -0.176002645624711 3.18165803965742 8.96012313874002 13.313746061456 15.4972065385843
-2.24384534058025 -0.233396903035041 3.77996797736857 11.0067811947094 16.6440725334744 19.4601654600982
-2.60912763932657 0.197078664058207 5.81781074215843 15.1823800286029 22.0585510704409 25.5014075362788
1.15396834081936 6.08871997201237 15.9647122598562 31.4685710125919 42.2702288093355 47.6739081734901
5.22456551843639 10.8889738213669 22.2117440826243 40.3783651732616 53.2909536354065 59.7453880453793
-2.10469793979579 1.20546741009995 7.82170941433924 18.8932342499339 27.052473498914 31.1310010441185
-2.4837825823987 0.560837003803943 6.65821218128362 16.7493017441127 24.1184714772517 27.808499620473
6.70772930431493 12.6965555505258 24.675436515734 43.7192294400359 57.145403726906 63.8605154841809
-2.50226718280468 0.0718810380608078 5.21234790720051 14.1343925017322 20.9030247305867 24.2842312597536
-1.98305756995104 1.37483322608053 8.08133230482614 19.371055392923 27.7304917200447 31.9059950305768
0.932487367961687 5.67005565506782 15.1506720398755 30.3293897096048 41.0981171911217 46.4859983469024
-1.14426698601801 2.86046141725145 10.8760716818846 23.8299016039272 33.0972739219023 37.735548044306
-1.71517147448282 -0.130565921638388 3.03542145065815 8.93531522122718 13.6496087198787 16.0062306301354
-2.461622584836 -0.213523802960637 4.28399155675077 12.0829058938273 17.9968620063659 20.9556597063334
-2.50508463868657 0.0817629866311297 5.24873124110105 14.1927807024112 20.965039976514 24.3487666435844
4.90705906247479 10.4803411476098 21.6159167971767 39.5837034396307 52.4169789013047 58.8282484707451
-2.43815432843393 -0.18571303598779 4.31705003089791 12.228608544286 18.2888198184077 21.3189582572673
8.35207848933128 14.5814205679761 27.0322667597689 46.9139626301477 60.9836051437172 68.0147690358669
-1.98244999018286 -0.198757704301717 3.3586355040502 9.94657429024297 15.1888594197943 17.8066643444748
-0.171128221735202 4.11252479939238 12.6758944734075 26.6785167579754 36.7992319245931 41.8591663709024
3.38777739969162 8.89081224607336 19.9137206854311 37.0874751147312 48.9697598418024 54.9202451023704
-2.53442028062614 -0.00557224950343083 5.04971500276425 13.7492041060869 20.3068963016043 23.5857836870142
-2.51335409072137 0.026545766021614 5.10178328799688 13.8816017102935 20.5268523503634 23.848153685987
-1.38127094550357 2.44307271236397 10.0935017793445 22.6299450793457 31.7071840050652 36.2473426308638
3.74844516363099 9.18850061451081 20.0754882055823 37.3735118803531 49.5644076593792 55.665207114721
2.26245592387819 7.26523648045535 17.2651546506134 33.4405056770239 45.021166248641 50.8097400418254
-1.61542197922419 2.07326722293247 9.4513698791789 21.5927672882553 30.4157455804903 34.828529038725
-0.855772264834496 3.12416228895964 11.0759694123637 24.2234028196208 33.8162063387652 38.6099418567958
-2.54805979176323 -0.244864645755515 4.37108800753792 12.161737147571 17.9438150614213 20.8398206148368
-2.69044837929953 0.293893792984881 6.28004891959606 15.912372843789 22.779336151557 26.2245682313065
6.03299940709818 12.0326264305612 24.052702729679 42.8000578684332 55.7872822034343 62.2945324366439
10.5625237919132 17.1915018394917 30.4499349337923 51.4193431833394 66.1332993185376 73.4919502194185
-2.03669645693176 1.2997348572729 7.96672989271336 19.1526983630012 27.4142561430458 31.5430329834215
-2.1538578591109 -0.250642152570673 3.55328519846389 10.386452987149 15.7071004065816 18.3671544412953
-2.21910367777473 1.03369070613829 7.53898309671247 18.3816070489388 26.3464088355671 30.3301598083445
-1.35231724798214 0.0421840769673732 2.84288002297446 7.93799514071588 11.9394582148365 13.9455737441453
-2.15525726366713 -0.236069945095419 3.59528613248279 10.543345908977 15.989501792963 18.7099717702046
-2.13414129980871 1.2134782889926 7.91108589184427 19.0215057719928 27.1492562578546 31.214722311026
2.79013226930236 8.06382146629522 18.6195125183559 35.3104830981622 47.0192587095908 52.8781696362561
-1.28519007147107 0.0772178965068155 2.81539408448355 7.78531320949867 11.6829545676222 13.6386106650582
-1.37907548898277 2.61868997726131 10.6284840716133 23.3991273313919 32.4245010111654 36.9439513537425
-1.43469608275144 2.27219515706448 9.67844148218525 21.9982315952134 31.0318226087343 35.5458957566101
-2.19806439347283 -0.25557892270939 3.62697661078644 10.5771369881181 15.9747182422489 18.6731219181305
-2.4888290522677 0.274853327042575 5.796254405142 15.2588652071513 22.3680109609407 25.9203985428556
-1.80569313673272 2.00495757360907 9.64840457834738 21.7615216740093 30.2789222385803 34.5515176053939
-2.40527222930237 -0.180372669854633 4.26277962661058 12.1184966334485 18.1632398969921 21.1833039951126
-1.38204881727171 2.35357300189206 9.81702081437972 22.2270425031071 31.3249611832529 35.8714771275355
-1.55709253009722 -0.0659798954891013 2.9133891686118 8.51712510318365 13.0225162771066 15.2749565851914
-1.81357406467796 1.7052904968558 8.73990667533102 20.4300810272179 28.9958568704241 33.2786651005332
-2.05947647367581 -0.218881974752217 3.45488996061179 10.1706096728146 15.4646822018832 18.1091408871487
-2.46019469841256 0.310902207770305 5.84478249215462 15.3660776712549 22.5412807474681 26.1258362011741
-0.656733786207031 3.62422175629124 12.1992257537825 25.8470553397482 35.4787984594556 40.3031906418905
-2.42388671394379 0.715966938379897 7.003332897621 17.383986010732 24.9496327692442 28.7371681386743
10.2962651091481 16.8657582758682 30.0021395933226 50.8375477629973 65.4951569247721 72.8237484865783
-1.58384766755052 2.19874605798154 9.76981764316289 22.0770467973798 30.9257278244023 35.3530756614897
8.43148417573123 14.6781630950602 27.1649158647185 47.0891372761897 61.1808840571458 68.2242070271282
4.97998116671288 10.5761161489923 21.7621786055844 39.7613927291153 52.5903084699276 59.0035898840754
-2.46631875406597 -0.124048658219246 4.55395081537454 12.7593290703568 19.0352848769876 22.1707491103565
-2.45414951621587 0.490505512526071 6.378486456568 16.3224193471425 23.705963328564 27.3979876279237
-1.51921656075732 2.29036470421047 9.91551771919732 22.3155006707485 31.2340244982643 35.6965639705114
-0.159029170100739 4.11301557613055 12.6508188560785 26.6529590070369 36.7967136187243 41.8658994597346
4.06382998666353 9.57464793670744 20.6005957139776 38.1180141428062 50.459006676574 56.6320975478225
-2.31594600507301 -0.277819960453198 3.80280342455191 10.9328958831439 16.3703158116135 19.0917204007086
-2.04484078158032 1.23987645935873 7.80057876013568 18.8913976579399 27.1334834106337 31.2516809185009
0.3546085610022 4.7914765498632 13.6568490477088 28.1795862889622 38.6924218282811 43.94578384424
11.2364535473246 17.9211030515159 31.280863028476 52.5387356769718 67.5347946807593 75.0279707821717
4.05845199897423 9.50654471014385 20.400115706229 37.8632498989391 50.2670429356135 56.4684228595182
-1.82688273462232 -0.165594551178277 3.14943039211236 9.33364085538591 14.2783356370605 16.748175243979
-2.53675296737128 -0.129711069301733 4.68625233085765 12.9608492094568 19.1899101205058 22.3065765990616
13.035666330505 20.0634029433405 34.125596133586 56.2008888839592 71.5864568737453 79.2841024671058
-0.644840637703901 3.43192624317584 11.5796034689586 24.9949911389451 34.74948207094 39.6254168171039
4.21024592748142 9.65104322642957 20.5255313369359 38.0484883837989 50.5518195701738 56.8013480976227
0.778600612032182 5.38272758964379 14.5874696315265 29.549184188633 40.3064363381912 45.684135544297
-2.49362056623059 -0.00887523101057375 4.95473058877763 13.5811274779509 20.1327832657047 23.4067430274137
4.95478401231302 10.5645327155264 21.7782620318387 39.7815206028524 52.585231233845 58.9851960423011
0.166641997746663 4.59977733099628 13.4648485938084 27.8598362991881 38.2008164364233 43.3713425311281
4.3766147605506 9.95859124101472 21.1249263195398 38.8420310080115 51.3088574763954 57.5440136291905
-1.14911318315477 2.76121923423339 10.580685670926 23.4235260004443 32.7412521561182 37.400676374545
1.34786173215351 6.32571611821206 16.2955911264425 31.921903666006 42.7962295263645 48.2427155334949
13.1622695828079 20.3135340440876 34.6380501760198 56.8143935778653 72.0693643880474 79.7110600960654
2.12674434913143 7.17505455541058 17.2779469091852 33.4135817051193 44.8371433096394 50.5538902527814
1.81391554635176 6.77441312291297 16.7008921361636 32.5985854534668 43.8819929123098 49.5277665922106
9.48451652681183 15.8951592755034 28.7079974482741 49.146163681341 63.5971149554257 70.8189563823339
5.87700071148465 11.6748794600109 23.2645384485382 41.8245859535787 54.9945752555283 61.5765966547929
3.09513421724101 8.3150473925688 18.7541921887117 35.5618143174544 47.5471669325889 53.5405307202014
-1.72220569153989 1.80979225594374 8.86612610518764 20.6745672079211 29.3777524962165 33.7262796358762
0.623827543072674 5.15669074724239 14.2153674551078 29.0106283168104 39.6928977828165 45.0316035038771
-2.43867366207759 -0.158958127555536 4.39482667679169 12.4158282790964 18.5704138317202 21.6458138209512
0.245311575872492 4.66355637729915 13.4940493906897 27.92302491342 38.3446161143687 43.5533547474242
-2.20063690344205 -0.232004624824727 3.69844892752981 10.7881240513267 16.3250172053742 19.0915814396576
4.19437216580079 9.66858805875171 20.6153706499291 38.1585526457017 50.6155163711814 56.8440208907464
-0.0407208371950736 4.27333709342879 12.8952193719884 27.0176636241752 37.239870413201 42.3489557395831
-2.24207420360513 0.962638938586734 7.36948795702976 18.1019341154414 26.0176577320104 29.9750938744045
0.788997244176021 5.44383150155268 14.7566913822575 29.7656657524124 40.4771556247812 45.8355476340138
0.247942426510846 4.66478896844213 13.4915077296398 27.9268563780327 38.3602060958482 43.5742532196382
-0.736976822612031 3.29760961522549 11.3579599819561 24.6733110349667 34.379450601266 39.2287263922918
5.7593807802088 11.5236868835994 23.0465276146718 41.5176742348258 54.6380673901308 61.1968853311398
-2.45983758470559 0.332208048090162 5.90936523381971 15.4729793475083 22.6610159657805 26.252541470626
0.23512250414982 4.65055045503821 13.4759293342206 27.893607524707 38.3061355497646 43.5106948045004
-0.593137261986488 3.49850887328808 11.6738596602988 25.1517269144449 34.9617218425776 39.8640312991219
-2.41916208065544 0.461341328875016 6.21613073596382 16.0347720187918 23.3841344630532 27.0565575622206
-1.19401642811762 2.64046607320306 10.3031474970857 23.0056424344902 32.2951373516608 36.9382273226954
3.81236622840277 9.31068204099348 20.3122282278334 37.6951778724807 49.8799556327615 55.9750816678322
4.86489689366932 10.6035565134133 22.0935910023444 40.1516053748126 52.7483077781666 59.053475876963
-0.471610218214911 3.70053198039748 12.0401928929864 25.7118899637641 35.6139198471803 40.5633111824618
-1.77196804414088 -0.15235062254486 3.08116937231587 9.10984104902504 13.9305382427568 16.3396550772578
5.58538541624134 11.5274445190449 23.4277554652065 41.9421356247862 54.7359093675986 61.1430533710054
-2.35433946842401 0.643077798053355 6.63068082061865 16.8212300284011 24.4334843273071 28.2366038533097
0.333156300753389 4.78655724689214 13.6887319283159 28.2100678699069 38.6842666465423 43.9204991744775
1.53996042380921 6.35382626174855 15.9758890136124 31.5873164664354 42.7943841509364 48.396160953602
-2.09086330529201 1.14111727304634 7.59446803445831 18.5351159030268 26.684200142236 30.7546710146408
-2.37631528850982 -0.207222205984516 4.12585769231783 11.7957370822146 17.7024412639698 20.6540211012729
4.09194148628657 9.60778600127793 20.6433818243227 38.1779358644464 50.5321543862991 56.7116790981083
0.868026664739112 5.47453013418746 14.6786243534063 29.6978994258311 40.5318191293863 45.9446990344315
-2.51618271846231 0.0156987288005629 5.07515375194351 13.8238088342102 20.4433555576197 23.7518342204614
-0.0806781253107125 4.23542408216347 12.8621558070553 26.9664366729167 37.1570470665379 42.2500265715122
-2.34312651514659 0.656100351119898 6.647766565628 16.8330134214517 24.4341697139887 28.2320505636497
1.0300990703384 5.69440540319547 15.0167142935312 30.1864123055556 41.1038652760453 46.5602643207192
5.61523028199131 11.3302466294099 22.7497955445884 41.1392794164421 54.2521077320764 60.8031691863614
1.79502150060717 6.65484500427414 16.3653832241873 32.1678466069847 43.5404420056523 49.2227695336516
2.36508155105605 7.38644849202203 17.4217861612221 33.6761656327444 45.3270467571702 51.1494560186951
0.460775014811328 5.00475428844573 14.0942443825649 28.7867976100614 39.3004910170143 44.5593617355589
7.30134508031517 13.3512505581655 25.4442076769942 44.779676828782 58.4797551107684 65.3271843963574
-2.49012658888755 0.207660273604958 5.5969841048008 14.8717233136298 21.8618180037499 25.3544587388178
4.45263502532588 9.91097731864907 20.8134548990091 38.4774753739137 51.1391853408332 57.4632373245119
2.2980477433341 7.29461378723241 17.2806709219806 33.4710475399193 45.0862587006608 50.8916752811977
-2.5449102763583 -0.0292936568677275 5.00185693040964 13.632269990928 20.1220062549386 23.3680575209065
3.3522289179494 8.71090405907436 19.4340249672691 36.481096597732 48.4995134691557 54.5124966600381
-2.3411660741475 -0.216821576296307 4.02417801287678 11.5973048179933 17.4665862780851 20.3980491387093
-2.65642096017833 0.0318126057158634 5.41617927988459 14.3771194430999 20.9500590769911 24.240575987179
5.32568060962342 11.1737193814634 22.8878603246723 41.219709079727 53.958373507593 60.3388926055221
3.97177099305993 9.39316229941316 20.2352714450924 37.6346599160838 50.0060084743798 56.1929094398146
-2.4736236885557 -0.00688536559999034 4.91805082701763 13.5289870142801 20.1002437566038 23.3830584928861
-1.25921126041081 2.66299255647311 10.5105151119797 23.2665897101585 32.4386985281203 37.0277413256102
-2.08760557079523 -0.262673594115076 3.40616013802407 9.62800405254029 14.2627607114142 16.5902178924866
3.950540847963 9.34626599839256 20.1311027986162 37.4948833679571 49.876249480891 56.0648614731867
0.720270364374343 5.45658903961891 14.9423330676155 29.9772359328276 40.5483723212132 45.8426208189746
-1.0634407022445 2.87419715996772 10.7463037462518 23.6935337541731 33.0978567286122 37.7994758396965
4.04256233856783 9.44372792014689 20.238691521695 37.6496323826182 50.0837691935746 56.2985921030632
1.53692971578189 6.34505202448263 15.9549542464802 31.560687365366 42.7711760732781 48.3738629604495
1.03722302267794 5.69450695862335 15.0038093015405 30.1719736152216 41.1011573966879 46.5642769395714
-2.43198929477242 -0.139070329563306 4.43963301165991 12.5069131124627 18.6993015600307 21.793297313699
3.77018772285063 9.11875899606806 19.8088258527428 37.0563543630594 49.3773802419448 55.5350297537325
0.710420801613126 5.35494942626037 14.6462983484212 29.6036796889807 40.2669540637921 45.600376772786
-1.66792581068049 1.95238484840578 9.18970181772699 21.1877939824768 29.9601421392669 34.3450865512056
-2.29200250578926 -0.21034069001444 3.94377182758368 11.4194256930092 17.2468731586166 20.1572354269213
-2.26629243975755 0.850026356993078 7.0764094410357 17.6130204709637 25.4489065370878 29.36453967772
1.76740372416354 6.62539629531187 16.3334712672577 32.1130505391407 43.4575441923499 49.126535969297
7.68483975967049 13.9748755027073 26.5711123578545 46.2261636504772 59.844855372549 66.6628510156982
1.19178315458182 5.94970505304386 15.4671914247254 30.8210786617995 41.7890558007104 47.2750296102531
3.55737235890523 8.8490324577778 19.4218057593309 36.5235873250801 48.7655870336365 54.881602954201
0.170404036027792 4.63553233231977 13.5681291553052 28.0034480512661 38.331130540635 43.4972865911189
0.149023791290349 4.73650134778012 13.9200310256428 28.4682045190982 38.6896586693356 43.8044432555023
7.17357792339502 13.2030330239196 25.2555652491191 44.5202824142379 58.1683780748097 64.9903852388552
1.85058783038816 6.90947191471129 17.0423096899642 33.0542381377717 44.2811441329303 49.902597198739
-1.78605240819742 -0.156660348839449 3.09956149013232 9.13967069001066 13.9507954576191 16.3564504466428
1.90357622577992 6.82694786759524 16.6703737723736 32.5816943112855 43.9663006800301 49.6578415311813
-1.72621275840175 -0.138344744060159 3.03646860483377 8.90976401673738 13.5798674401503 15.9156793163888
-2.46520988313676 -0.107777227904949 4.5995356074477 12.8721681209792 19.2087820644182 22.3740354203719
-1.62405887065885 -0.0889732641292748 2.97267607061919 8.77577265137231 13.4667493993365 15.8095513713879
-1.27675112717345 2.52370375192252 10.1191888476224 22.7093965829825 31.9149528090283 36.5156109283922
0.221243259180856 4.61180579704274 13.3836477251329 27.7744243070888 38.2043985584802 43.4151242488519
0.162083293405201 4.52700284031915 13.2468791478609 27.5757004538513 37.9721132090504 43.1655731529766
-1.57791101765609 -0.0748383884943609 2.92280807039444 8.65131964069229 13.3070597311722 15.6323021699741
-2.28723932788789 1.07797603363413 7.81915731993359 18.7927019262448 26.6919531044564 30.646833089606
0.355568255537243 4.89102315033882 13.9695586254265 28.6044201820621 39.0504345535046 44.2778231972051
9.70990887008398 16.1362199465877 28.9771758585886 49.506908760112 64.0536468787059 71.3219852728949
-2.52082795808582 0.314041783604434 5.98469747287118 15.5641167131808 22.6793227517112 26.2383181542779
-1.76353690764483 1.89400709514071 9.21448691705464 21.1690251070336 29.8008905243277 34.1214282735002
-2.48269390042294 0.153717594451719 5.41896034923795 14.5226591110181 21.4106845818459 24.852330535649
8.23278879745608 14.4476172108873 26.8713046229352 46.6920147685607 60.7091062545184 67.7156604120655
-2.49994097481202 0.0531353508006687 5.15267252482738 14.0164650361131 20.7505079420255 24.115820129833
-1.89415829143662 -0.190962252882167 3.2123142664222 9.44138867013634 14.3569798634337 16.8145130803542
9.42657435956217 16.0097984171179 29.1968172687222 49.7018647250093 63.8658432936158 70.9604667349243
3.62783928912048 8.9378330334146 19.5501598067395 36.6855321487071 48.9356362229961 55.0582435638869
0.801502711696079 5.39251432472609 14.5680560542045 29.5252919087728 40.3072351590651 45.6960278492794
12.6055553108743 19.5434880737535 33.4187033779542 55.3029097024391 70.6190139368512 78.276808775648
-2.60490565240125 0.0842680513123572 5.4694670736762 14.5343947988847 21.2464568438321 24.6062757167614
9.49702316889041 15.9065813205949 28.7169275575441 49.1570330867033 63.6141162196223 70.8386901623675
-2.14709161904443 1.1084383117922 7.61532949742621 18.5378492877969 26.6074295667352 30.6410314590054
-2.59833630061239 0.247869809245447 5.94720382142297 15.4305931873856 22.3869029295366 25.8691010117561
-0.311520692328504 4.04523090587527 12.7676110207117 26.7497753156325 36.6821912736844 41.6545994928353
1.41959774432451 6.19589569776281 15.7446372486954 31.2497482501497 42.3894845868375 47.9591222680501
-1.67628668418265 -0.107889083751565 3.04466361460724 8.57779153286393 12.8107234853236 14.9342381982185
-2.29378955139196 -0.218291633133285 3.92382287539624 11.3693371548805 17.1691814727036 20.0659293839197
2.14884445884759 7.0894478651388 16.9610268090576 33.011238695318 44.5549384164023 50.3233279800581
-2.03217092519648 -0.223854480137935 3.38644962651171 9.99592568443468 15.2125357218193 17.8189404117231
3.83716244023152 9.22706923258518 20.002767490188 37.3103024802893 49.6240116226015 55.7795498442431
9.84756042686248 16.4699704788981 29.7311300179821 50.4277038637441 64.7730091878986 71.9552711099196
1.22242947939665 5.90890217299357 15.2724505650862 30.5684951981051 41.6155961586931 47.1363380158521
-2.49121743846233 0.254828714990619 5.74233560407586 15.1533001365183 22.2279077325523 25.7642263301368
7.22099647591249 13.4068890514208 25.7909408956371 45.1896233512662 58.679931962893 65.431516687915
-1.89351822635031 -0.184570506078793 3.22638862465775 9.53901225440021 14.5583151725773 17.0656272204779
-2.53475846901094 0.140277417330305 5.48806448146749 14.6337391191957 21.4923704074964 24.9209652582106
0.261437910771285 4.7128022646136 13.6138704488826 28.0863078741436 38.4961821796957 43.7014431424481
-2.47956520310284 -0.295032132408319 4.08660847089571 11.4434582199289 16.8801327575695 19.6053223041348
0.0764992176449797 4.43668708019009 13.151357737183 27.400142379412 37.6999337714414 42.8485050726467
-2.09074893182672 -0.247945529562788 3.41658794065896 9.3941484662795 13.7020636710678 15.845306159342
-2.43113570583231 -0.349643665124544 3.80129788389253 10.2899483613695 14.7919383488827 17.0368385327742
-2.62796709114251 -0.344935634803746 4.20436508692169 11.4083544918261 16.4668638959076 18.9876127781644
-2.89304807111341 -0.314132357663725 4.83799217248614 12.6868181110737 18.0004544889364 20.6543868447615
-3.02608053873734 -0.173940678867458 5.53028862823811 14.0857538165815 19.7887515762186 22.6402265041524
-3.01125181671991 0.0630992474397468 6.21060480764836 15.45535275363 21.6342915470498 24.7231566048553
-2.88021836195204 0.384014915987572 6.90607193019796 16.8173376946849 23.5110130771075 26.8546161189709
-2.7057515558586 0.774774400476031 7.72957034218058 18.2894565923883 25.415311465621 28.9750822236482
-2.52394674207302 1.24551159912246 8.78573020895262 20.0606452691514 27.5530634035427 31.2999246103885
-2.12540548639749 1.73728250355264 9.45116702560933 21.2925588330842 29.3704490144818 33.4036328887262
-1.82364609585643 2.1617594955667 10.1154499157372 22.4370812443919 30.9163762762448 35.1474298351894
-1.69531985542528 2.55755444450065 11.0613067995328 23.8483672204736 32.393849237467 36.6655780937614
-1.34395533269174 3.05157668973836 11.8400215423208 25.0758529829289 33.9355444846399 38.3640699805886
-0.87457862556627 3.72493883644205 12.9229644938813 26.7383287156552 35.9607171384006 40.5714039596428
-0.207912604379391 4.57113614057851 14.1224759799744 28.5839567605349 38.3156235060273 43.1780414708361
0.533308684727585 5.48154974001946 15.3645572542618 30.4615475097297 40.7094340876876 45.8265758146158
1.35851087735309 6.40451302666607 16.4794540337481 32.1621395572902 43.004784654276 48.4178965232292
1.70272171126551 7.05100406993197 17.7416830969737 33.8839230037605 44.7166263855208 50.1299865731884
2.37781295658286 7.96855145129576 19.1521843697719 35.8840104723575 47.0091983538199 52.5728817168414
3.11338797467527 8.8376112067734 20.2849165970788 37.4773731591799 48.9533637757969 54.6907825956824
4.07730884208178 9.98714024420815 21.8031109273364 39.5861608496611 51.4810774636856 57.4266498161737
5.40607329767365 11.3842417745831 23.3237363164888 41.7728319524656 54.438395380525 60.763014133429
6.44081347160074 12.6692567548338 25.1079226993654 44.1799743788951 57.1741028913298 63.662002278009
7.59543341278288 14.0359617166856 26.901245589855 46.590469933133 59.981482496254 66.6690618363958
8.57931531813688 15.3060959677813 28.7551446724144 49.0105803717386 62.5691682330786 69.3461812246769
9.48452400410179 16.2346989061398 29.7178133876721 50.3305410273861 64.3350927499949 71.3286805757418
10.4050174260685 17.4168261577033 31.436262817552 52.5450469664419 66.6710788473228 73.731981984251
11.3763111522686 18.5565797321696 32.9161188350718 54.4763601056313 68.8639245270052 76.0572104125982
12.4135807423654 19.7403396305127 34.3920736904704 56.3997180151929 71.0914639295947 78.4364284775409
13.0871146024867 20.3769667176943 34.939769614217 57.156221880364 72.2192465610774 79.7422566539364
13.0108676907272 20.2697735772409 34.7695619173748 56.9411934896854 72.0085695563413 79.5332439548346
11.8232049483411 19.0345343816406 33.4511002402729 55.1861314990481 69.749672654894 77.0283525695165
10.5670345907748 17.5955008325675 31.6476593052372 52.8274649637873 67.0157952818576 74.1075571411254
9.34917174244033 16.1270875805241 29.6695799384927 50.2533272742215 64.1576559978566 71.1030823198128
7.98862814240593 14.5036467215361 27.5162262662067 47.4164524105666 60.9397597390513 67.69258188199
7.02098161086551 13.314121467029 25.8762981230201 45.2523435242777 58.5284194655267 65.1542277730192
5.93504790727819 12.1947943721477 24.7086433811364 43.5871515063373 56.245006043141 62.571090039805
4.94889206828078 10.9123783283298 22.8223212100795 41.0625326173192 53.4753437343582 59.6731189399798
4.15833921796531 9.75250070200789 20.90526698278 38.5221554294674 50.8658781029528 57.0196765003708
3.25020352355933 8.80032845298772 19.8781217504964 37.0114544438573 48.7816197448828 54.655302939869
2.4648000637284 7.88713424903871 18.7139536874073 35.3402443871205 46.683959954275 52.3467630148846
1.65229609783995 6.91125152427318 17.4161757824959 33.4619024901399 44.3528011416016 49.7916666587428
1.03287401667991 5.97276315850619 15.8339003768524 31.2673432886528 41.9883689729493 47.3391837587008
0.397173096142518 5.29015098788118 15.0604564905037 30.0443967227263 40.2542074393795 45.3511953678389
-0.197652312057472 4.61155673738291 14.2254869015309 28.7345892299952 38.466475236545 43.3301563478122
-0.691143011451948 3.97698561963155 13.3123815837957 27.3329685508513 36.6917493171607 41.3707033139626
-1.22746838189389 3.24336424038972 12.1855797205553 25.5858674105792 34.5105320539492 38.9731471977415
-1.64049672410903 2.5247009024692 10.8433019259673 23.5598898913137 32.1979677415929 36.51104426922
-1.92602262009061 2.00297951837122 9.84122270537902 22.0161608260361 30.4130784351756 34.6015188105982
-2.30608257530137 1.58720942928895 9.37018935197337 21.1125308783881 28.9862376205787 32.9212816204722
-2.55508102383972 1.16624801062624 8.60609429938696 19.8228542715826 27.3389774821064 31.0956123251077
-2.73629604269358 0.78711729041493 7.82884253379167 18.4930996236334 25.6708385296968 29.2571314957385
-2.90822474174549 0.42949557407029 7.10159409454154 17.1722914294387 23.9279768087356 27.3041400850882
-2.89824677570604 0.101849940300123 6.08725574787159 15.3720121017811 21.7680171274125 24.958535072668
-2.97719233777409 -0.182913681747136 5.39912939612638 13.9002772193969 19.6537661619797 22.5272253088536
-2.96892169196006 -0.221528482027965 5.26748350416192 13.6189218012178 19.2658406519966 22.086393411274
-3.00975384736874 -0.0607911748457511 5.83317025818857 14.7415496310418 20.7253749435778 23.7152716655142
-2.76439040144986 0.252258764813379 6.26541856397591 15.8224112553503 22.5591367089886 25.9175858538961
-2.83749428013089 0.422403460668474 6.93163576893367 16.9346038964103 23.7650331872047 27.1749592417129
-2.85435415904828 0.654877745021339 7.67393481306759 18.1852503462899 25.1810317091556 28.6792143163594
-2.66243762835892 0.985583835427413 8.27941486194135 19.2655599954963 26.620279032299 30.296526493586
-2.3849448090812 1.45278741242865 9.12434841848026 20.7107828153049 28.4883167492125 32.375119067208
-1.99958177786994 2.02086172381745 10.0536186032706 22.2661240283959 30.5178341094346 34.6395905836765
-1.50426808204482 2.66151389246864 10.9766329685462 23.809313426762 32.6072274649 36.9979576166472
-1.00990076429528 3.33775841272462 12.0142822825258 25.4566315911637 34.7069926140912 39.3227499421198
-0.455030583987626 4.03220474600224 12.9812198993935 26.9815519785707 36.7052713510174 41.5543316464855
-0.126224692408218 4.67179946496249 14.2598940025422 28.7950686686181 38.5878695108807 43.4802466620756
0.527086019093845 5.4122341385245 15.1648680052244 30.1998779979639 40.4976467158525 45.6377003215758
1.02143173055715 6.14682615428163 16.3883296202355 31.9379635186656 42.430452971314 47.6720147446876
1.6479211432811 6.99003054023825 17.6704130751696 33.7659840200204 44.546741430646 49.9351847761287
2.43678067658863 7.95152530538887 18.9750877475116 35.629177432506 46.8117548938613 52.4000597680219
3.24448002219422 8.91558931003125 20.24793740484 37.4450559159969 49.04357050317 54.8378400740453
4.04433707907447 9.92329681998551 21.6753240316813 39.4211273050205 51.3310355957321 57.2830130588229
5.03522506514556 11.1032369756435 23.2319705361134 41.5748653539567 53.9043287321306 60.0653837925149
5.87030391572546 12.0036814930875 24.2539036138632 43.0031404813476 55.7562062624749 62.1244627558409
5.95450585194504 12.1626072106277 24.5684603398189 43.40730162784 56.1223599039824 62.4747062466751
5.70784456711405 11.9278867669078 24.3636649684597 43.1036332067818 55.6549425389811 61.928422603698
5.18500073260259 11.1944311909333 23.1969129036616 41.5619454648531 54.0493951868271 60.2848793440183
4.18113657567688 10.0799915218398 21.8700882155262 39.697892840338 51.6789395967345 57.665615344307
3.39126332621108 8.95817737264244 20.0736153321333 37.2892011565207 49.1326971219744 55.0452189393267
2.37342855345729 7.85163043811874 18.7991294643492 35.4100176946989 46.6113533925824 52.2075348606936
1.6569973688953 6.91617954207963 17.4201774527547 33.4733472912533 44.3754594418202 49.8192271277598
0.939302458146645 6.03321546891491 16.2097855875852 31.6984192771764 42.174513771064 47.4068737312275
0.369132909343893 5.17080943867738 14.7512383015747 29.6295162847901 39.8895981584407 45.0080004670643
-0.185274687420529 4.4313093746295 13.6423202393528 27.9867355868052 37.9048511754792 42.8526005476815
-0.815912124850633 3.77469781393594 12.9514084324652 26.7975827005568 36.0827374901422 40.7230483314044
-1.36262038730873 3.01351486402241 11.7618600907866 24.9761611461839 33.8472675111741 38.2808201310029
-1.57724224905156 2.48652789015465 10.5914085438412 23.2624137827622 32.0549805545968 36.4397213420475
-1.97181419790836 2.033014604343 10.0314932737628 22.2501100860481 30.5442074146183 34.6856128041606
-2.35851740378187 1.52411689600181 9.28773122830708 20.9638622725425 28.7684652183912 32.669939905826
-2.54246247239214 1.06580247323732 8.26942884240453 19.3433364677153 26.9059715548398 30.6807548082548
-2.76558048545304 0.664794844702205 7.51518758700542 18.0060927326297 25.1445484406577 28.7085296427036
-2.87467295859933 0.382795084964982 6.88821356350897 16.8401101587395 23.6049048049707 26.9824862852126
-2.86109583502893 0.128126994048357 6.08641595577916 15.4385035479907 21.9518790848681 25.1983667809469
-2.90184514592237 -0.0875998868759774 5.52372374272196 14.3202010803368 20.439376449272 23.4902299762708
-3.00838709328575 -0.252833235672304 5.25556532705861 13.5656842484202 19.1374768246932 21.9220185005652
-2.8028681290888 -0.311635390512003 4.65624930747712 12.4248633670823 17.8170548666785 20.5057270103163
-2.73387914276996 -0.380736452952371 4.31746043796942 11.529740149834 16.4485703399486 18.9038948224915
-2.58201093446063 -0.3776099605361 4.02588423409947 10.7358340028465 15.2794044781112 17.5485104537892
-2.37692239377003 -0.330609913642433 3.76068061960212 9.92095691743055 14.0434323340999 16.1040048660537
-1.96930042287759 -0.190375340098018 3.3538946999425 8.95775452115224 12.8863318042646 14.8437275135595
-1.77124903867567 -0.0921733494091912 3.25418982464883 8.51782146663614 12.1905655336701 14.0209648593059
-1.56541092699025 0.0104951275735899 3.14900773086716 8.12610286858166 11.6250425741346 13.3677961705295
-1.4969606546998 0.0416342079209769 3.10464073152312 7.99003153067945 11.441963601149 13.1607582378043
-1.61378969425587 -0.0129534272168377 3.18022555193753 8.14360542995224 11.5687292232267 13.2769979107483
-1.84430506286229 -0.117685325535488 3.33570553221612 8.51215875814959 11.9606710488 13.6850070448492
-1.96999612623563 -0.175618430981696 3.41137481676062 8.81984429943719 12.4443207602535 14.2556809507456
-1.9327741502506 -0.181880489863268 3.30254623397697 8.93955203827374 12.9727512009719 14.9804662800405
