9.30341134470573 12.8537103426262 21.2443199878478 39.765221770648 55.9163902700313 64.6440180172052
7.74305041887555 11.0976084974202 18.7076783611279 36.3071936508782 52.1578840181665 60.3812627742956
3.05098651869455 5.24067455373504 10.6174562461094 24.7773477352843 38.00279245333 45.3290217220608
1.80792276219059 3.58563116651861 8.02835241757781 20.7321654747812 33.0174284402667 39.9385900100529
6.37401379234738 9.12809798981071 16.9201747626138 33.8151103334065 47.7614638205985 56.7375467865645
11.1007500576651 14.74371141668 24.272202046403 43.7431959998532 59.7061537795313 69.388299307111
0.102672056029304 0.247405328256281 1.7606016561865 9.6247572546937 18.9650968804621 24.2661322969264
3.83749563556643 6.22207379190869 12.095260969688 27.0129903085254 40.713276530126 48.243309431989
1.93647265808965 3.77160215686351 8.47191635021627 21.4020391738865 33.590338306756 40.7914508147858
0.2858016187097 -0.124433492226058 0.527544934848065 7.09201435785326 15.9346895944764 20.4331962679109
10.3910888228312 13.9831938975181 23.1002321775047 42.1862657980197 58.1584704071461 67.5207541236068
0.386314491316196 -0.284524542920267 -0.0349103251255722 5.9494743427836 14.6541006015765 18.7158585938608
1.02532263383498 2.4008866845979 6.08453764669497 17.5057866403647 28.8945822048504 35.504942416825
6.22060063928633 8.92373059362372 16.682636932929 33.4256810070425 47.1853515856222 56.2217323800459
0.439555409794553 -0.352657039413131 -0.282072056238594 5.43839804271948 14.0951610158495 17.949580464477
2.63600188577797 4.71021524157725 9.78275594315548 23.5082448487518 36.4930920425599 43.6629656923367
0.224005905751348 0.333882591676997 1.84212190949173 9.71085702723471 18.936181703598 24.2555085232953
6.65426751083018 9.81534669206135 16.9495895463703 33.8548586016785 49.279355253031 57.27893058731
0.253541160263102 -0.00434176114566118 0.884140586838013 7.82602027509273 16.7583105647434 21.498557129283
0.396871310192442 -0.325277411617147 -0.149177905381046 5.71803574407156 14.4157115612523 18.3855713266031
5.40744913829547 8.43861174322209 14.7089869496951 30.8620169420255 46.3398206424639 53.6028039963214
2.97172781824024 5.24169285137262 10.5796020070502 24.7232559018641 38.0772830030524 45.3670223887714
0.838284940443487 2.05307196236185 5.5533281272411 16.59496564589 27.4845514913156 34.1244433784683
5.08562205786333 7.65863557287418 14.5354150104708 30.4530164095903 44.2287140154137 52.5537258817557
2.68894674327604 4.85256507456688 10.0268994095013 23.8758434723319 36.9579706547829 44.2128063934683
4.46888878949814 7.28884253467162 13.0954004395917 28.5783323410846 43.6170439060831 50.6521945778133
7.88712017342156 11.1971773421073 19.0255881202465 36.6635074144394 52.2519372278579 60.7477503875152
6.40942093774694 9.16239492585797 16.9935143974843 33.9074923000541 47.8258375785274 56.8457948766835
0.479825237127244 1.50096965560388 4.31929599113158 14.6581328923643 25.7240575610353 31.617817227526
1.93098876382119 3.82091192860686 8.08840632048293 21.0642300337359 34.1120803611199 40.5178544702411
3.09945656559081 5.31723851429376 10.6572410236906 24.8866515469339 38.2895565963595 45.5006775275546
2.26634766159488 4.28096908798654 8.81566165084423 22.2081429652724 35.5166650793041 42.050812376682
0.325802694883146 1.14983452016948 3.70769434311031 13.4730904122003 24.0412704991709 29.8971709686833
2.07084552710119 4.01272856102105 8.68728238574927 21.8609068081345 34.5452471854541 41.5095034441896
0.18874695661147 0.0973182551776216 1.25251170407231 8.57483221713902 17.554773146032 22.5969005390713
1.16813773713517 2.64040964245394 6.47989962055111 18.2773766663301 29.9131871756121 36.5445434165695
0.339038276563638 -0.223359549497243 0.181254851119328 6.40897277774568 15.1590120147462 19.3977115482665
2.49585046001605 4.55911171897297 9.38581151338269 23.0036848186883 36.2111293799232 43.0574557891494
5.18074763272902 7.81117540205832 14.6218412794447 30.6675281407894 44.7486331738505 52.8769703040163
0.220493970395685 -0.0481783457994058 0.806911184427094 7.69872269067343 16.5712792317582 21.3107008041981
0.436761941656672 -0.367088629115205 -0.310998957675527 5.3890832062017 14.0739562551269 17.8909022319515
0.255880283575345 0.459348845783762 2.13085615147269 10.2629120990727 19.6271067800817 25.0572864686045
1.65572462672749 3.42283030177063 7.71224569038904 20.3564323797818 32.734541040167 39.4694859297944
0.802048210389419 1.98119224424794 5.32919168748799 16.2613760763176 27.2493292998277 33.6891546180559
0.265079025132075 1.02836094867293 3.37748247240312 12.9918715257076 23.6854138946442 29.257114992485
1.21008188253272 2.68271426785829 6.68173902284802 18.5124449845055 29.9171677178313 36.8064104791041
1.46974806505949 3.12053315012357 7.28985260521591 19.6183258447867 31.6290827293983 38.410907000231
0.806211575750578 1.98789486504415 5.34586528424543 16.2862987614328 27.270480763922 33.7219616197992
1.28767137211885 2.82083026608349 6.79207899176525 18.7041566947267 30.4341371444138 37.1666136065724
0.365572132344007 -0.2849238020222 -0.0246963921106207 6.0032817925189 14.7054074813639 18.7895967336684
0.225193678207117 -0.169896088057071 0.48103342185432 7.07228205448287 16.0131186721259 20.4670908380252
0.309749033481275 0.655730099395087 2.56804248931888 11.1030460344033 20.6946273333221 26.2768076153979
5.08661029934167 8.06502881308909 14.1427008437037 30.0838987703325 45.4982567786463 52.6226746989468
8.1934022067162 11.6354064333657 19.403417460329 37.2920321495824 53.3669761986083 61.6311291016521
0.332700916796276 1.12276886113812 3.71571957743137 13.3724344368946 23.6989768186606 29.7052825296229
0.203702687006006 0.564649040551806 2.53182997465507 11.0280485000355 20.366694346722 26.1539423406744
10.2855423159545 13.9041158080499 22.8868712260223 41.9430624343529 58.0577033744088 67.2614084817661
0.109748609465759 0.145025593975269 1.47340637842973 9.07041311731456 18.326271433583 23.4517705550266
0.451872496542271 1.27191883272363 4.092063204517 13.9351565872452 23.9716585959874 30.3259232706049
4.85771450194615 7.46378694400618 13.9641893595851 29.7865848270331 43.9833410739249 51.8046804702224
1.01261770192449 2.37990604107811 6.05330754437203 17.4490591101358 28.8118716459232 35.4244058989998
0.368658988243164 -0.319157349679681 -0.0978536244531166 5.8523123894567 14.6151260635098 18.6074290186461
0.270317593962155 -0.0924866734572631 0.633940689741158 7.30690711395536 16.1805563074601 20.7554839151285
0.242037806974511 0.367207505368023 1.90293867757979 9.82309741633169 19.0958899635913 24.4188802836847
6.6474873859403 9.8327584834686 16.907468412551 33.8275645098492 49.3680908683346 57.2759209010234
0.0921357197460628 0.160590355912801 1.46998175026861 9.2102371643134 18.7429040749178 23.7039330042473
9.99029874199149 13.5277920259215 22.4738741351514 41.3220076995899 57.1825994361655 66.455892255765
0.316733459872899 -0.207015172750082 0.249936633948843 6.56290068508404 15.3244428726002 19.6257199759535
2.47622706614295 4.60358922368674 9.52278866820439 23.1934660244241 36.3788837994508 43.35969211781
6.24038661226406 8.99278560073524 16.6498478386519 33.4654083419205 47.4882122314966 56.3216603308389
0.0986400465894345 0.437951052160715 2.1573383976556 10.6012896580508 20.511263774955 25.7640413828656
0.245467406413679 0.308674476282946 1.73867201725527 9.50050261053981 18.7259881110485 23.9498975775922
1.80202301770535 3.64974922363311 8.04275854896425 20.9067921305571 33.5078358829798 40.2447285517337
5.32595885735643 7.93005224041069 14.990328290211 31.0889443858994 44.8762169617636 53.3436678017913
5.09933161797739 7.70960539738704 14.4836166122766 30.4559514548291 44.4759721400781 52.6030994969866
1.4076450084884 3.0370506924144 7.10797164913232 19.357889671288 31.4002958081202 38.0739843142681
1.81469266215751 3.63183602557199 7.94352446315058 20.7286792824035 33.3756966489391 40.0073838670136
0.0947028213171122 0.141311022182011 1.41520023234575 9.10248741933629 18.6170051667149 23.5445247237717
0.114402694169194 0.167570134061084 1.54647706937119 9.1641313863013 18.3508616617555 23.5723247658143
6.42145587138894 9.14691242649786 17.0582519561438 33.9443579629092 47.7015530068109 56.8591846505537
11.2264332312301 14.8088898105516 24.5600463112821 44.040835203743 59.7143805321521 69.6788699732027
0.367137657316447 1.19996758015077 3.86724574652926 13.6496230336448 24.0538413186512 30.1005674251487
0.231908957107062 -0.186760071742185 0.418615134596527 6.96981959397282 15.9406150890307 20.3204141959071
0.278092952373969 0.991093236683709 3.44765756663975 12.881015010824 23.0796221379413 29.0034778988076
0.476458391408553 -0.387140066814943 -0.422364178480072 5.1469249870792 13.7747690402995 17.5059419648082
0.33102909501361 -0.194803799792573 0.272061732228246 6.58411809325508 15.3591793667625 19.6607375265575
0.957768085729216 2.35193503540964 5.7299287214027 17.1700308366631 29.1235459132078 35.1705865340247
6.70410829715837 9.99339460171886 16.8636393679871 33.8841031449981 49.8984948866056 57.459322240963
0.478298096755133 -0.394071345015653 -0.437581208096525 5.11636025028395 13.7571298863809 17.4672448569784
2.35537905040338 4.40349848236484 8.9969907566855 22.4983664480156 35.8931741128136 42.4419425632388
1.0957706855181 2.50510067434383 6.32554324365694 17.9521286074151 29.3102716463094 36.0489042677347
0.205628908375013 -0.151410806628594 0.541342390353935 7.23753004989998 16.2711859306908 20.7289870029777
0.102224812121022 0.307465233595021 1.91156200078356 9.94016213769526 19.3804122090681 24.7360652367466
0.511899971867833 1.41542058255959 4.4196212799963 14.5017768240036 24.6041056855388 31.116843760501
0.236911210083498 0.0137947918889992 0.955261006733456 7.97577537446252 16.9150759601389 21.7177291393926
1.52889560830805 3.22436076106166 7.41516708229853 19.8591976478227 32.0436924445989 38.7694616128841
0.444775191165293 -0.357183146002245 -0.305793065073719 5.39314444450302 14.039309584407 17.8766091984396
1.24875555966946 2.80885755658059 6.49443274623155 18.4423061490987 30.7303124001438 36.9255921859563
0.299238008923784 -0.249462388313364 0.177366046485904 6.42567205471383 15.2557834824469 19.4800032472531
0.260254665620593 0.585826956748073 2.47506493434625 10.9266368620298 20.3884697521396 26.0175748045173
1.43272566296422 3.0344103047026 7.14589005296584 19.2803206102678 31.1523243534249 37.9521065305683
0.550210186338067 1.64749861517262 4.53471807466992 15.0972511375002 26.4197319954581 32.2637136666466
11.089678962943 14.6680925951527 24.329317126133 43.7412314171995 59.4383092370525 69.3250392490951
1.63751205859998 3.40032263629973 7.66306756939482 20.2890465110162 32.6802303423586 39.3842603290193
10.5412031893551 14.1257397871498 23.3716068238806 42.5245297184246 58.4166748675926 67.9096507597365
8.59263773193366 12.0997077058672 20.0358672669761 38.1718942522309 54.386161503805 62.7312438631559
0.163354147478118 -0.0406271495576984 0.915075350317224 7.92996024503793 16.9528079635899 21.7460143649221
0.395954901345566 1.00890650036149 3.38474651889066 12.6640885322449 22.6170943092647 28.5317497717487
1.72108397310102 3.52823109865734 7.85608766491911 20.6056402354005 33.1098444801249 39.8267846852921
2.0288673954633 3.90598610052672 8.48634516964168 21.5080233011505 34.1073208711029 41.010187395183
8.3303511382287 11.8271134707994 19.578270482871 37.5755623450023 53.8421165712014 62.0201972343852
0.166292361115264 -0.0898203071803317 0.746110494341047 7.68274048253897 16.8247245000262 21.4065871520651
0.864056789371199 2.19649408508082 5.48683386839207 16.7430928714348 28.5355305720594 34.5700982240554
2.92504528625559 5.22486515335607 10.3994222133774 24.5347596494428 38.1499585330105 45.1884142427397
11.683969785074 15.2871218228332 25.3189468567168 45.0355851866653 60.6653305377537 70.8601022715291
5.60113327746239 8.2414161685242 15.5040299295469 31.8096534179957 45.6215713472042 54.2396418744466
0.357358661415593 -0.306291472932865 -0.0482297990932954 5.9510765154734 14.7164295800607 18.7558660635007
0.197829320185066 -0.0693760993785241 0.798979779439987 7.65930181460049 16.5839896741029 21.3189789896732
12.229701826854 15.8450499936268 26.2351834663674 46.2208250455666 61.7483231576117 72.2525472772079
2.55383830748267 4.65253688560547 9.44789152952692 23.1546702101119 36.5646651368347 43.2890449815052
7.6226650866971 11.024799664409 18.4194147324969 35.9914794091908 52.1140021510633 60.0610359597776
4.05399407525138 6.75366637154572 12.386878898919 27.5429047394591 42.2746582957358 49.2778792440788
0.105028320882752 0.15212368573798 1.47915644530157 9.12681524353127 18.4721662785409 23.5492423880464
7.87726749625949 11.2845420888534 18.878364175135 36.5831137789583 52.624043533296 60.762037248
3.05284078370255 5.41468872965275 10.6180715067135 24.8938365987279 38.7214688560937 45.7002233674349
8.64905538812899 12.1741901380809 20.1140807123026 38.2917375918297 54.5637972942797 62.8898470972269
0.995105317988402 2.32089778933271 6.09769148722325 17.4837091440437 28.4827245830922 35.3431283157413
2.77469571450083 4.95537626917854 10.2188442034961 24.139785241896 37.2041205567223 44.5464866171373
12.3180008681144 15.9382616191257 26.3796427438947 46.411226924424 61.9345456288466 72.4787323829105
4.07567358432018 6.48988575047519 12.6062823297925 27.7108648755222 41.3367512037666 49.1066832238991
5.46382795833637 8.52270831618553 14.7859633766876 30.9894785156696 46.5656450254391 53.7862441340696
10.9661751771204 14.5553434836443 24.1020249004668 43.4637510693744 59.2452738838354 69.0120954326593
6.38554414094832 9.10959600727576 16.9869890428494 33.8509357330556 47.6236557673459 56.7474761682269
6.78628160102509 10.0855350507436 17.0062407265752 34.0766774153203 50.0972887889177 57.6973317130248
0.544546497300158 1.56059004411726 4.56908122867126 14.8942745751268 25.6051730482442 31.8577437560246
3.46409710901955 5.96952173872343 11.3755425156776 26.0331096659464 40.2274965728521 47.241711480247
0.214745408536974 -0.102917051921895 0.685730377238253 7.4336329027029 16.3349796314084 20.9823432679437
2.96661287698242 5.16062426559508 10.3581076096669 24.4690756339555 37.9037478112461 44.975051698064
0.275420010574963 -0.132930134487927 0.504273253459565 7.08053059433717 15.8983470601645 20.3954181817999
5.68590713740413 8.68843347805744 15.3152284515301 31.6025933353584 46.7551847881329 54.4412897886563
2.79099685697011 4.94133723438887 9.98481883244061 23.9198155972259 37.3086215201153 44.2645485300661
0.644239860646368 1.65233684115317 4.70756820487993 15.1355987396554 25.7836741192086 32.083196771016
2.33059337422925 4.33709278152563 9.32435371338988 22.7527475488544 35.3705700057195 42.6505129143229
2.49950076655393 4.61347064042422 9.61151242250941 23.2838703586256 36.3374359384978 43.4446940752859
1.7510704866294 3.53724102856103 7.84112558143262 20.535190589331 33.0377779102144 39.7299096233756
9.13702307407984 12.6788442317038 20.9601352563185 39.3923452447846 55.5646180727049 64.1981539037717
0.132655611938715 0.518066627721049 2.38514283817369 10.9212280647893 20.7112101807819 26.1889801729798
3.11860049786759 5.35832940482376 10.6395998216075 24.9105031880151 38.4781545460464 45.5611317910521
1.97438851652163 3.87513709023121 8.47594265186842 21.5316123095727 34.1248184021632 41.0591500082192
0.165941201689869 0.659706077555988 2.70053040629244 11.5362907821366 21.501601565048 27.0861217430684
2.12748060500709 4.09124501712262 8.52394916734193 21.7473119105048 34.9390826134797 41.4327474417902
8.04414908239479 11.5107417145989 19.0997202540533 36.9309843552242 53.1750228499399 61.231899486588
9.19304684947931 12.7605047717872 21.0289852505427 39.508658840294 55.7700515015549 64.3595644074062
1.51641931323874 3.15420867359955 7.49443640015269 19.8349962188285 31.5637402906854 38.6311609307316
0.390219323398807 -0.302530907421021 -0.0980655779991725 5.8375215756641 14.5240332665122 18.5423620740436
6.47712135740205 9.59696820578256 16.6709061985807 33.4547811848159 48.7656256731975 56.759364254159
0.240042904754593 0.67156080200178 2.76772886435293 11.4740744563057 20.9306784277904 26.7987060259303
3.7014242750692 6.09749232258274 11.7451706049269 26.5949725625312 40.5376793748938 47.7652545535508
4.22402181660448 6.68826489257289 12.8260168263416 28.0855843132525 41.932840698174 49.6169042133627
0.691850122876792 1.9060333581564 5.01925442520672 15.9232317273724 27.4244164046027 33.4171319646615
0.276512779011261 -0.050284062801549 0.731848691821842 7.51089801348612 16.4101366473426 21.0358985725352
8.35982546078725 11.8593977328755 19.6277526790682 37.6418918848627 53.909621698687 62.1009705608732
2.63636058559087 4.78072813808859 9.92044853853056 23.7138894028463 36.7514962630931 43.9935710706774
0.177600906794564 0.212052073043817 1.58596799028891 9.2235075016898 18.2895531544924 23.5431316297538
2.06383892650707 3.95182958828688 8.5684268375018 21.6302659123275 34.2375861923536 41.17010875305
0.206562022579021 0.792073512892772 2.99779218319999 12.0830256313743 22.1598303901798 27.871175039974
3.64455832205894 5.99294875285028 11.7108330200771 26.4606773633603 40.1286320527301 47.5418499036422
6.27451443307397 8.98567754991636 16.7798934355884 33.5641165005815 47.3356905298686 56.394501259868
4.12464695548467 6.56015526301081 12.6660484203476 27.8283534582638 41.5658779127244 49.2750218982054
4.83921395351592 7.39730872208682 14.016391939726 29.7676698662513 43.669626279211 51.7253888004927
2.1074583597506 4.01877520749249 8.84921261762495 22.0026976768049 34.3796827089948 41.619091165288
9.61585399427687 13.1486841759251 21.8179742569926 40.4789806496557 56.4476854747531 65.46323270919
0.105833034472825 0.297217246105716 1.87000507001233 9.87387224523116 19.335557928832 24.6424848544518
6.31414320294215 9.05955883521565 16.8098634955109 33.6601762143706 47.5992464954673 56.5459890185689
5.37184182053903 8.02814268393115 14.9862099786035 31.1772236208015 45.2659156715162 53.5101541804348
0.249412926664938 0.255592563693396 1.58887111066631 9.20536524300006 18.3879078068627 23.5205995206177
7.29857644116095 10.67481438664 17.8564315827107 35.2446165951269 51.3880776312108 59.1547880487782
0.243274178919716 -0.166385710131357 0.477307413292425 7.01942373060074 15.8817111171331 20.367628863077
0.166418903709238 0.72850354693249 2.76644333129735 11.8236667603752 22.1591754870205 27.561884130912
6.5169075721784 9.27475956905718 17.2057602671571 34.1869053659086 48.0620086393412 57.1805333059555
7.85667716697462 11.2990821280405 18.7919687374704 36.5112651163183 52.7209087278342 60.7139463526221
0.0936336868256227 0.313379711881751 1.86986794824268 9.98972221244761 19.6746349439371 24.8501503764888
0.915257956657857 2.21920218815101 5.77324371525143 16.9730302490971 28.209318689565 34.7632078392221
0.31192095045712 -0.222532963752765 0.210737175740285 6.49434858371829 15.24304393131 19.5242949742226
6.54307332785274 9.75613649583288 16.6714447136271 33.5571234692115 49.284484399747 56.9908072068786
2.68550903234689 4.77229790247944 9.88981076738503 23.6656177622367 36.6621900948521 43.866575409521
1.0661588617577 2.44128848733146 6.30638485508925 17.8444109079262 28.9577394414948 35.8511281322511
7.31682466699175 10.6746124603371 17.9154233894727 35.3000609162576 51.351033738008 59.2004755942393
4.05773483234936 6.48552088372056 12.5211809204745 27.6316309054883 41.3939650433628 49.032213773605
4.34615103302166 7.12787846374611 12.8916701660856 28.2768599273424 43.2096639407328 50.2484423452145
0.121567927686252 0.0400179328649013 1.15654855005245 8.49478998256226 17.7407701082402 22.6154266302426
5.40988729923563 8.0282282841094 15.140843559684 31.3070034821449 45.1230541195064 53.6192101238584
4.10718990590774 6.82442890063598 12.4758358373401 27.6758357935736 42.457649133314 49.457310394391
0.578199267118843 1.54872176827107 4.66910561231339 14.962198820879 25.22214319064 31.7772077628842
0.155493345875606 -0.0567871152716407 0.853311378447576 7.8868238237903 17.0404914029266 21.7081831160563
0.235175621544101 0.883660354458573 3.21557434977579 12.4681141858162 22.5906609440772 28.4181440887784
3.85907807577119 6.23704384198545 12.1749410433596 27.0986108488756 40.7062113861334 48.3349566229414
11.3673368947753 15.0302363610848 24.7122459992019 44.3282201175438 60.2884313503468 70.0886990390889
4.97587619677286 7.59708770277009 14.1958415931053 30.1080289141406 44.2981559476308 52.2032649254612
5.50619294854192 8.14414103195527 15.3060624732524 31.5535446316202 45.4248567638634 53.9347226271322
3.97121411280094 6.42856111039828 12.2478837944736 27.3427994983991 41.4169053367455 48.7284813198905
4.26223157077198 6.77475842962831 12.8063001633999 28.1497293682143 42.2971874880193 49.752641547449
9.88845419718366 13.4559624643416 22.2522112192462 41.07367065243 57.1029673578134 66.1943219425373
5.61738501917432 8.3175409649019 15.435648022152 31.8249105937097 45.9851577717948 54.3248364388855
0.349816332536796 -0.262049018377919 0.0575875086823407 6.17183957167148 14.8914059760232 19.0418214186865
3.92674432229869 6.31604896354111 12.3123554673684 27.2929858888259 40.9027674725991 48.5798040986939
0.368734580960038 -0.286115708796486 -0.0309788706131466 5.9877198810156 14.6885571384747 18.7664581916498
0.162450520060239 -0.0359098882203892 0.930363960587272 7.95591986493402 16.9740870868368 21.7829246471975
0.435232180686143 -0.347550379373009 -0.263384728229367 5.47730575412779 14.1371752298072 18.0078387901423
0.845328281681284 2.10241714752972 5.56525735429671 16.62060834225 27.7699267948724 34.2741113960872
2.51927510852853 4.57094516011948 9.50856975441472 23.1264624317778 36.1502314687568 43.1821436683201
2.16978942636436 4.1290750728089 8.9571176035725 22.2223230691188 34.8097848776062 41.9573235959806
0.404301765182975 -0.343545550509424 -0.206937297336847 5.61228457418691 14.3293979546401 18.2351493702234
0.907614952200083 2.27155502298611 5.59076629537547 16.9390285017389 28.838174562558 34.8519292182435
4.33525007506254 6.86019665123259 12.949443241471 28.353486057887 42.5096500575617 50.0094628686495
11.6313708589738 15.2707544261905 25.1880351601376 44.9105197749451 60.703426527429 70.7478859564881
0.103751393210488 0.242550530572614 1.75176939400328 9.59470128690166 18.9064985937693 24.2176392123579
0.570472283963519 1.6085254940217 4.66794732962436 15.0577050462285 25.7872618151697 32.0831789613428
0.118011225471542 0.519319054432291 2.35867636450936 10.960338693075 20.9077584320776 26.2776090103315
10.7986216136676 14.4125321583572 23.7823355442705 43.0836588420287 59.0200855439118 68.5911354732474
0.109006315728965 0.514586508234313 2.3342044752605 10.9548568543957 20.9681228744683 26.2848465190416
0.330753166571078 -0.287728822281342 0.032749691108318 6.13363403608083 14.9419520648459 19.0397841538638
10.0813503693594 13.5959296457817 22.6639267659462 41.5380369273248 57.2648031540383 66.6832666189854
6.38142205959489 9.57762321222322 16.386195596832 33.1756018510514 48.9049523418317 56.5225250905737
3.59887269179875 5.94560412337571 11.5997341935082 26.3187059455192 40.0366560507812 47.3721759901836
12.3035391030121 15.9327874890704 26.3458230711858 46.3785462940372 61.9414101302777 72.449028932852
0.186544323010478 0.794128555025553 2.90131096420111 12.0842004478872 22.5015232116566 27.9411201730519
10.5718658431934 14.128982886965 23.4611559983891 42.6066785996985 58.368671082895 67.9780997131103
0.697440104001646 1.76415657441672 4.92615171743403 15.5272812919185 26.2793939602048 32.6393981373505
0.281931989425624 1.07242758620761 3.45832105550919 13.1495480010177 23.9049251395209 29.4869089182808
1.69134251408776 3.4154926166389 7.75867195171792 20.2887695013395 32.4449919249016 39.3322604042812
4.86331560036038 7.78081706909224 13.7729318629465 29.547346305178 44.8052626064864 51.9158565921229
0.395264393989543 -0.342234529923862 -0.193168084253126 5.65113143654241 14.3887938379884 18.2996038659978
0.244827191778395 -0.066059901849964 0.726900914992443 7.52918069821528 16.3960868864509 21.0592487978246
4.75378634088812 7.61320211297746 13.6475661908522 29.3261726219502 44.3495362522444 51.5858918957153
0.281961008238292 -0.240227045852261 0.219038225334673 6.53277073636296 15.4083000683537 19.6505271927452
5.49179538865781 8.46423676047311 14.9800582390913 31.1437328200057 46.2559384097955 53.8653438811606
11.947534248993 15.6050957787553 25.7125363189763 45.6008986904783 61.3711718655639 71.5677101202459
4.55770930944023 7.10724834676661 13.4078712641688 28.9795621773863 43.080777296518 50.7824116825571
0.251601155165705 0.993283102829589 3.30879808684348 12.8627232018648 23.5162085744875 29.0707146578879
11.0845539675208 14.740210977218 24.2321328657235 43.7060423948699 59.7228287693708 69.3561366638745
0.351487630144109 -0.299252987771009 -0.0215089442211247 6.00414379827791 14.7708590835949 18.8354467172824
0.125322942951418 0.0816089507303635 1.301135501595 8.68105457155079 17.7821675310917 22.8581438869452
3.80735930695727 6.22813745459267 11.9401890741861 26.8869760474468 40.8873373667298 48.1424007043647
0.222297061854272 -0.0583065937733143 0.776448184297506 7.63906916780257 16.5033495212963 21.2225768424155
3.1080463650748 5.35270756599295 10.5984396920452 24.8693815931313 38.4942127943343 45.5198004650722
0.333574674116187 -0.250923514122976 0.106196600548204 6.27883035417198 15.0071193874644 19.2024250826676
0.280362624063299 -0.182115728069175 0.360457066381883 6.80351650472513 15.5802208589941 19.9852121997628
0.229776898832126 -0.0793705178180685 0.708422780811249 7.50381848317673 16.3528160732239 21.0227897702668
0.191002672179659 0.0238141735630949 1.04521027771922 8.17355319004341 17.0921299744163 22.0092528884016
0.168210961164306 0.157671128004595 1.44867307267645 8.96137129397299 17.9746665706516 23.1611529138146
0.166114930132633 0.311896556859819 1.88245596203886 9.79549491302576 18.9228069178565 24.3726519395088
0.189306336216144 0.495251453353013 2.36072916973274 10.7036714444234 19.9788193242262 25.6850209399531
0.23137852185764 0.68570257434886 2.83159747857281 11.5862787051296 21.0178914150085 26.953763880119
0.296764095900509 0.916485666224758 3.37946690567108 12.60445326882 22.2302738474899 28.4124152523216
0.417033240916366 1.20968191491759 4.00311050423954 13.7466072218158 23.649717898024 30.0420437066227
0.579506069143359 1.5553551244929 4.69876879589028 15.002242151122 25.2345287587361 31.8266185341626
0.807835415085414 1.98727992412896 5.51789942364301 16.4503869751464 27.0854624315893 33.8735392360604
1.09293567893964 2.47673620128791 6.38656862493281 17.9528405558616 29.0389674450399 35.987240114564
1.4428324732671 3.03371801076394 7.32819768203055 19.532663034732 31.0926516147849 38.1923662510756
1.85516415309886 3.65038210918351 8.30732970457868 21.1272718411017 33.1851647003778 40.4028960462142
2.31358864583655 4.31043380233913 9.29723766556161 22.7035424377871 35.2805181171834 42.5772598953197
2.82164566006393 5.01892484942091 10.3089116439762 24.2765864536621 37.383101690907 44.7317415599896
3.39571476189867 5.79058738115985 11.3780268646992 25.8925710876589 39.5166949944707 46.9175564441351
4.02516866368493 6.61577904131153 12.5224904550395 27.5884011213294 41.7024070702217 49.1862371312378
4.74330574434546 7.51345221521208 13.7449281871802 29.3456124534077 43.9016342321487 51.4877935331128
5.51325286879281 8.45627042706597 15.0516574275605 31.2002672113426 46.1547991488642 53.891234779542
6.36695733966158 9.46752888508238 16.4868854620343 33.1993848495577 48.4720966875066 56.4357768320271
7.30377452421282 10.5412001019249 18.0536133410558 35.3446336700738 50.8380132911533 59.116831539734
8.2877656270998 11.6410795973544 19.6944446068788 37.5643888571089 53.193905501375 61.8530922999699
9.28238912313968 12.730256703187 21.348944483017 39.7817918293758 55.4749986178469 64.5562372385333
10.1815859647099 13.7002967622428 22.8334472017903 41.7592766076599 57.4720779917298 66.9461629815998
11.0324931754147 14.596717956849 24.2519483957432 43.6246661816715 59.2729748690958 69.17384315702
11.6549820793147 15.2449192346592 25.2889548416341 44.9802763915024 60.5576699129284 70.7818455001782
12.063773327065 15.6673129847133 25.969143589202 45.8659975280971 61.387249113161 71.8277119832405
12.2625826486081 15.8761660804953 26.2933042963579 46.292864736276 61.8037837500947 72.3346816714761
12.3567200104833 15.9809642971407 26.4410246096838 46.4943399892463 62.0231136429771 72.5791065065028
12.3014042588471 15.9388004736463 26.3347755528156 46.3732654017209 61.9671387499502 72.4494722139668
12.153329800412 15.805050787355 26.0694937843316 46.0502129072017 61.7394040062159 72.0855496222862
11.9075155965815 15.5677325087335 25.641778196662 45.5133227980103 61.3048763065631 71.4678236000154
11.5517153547255 15.2166066465421 25.0273373833196 44.73324281555 60.6464406782978 70.5627440591132
11.1097727827662 14.7678456649349 24.2734519911404 43.7616093282556 59.7799693631403 69.4231823076572
10.3984263987245 14.0314617714369 23.0668610785139 42.1893867548645 58.3273031505188 67.5621995539458
9.50762297315343 13.0968511199099 21.5582250165129 40.2098709117954 56.4561515819937 65.2027589073367
8.54256806143876 12.0615530037441 19.9332041516305 38.053488421458 54.3361242591009 62.6044800716142
7.57763496356722 10.9946072269156 18.3180845000554 35.8780119861913 52.0853741903031 59.9432838125769
6.66731274694058 9.95322198355625 16.7986471264612 33.7975216221565 49.8136596256769 57.3535128423151
5.80969826636334 8.94071119650939 15.3603802603366 31.7985602110467 47.5298569611294 54.8228721054181
5.00867909248185 7.97034997238526 14.0104740505352 29.8975217002634 45.2774332709162 52.3830770929633
4.2941700302713 7.07058213171759 12.7921708157156 28.1445804332915 43.0875544202637 50.0861365635731
3.640691131829 6.2224773912753 11.6483784298129 26.4686012333804 40.9298926869082 47.8563301536449
3.05218521028733 5.43170560752252 10.5804291540739 24.867815970252 38.8103240791021 45.6936673522494
2.50871852070724 4.67818317090247 9.5294058227112 23.2607502936082 36.6771273974289 43.50078691489
2.0143273449316 3.96870811711017 8.50177486802198 21.6518835929949 34.5379489585068 41.2858511163135
1.58400338265538 3.32133603740993 7.53701766860479 20.0893320838337 32.4273670703092 39.1096174582309
1.21759692024806 2.73156328851453 6.60037915320914 18.5111542866634 30.2995352977086 36.8908905659874
0.906408449963047 2.18514029101668 5.67434621655621 16.8963293756042 28.1387542170348 34.6034387532505
0.656546225520299 1.67819925655179 4.74192220329444 15.2092851344154 25.912332967349 32.1945578765432
0.464627235450129 1.19215807173641 3.75411370334568 13.3678355237206 23.5457417241033 29.5495183658659
0.314180034057464 0.629688641545997 2.48922291728554 10.9472603218725 20.5229985977931 26.051233421788
0.255014578191684 0.175807506491816 1.36653277108597 8.7605889916104 17.8845255219062 22.8800729549568
0.221556607494689 -0.00782987836366868 0.928030190796003 7.90215403100617 16.860960341256 21.6524490646546
0.158896102084111 0.0142393067655694 1.07768691872465 8.2163604853889 17.2136418688514 22.1523114033361
0.116668379500628 0.134894279184842 1.45733675307462 8.98545486442358 18.1311675976894 23.3073701571085
0.11540692018418 0.332124316963453 1.97881652804854 10.0215595302517 19.4050298363729 24.8370021874466
0.152303311945169 0.586466345883349 2.59820893025602 11.2256973086992 20.8952235420638 26.5962735110681
0.253336127895987 0.904127178897124 3.28263089425121 12.5280920581397 22.5562864995987 28.4787308808398
0.411860857380899 1.28548746670433 4.05902298259706 13.9551439397631 24.3609493584597 30.5174033936276
0.638184491819428 1.73339146411397 4.90970576297802 15.4706831896661 26.2833419080675 32.6587128257857
0.927244153173771 2.24026396330964 5.81805332105667 17.0453022372762 28.2862202465635 34.8618617780238
1.27292990642071 2.79478510527951 6.75917088734477 18.638090229485 30.323237570332 37.0696202960101
1.67283505951202 3.39030251639 7.72328769727401 20.2309116123561 32.3652595356411 39.2536329821871
2.12753405378239 4.02980909304135 8.73792605158907 21.8630057448682 34.4249998683887 41.4627962913974
2.63939286368819 4.71046516978914 9.79789616459261 23.5193969534545 36.4729092891929 43.6702848709621
3.21606133124981 5.44153997145304 10.9504732204225 25.2636456129072 38.5342448212932 45.9530851773896
3.83857311611718 6.20242061855076 12.1648082705979 27.0566375063284 40.5720927335621 48.2643178054544
4.48370848822834 6.96172996780996 13.3983242205962 28.8326826528803 42.5009437596073 50.5156539455363
5.11627505830983 7.69024444613263 14.5991735692858 30.5354905208314 44.2922069998273 52.6516852679033
5.67531738204338 8.31897339247834 15.6562914446901 32.0090969883532 45.7834677614634 54.4786163014954
6.12520691110273 8.81645281730836 16.5078177737654 33.1810717182705 46.9317960086664 55.9190583574891
6.38087718809165 9.0999853745322 16.9853291253707 33.8402649394475 47.5874492794125 56.7292461501119
6.49822617318245 9.23442712069131 17.1988848462507 34.1421306859244 47.9096657990083 57.1042047224917
6.56216236824139 9.31374945267272 17.3070570794123 34.3059378222597 48.1169756762349 57.3140394221786
6.52715996429841 9.28612660927583 17.2252186242388 34.2135158664639 48.0877490010316 57.2130030055447
6.42807666190031 9.18798978196748 17.0229446534283 33.9557790953338 47.8974253708789 56.9093934227583
6.25827882970653 9.01199876708853 16.6848374051727 33.5123610773803 47.53034863794 56.378569562499
5.97526771818556 8.70801205734049 16.1309104058192 32.7683872759662 46.8619247201756 55.4759236201395
5.65957528817414 8.36480368374794 15.5164342943014 31.9365411842137 46.0949855496782 54.4623355589497
5.19920174426687 7.8522860551331 14.6229927877406 30.7072458937138 44.9097248845338 52.9488750427769
4.63647596350212 7.21206843395075 13.5320168157966 29.1831480069157 43.3817767876477 51.0537483307575
4.02816637676472 6.49956525493221 12.3511236778978 27.4989297550783 41.6086927285708 48.9308876210661
3.41786809156435 5.75945398466267 11.149906347645 25.7460244646745 39.6781431421562 46.6871106155397
2.81575395856064 5.01037221836141 9.94436432216955 23.9586545690326 37.6569226036896 44.3746342293778
2.28400796024199 4.30952100870188 8.84616930388177 22.267492610299 35.6210636167397 42.1370282222499
1.81045984313206 3.64892367072338 7.80562493925462 20.6140875267991 33.5645147908809 39.909795011787
1.38302996981277 3.02252659674721 6.80663730623844 18.9884366965203 31.5049602720092 37.6923156376192
1.00574644351291 2.43675422077772 5.85714472840813 17.4033695347373 29.4629049697067 35.5040156605077
0.68699690188758 1.89905427552321 4.95256638471826 15.8494279466768 27.4455487825197 33.3321797578549
0.44173126877866 1.4269501298733 4.11754822951332 14.3605014044481 25.4955846571569 31.2214016332246
0.254632035984399 1.00688546347169 3.32954898453226 12.9138541127626 23.6044503799807 29.1493181902329
0.146405938982434 0.665499955463689 2.63294291324655 11.573274464817 21.8438597359255 27.1999365465528
0.0895340484494389 0.376099445085911 1.99743802842517 10.3098302972303 20.1875025068724 25.3433538042084
0.094612211198476 0.151552662503095 1.43783687461156 9.1538732089105 18.6921293875635 23.6222279305087
0.140401988923683 -0.0284406860091188 0.92853641099746 8.08242987320852 17.3419760908871 22.0130099804968
0.212449427999174 -0.169253756445959 0.48174637059155 7.12491853805319 16.1557843493112 20.562554986753
0.299055240443022 -0.269094672162377 0.11647052323684 6.33324956698529 15.2016220394753 19.3530025117717
0.375853004281219 -0.330892284469386 -0.139745511414547 5.77166712176071 14.5349308650599 18.4876454991737
0.431510852543114 -0.366696618495404 -0.303512488389484 5.41020273896723 14.1070500192924 17.9265254866457
0.473223346029843 -0.392004354993009 -0.424664034466843 5.1453303477777 13.7948815666345 17.5139039502731
0.486637389408451 -0.397656932983513 -0.460405219740468 5.06697587172147 13.694372256647 17.3876388749182
0.483494616199255 -0.395272070912762 -0.455590270395127 5.07974589849926 13.6976745312876 17.4027970434125
0.463229870878638 -0.38261603272637 -0.402648421983457 5.1991097595125 13.8223244332896 17.5818697234176
0.425581677119033 -0.34887474245226 -0.269550605273087 5.48601062870469 14.1361704636565 18.0133322819479
0.381274348491146 -0.302912121917477 -0.0927349444717276 5.86101212734858 14.5490513800782 18.5762830329708
