7.6835797820695 12.7356411635209 22.9056169610285 41.6335335082859 56.5967763330623 64.1364865250197
6.65302500694138 11.4431359176074 21.02641657119 39.0326710279666 53.6067898478514 60.8975611333435
2.11053921439018 5.64527756176045 12.7093465246062 26.9879385480924 39.1203827527827 45.2366751877458
1.15735097264507 4.21484844616938 10.2762691765626 23.2334000088938 34.5547257430388 40.2418563217895
3.9047218056512 8.22102830894713 17.005940437199 33.3358496405643 46.5514360753677 53.3598941441402
8.54714213748389 13.8131911861889 24.5040993123496 43.7968178402997 58.996774341855 66.7613807997433
-0.875232975848405 0.727113364179782 3.88845444597243 12.8193587134772 21.518823313378 25.8157253494716
2.65924984363483 6.44367488987046 14.0399416754743 28.9965209494662 41.5291849680014 47.8595706771396
1.38435108699899 4.48383997302084 10.6054867142114 23.6280648920895 34.9616529322764 40.6697949187729
-1.12105905675083 0.180728275007471 2.78709595138421 10.8573992215235 18.9529882261207 22.8922651300523
8.1738994640107 13.3437623935081 23.8144498086956 42.8624582441397 57.9512380395123 65.6288470558871
-1.19571233772802 -0.0112359483180891 2.37501547404413 10.1414708655226 18.0454521471581 21.8496348667253
0.432396311748705 3.06923152604809 8.27067081550502 20.0547920618543 30.6254281220989 35.9281203969364
3.7681662917577 8.0169030113213 16.6769650955211 32.8501842735748 45.9700265364651 52.7494318785979
-1.21595112405156 -0.0819953153151228 2.20851124554145 9.86136976428447 17.7046166103409 21.4569057625126
1.82101530447345 5.21820503206614 11.9885268163449 25.8886241508713 37.7961224580955 43.7874027609912
-0.940497911798817 0.65759880101407 3.82620307279907 12.5843265362759 21.0683892393968 25.2813913347574
5.79909858552428 10.3640491726177 19.4624790472931 36.8234329752842 51.0109350151158 58.0903695865501
-1.09757207640809 0.287481492190101 3.0508098625441 11.2773664620972 19.4378377236627 23.4379722600107
-1.19201633127474 -0.0307637035340464 2.31094171255503 10.0541630293829 17.9667835660892 21.7609355428375
5.11460664789493 9.49618435382487 18.1598757951178 34.9901008340213 48.9110380742567 55.7762269286164
2.55781185816467 6.12853856596719 13.1777219070296 27.6090766062018 39.9133287650671 46.0591742394204
0.161757826404255 2.63849274576204 7.52106795355341 18.7075883284458 28.7974209906252 33.8871797764783
3.26515365184288 7.30612058232285 15.4894615870078 31.1293544821027 44.0016653457757 50.5867815261476
2.25553059588343 5.71195921108475 12.5352323362704 26.6265478799736 38.6995659151577 44.7400447048171
4.32572106717945 8.47877428374336 16.6632521697176 32.8237006207747 46.3255322436135 52.9715005489823
6.58234811862016 11.3520621450973 20.9139656357459 38.8574810444332 53.3620400507882 60.6513006273498
3.91020716367712 8.22709451790648 17.0176258929512 33.3510180652989 46.5646479422152 53.3782313577766
0.00274222081344632 2.35857079176666 6.97481009460416 17.9849584905965 28.0927293760243 33.0955780197978
1.48251576500849 4.71870986630011 11.1123144508692 24.5609567180644 36.2431193145892 42.0323952885885
2.19801046288663 5.77471677594881 12.9191864563742 27.3127360613304 39.526799555441 45.6678780884958
1.74749292046268 5.11777419165737 11.7918605715177 25.6099633956147 37.5180697583291 43.4287548342585
-0.258858676508985 1.90162414635462 6.13810568608571 16.6069918670474 26.3466816875986 31.1784065835755
1.69287481659834 4.92339276996999 11.2881278108913 24.7095354387238 36.3448183912418 42.1591053545955
-1.09176336320868 0.37149097055582 3.27416338600134 11.6477623491941 19.8729051342262 23.9356414482064
0.674674781609396 3.42861061697723 8.84901599098988 20.8582328718719 31.5317946044538 36.8813899696968
-1.18814304776418 0.045855848795769 2.52355232556869 10.3816054658715 18.3230073416513 22.166526048737
1.82973954972018 5.23489083009645 12.0019720910039 25.9226052176252 37.8706502118621 43.8408415816544
3.42099651991904 7.53856444488536 15.8603443260201 31.6875971886326 44.6872842380982 51.3033317888186
-1.15088675795993 0.219685416804412 2.94631529353949 11.0907562008212 19.1783678583989 23.1450499566908
-1.20012947210642 -0.0667073257698128 2.22082891190612 9.90401936944009 17.7881256599452 21.5513871497651
-0.856009463028045 0.812803265843795 4.1191827056564 13.0778219530614 21.6979780487948 25.9852454882985
1.29799558027511 4.35695672190226 10.3740814165643 23.2855195552742 34.5847372542469 40.2232346790664
0.17727114276463 2.6465097216282 7.50897751458553 18.689978585162 28.7951343024354 33.8687750146816
-0.268550471493416 1.88173077045865 6.08906245508554 16.535150531875 26.2811992621752 31.0809678897904
0.602333916220902 3.32894815412165 8.70738137930264 20.6236816951169 31.2076551662455 36.5472516750988
1.02203980999527 3.95210376446549 9.72178389723448 22.2496659884408 33.2752882967799 38.7990571748428
0.178442621714135 2.64883073302531 7.51401395068575 18.697866569907 28.8039678243816 33.879450072829
0.692326965605141 3.48834070992968 9.01274834184678 21.2409087291318 32.0982737406365 37.5477286118492
-1.22227294692171 -0.0265771655612343 2.37511114717335 10.1211015375865 17.9866792818595 21.7793817838915
-1.08784038089234 0.22803677213914 2.85234032300126 11.0282598827539 19.2418238560968 23.22283868337
-0.721293435001409 1.05934026276835 4.58243265141312 13.8534051248272 22.6842920442837 27.0842946644665
4.89315260915569 9.21344832017295 17.7410367202428 34.3916844143338 48.2092022627476 55.0093869043526
7.02978325382892 11.91771836746 21.7072972022692 39.9854006321073 54.7233792775467 62.097843605889
-0.332399475712986 1.76994170723819 5.89931073892973 16.2013659914842 25.8123707564233 30.6039547086107
-0.878177555876515 0.857914915346249 4.28216810745502 13.3470509573214 21.9972292325284 26.3343698554821
8.19546064271294 13.3756318347659 23.8496239520667 42.9177557950956 58.0345906806276 65.7041472370105
-0.925636320967399 0.614473382254001 3.65829166207585 12.4255788544199 21.0208905622709 25.2507584163571
-0.422883635658037 1.67846078840603 5.82299191140543 15.9180183421245 25.2562979305059 29.9727529130131
3.31536745520055 7.39528190229674 15.6135744997432 31.3354710149021 44.300450292696 50.8607958375442
0.416749378033652 3.04407723017547 8.22659314918528 19.9839642203319 30.5365154217071 35.8311330122446
-1.16728565245501 0.0170541813934912 2.39806721286258 10.2249186398535 18.2095108399028 22.0361395504536
-1.10420208147231 0.220862659248724 2.87057107315862 11.0029559637862 19.1390756662526 23.105062882879
-0.909066658811632 0.706046635176579 3.9088976060627 12.7250445426181 21.2534656787627 25.4869173699373
5.86153707700656 10.4443035538487 19.5721937080397 36.9864991354115 51.2187471219319 58.308275475688
-0.852261027540975 0.757759496107965 3.92794342538576 12.9010112303246 21.6594874215224 25.9426461585116
7.89586998963863 12.9945062728206 23.3112710015949 42.1732057397457 57.1612984225316 64.780518011362
-1.1934268445497 0.0582856942512794 2.56656373049662 10.4485677703645 18.3940774326553 22.2473160428166
2.17752810793315 5.60427938326979 12.3521799575898 26.3582064780731 38.3985405035864 44.3922483928558
3.87318477890779 8.18090075901 16.934830417973 33.2379996894614 46.451103755849 53.2396147984324
-0.672240109090139 1.12659619751754 4.65617813222606 14.1404022606141 23.2405333161867 27.7114856064155
-0.933113148995908 0.645497236004895 3.779043923931 12.5083792523687 20.9864460191104 25.1856042404744
1.48870859354631 4.63319562570242 10.8162418574717 23.9815523532449 35.4583199757231 41.1749515725434
3.37835375156692 7.46639141560138 15.7570480858145 31.5195094601833 44.4511971285177 51.0804548239619
3.3617522210296 7.45158681014034 15.718409376562 31.4776057995386 44.4374966210785 51.0368622225377
0.996792033649299 3.91397749346366 9.65267158481299 22.1439137184009 33.1534592619725 38.6568052619747
1.2845935939617 4.41500816758991 10.608037384209 23.7690225122004 35.2484006771771 40.9727908499202
-0.862505245899118 0.735399499058248 3.88232116030339 12.8228385197958 21.5602761893537 25.830044706563
-0.939276634534573 0.595580393750888 3.62931481975563 12.3673537802608 20.9299227861116 25.1562532680838
3.85582380792695 8.14169670066642 16.884604288467 33.1493913406337 46.3112246604491 53.1217695382091
8.4555308591813 13.6900840406534 24.3467044236703 43.5699760582538 58.7016749346344 66.4703978313928
-0.284355828898586 1.85557431890905 6.05912030284976 16.4650801726767 26.1445782613454 30.9721138964895
-1.08416763435446 0.230602214650746 2.85089335971654 11.0294449893492 19.2516341567012 23.227651608343
-0.412079875947309 1.62545963237136 5.62722071901271 15.7507991150337 25.2446565013823 29.9732557727557
-1.23113696574113 -0.124293252064261 2.11374765340668 9.69513045152491 17.49318922458 21.2118805937513
-1.16854943803436 0.0825147795706141 2.59386846932482 10.5071731471445 18.4889326613179 22.3570399387594
0.57738382988688 3.30613602808414 8.66309391029801 20.7064350714001 31.496182949443 36.8288190601471
6.1592639688364 10.826854785077 20.0984878554737 37.7518117934307 52.1724399458777 59.3072157067756
-1.22114294471809 -0.116175703110527 2.11835203147497 9.71538705755493 17.5364450953869 21.2610099843153
1.82336670564852 5.23180605286365 11.9841977996453 25.9060338517219 37.8786474212908 43.8210260015178
0.513669020207946 3.18767510029519 8.45756678387332 20.2247959332308 30.7173241620766 35.9989955964497
-1.0599675112128 0.289157509264046 2.97258177905427 11.2438057829054 19.5291104279577 23.5421940822597
-0.83145394601747 0.81643439722053 4.06425797964938 13.1220784145516 21.9093704826775 26.2521455420157
-0.357700489414207 1.80402447266717 6.06574884123077 16.3155653392599 25.7475771052314 30.5218245592572
-1.10136705799122 0.299696074567245 3.0909191469282 11.3413341650215 19.5078836968452 23.5180321206329
1.13401663261523 4.11709784626686 9.98651397911316 22.6727079838991 33.8147000699941 39.3829134314665
-1.22606347636414 -0.0957054034669793 2.18708650276147 9.81606643889148 17.6358204295587 21.3771058711078
0.853573415281801 3.74463557556486 9.43269368437137 21.926760106718 33.0031890527113 38.4861735138151
-1.13479069845473 0.107536808977244 2.59665974498371 10.5747344088061 18.6557488564254 22.5516783624565
-0.801143318777654 0.942319287418326 4.39129980274172 13.5333135563038 22.2628735662727 26.6223213123496
0.817904526941778 3.68518879647413 9.35647927278385 21.7830921891097 32.7656245113907 38.2811219799056
0.128023019502081 2.57114163343105 7.35556379153165 18.6077788810117 28.8835261284958 33.956283748254
8.39570817673566 13.6156138978665 24.2356923887387 43.4206962153912 58.5376907637714 66.2906491914055
1.29227389238194 4.34905492199103 10.3599834936669 23.2648022641382 34.5620978988801 40.1958419300027
8.21088004877344 13.3877646972602 23.8857511235463 42.955766759864 58.0445101209745 65.738561451318
7.32873852135202 12.2943620543156 22.250493587032 40.7399364847264 55.5986222238658 63.040314020361
-1.03608597363915 0.36490718662822 3.14868250128774 11.5395065057647 19.8832117958028 23.9621191372274
-0.506348266471665 1.47238461769607 5.37866623001183 15.1795501836411 24.3541262925404 28.9479789056083
1.3947797860587 4.49766581636944 10.5987716378708 23.640443419071 35.0324356453911 40.7093613148165
1.37962596616449 4.55646726703318 10.8596581836196 24.1497468217533 35.6894976883299 41.4759733066667
7.21277451157158 12.1511844568159 22.0348994463689 40.4464633475441 55.2747674980228 62.6804295671839
-1.01801413448842 0.389197875608202 3.17966519812973 11.6068806038192 19.9979891631046 24.0725670703491
0.470663766244219 3.1343480753368 8.36174003412651 20.2251261731705 30.896388293334 36.1733177103019
2.66262892024609 6.26904458164959 13.3719953748915 27.9126821285732 40.3163244273105 46.4761021532769
8.67406612870861 13.9628026653686 24.7496557591557 44.1129222349317 59.3032885891062 67.1256469973541
3.51169370508045 7.6553083089464 16.0713749128226 31.9776439622621 44.980031753029 51.6594073870667
-1.1643163579312 0.0278817057492553 2.42440398948755 10.2694828568414 18.2634276224913 22.0997229242778
-1.07439828338067 0.286428594942469 2.99727744819185 11.2580056131281 19.4992998494356 23.5271730480647
8.90383592079565 14.2503707072495 25.1783329996343 44.6861634419682 59.9298779839474 67.8094520359712
1.92966757229102 5.38667654492351 12.2512201703629 26.3105518336264 38.3560687543861 44.3556832279709
6.73862376984278 11.5549881263944 21.1675061721176 39.2433549792251 53.889390898591 61.1797950208012
3.915612701611 7.9425926783754 15.8730388995945 31.6617956321937 44.9179485233682 51.4498689430352
-0.900367724605393 0.662672115737495 3.74864460127656 12.5858504522023 21.237051066829 25.4861685635766
6.83502865436815 11.6738739775933 21.3504892975543 39.491846369641 54.1588195859546 61.4834164889996
2.8460255627416 6.51923497413565 13.7487998568143 28.4880598953665 41.0337740900038 47.2484953991864
7.39182656612735 12.3750596136857 22.364429007783 40.899206171642 55.787225690385 63.2397870621601
0.30241029823305 2.87091820472608 7.93863027380421 19.3811525202546 29.631573585488 34.8172771140373
2.29809868215598 5.77045996386372 12.6302187363641 26.7666500972678 38.8618621588169 44.9220498846814
8.94747508437 14.3055108343706 25.2593050015386 44.7949713367138 60.050793329311 67.9397261643831
2.74389916677044 6.56332131883973 14.2479328317083 29.2996021374535 41.8692661319236 48.2459547166031
5.20230379680002 9.6099390418977 18.3222800100211 35.2277072718135 49.202350570952 56.0867043890107
8.377267818601 13.5934597798949 24.196494263806 43.371910431203 58.4951120372432 66.2379248598969
3.84591710699887 8.12805375742638 16.8610942975173 33.116474949955 46.2758310244575 53.0816423550711
6.20963007539963 10.8903077474806 20.1923097462637 37.8835557506064 52.3244026376008 59.4736364758773
-0.0718357335356942 2.22753474859268 6.74877173349654 17.5951456943567 27.5603350301526 32.5426212797479
3.28131296235208 7.10443612880359 14.6314239660956 29.8166699665631 42.6640776346554 49.0159051659289
-1.08780865135486 0.249894566365224 2.91796949725312 11.1213640447854 19.3280987962832 23.3303240146672
2.14432417694741 5.69796861713099 12.7854315523998 27.1145859338891 39.3004704810455 45.4106669492895
-1.16826900884409 0.137111816589922 2.74592339345819 10.7532131131626 18.7700637777667 22.6778367146127
5.09535478044029 9.46855919943316 18.149141545792 34.9542623269854 48.8146105183 55.7037384042113
2.04103012636107 5.54693436331894 12.5283444645797 26.7256135664845 38.8384906061063 44.8997766092684
-0.0610998387412613 2.25210616134081 6.8097058850048 17.5455305242688 27.3481139248885 32.2698184262669
1.81880469563476 5.10268602068777 11.58960100886 25.1637822262288 36.8753326266006 42.7596187174926
2.12791424078071 5.53550316692121 12.2540848028973 26.2022151610663 38.1906800964384 44.1768487559866
1.20237433636463 4.28985150567665 10.3986832095535 23.4408268159151 34.8386666980777 40.5327087589048
7.60420992630411 12.6371470212493 22.7588441514381 41.4338647845853 56.3749334931687 63.8922015186702
-0.674777361188739 1.12311026718218 4.65748993750295 14.1315586585114 23.2059344547555 27.6925101388659
2.26617090395107 5.87725859039502 13.0837921629697 27.5683028680488 39.8495955040405 46.0058650311424
1.59136453522538 4.77966033873421 11.0603960798157 24.3562137268028 35.9067066186787 41.6802282402227
-0.583548423940456 1.29945561856098 4.99782364572336 14.7047389986926 23.9347963922853 28.504151749031
1.63519490545537 4.94908864686781 11.5060296359916 25.1696816454379 36.9828327665406 42.8442916671401
7.04122991852521 11.9362834123772 21.7197998879356 40.0115005288833 54.7788625925735 62.1403270900163
7.68406001344041 12.7401497956582 22.902940973978 41.6356111107276 56.6157763663437 64.1447026580864
0.926157653186263 3.8175923650905 9.52571320725698 21.9280746634522 32.8387314226229 38.3441709086439
-1.21866838435156 -0.0424910095764389 2.32549791844602 10.042645258851 17.9007414575598 21.6816666482353
5.63481597379011 10.1549336165846 19.1604861114369 36.3904752830874 50.4936115099202 57.5327520517372
-0.80292683457458 0.989501114956823 4.52699274844025 13.7585978884579 22.5233050494708 26.9232100620072
2.68324456793382 6.48763354264463 14.1003664704669 29.1016970904927 41.6879874652363 48.0036502821247
2.89483258457915 6.78335099407653 14.6054891782546 29.8393446718529 42.5262056779365 48.9474149996541
0.275059624113474 2.81746057954339 7.80279040923905 19.3299225032606 29.7801826142543 34.9508750819324
-1.10577098322748 0.244923154978258 2.9445471456706 11.1037194149309 19.2334762134452 23.2057336446353
7.22975365901527 12.1724277396789 22.0661247597886 40.4894539340987 55.3235738551029 62.7336666253571
2.20247117374649 5.63841257620969 12.4208183606193 26.4512229377746 38.4833466468116 44.5044089738878
-1.04349954552449 0.490452265788427 3.527178137249 12.0756309253403 20.406146247061 24.5399722857695
1.40041589650006 4.58768423463138 10.9138268959976 24.2327820046113 35.7885896763868 41.58621479384
-0.510521795385525 1.43874121924097 5.26647758212481 15.1528518721463 24.4984497649057 29.1349763772293
2.55593838349019 6.29529625148168 13.7901059226765 28.6248184553937 41.0933498352697 47.3791557417758
3.79658301173672 8.05758381217082 16.7440025452218 32.9476453798938 46.0829724176092 52.8716462216291
2.80837149241366 6.65725201219956 14.3995907821972 29.5300896065052 42.1527574185304 48.5475066102828
3.19947933174046 7.21672610619811 15.3315257275136 30.9062531078761 43.7636030860712 50.3092403858505
1.57312649530063 4.75435892866921 11.0380490513682 24.3051308975325 35.8062409454268 41.5929204905562
7.75222013838642 12.8169249697157 23.0407595501142 41.8086180938327 56.7663298029086 64.3397882442756
-0.828047863433468 0.818736067417493 4.06457238631199 13.122954627179 21.9144175299415 26.253488314051
3.87618136733193 8.17907009525622 16.9367934090662 33.2361841125723 46.4368420260437 53.237189456954
3.51037355577743 7.66578089394985 16.0726456680929 31.996349069314 45.042176649291 51.6922942609678
-0.954543676976415 0.590768946232757 3.66100273596642 12.3116993024031 20.7445629092932 24.9125560977729
6.56813761750056 11.3422770802221 20.8509884133072 38.8058619912888 53.3949187233666 60.6352390410141
-1.11011096374808 0.185745253686295 2.77565101928343 10.8804272119162 19.0314660756153 22.9894976823247
-0.465901264378441 1.518396106453 5.40347299764007 15.3948053078751 24.8381095910027 29.4811407944911
3.94121190067872 8.26975279818183 17.0907578437 33.4533736928645 46.6750138986105 53.5029306994479
6.91791767143594 11.7812427075143 21.4940120101565 39.6987678164567 54.4194731915491 61.7509001026249
-0.767243727614667 0.93563995778773 4.28402885419877 13.5064992967883 22.4268559107649 26.8081207119581
0.319591590839268 2.88520293497084 7.94264779943628 19.5281113660713 29.9699586312407 35.2066405236451
-1.20746987488842 0.0387399826675887 2.53349987998614 10.3889067386439 18.3122960685153 22.1534904900039
5.90730560723095 10.5049727088215 19.6465924798139 37.1049732619545 51.3876101964714 58.4758450758098
1.84959157638168 5.2604297095112 12.0607913197323 25.9981948191594 37.9262506179893 43.9312905553364
0.392775403969905 3.01147519524117 8.17857738936749 19.769696767252 30.1225887755316 35.3582722927477
6.52655378765886 11.2880323585572 20.77890455104 38.7007908114701 53.2609448849841 60.4983002949207
2.78585137986416 6.62580474188371 14.3445605727123 29.4500456226428 42.0635784194146 48.4451753346121
4.19612564553339 8.30955781884126 16.4152261299649 32.4591982974184 45.8829121431553 52.4942493794166
-0.956921773379898 0.53524378309207 3.48690684236322 12.1373096383006 20.6693462727443 24.8412695813488
3.42723289361362 7.53608150701206 15.8719618743478 31.6884814941828 44.6492954817442 51.2955261459828
3.97382501070226 8.01913023996812 15.9857202230131 31.8285068589396 45.1213003325689 51.669105936704
-0.253127703661959 1.97416113511735 6.36676210582689 16.8133739615711 26.3830266363119 31.2260915221372
-1.00594035991863 0.419216598269883 3.24456618800123 11.718196312523 20.1368242412875 24.2338000246266
-0.468693774455853 1.52053387403285 5.42696344318327 15.4198352684128 24.8308454991917 29.5105935674616
2.63578255800695 6.40835829502663 13.9864967234434 28.9124812401115 41.4182389245236 47.7480162127114
8.68574645784477 13.9893713904082 24.7626515600231 44.1459738644101 59.3868845096088 67.181198700441
3.36719783868195 7.46836112799533 15.7364578913882 31.5141097177151 44.5045731491888 51.0867667100438
3.49139427780082 7.62840315335249 16.0230551161105 31.9114171772605 44.9129795517633 51.5793057192333
2.85817121313278 6.74169203972826 14.5215258841364 29.7292932194712 42.4324619212185 48.8114354453277
3.02121465031396 6.97620688702725 14.9122713749404 30.3070435302262 43.1096293592182 49.5514187330072
7.9340789554478 13.0453044751319 23.3712609100089 42.2623754670693 57.2857963509678 64.8996034670077
3.6462667129749 7.86419400767332 16.3996775377623 32.4742866462741 45.5996308359083 52.2920635982228
-1.21414750613923 -0.00170592826785511 2.43189022771485 10.2181569034235 18.1071738792222 21.9178958663489
2.66841422692287 6.45519441551159 14.0659086300927 29.0301340987127 41.5549908068698 47.8995212338611
-1.2208840486612 -0.0273723658941024 2.37096350820006 10.1150270022503 17.9811137350298 21.7731888592274
-1.03645215790552 0.365754553439728 3.15190187248992 11.5438911328833 19.8865906934772 23.9669461614849
-1.21487820281901 -0.0771352973297965 2.22056006012731 9.88124125737293 17.7281687036984 21.4840946925554
0.250786090046917 2.77196649153327 7.73928392798804 19.2012212473386 29.5639782021319 34.7583704859675
1.77730182483885 5.15465854363861 11.8761764088599 25.7223960555997 37.608031395496 43.5723850012699
1.70787120406392 4.94638476526768 11.3371062436453 24.7789281956154 36.4113472978598 42.2458154542871
-1.18568212009975 -0.0290868598740159 2.30156767263151 10.0495305278067 17.9781079520928 21.7706479742922
0.530364813772633 3.23091555654456 8.53014828033269 20.495047196659 31.2352070973207 36.5408966425114
3.05866830702318 7.02960322969288 15.0017159368929 30.438847755917 43.2629694847453 49.7202122528384
8.7352678451954 14.0445965787071 24.8567563115101 44.2652620441141 59.4964661424596 67.3184123771854
-0.884452814740779 0.709932214424172 3.85610902717335 12.7623308173592 21.4425014283358 25.7318501651039
-0.0494859398971731 2.2664109288872 6.82133656960289 17.7124339773064 27.704506894111 32.7041751171475
-0.635827397955948 1.1986720922081 4.79885123559466 14.3784484426533 23.5367803969496 28.048006984617
8.3726308810396 13.5919769360399 24.1817458910439 43.3591765070256 58.5029483755937 66.2308747943584
-0.621493492826647 1.22682944630244 4.85114572643597 14.4699802941309 23.6602770745924 28.1793242646001
-1.14838879166681 0.0669945041829309 2.50508295967877 10.4160940344739 18.4574727746141 22.3210751747046
7.86835178075863 12.9595592103063 23.2709600502312 42.1095594144109 57.0682541833549 64.6888352679165
5.81613675558449 10.3900396197507 19.4753418159894 36.8651213222195 51.1130988310737 58.1740129595386
2.55225511759997 6.2916513558089 13.7807810020512 28.6140949391541 41.0884708180421 47.3670824767372
8.96156053245885 14.3244078889849 25.2840082756472 44.8301806511766 60.0955634117706 67.9843571424892
-0.422082574833597 1.59968695217618 5.55731997752671 15.6512779988778 25.1631454762707 29.8414771644404
8.15445768824003 13.315424258861 23.7903500819613 42.819568797005 57.8726361428412 65.5629669765974
0.0150913698156222 2.37981870854842 7.038473652169 17.9200803134528 27.8203754355487 32.7929353210894
-0.236431970257313 1.93908486261361 6.1952091366861 16.7106483174036 26.503597650096 31.3257317697351
1.05185653551764 4.05079486055228 9.99209782979477 22.7859114811532 34.002861044485 39.6374980295833
4.67665345987095 8.93346694808187 17.3323734966585 33.7977625110962 47.4944771999863 54.238041423228
-1.1789406505502 -0.0148778799248596 2.3280222821695 10.1007858950532 18.0501153452214 21.8519862478327
-1.14582711302873 0.206782556678405 2.90350004828726 11.020464226472 19.0997268708324 23.0544000620954
4.48401232936772 8.68475442958401 16.9805641262007 33.2830044631715 46.8601051743258 53.5646117671614
-1.12051569758239 0.139851678436768 2.66073820791073 10.6922642332831 18.8141162387346 22.7298536768561
4.96148404342587 9.29794470513234 17.8974417362678 34.5958867330456 48.3948963896707 55.2462908912008
8.88726287835798 14.2382665712297 25.1419930879371 44.6485815145088 59.9217719786623 67.7758581994001
3.14295696528225 7.14568133305817 15.200647462568 30.7277690575232 43.5883410280584 50.0893131068748
-0.291571718151352 1.84030960489548 6.01174538704611 16.4073257880027 26.1198569336305 30.9024230966674
8.56738419323623 13.8413772717307 24.5411914864762 43.8496008365008 59.0636229244984 66.8271168343051
-1.16277674540909 0.0337392451108585 2.43866316496546 10.2935168508801 18.2923530398299 22.1338014116574
-0.985443723899062 0.492702479842481 3.42009332079091 12.0065823206116 20.4699973112593 24.6352692090218
2.75404647662069 6.59063874521471 14.2708617191629 29.3560260242082 41.9903238160053 48.3310882223084
-1.15618189442253 0.208359442054988 2.92296655798852 11.0506700405821 19.1274446656241 23.0868846028272
2.28146609814649 5.90128883661991 13.1213692372479 27.6279152429809 39.9276961697993 46.0850492869248
-1.21515798910877 0.00907506465349823 2.46314815960702 10.2694282029511 18.1659893520496 21.9853874619766
-1.19829763275611 0.0799361465218279 2.63309394369975 10.5574126585152 18.5171165842981 22.388626323315
-1.16434470690553 0.186261529843975 2.87439834738044 10.9678840458156 19.0242970475241 22.9690226321303
-1.1304672893511 0.290236356310607 3.10871071037611 11.3655288673227 19.5153085061901 23.5293056160732
-1.07829548404569 0.426532309792831 3.40376509469374 11.8654915360456 20.1370755574924 24.2356377941783
-1.01080900875382 0.585140025252732 3.73635637492998 12.427464331367 20.8391700195872 25.0299611946527
-0.918575466462583 0.779844452341322 4.1296258573054 13.0899982923623 21.6717259558023 25.9681311747113
-0.817001809202497 0.98318147952898 4.53139364126327 13.764229102521 22.520418366011 26.9214671814506
-0.688085142695773 1.23189628489164 5.01461725705784 14.5726866444956 23.5393164016396 28.063318223672
-0.49782787799946 1.56610425520976 5.63369702495416 15.6010435119756 24.8417860066703 29.5148549304152
-0.263207083387364 1.9631266895822 6.35294100920823 16.7888843741932 26.3466112873265 31.1869905388993
0.0394895958086626 2.45762827273826 7.22773967191723 18.2218192146004 28.1593841657003 33.1940472720887
0.397619238291743 3.02012850975982 8.1957722613663 19.7928003778539 30.1441318041071 35.3838340951214
0.80859831521747 3.6448465280445 9.24526148575076 21.4773998917201 32.2643614149696 37.7168221458282
1.27564385008027 4.32960859461489 10.3624159035519 23.2462633478075 34.4810395004065 40.1467573738849
1.78898056899815 5.0614943618066 11.5269315955341 25.0662039389958 36.7518349595963 42.6264602717422
2.34682643002562 5.83718295158878 12.732679524836 26.9226113466039 39.0539937710767 45.1308083533839
2.94680043492264 6.65193273051216 13.9733301688563 28.801523989715 41.3649599096627 47.6378194577591
3.57030738280915 7.48775806255526 15.2341192474352 30.6918269791694 43.6753783840341 50.1432528248208
4.22570947447321 8.34188656435362 16.4952733242737 32.5403924393224 45.905739562901 52.5579333899391
4.88718004066355 9.19857118282184 17.7576642523714 34.3781687105456 48.1099211955698 54.9464552927188
5.55100211742552 10.0480489903889 19.0039485068826 36.1668320389776 50.2295067592144 57.2462244989933
6.20276131403073 10.873910024983 20.2137632862492 37.8771847286391 52.22765723793 59.4174703876763
6.82815392334663 11.66076269421 21.3668349911891 39.4875592420695 54.0858040097436 61.4395633140108
7.41318945876153 12.3925924405019 22.4405762489578 40.9714458407157 55.7787790602703 63.2846365460025
7.9145731608469 13.0171679442357 23.3566512271998 42.2255944311165 57.1967919341375 64.82971199609
8.33722911156378 13.5431343935548 24.1333821647435 43.279497249923 58.3725256739408 66.1140555911544
8.62911995041 13.9069249266726 24.6717885488734 44.0053674388131 59.1762287331596 66.991000329338
8.81347078951443 14.1370853043983 25.0129813988261 44.4632834124134 59.6805214479546 67.5405898473904
8.91183974418621 14.2602480069782 25.1940044799411 44.7065073441194 59.9504146034302 67.8327790462256
8.97052656049278 14.334886731506 25.3018569335252 44.8524926336559 60.1157590111549 68.008965437125
8.97652761123782 14.3452811357604 25.3120534295952 44.8692810968146 60.1436857294022 68.0318538458008
8.95045840849637 14.3160908208057 25.2620184690208 44.8063562954602 60.0867738703178 67.9605565089818
8.87764313682924 14.2270708364905 25.1239320258533 44.6252155956245 59.8986877342585 67.7485658925339
8.75706215915769 14.0783062967994 24.8966390905528 44.3245261776809 59.5798111790543 67.3934435251554
8.58154085867114 13.8594308445423 24.5675665864645 43.8853270216165 59.1037910429121 66.8702021266548
8.26769363624336 13.468144741884 23.9835017222908 43.1001860920797 58.2422681807982 65.9254717948146
7.84690344684716 12.9436353003421 23.2036103048599 42.0451837730818 57.0743347498499 64.6455495548691
7.33959014212556 12.3100485935117 22.2678732911132 40.7679597119263 55.6411540710467 63.0794930388393
6.76107103226086 11.5853314724276 21.2050433529751 39.300272839876 53.9674463386872 61.2562109303669
6.13934368030784 10.8018601084444 20.0611398484187 37.6995767973892 52.1128053306043 59.2414501223987
5.4879939955139 9.97457937170484 18.8534929800968 35.9863087819221 50.1003909022684 57.0584303468874
4.82877009776687 9.13090826755419 17.6201792940615 34.2179733850817 48.0028428147007 54.7856774219915
4.17086498220482 8.27773554056442 16.3666996153255 32.3910138695808 45.8057523554679 52.4078702301891
3.52602703306191 7.42976731089172 15.1094083715072 30.5322554400124 43.5485202554269 49.9640636952777
2.90351217362716 6.59751973336069 13.8607126402402 28.6601734213561 41.2553626573626 47.4797502031732
2.30949051754839 5.78716122067907 12.6232428310924 26.7788228974674 38.9360787670842 44.9610776490202
1.75170519670129 5.00790153684728 11.4082704333689 24.9050720385935 36.6119225113276 42.4305570977744
1.23488353443101 4.26637657844084 10.2268735288612 23.056461807871 34.303006827683 39.9117027041243
0.769406045446662 3.57207444550771 9.08446238255308 21.2379522094369 32.0168121760776 37.40783765538
0.346826044092307 2.91649066601705 7.97307643285991 19.4457388864267 29.7550288794734 34.9222771168799
-0.031778918107281 2.29836611233273 6.88773953391504 17.6736371329933 27.5133074267021 32.4492363717828
-0.370675483697182 1.7087096806923 5.81009136789301 15.8949640703448 25.2634819053923 29.9549857512803
-0.727986759498802 1.03627507816522 4.5280735678921 13.7638419667861 22.5770035585381 26.9623879297012
-0.97662333154425 0.51846072002913 3.49233860268129 12.040291643372 20.4246019844843 24.5529940077548
-1.05773929311614 0.331852122355318 3.10022947238708 11.4087892011206 19.6629038877657 23.7055232783264
-1.03458016638626 0.386302078937329 3.20763594985882 11.6255710569619 19.9678616340299 24.0640637075255
-0.959686431177923 0.552529568487791 3.54347042687174 12.2188178700413 20.7388078782334 24.9408879622487
-0.839143021930649 0.804694086163219 4.04521490753494 13.0821129455358 21.8454927705587 26.1860852833559
-0.686536781349052 1.11234858994622 4.65013545624902 14.1102382308562 23.1550287379525 27.653482898425
-0.486984828885571 1.48844267096462 5.36993743681915 15.3167079203051 24.6857896349395 29.3571652965704
-0.254265866643192 1.91029058918354 6.16446331642301 16.633887496047 26.3473004730153 31.2029318970174
0.0188663766709745 2.38369124799427 7.03726502646392 18.0629609427676 28.1401998868438 33.1881681154625
0.328359621025531 2.90054402796823 7.97161221264948 19.5748601515473 30.0270450211048 35.2710092264575
0.669049438276251 3.45108379875645 8.9481381135779 21.1367689897323 31.9665138290391 37.4048819561043
1.03494260170369 4.02541013326318 9.94931056517021 22.7194611022318 33.9211174848238 39.5487119073808
1.41736945178206 4.61270590205264 10.9607600587279 24.3010038918193 35.8613345666325 41.6737125937601
1.81133653898027 5.20324649710973 11.9641732004619 25.8489789929544 37.7440315447578 43.7326562190478
2.20581407194263 5.78403650176001 12.9437330483792 27.3401056127916 39.5373751540729 45.695142650028
2.59166087544528 6.34413388397341 13.8834069574199 28.7536109371173 41.2194813291845 47.5371920343342
2.94826714123237 6.85505434864556 14.7374109166029 30.021301643553 42.7088393044805 49.1698098657476
3.27156223792364 7.31493990770656 15.505162657197 31.1505793074487 44.0229240010509 50.6116406796023
3.53057624655105 7.68138727771379 16.117026237113 32.041365878976 45.0475314664721 51.7369654285906
3.72246342500944 7.95203384345643 16.569538523329 32.6946679749565 45.7912860745666 52.5547946184557
3.83422997690156 8.11047854265549 16.8332855039621 33.0748719162169 46.2247889640986 53.0287630841089
3.89321612282094 8.19589267790878 16.9740136935783 33.2787176082022 46.4602987982913 53.2823928844978
3.93721906608577 8.26121366770826 17.0800489635941 33.4339467734345 46.6436449616283 53.4761793575676
3.94529867423241 8.27571328800578 17.1006716189741 33.4675359960327 46.6910369964024 53.5202433791599
3.92643994715594 8.252452338932 17.0582937081002 33.4107107860025 46.6360740921724 53.4517617059293
3.87934115795784 8.1894622293299 16.9493397490946 33.258604036457 46.4738961478358 53.2650616468992
3.78109489518009 8.05346947451476 16.718686445461 32.9306088220233 46.1107945874208 52.8586378888038
3.66436371936077 7.890121694688 16.4429974485175 32.5367857164392 45.6708060682781 52.3698895038451
3.47289611512625 7.6196966075737 15.988861879988 31.8814293552377 44.9273587263501 51.549089195265
3.21418867469977 7.25206451554766 15.3732568091606 30.9851167562609 43.8982174780844 50.4167618968107
2.89785107606417 6.79970035280982 14.6172387462252 29.8720155389119 42.6024057588096 48.9947508236058
2.54112099808725 6.28519759414019 13.7563364245305 28.5891872375577 41.0899018596742 47.336619511968
2.16311727188926 5.73564365815995 12.8340475528869 27.2031606761857 39.4429410388225 45.5311801705455
1.77251839631885 5.15641884393639 11.8565164575857 25.7109838800774 37.6437499483253 43.5633339179437
1.38447737265408 4.56861782641995 10.8534334591809 24.1573209226512 35.7501883556985 41.4903172047356
1.00509319430902 3.98336969988977 9.84473276641523 22.5785925506951 33.8127901198979 39.3670757957305
0.640392272996079 3.40872943805603 8.84327728885434 20.9955039082446 31.85812356209 37.2231474520667
0.300207769670752 2.85706874070535 7.8663234047695 19.4327674770254 29.9164798536448 35.0890459381599
-0.00471193957126103 2.34330136441514 6.9382111335621 17.9281265842677 28.0342652402268 33.0155481392647
-0.277266582550399 1.866568275672 6.06035248621364 16.4887105573568 26.2245966537412 31.0164225751728
-0.504632200508094 1.44669877418149 5.26736542412602 15.1684738450234 24.5525373475441 29.1632433742152
-0.700551763037325 1.06926788368619 4.54141383406657 13.9473530461031 22.9990075543226 27.4364901825347
-0.853574607771518 0.753575205004528 3.91764168354199 12.8831762324925 21.6380637060238 25.9159326199731
-0.972989363083337 0.491005335458366 3.38641036034067 11.9664884959167 20.4621108205562 24.5937123537956
-1.06562055907239 0.274825680603352 2.94055039280871 11.1893822506331 19.4620660124856 23.4635653402411
-1.12924975650386 0.115080475505027 2.60385642457278 10.595435631766 18.6950654873622 22.5903499484286
-1.16955245473521 0.00918507926802088 2.37833685592908 10.1924909561643 18.1713738238834 21.9908199123801
-1.19578795550634 -0.0582186416549925 2.23598765452462 9.93417640627947 17.831392262433 21.6003897389724
-1.21669729437152 -0.108089998668566 2.13291598413706 9.74423957011322 17.5777170181929 21.308331643379
-1.22917577288281 -0.129416065484976 2.09504866956845 9.66841434379924 17.4680557932635 21.182277388819
-1.2380571969885 -0.137209775403177 2.08850846921103 9.64812692156434 17.4290254763891 21.1378306654354
-1.24253117050068 -0.129246394294714 2.11863484094596 9.69239642808973 17.4719392858433 21.1877367352386
-1.23772422974563 -0.0948766840028434 2.20791546339783 9.83969066766009 17.6455623736558 21.3874753557732
-1.2271304940391 -0.0458395634059476 2.3288606500943 10.0427619408144 17.8909600990573 21.6693531119659
