0.829758511047716 1.38543685645861 2.49992315745449 4.16702765334886 5.27278534245114 5.82688401055818
1.26249082196491 1.81697720996032 2.92312079893466 4.58956441869187 5.70917713276852 6.26697068249927
-0.443591701519955 0.11294631888331 1.22485477444435 2.89234260619314 4.00249552285901 4.55736232275276
-0.27927562651163 0.279083378482196 1.39718395845003 3.06335200032605 4.17152124434016 4.7270624438499
-2.02981312295275 -1.47456355378277 -0.36435457930365 1.30341853720579 2.41589747112074 2.97189835924781
0.819888043418134 1.37585327583707 2.49250771456742 4.15721403205926 5.26454798595166 5.82046186279871
-0.138681842291026 0.416177110973937 1.52678647969907 3.19615762711506 4.30765022742608 4.86381922054809
-0.980846287049947 -0.426774812103615 0.681098429195297 2.34773909699909 3.46122556977651 4.0173006908143
0.688226474482262 1.2428077931683 2.35388553895912 4.02070723348547 5.13229659878118 5.6886740766008
0.0369533959427399 0.59321767175276 1.7039863388476 3.37086738147081 4.48269445274464 5.0385633223742
1.20877440251108 1.76491814242871 2.87793860195292 4.54354555254484 5.65439659069222 6.21065721801478
0.131368781322434 0.68864795908522 1.80212563638338 3.46917995942479 4.58047457383537 5.13472263860603
-0.235063746817275 0.320155196222381 1.42986490139852 3.09582590712319 4.20661909659404 4.76184541332771
-0.60257949945054 -0.0469424585044616 1.06521131415256 2.73223436714955 3.84432147796517 4.40138857358231
0.2239696550615 0.781078426853691 1.89332776402178 3.55931244938784 4.67140623310167 5.22722075066194
-0.408339872637652 0.148058103528215 1.26150229931776 2.92970783578109 4.03893516719631 4.59358918019158
-0.0783502563438908 0.477952052828714 1.59114754277237 3.26119548029344 4.37035355436221 4.92493780899738
1.59675680619265 2.15200568133438 3.26069154432165 4.92960360331035 6.04351556150473 6.59851627344919
-0.0382234646001795 0.516403628541936 1.62774766944066 3.29559809440791 4.40745977814264 4.96346612667231
0.149962927727951 0.705285661437155 1.8161870380185 3.48481774005966 4.59705819972221 5.1522294873732
0.483715415438118 1.03833264273123 2.15132099758731 3.81683853157455 4.92528236905266 5.48088452515114
0.911017538036636 1.4648449782604 2.57351915316833 4.24193732523509 5.35278616110814 5.90735716205941
0.204834508734793 0.758879941740637 1.86839313350075 3.53686886715936 4.64784325558006 5.20342946292358
-0.557299817600342 -0.00165186521197194 1.11105394961442 2.77840044792173 3.88745015121075 4.44320046842921
0.82465709461027 1.3803415622709 2.49036500767688 4.15670841034569 5.26708935578904 5.82121564360344
0.290182433914583 0.84594629861987 1.95712334178562 3.62346537926231 4.7344138387634 5.28953042681107
2.02046987665212 2.57685128314511 3.69067804220025 5.35848783097546 6.47005147045683 7.02625625209281
-1.82865252505277 -1.27330931215892 -0.161661539404089 1.50682975696247 2.6179585857035 3.17361950456644
-0.772321013338568 -0.215661300807122 0.898368856177372 2.56309418133256 3.67120909990086 4.22615572755388
-1.53931734357435 -0.982268684078281 0.132790521350913 1.8029134532331 2.91064248925164 3.46435432606742
-0.856649008039522 -0.301279580109542 0.806664065851802 2.47416258070405 3.58812112096406 4.14380464544515
-1.64230785412827 -1.0863799979243 0.0248685632024064 1.69217952999725 2.80215531735018 3.3569737148204
-0.525192365298056 0.0319352026017604 1.14645941721133 2.81138241101515 3.92137843988239 4.47668936907642
0.439046644249331 0.995153528375409 2.10782897459871 3.77412819879337 4.88487481990041 5.44064721429861
-0.231142530587339 0.325313532791112 1.43909791514802 3.10931287146313 4.21995652778503 4.77504851709173
0.173765489390079 0.730774041341146 1.84428192433987 3.51049732641664 4.62086099835974 5.17604538523154
0.0542988430044604 0.610017984482899 1.72104608124452 3.38969853878072 4.50416149589143 5.06060808830149
-1.07563987781369 -0.5206324737106 0.58986295081249 2.253019135344 3.36423757620043 3.92070371387975
-1.77122147203924 -1.21579030655444 -0.102151396578584 1.56420379062945 2.67298027674205 3.22818512172242
-0.222099004027083 0.332737028908705 1.44389484026156 3.11282820275379 4.22303966832857 4.77872423973109
0.237100069997408 0.792443379706097 1.90255394896677 3.56906628727725 4.67952236114835 5.23478690209199
-0.0363638067993019 0.518588025525644 1.62954728048139 3.2953279414965 4.40616994302494 4.96166761454054
0.184025008207337 0.740782708670405 1.85373377632572 3.52115766414293 4.63327919156354 5.18932195143145
0.10877308468414 0.663526034839837 1.77364006214106 3.44045301721855 4.55056776378027 5.10556623469095
-0.836492882019049 -0.280168137045411 0.831927098914741 2.49748362397576 3.60828255781521 4.1639954323684
0.360492015444895 0.916763087916218 2.02862567207361 3.6951839534942 4.80681152533794 5.36193555337008
0.269400478733788 0.827553604875242 1.94404122972508 3.61164291267363 4.72123523906953 5.27627246024456
0.115684524376366 0.670441696974234 1.78067573886531 3.44757802317277 4.55775743883178 5.11270933454157
-0.255963000913878 0.299954236005509 1.40924287106966 3.07706025667043 4.18854336181955 4.74226976074454
0.0886850090573784 0.642817482105121 1.75231874962505 3.41901171132415 4.52703752980692 5.08116791888211
-0.0668325919319907 0.489301113390692 1.60133695147159 3.26683078721849 4.37790004169784 4.93390371441702
-0.00353296992812658 0.551183998092327 1.66102053148583 3.32588052280949 4.43697197451052 4.99221063546732
0.2395120032488 0.795213174567754 1.90389898408708 3.57220318760565 4.68309516970196 5.23669611796156
0.906315906662185 1.46203472274787 2.57489329378616 4.2418497476996 5.35156601098436 5.90696962529808
-0.286509684926169 0.268974752990886 1.38040001221042 3.04693620094288 4.15715338889687 4.71234509606005
-0.235338098521044 0.322375680827638 1.43578093188219 3.10099594033333 4.21189606721563 4.76685061672217
0.70014930237265 1.25810815403079 2.37558183488345 4.03935065895511 5.14414568379061 5.69803856067742
-0.152079722429425 0.401496352675821 1.50975067708323 3.17764526014491 4.29032901274901 4.8469201247672
0.0500815965619 0.608326882349438 1.72501127811638 3.39394937886984 4.50356535328763 5.05842163924303
-2.29354484939216 -1.73846879907767 -0.629185915075352 1.03967128503606 2.15480652862972 2.71247808430518
-0.218670511610977 0.336246428280324 1.44672877923021 3.11264422180785 4.22245039785162 4.77765755293954
0.113749188004092 0.669540803010649 1.78090250976849 3.44594085303245 4.55743675834019 5.11288125061353
0.0277555550020825 0.583181713260861 1.69363719551753 3.36000991447621 4.47182609461223 5.02803193867363
-0.0457961696610587 0.509441134572445 1.62053489092168 3.28665307171136 4.39730193211627 4.95299018401309
1.32677357505345 1.88119730421064 2.9860233308411 4.65274099824684 5.76960952170331 6.32596269885667
-0.402514457164103 0.153700950852308 1.26560102578272 2.93151650541549 4.04222592439807 4.59667602551063
1.69161668234256 2.24656543925439 3.35200696750484 5.01857280755645 6.13366404633492 6.68946709719708
-7.78835221854694e-05 0.556014072457857 1.66622277222332 3.3307944140847 4.44217683122915 4.99742701854911
0.459630032638759 1.01394973014646 2.12351263594841 3.79056070417299 4.90068333219037 5.45619085993593
-2.50179873158321 -1.94716213222446 -0.841698929820737 0.825127266609397 1.94040341404391 2.49567380864493
-0.521855265425527 0.0343622845748049 1.14718763398483 2.81309983481579 3.92174304618501 4.47657114207642
-0.0316379385132115 0.523438795383671 1.63312423026733 3.29647080126277 4.40809311545754 4.9646607256713
0.160702649875947 0.716266418854689 1.82651630266406 3.49352913967714 4.6059836087373 5.16158319855939
-0.572087102610032 -0.0173410792700417 1.09606412808781 2.76408528513502 3.87225440718982 4.42805354957719
-1.51156031944175 -0.956315450203276 0.15537432986232 1.82059383259502 2.93043217330243 3.48521980607162
0.162561830975548 0.71897830188101 1.83218443298176 3.5002930461964 4.61271681739107 5.16901406744714
-0.905558107759711 -0.351902269550611 0.755475774826354 2.42365916163849 3.53828758971768 4.09607643426988
-0.40449707260608 0.15143342733436 1.26264868885474 2.92923070154405 4.04116087638729 4.59624844181289
-0.0546772874670922 0.501220091078298 1.61442393569821 3.2836913349472 4.39496131566401 4.95152917505001
-0.681348696834403 -0.1248960781305 0.99219965678579 2.65995659363758 3.76725259785689 4.32331922215142
2.11047982537192 2.66721006832773 3.78111038689131 5.44702741730008 6.558264474078 7.11526353207161
-0.293553970608457 0.26253561893881 1.37447015112065 3.04093951306533 4.15100750405479 4.70590376987783
-0.0878769647223013 0.467749670609411 1.57871629109697 3.24303260596609 4.35380269553372 4.90926420091806
-0.281093082126689 0.273847502187722 1.3849628105331 3.05146789088536 4.16137392078699 4.71698700901058
0.327944654399087 0.88371913110638 1.99632569746531 3.66036135343753 4.7691220145197 5.32489897286226
0.0569850528765795 0.613002764444446 1.7243846018819 3.39427169633394 4.50814951329792 5.06517767261434
-1.18461106226492 -0.628802430474363 0.482107632498831 2.14859981145629 3.25879357311796 3.81267316228919
0.358873182040066 0.914660118234329 2.0231709776332 3.68825230250141 4.80209087818257 5.3577934697061
0.33563451469522 0.890476990974051 2.00072308448765 3.6665805946851 4.77579175142608 5.33083796968964
-1.74236009974061 -1.1867139966469 -0.0787598074961683 1.58841756029919 2.70203185856104 3.25720975738541
0.258108649863674 0.813887310335791 1.92687863592855 3.59509844766179 4.70439587560798 5.25901026226885
-0.132135988428061 0.423649455492248 1.53520626641851 3.20077475622416 4.31148844582713 4.86680700785372
-0.183333564617471 0.372341530135196 1.48353606408612 3.15334620177904 4.26494103436131 4.82053587298522
0.0877321429625138 0.643312267139715 1.75584514894502 3.42307342942294 4.53409452812581 5.08994113274955
-0.0906162413673164 0.466242969221663 1.58068509604677 3.24809339292465 4.35755408902434 4.91246407302279
0.1979709809743 0.755241289081598 1.86986909523293 3.53773988380396 4.64904488814806 5.20483709429844
0.235552118060421 0.791814730578758 1.90456368840772 3.56920775092166 4.68115551545212 5.23696023954745
-1.20769341684689 -0.652065065382832 0.460079100427873 2.12709805064293 3.23617921724373 3.79107539513536
0.0199304544104198 0.576781001626643 1.68961650900205 3.35460685742251 4.46676243595369 5.02272757127519
-0.0491163585207085 0.507022334909194 1.6200456090197 3.28672251558229 4.39714508786451 4.95253252462702
-0.225005974001937 0.331239786702703 1.44528032978516 3.11248103281609 4.22128441056269 4.77635918477624
-0.994300609060605 -0.437966909411103 0.67383702675252 2.33978535971219 3.44988352785223 4.00505972944805
2.0588406309345 2.61549862003185 3.7284724314675 5.39438424035246 6.50550855308919 7.06178716791745
0.141454026809822 0.697761009765616 1.80914654080987 3.47674711532648 4.58985083200114 5.14585949299839
1.45793190095713 2.01389314813633 3.123584862642 4.78883455237664 5.90107443252992 6.45667013330748
0.588617028353326 1.14466266914316 2.26080620020618 3.92834477220134 5.03369991847812 5.58868992261667
-0.0875636117947666 0.46780505562667 1.57793769429133 3.24890789638344 4.36095034055976 4.91650356100841
0.0146306699777581 0.571678009447638 1.68481970585017 3.34944590987448 4.46154262031591 5.01786925038865
0.143783849359815 0.699981882485922 1.81060042775386 3.47783326927166 4.59079098562903 5.14662919962437
-0.527005999852256 0.0297495640987236 1.14096625760854 2.80599624261581 3.91870898415587 4.47416154462896
0.298249826049907 0.854092456929002 1.96306925540183 3.63025579335489 4.74412996424355 5.29966930846694
-0.207308568003009 0.348980500292101 1.46162693139171 3.12896366044387 4.24059293809453 4.79713023542571
-1.07437972607681 -0.519005587378891 0.593252184302951 2.25824889831278 3.36614763551193 3.92019228958322
0.534485213019914 1.08833104635157 2.19713405105951 3.8651207176864 4.97719044689692 5.53391111051795
2.07151232860776 2.62810333945495 3.73823006149717 5.40572360524214 6.52035236646941 7.07605423205709
-0.695989141695781 -0.141112576833099 0.967635331304044 2.63463998265316 3.74913728051482 4.30626084112233
0.0925861348050041 0.648325914286832 1.75981825087997 3.42563827053562 4.53888959999835 5.09537355446833
-0.0212746513800944 0.534550421001992 1.64581562428135 3.31414184389491 4.42612606358329 4.9823494342132
2.29832204047966 2.85463333116924 3.96987369924069 5.63706760988761 6.74574228869626 7.30114156180492
-1.45127246829173 -0.89580213730207 0.217297922476414 1.88073089924043 2.98852829532367 3.54420410082203
0.613916706494278 1.16825299685425 2.2812032394943 3.94806038049287 5.05567173414371 5.61079953705014
0.350554266440773 0.905463753666939 2.01502099709076 3.67988565664367 4.79244104551867 5.34840626828208
-0.22367707002718 0.331764733714958 1.44256822895918 3.10855881377174 4.21832894201336 4.7728388817776
0.902592313055524 1.45754852163802 2.56878504761661 4.2352979645286 5.34682373319388 5.90338365618869
0.445523616624739 0.999479084090639 2.10682433192207 3.7732349599704 4.88587202541633 5.44202776643778
0.321615575806417 0.877609260251868 1.9869957020136 3.65505228160695 4.76822718188526 5.32358664967893
0.335202728072167 0.889780797636895 1.99860253052061 3.66371920095751 4.77510480750826 5.33106198341819
0.998344798540346 1.5558718504429 2.67183526180653 4.33642758863111 5.44269727102447 5.99739203759909
2.25264529447225 2.80969793585685 3.92804668832514 5.59524819315764 6.7027146175716 7.25904283008768
-0.553844572547199 0.00170730272147254 1.11575590574807 2.78313594181676 3.89226142977471 4.4485141353386
0.334122353280626 0.889218522007802 2.00020000832433 3.6659909723755 4.77526954419951 5.33008613518058
1.74401440819319 2.29942777802792 3.40881929618065 5.07389675064425 6.18568005485281 6.74084140969456
-0.798361167545379 -0.241154352513337 0.871483106309646 2.53902792932616 3.65043734815204 4.20549210306349
0.411596776989815 0.967428049023554 2.07706229923127 3.7421572714463 4.85526204152753 5.41135477512129
-0.268353913708571 0.288790919950248 1.401748021837 3.06798345327366 4.17687260835678 4.73092410700682
0.486969258728709 1.0402668911237 2.14823753246396 3.81264246613951 4.92539529618568 5.48267433590377
-0.0181776432140913 0.537857018916059 1.64984322317083 3.31882183975263 4.43000624397825 4.98550436935824
-1.04846103781622 -0.492945885050041 0.617504906394815 2.28233748332349 3.39394185085828 3.94930793412846
-0.0656768109251918 0.490134915042904 1.60250271189753 3.26648921473437 4.37552264805658 4.93040353393817
1.33542857175659 1.8898662621024 2.99876208028448 4.66786469477964 5.78048285090194 6.33592381351043
-1.1305090640306 -0.574868442819004 0.536844067529735 2.20063419913139 3.31075639378302 3.86588037081066
0.0741357048634117 0.629704558209584 1.74071615560938 3.40607175860573 4.51749584322128 5.07371660776047
0.830903907640577 1.3879246579698 2.50053287223146 4.16663431719342 5.27509095766328 5.82870770556429
0.610153654962491 1.16499255968159 2.27537396908062 3.9429692296623 5.05412620663149 5.60955285645901
-0.738089062859393 -0.184104325864837 0.922655132295756 2.59085058481243 3.70556576427828 4.26203506351679
0.757482151769956 1.31305470684004 2.42778586413106 4.09522960140258 5.20083420573715 5.75489347201537
-0.324938190529055 0.229916163981243 1.34069079060424 3.00497850091807 4.11565762958341 4.6714426010597
-1.20042205951342 -0.645694330324484 0.465261714669517 2.12963556136914 3.23953766372033 3.79490959744793
0.406239386444478 0.962717779322654 2.07611758697713 3.7421650365941 4.85295827006774 5.40854673666171
-0.365898116319157 0.189880210133062 1.30057820431717 2.96490190033278 4.07630639707846 4.632139481003
-1.55097074699562 -0.99443882981725 0.120462720432838 1.78852731845559 2.89489518548172 3.44886802765337
0.31421258490947 0.869997698924663 1.97915017139968 3.64557052719448 4.75861121673757 5.31397426588146
0.360151018413504 0.916238879626071 2.02540609157952 3.69356526628457 4.8052454638942 5.35900776875249
0.512440884323129 1.06868703385694 2.17964517805405 3.844423303152 4.95838584843994 5.5159533714839
0.129396951798601 0.684825605931978 1.79529365625238 3.46026382670495 4.57561668153761 5.13374672952961
1.74330836422628 2.29926920490418 3.41584062083701 5.08552566377056 6.19247197588487 6.74775362710338
-0.141875256852856 0.415377796829819 1.53158720812882 3.19793642023777 4.30647681612191 4.8623278414943
-1.6897842939624 -1.13346767746801 -0.01777982478495 1.64966218035122 2.75716044070667 3.31221995910549
-1.16209638318665 -0.607491732879298 0.502728656690359 2.16767809281309 3.27926525607888 3.83596685830278
-0.931443368590673 -0.375858480711271 0.736911864834151 2.40096148314356 3.5081636936115 4.06243030194431
0.00858555764461281 0.56193043374385 1.67002882224813 3.3379460986115 4.45232021113147 5.00959793202949
0.299347520338558 0.855191129979475 1.96419597992338 3.63147866517097 4.74533689375225 5.30087590629813
0.799907139002346 1.35577845717863 2.46583660801395 4.13199117345829 5.24250316651728 5.79657158958279
-0.245876049825828 0.31103248131259 1.42461111935394 3.09504277020295 4.20460399015118 4.75913898166806
-0.489242180809906 0.0679070951941119 1.17990474866323 2.84482052779737 3.95696880463168 4.51208152234554
-0.35329325407638 0.202404380193165 1.31302152701426 2.97765708987007 4.0885053443035 4.64375785348287
-1.03041418689642 -0.476774644826703 0.631476379275939 2.29773618449491 3.4103718243719 3.96626153859795
-0.72534318510737 -0.16878021550389 0.9416232334058 2.60925290240419 3.72330182570428 4.27974949347099
-0.891063448947663 -0.336271907367923 0.77237659397542 2.43990061633789 3.55309404848296 4.10874110726102
-1.12645572884654 -0.571550969885741 0.53631845493866 2.20207984112456 3.31498389855621 3.87013679515707
0.752885841624032 1.30784993613638 2.41927564096941 4.08613825163103 5.19632705292922 5.75131312976097
1.34427084919145 1.8997175716359 3.00862027936156 4.67609189439103 5.78935558515181 6.34547397882327
-0.212651582931192 0.34263348868415 1.45367579150646 3.12253078682835 4.23358791318491 4.78892630237883
-1.81567984194341 -1.26030971924069 -0.14584327408975 1.52466088641906 2.63453932997907 3.19088990836676
-1.86652205763849 -1.31015096665954 -0.195140446653308 1.47138835610601 2.58029583227656 3.13703861180866
-0.0194427589163184 0.535383027546999 1.64395564363176 3.30556031946099 4.41790974714856 4.97480995487799
0.374634030250078 0.929297847837186 2.03945857295 3.70615880161338 4.81671984997356 5.37126522768522
-0.0128170800799332 0.544261216399145 1.65789656944061 3.32711287580174 4.43643153243805 4.99070355817781
-0.730728531698209 -0.175064947429137 0.934803017519827 2.60111172836185 3.71260272971525 4.26755487016136
-1.67183606604087 -1.11604003608482 -0.00534493758555964 1.66119679053168 2.7713762963411 3.32559746251808
0.411769923958465 0.967208508392733 2.07936978467597 3.74541047408479 4.85499803518654 5.41045917206512
-0.402739066784654 0.152873259692856 1.26506619227764 2.92704407200683 4.03633603550915 4.59211489195588
-0.225066829381706 0.330460100940473 1.44132792937115 3.10687576633367 4.21680960873057 4.7720578934374
-0.0423910645378625 0.511744063858989 1.61978286283785 3.28765854497007 4.39729988307435 4.95123258870842
0.931702561128894 1.48585580909293 2.59537720776048 4.25874802387772 5.37229337489711 5.92971326881954
-0.352690867929466 0.203211909814588 1.31837238988791 2.98809086791061 4.09588406868658 4.65110016176894
0.359518173024013 0.914293199487247 2.02268691153318 3.68770126580635 4.79978806737393 5.35544945768477
0.654921715191242 1.20919440623806 2.32099113384372 3.98780373915835 5.09718324578955 5.65282585312277
-1.01250062426322 -0.457617412548836 0.6512256905598 2.31728935588085 3.43033088617043 3.98632885371155
0.348743518293775 0.904302147411774 2.01611741410652 3.68255655269976 4.79353667775149 5.34923241238162
-0.216647199100963 0.338279530930638 1.44902484215635 3.11536498269953 4.22526496281114 4.78033955412509
-0.704991849169824 -0.150164262700722 0.9600683962001 2.62776920195468 3.74026282902913 4.29657909527394
0.32634368612899 0.881642715937817 1.99136834532141 3.6559985048173 4.7684987354806 5.32442766673471
0.134769363958253 0.69057592619942 1.80299753206685 3.47066108268261 4.58198465421925 5.13811288230096
-0.193748435068347 0.361664899276203 1.47347640942203 3.13975542549616 4.24973781130722 4.80453592775537
-0.309128228312524 0.245422350160728 1.35541594805699 3.02128113948499 4.13169572799589 4.68689028392988
-0.6854730863669 -0.13041169866163 0.979275326293985 2.647543766767 3.76054357723519 4.31739472023251
0.45603885518351 1.01139951701746 2.11915943966468 3.78678307397279 4.90073413880631 5.45589998622983
-2.25731247181013 -1.7022501952379 -0.591944912513945 1.07720341159068 2.19125932939835 2.7486477249019
-0.954766030684069 -0.398105912276871 0.709390503306329 2.3755567059755 3.49309945960677 4.05006614946352
-2.03328210238794 -1.47909893193678 -0.368975531345174 1.29984249520073 2.41254442278019 2.96914265832085
-2.23414642047157 -1.67879126690188 -0.572446278727007 1.09525924947724 2.21143746184254 2.76703884578269
1.14029626387962 1.69595362115996 2.80838196784164 4.47449477273667 5.5848417253192 6.14074701506474
-2.51400334469523 -1.95610800793465 -0.842278372204195 0.826321011891203 1.93559788553636 2.48919658231928
0.0556711394096038 0.609828130596365 1.71898109486148 3.38499381332337 4.49533260754671 5.05067017771659
-0.628156042652282 -0.0727364488125122 1.03862648881889 2.70662495163356 3.81831080182677 4.37505963059335
0.0927527980191059 0.64770304758007 1.75742038942962 3.42295354536149 4.5333993124355 5.08892503782971
-0.0815529335634438 0.473757338543012 1.58395325023346 3.25495294144579 4.36699874917398 4.92233975424954
0.214045252973156 0.771373449323292 1.88383727061841 3.54986786596438 4.66199202198159 5.21768451562738
-0.238092579548277 0.318154857015945 1.42919789694569 3.0945792584185 4.20483575867708 4.75971470839298
-0.679063033656932 -0.123805736956772 0.985105661943815 2.65048551901874 3.76564816367107 4.32257116770079
0.631042336605658 1.18748738300271 2.29837046751263 3.96393346622678 5.07562481401554 5.63055514850143
0.170231138797856 0.726555624369347 1.83723970038513 3.503596993655 4.61508315961895 5.17002811724134
-1.19673017673886 -0.640724921125659 0.469676791240044 2.13593928573495 3.24686270282737 3.80131609242036
-2.22834982606498 -1.67327589202737 -0.566489844540068 1.10123426281008 2.21678994709203 2.77240588261117
1.26765314510781 1.82554476881094 2.94256229389666 4.60835244139359 5.71609168210143 6.2711291634455
-0.112211824416366 0.442649802472594 1.55365335916793 3.22312028809149 4.33452691165518 4.89050929257538
-0.239646006774293 0.317187445959191 1.43033060204286 3.096827241547 4.20554266514233 4.75991142406572
-0.47712520122214 0.0790972525483597 1.1913812656455 2.85600915920902 3.9660012124641 4.52182012411058
1.17965371811996 1.73695132369294 2.85282101325173 4.5167044059243 5.62581443593206 6.18223132296229
-0.558310626843073 -0.00203525335463413 1.11093942284989 2.77738105506013 3.88626827033153 4.44139139708694
0.0543396877127384 0.609680874306064 1.72050314215794 3.38515278129258 4.4983383934533 5.05487304394593
2.2089815824372 2.765138150356 3.88225498750556 5.54743105325475 6.65167260548077 7.20620694523843
0.825704786710935 1.38073575072684 2.49211242260675 4.15479608022456 5.26682209744209 5.82465982637443
-1.18035011768009 -0.625397520068964 0.485515454234605 2.15048337499316 3.26077348329712 3.81620387408553
1.9581694412191 2.51737607198302 3.63142098866773 5.30039794589858 6.41561650188444 6.97126390644716
-0.758324811597909 -0.202444592167629 0.90766787289955 2.57379075014503 3.68532556152913 4.24023878232412
1.94762482772951 2.50354315365065 3.61219554170763 5.27875538721353 6.39082138758236 6.9450121787302
0.0921269298267835 0.647295314555611 1.75796626464113 3.42390942223913 4.53500871976234 5.09082178778364
-0.87216823665834 -0.315759859348903 0.795858217691571 2.46186234077065 3.57314626840279 4.12895349990977
-0.252501085559621 0.305393968479144 1.42290323647578 3.0894659561343 4.19763779661942 4.75295458923605
0.336145374937404 0.892715857916221 2.00668458197663 3.67394347330658 4.78156843527674 5.33704565185613
0.163503721194624 0.719382909829734 1.83122825770377 3.49561848340961 4.60455581397131 5.15897327056601
-0.123729116870637 0.432977428116397 1.5470221351463 3.21260296620337 4.32098924582368 4.87576477850691
0.709230188881715 1.26451086799058 2.37650118825894 4.04515931943373 5.15677739636601 5.71270795266804
-0.0118150682167947 0.543608593501345 1.65442750765266 3.31793675185225 4.43024396189352 4.98621965518615
1.24062184201104 1.79534895572365 2.90445876383015 4.57307071364286 5.68570043313257 6.24160553629644
0.950230117686752 1.50690875622058 2.61923678035534 4.28824856859869 5.4007194816042 5.95581226524658
-1.82124579999335 -1.26704241083909 -0.153992223956619 1.51208996079883 2.6179969093883 3.17322512939254
-0.824790885390922 -0.268552488521426 0.843470929632472 2.50902930898522 3.61985178953801 4.17544252066563
0.472451520284937 1.02853537036985 2.13729619349797 3.80376839351657 4.9160935294412 5.47055016380131
0.0841758187010157 0.640043066465181 1.75198691394473 3.41819271460825 4.53139290061861 5.08826107046686
-0.0646173181252536 0.491435264075149 1.60355539158438 3.27198709299508 4.38233688915112 4.93709075591319
-1.83626103483804 -1.28104740483707 -0.167240797186095 1.50129091827793 2.61056414975398 3.16630122115952
-0.232397598498185 0.322828097480613 1.43283519272444 3.10176989276791 4.21349481578294 4.76930860797441
-1.33476658548736 -0.77969074304207 0.333243621493727 1.99715607111659 3.10498955860978 3.66055918162701
0.0112329698285165 0.565239710062503 1.67341209420523 3.34123881758324 4.44947118001238 5.00345663871267
-0.126839118451335 0.427524988679416 1.53593915282361 3.20378364949419 4.31413012236612 4.86915972729566
-0.22744751169284 0.327775368772334 1.43727077968762 3.10583610085153 4.21824931954418 4.77426536035247
-0.289703351875627 0.265953201373635 1.37704220022497 3.04622351264408 4.15946969625573 4.71604031202116
-0.306577631706268 0.24958697376267 1.36189569585651 3.030878256392 4.14326379281661 4.6994733524121
-0.307666519688151 0.248461069953553 1.36068072191804 3.02844495970442 4.13976880927128 4.69542503993135
-0.270272389788319 0.285982039616848 1.39842186245319 3.06468148242362 4.17581229255543 4.73127527184842
-0.205484026670873 0.350732138441282 1.46304616254631 3.12926601216824 4.240357163835 4.79578052424973
-0.111496807978811 0.444606194916329 1.5569338671699 3.22411801585127 4.33512133463175 4.89067618191984
0.00849205229805524 0.564540453103304 1.67713358367103 3.34471575297991 4.45569302606033 5.01128440618496
0.13838774221006 0.693953519079212 1.80567462723814 3.47250650087386 4.58375234795675 5.13949713044221
0.272780265535913 0.827869265326282 1.93803089353873 3.60349751274643 4.71422816974095 5.26961420911526
0.401072438204913 0.955725244093242 2.06497136737225 3.72985974549841 4.84048973326319 5.39576498486874
0.539883318098424 1.09479293517537 2.20440726420339 3.86993505983663 4.98210154451024 5.53810305889012
0.696796267924391 1.25175318773957 2.36202333551843 4.02924651687175 5.14108599238958 5.69712119206082
0.860026368084532 1.41652001846214 2.52960399600952 4.19579892999253 5.30393760128887 5.85807633422933
1.01327514163484 1.5707970114802 2.68674536202343 4.35130001227904 5.45776721751042 6.01233500890291
1.11815743136908 1.67360404246489 2.78460343323743 4.4511985332936 5.56125713679504 6.11629205962328
1.26583500315124 1.82088795948263 2.9309255850196 4.59745686415205 5.70894604944119 6.26464596180116
1.35583086246152 1.91130042938246 3.0220364599841 4.6889378832404 5.80041233171166 6.35612815658453
1.5218017711916 2.07798824937083 3.19046769698854 4.85854289997078 5.96872021127898 6.52388962871935
1.72759254170498 2.28400766342782 3.40054552720113 5.0701010091839 6.17701504381429 6.73206065180034
1.91736545057687 2.4740452202997 3.58823034577098 5.25695822564276 6.36771003893614 6.92339099804121
2.11391982099551 2.67057180636734 3.78474721442784 5.45218503078017 6.56317070326351 7.11895534142292
2.27092898271294 2.82779698730811 3.94228515883977 5.60837783262634 6.71649993171657 7.27088705674752
2.2618319028316 2.81917484774903 3.9364999749184 5.6016721030755 6.70604655223979 7.25951390186032
2.34826334459469 2.90588398174583 4.02170022941942 5.68855803944402 6.79715059133228 7.35169473037994
2.40767891375996 2.96417760714418 4.07730334715663 5.74516520436641 6.85741863510171 7.4136113865667
2.47915358588391 3.03502784254537 4.14676217918238 5.8140772982846 6.92462130605796 7.47984809304781
2.40074956522586 2.95767168049156 4.0734738787032 5.73984149268678 6.84677818501012 7.40129862641394
2.17065733155991 2.72871610768562 3.84709646191896 5.51515407931364 6.62446009144486 7.18040472802389
1.73121586382339 2.28858230452897 3.40281793856998 5.07331880447961 6.18803597451886 6.74508192508611
1.23302045769508 1.78953987763688 2.90251750651001 4.57294009154294 5.68677846061967 6.24360138330591
0.850880825912117 1.40690146581111 2.51885525373296 4.18771156144421 5.29988872259013 5.8558353255153
0.509563217522673 1.06448138710893 2.17299356221169 3.84109332184332 4.95489091028203 5.51107580142907
0.421681827206773 0.976775111255657 2.08478920195313 3.75159938897963 4.86439819856618 5.41972927534029
0.442938461829398 0.998930662296306 2.11080927122616 3.77599562148904 4.8847367586943 5.43913955446401
0.362035539317631 0.917638234070416 2.0276116794507 3.69496446196326 4.80544095413242 5.35993049807585
0.285035834430092 0.840674243366693 1.94931608884869 3.61721433631397 4.7317147347752 5.28763502284886
0.315567772692215 0.870702742351167 1.97993742719262 3.64577315994664 4.75738134786931 5.31251306903273
0.323849614146574 0.878779926992647 1.98721478849709 3.6525387283369 4.76597840786773 5.32194614529097
0.284017144047686 0.838822264489659 1.94779606043789 3.61348885640525 4.72466460927031 5.2798465637177
0.227324489496616 0.782953097151251 1.89146952990988 3.56004217602465 4.67103839019156 5.22469312871477
0.260404270641113 0.815593616091976 1.92553730598 3.59078162470651 4.70263522508402 5.25821307673533
0.27949730380883 0.833901851069217 1.94260919961528 3.6062275527919 4.7175803890382 5.27315421880743
0.284807976117546 0.839099031007467 1.94753799399669 3.61200436508501 4.72270529321618 5.27798480917088
0.232791493107193 0.787261147174954 1.89606111687959 3.56107271797936 4.67140831670828 5.22655477806204
0.152356454491861 0.707173723016122 1.81653806870772 3.48253404954741 4.59389731144135 5.14945464501458
0.119398981858022 0.675340351222395 1.78660256737931 3.45453620881407 4.56790128272397 5.12429074045319
0.119698735682269 0.675509109237042 1.78719040014467 3.45479446056074 4.56722004494506 5.12342517841034
0.0962093332793924 0.651419778134888 1.76177411965869 3.42803768519654 4.53848871161867 5.0937238772043
0.0630106043244123 0.618123135166134 1.72834670078054 3.39418647932042 4.50509909797839 5.06057920129297
0.0277148680655381 0.583415840433284 1.69484851186365 3.36051825622207 4.47207114767518 5.02782945118098
0.00236219185325147 0.557047350571637 1.66652384965066 3.33149103319646 4.44238743577089 4.99769625556427
0.00441598463782438 0.558466993622441 1.66652059107814 3.329589891254 4.44134533226448 4.99717656072165
0.000900794453035977 0.555925276804173 1.66599759309175 3.33191944245611 4.44399350484154 5.00006400783315
-0.024141010393663 0.531975162326095 1.64413790245347 3.31168997787289 4.42321225860999 4.9789492880736
-0.0462547426915231 0.509975380769339 1.62338156838497 3.29254242372782 4.40385559593643 4.96018619608702
-0.0897419147314456 0.466007108110698 1.5778089945796 3.2468823984509 4.35914741062297 4.91548774795969
-0.13130832213004 0.424801463813946 1.53689288894359 3.20567293698775 4.31786262436498 4.87393414048661
-0.185281071330095 0.370602097650058 1.48252386400851 3.1501390403094 4.26139859333863 4.81718718841339
-0.203747778237138 0.352351093745359 1.46462350229756 3.13181517286117 4.24221070435564 4.79744976623529
-0.206724959308329 0.34951845935669 1.46212431547282 3.12855846369844 4.23784442826422 4.79257968402224
-0.204266060227322 0.350902324418092 1.46186959933242 3.1274081009768 4.23689958885747 4.79203776236066
-0.204689967124871 0.350766521694838 1.46265494961221 3.12966445047365 4.23861595975629 4.79356119531998
-0.230864110985643 0.327290625981336 1.44535109185416 3.11222825800268 4.22032305120018 4.77527407387796
-0.264323710533921 0.293808798078977 1.4104907224224 3.07831779070384 4.18716323153791 4.74177638429767
-0.319908476438014 0.236724089820826 1.35214782073288 3.02231372893145 4.13031043592192 4.68529984554862
-0.37213333978121 0.184379405656035 1.29761168888256 2.96521763558525 4.07453712202508 4.62934837285722
-0.409041311461343 0.147666494944317 1.26149209496511 2.92847041239581 4.03800057136077 4.59296687296302
-0.431640623614348 0.125186564055646 1.23939796181811 2.9061242765716 4.01491567388891 4.5695917585957
-0.474195535085384 0.0822775510520172 1.19583217850773 2.86311749389295 3.97133232527059 4.52583720603346
-0.508508819434425 0.0471424077463381 1.15889097643602 2.82622360242795 3.93636710483314 4.49165867839754
-0.491782158958141 0.0639156794889135 1.17566601197537 2.84236300209894 3.95411951981769 4.51018686004028
-0.567576725386432 -0.0103241071682075 1.10671551546788 2.77458956442699 3.88241825893044 4.43768991285927
-0.825923090823025 -0.268851130365243 0.846806618944123 2.51411892070286 3.6219309999092 4.17666158731562
-1.23836265565213 -0.682164219116105 0.430021584681675 2.09612782983874 3.2050282655294 3.75933291544116
-1.68609071982263 -1.1305803951377 -0.019842196156938 1.64633613179741 2.756071783046 3.31068706232433
-2.11773144804745 -1.56301685380677 -0.453857039225013 1.21213572696856 2.32465278090097 2.88081690681692
-2.49814293016463 -1.94391161029472 -0.838450033458997 0.828224102841312 1.94336800911118 2.49912745589599
-2.60415261581098 -2.04910265921761 -0.939883430803304 0.726959933358265 1.83905802538999 2.39465507098206
-2.55942631091403 -2.00234583659206 -0.888627700605655 0.77950889580174 1.88874820440836 2.44317273638032
-2.44148612394347 -1.88549328384841 -0.773737393762201 0.895659877930707 2.00918119369331 2.56591227665091
-2.33159784418136 -1.77676866011011 -0.669139153061167 0.998952024457718 2.11531096529761 2.67252108545023
-2.17608621694268 -1.62123291284601 -0.514243154134365 1.15356112761341 2.26891897666013 2.82513780366818
-1.98284161692666 -1.42734515469493 -0.316149588850821 1.35242057570986 2.46503625371175 3.02142988680504
-1.88998937178041 -1.33497719098822 -0.225590444958695 1.44081186976942 2.55380439429822 3.10999090551529
-1.74356232820749 -1.18843962407823 -0.0804111308945996 1.58721282844739 2.70097423615511 3.25679294189041
-1.5475604482471 -0.990546146875344 0.123647511336103 1.79329713687884 2.90267722932052 3.45740890124484
-1.40086940383203 -0.844311729553321 0.268919090417229 1.93670893586506 3.04679594430548 3.60196852234077
-1.28057974576617 -0.724950388178477 0.385675052268319 2.05235559012779 3.16363033786283 3.71896026760935
-1.15122662535794 -0.595692484975641 0.514860772888436 2.18123518859284 3.29292931331966 3.84861237211885
-0.99619433595138 -0.440353611069401 0.671097512087006 2.33792325598304 3.44944101819127 4.00517996343572
-0.864783527385662 -0.309046151383391 0.801943736810037 2.46809039551435 3.57972445309104 4.13538469154464
-0.724441839801977 -0.169475989537529 0.939676955174446 2.60618050137357 3.71784346863891 4.27322303287508
-0.564646062418868 -0.00910094212964345 1.10200363665666 2.76890338475876 3.8791178550799 4.43428969991414
-0.421884852167635 0.133610706735736 1.24436118001699 2.9113924736665 4.02364309052831 4.57942988649223
-0.284813775775622 0.27127982939276 1.38342721060114 3.05183554475938 4.16517889395287 4.72190785311196
-0.13599137756465 0.419859874560674 1.53156572698134 3.19850068162103 4.3097820747659 4.86546940781906
0.00336643501091947 0.558259558085872 1.66808161611634 3.33281472710065 4.4435642778376 4.99889968566255
0.130024649826343 0.68564734214744 1.79717006904686 3.46151829222363 4.57034188637972 5.12479917457609
0.232417756159845 0.787863507489345 1.89889324063308 3.56372516667045 4.67275299536629 5.22734622847452
0.324312460148634 0.879253394166224 1.98917035011634 3.65488911367983 4.76444532966254 5.31933939585358
0.361484935943697 0.916833443116846 2.02784900586507 3.69248161907095 4.80116056046907 5.35574713269363
0.345939088883002 0.901561211463211 2.01321342900081 3.67742647799454 4.78619698266124 5.34082940402713
0.283207059484747 0.838397748186868 1.94887613078529 3.61401380283265 4.72466079427709 5.27990928618484
0.207160494546391 0.762229838393738 1.87228485156388 3.537523487122 4.6482828996914 5.20367802328639
0.123608291264382 0.678280816527606 1.78811862108561 3.45439376412433 4.56199062621127 5.11588079725808
