8.35784372052756 12.1356672823695 20.1269765515402 38.1947461548759 54.2855196496798 62.5818932228857
7.8549895417217 11.5886624051398 19.3348858774918 37.1327291968685 53.1553934781894 61.2530584653796
3.37869972608709 6.13741746759337 12.0024092695805 26.721033974201 40.4935360183852 47.5574698097686
2.14810955704253 4.51533735162856 9.55608469273913 23.0941064384651 36.1043550553793 42.7762497337115
6.71191472159938 10.2806504503219 17.7229513721051 34.8732801374438 50.2998139452427 58.1548066428062
10.326392629365 14.4738511875189 23.1679556329956 42.3168131690442 59.1444616837529 67.7626709377655
-0.211320614515046 0.538855520581064 2.45126969251728 11.3381295882704 21.2900140960988 26.4565406100431
3.64816663798767 6.36233434264129 12.148325226945 27.0029103042974 41.0305270673084 48.2106249822469
2.45081370338479 4.92550954655183 10.2386162666303 24.1009671095346 37.2673735825032 44.045222383401
-0.0682214261396373 0.0596831690954092 0.71500291248317 7.76751173936535 16.5089478379331 21.0824306131748
10.1401663423298 14.252971461677 22.8483717271415 41.8822140205698 58.6749967118161 67.2649840754741
0.401077212536082 0.0988815092730795 -0.129643898876175 5.72836878388627 13.7631255816942 17.9866333180084
1.26320233856038 3.17277811025922 7.361841882142 19.7411990784905 32.0546982935082 38.3899722364681
7.81165441524881 11.6378556425052 19.5826280455883 37.4117417169028 53.25254671658 61.3141815688114
0.721821351492942 0.198336162367358 -0.431058495905009 4.74918469768445 12.2634001238274 16.2520118695491
2.98860080140189 5.58176622355715 11.1463104043755 25.4780953997136 39.026700519873 45.9950887403534
-0.143416596738045 0.372518811640765 1.78172531355018 10.1401922302933 19.867234205639 24.9158326792923
7.83559445213363 11.5616876491899 19.3485162483216 37.1362394544768 53.077101350021 61.201299374606
-0.0740954485615862 0.104312285519254 0.826230521479115 8.0744637543796 17.0232079179561 21.6730986195221
0.500290143402938 0.135331024324058 -0.244121897236946 5.40350416275517 13.301100306603 17.4717068872398
4.4606215751096 7.40612540683961 13.6915643835187 29.2002456074476 43.5909705754882 51.0237733710207
3.51699390301117 6.34838356768235 12.418376640324 27.2999091496983 41.0924204812046 48.1822252783564
0.717053821116753 2.2184679112988 5.60134178977319 16.9709806733048 28.7479916500321 34.8239101094378
5.72536603694578 9.06460905423187 16.1364944531809 32.6481493619347 47.5752597070457 55.2561858453883
3.26746358015218 5.8855473831712 11.512109229505 26.048864742052 39.8277738621876 46.8906976901955
3.25096045125442 5.95808966594925 11.638770450112 26.2337099993915 40.0094103039048 47.0171058415728
9.55650683577815 13.8129564839067 22.5232976806094 41.3680183471804 57.7913612707107 66.1171819669699
7.08911812546941 10.6600005881507 18.1978338039007 35.5428292230358 51.1386261705822 59.1248197177505
0.114349306074253 1.20241446506545 3.77299244201359 13.8112114446569 24.6320272781 30.2604447718785
0.821173167722557 2.62618815456691 6.5594240902999 18.4192407309312 30.3017491127019 36.4106618050743
2.97102982584792 5.47441750253854 10.8433505072423 25.0872705887578 38.7266995234368 45.7021451746419
1.08446318238599 2.97832148207986 7.10924692527229 19.3231921949961 31.4808553187902 37.7177417844934
0.12001885233599 1.16686556897841 3.63908446768825 13.5987764357873 24.4199222137754 30.0317323740355
1.88042050942422 3.99665218050911 8.58169615824422 21.6632203924669 34.5190299445507 41.1357124434309
-0.221660332333137 0.132458705238177 1.3005014193011 8.98826931396691 18.0793563309191 22.8580512971433
0.562599440517248 2.16580737337096 5.75408863427542 17.1065485259018 28.6626195307577 34.6465250942006
0.269571097793312 0.0699449759447358 0.0372115662663003 6.14099614184088 14.306484923659 18.5995783606502
2.02988315822414 4.20610089432701 8.93669274748716 22.206736554476 35.1623740009333 41.8425952861857
4.42394485764545 7.34089812107374 13.5733096155422 29.0497225976392 43.4471800829951 50.8637701628381
-0.101633249733072 0.0268242162435293 0.661320346532219 7.54607671392444 16.0897759477664 20.5477328907671
0.838902021820446 0.283377891538651 -0.513392516798665 4.31180981702528 11.5388784335744 15.3204305962381
-0.185145649414755 0.437723558409877 2.06789843022798 10.641131693131 20.436240981857 25.52816512213
0.94948144786032 2.68451999236182 6.57188070630795 18.4891592510876 30.4867414300654 36.6869356481999
0.158731646206807 1.52669025900232 4.63606337756219 15.2199748257627 26.2378943396455 31.922237305897
-0.194475138941848 0.56807118842384 2.45233454446089 11.3549863580539 21.33574802418 26.5040874820358
1.28064793620683 3.14245375070541 7.26650444632488 19.6070522984501 31.942585788456 38.312413171221
1.10876105714683 2.87333512779257 6.79037858175252 18.8615450996725 31.0327751276626 37.334075547938
0.238110752338086 1.57059625017028 4.65647581222993 15.2892268012658 26.3949003805556 32.1483953916196
1.58307233671099 3.63674343263213 8.10451552556365 20.9150777252165 33.5331543863476 40.0049770475214
0.521632122043508 0.161060774660492 -0.30277212087321 4.91685815709617 12.3415059417883 16.1372023466258
0.089097319060302 0.057699715234487 0.368873723014243 7.03182561520729 15.6021784343984 20.0879371809717
-0.305538082900709 0.507314677120929 2.4213088162801 11.2221433292739 21.0423904903911 26.0853048636619
3.60799961055273 6.48135169140486 12.376847334964 27.3132563624511 41.3494013467728 48.3995876378934
7.54756847293726 11.1732845571027 18.8247610005279 36.4146525411994 52.2303263516171 60.3537020902905
0.159412266220876 1.46478786930975 4.50262490883383 15.008066582818 25.9821871052684 31.683046078745
-0.355167335055845 0.786929394627226 3.46763489872422 12.9899848727231 23.009238744909 28.2255374436637
8.9897832696529 12.9740206471876 21.3277732179139 39.8111872405098 56.0832875614393 64.4303751882342
-0.163250368819816 0.36539076984379 1.80273887032645 10.1588019349423 19.8763310359621 24.8993355346403
0.36140386029021 1.67525712535434 4.67099355609334 15.3959205384588 26.714353053466 32.5142948205068
3.2785087286079 5.99489857566743 11.7121239637239 26.3286593205804 40.0960453642338 47.1135748495085
1.22063365878452 3.19193076407237 7.41649934856452 19.8048587908687 32.0910015698293 38.3795003152425
0.566447741331183 0.143431778633786 -0.311462701415523 5.02727892356191 12.5943038286353 16.569748078641
-0.167990055628429 0.0777549166392507 0.913164605135814 8.14761966630758 16.9506495749175 21.5292702555045
-0.184811764738892 0.370896734617926 1.86140238581185 10.2426094631385 19.9204957513988 24.952441595279
7.23543846109298 10.7809298605189 18.2099397204031 35.6125544275917 51.4046459517829 59.4271468730487
-0.172133928725403 0.084796916926692 0.983400445013125 8.32987920454286 17.235320110777 21.8686782179526
10.659432725429 14.8766192024529 23.6484898859817 42.9616417192228 59.9659761411848 68.6033726147026
0.323675413637428 0.0802064993359615 -0.0194101345417336 6.00546153531544 14.1203580174455 18.4095230540608
2.12385268593391 4.39091041406747 9.31989874075417 22.7534025988221 35.7269459549443 42.4336590743783
5.76499210940358 9.2622208810154 16.4288570045866 33.0381566245654 48.0095928356155 55.5735190143397
-0.248574036608315 0.278182215358269 1.68740717733523 9.82363545140302 19.2513998252602 24.162208076705
-0.214102812654472 0.310471138577254 1.73338927282572 9.94949893652324 19.4770735074492 24.4342125570425
0.878788163292921 2.72473031958715 6.75870185374839 18.7340623303229 30.6664388063257 36.7863100011287
6.02849093757607 9.47998804476348 16.7146232495096 33.4475955714785 48.5104658012892 56.224908096965
4.59481045760601 7.5623978722065 13.8573274979621 29.4663733879642 43.9804038716768 51.425696915449
0.67542347321358 2.36074770555894 6.08059774816886 17.657303779659 29.3722220902363 35.4040811402054
1.47077738512097 3.41080375967284 7.67603353533564 20.2580422543003 32.7650725062878 39.2196228413382
-0.231072542097172 0.0707785532771129 0.944108488758606 8.1700467363555 16.9408199046776 21.4379689419457
-0.333497621932719 0.64088346274052 2.82732151380408 11.8741265138675 21.7599173948843 26.878573080928
8.36338480744138 12.3554852933837 20.6321636228094 38.7962268492317 54.7498250905687 62.9160223454018
12.7970316737197 17.4521794550834 27.1424557032285 47.5480364981644 65.0660874836628 74.0110852559786
0.238343365531485 1.55961167290021 4.64032502081615 15.2596979174635 26.3424768273287 32.1044236516188
0.112078246548747 0.0198248117602248 0.221629081650709 6.49035426524133 14.6448265998805 18.918318257626
0.0120918664687024 1.29300416363471 4.24707370464843 14.5242753880419 25.2778627555513 30.8502951733582
0.902361774081711 0.324998055508886 -0.508891550800004 4.03642134665856 10.91596609306 14.4745107002292
0.178005801835331 0.0617509018413351 0.189974038767837 6.56902153602827 14.9517086651867 19.325721644823
0.148071657183017 1.50340822464354 4.55492726753861 15.1026693423676 26.1146444888012 31.7741927607091
5.16189455873848 8.41274351152099 15.1462583458482 31.2663323571892 46.0357646998714 53.5224449780658
1.04093743273774 0.40163352740276 -0.616422134564366 3.79491605859112 10.6977029282342 14.2504536940315
0.970928588704681 2.96445745014286 7.15628308697193 19.3652862891478 31.4601116028027 37.5737639162112
0.911556404569627 2.57031644593469 6.25402611005866 18.0062814460999 29.9947520128719 36.1846797318979
0.0671352202412946 0.0124878730571658 0.296007756170498 6.68239800779 14.9137138257109 19.2214972952639
-0.208555448851182 0.5434087272676 2.44317285652449 11.3432835837825 21.3213989162294 26.4867072578171
0.437334512986406 2.3112153801958 6.31615168357985 17.8476598112367 29.228107303741 35.0960894567539
-0.064000611395921 0.117714792768332 0.849932031812284 8.13779946527987 17.1237055716199 21.8019906819605
0.917851573700273 2.62574957282588 6.45316150385247 18.3002793772847 30.2619937634194 36.4558283561021
0.67230366200018 0.183929139149936 -0.368186565769317 4.6749166619243 11.930167512334 15.7834238306903
0.446054453468485 1.97592011311757 5.41666064586461 16.5366897095686 27.9198791743214 33.8237774784271
0.270437883820403 0.0726862713684037 0.0534407671828916 6.19964477835239 14.4124035162614 18.7266265449175
-0.114386051443148 0.608997968991245 2.43586722553783 11.3949053446359 21.5055901546529 26.7486225780483
1.74978691677044 3.97668360807428 8.68611153698846 21.7654482016438 34.4937569045676 40.9999551114138
-0.125396675806027 1.03200540158345 3.61179295535437 13.4297797067198 23.9391041448484 29.3260296613808
12.5521259201062 17.1274261213001 26.6749966138359 46.9465274553708 64.4296107780948 73.3649115543137
0.75874908193249 2.5129490188355 6.32251859602869 18.0710721475168 29.9253208172454 35.9730041977914
10.7725395253954 14.9859133576014 23.7476976346981 43.1001603921894 60.1600199070088 68.8469420152246
7.28135782973785 10.847167334003 18.4119796359297 35.8426904015092 51.5112633868824 59.6011844039151
-0.127690238604607 0.178405067961381 1.14505900434426 8.78478902637777 18.0161754544739 22.7918689938137
-0.178141685330657 0.771126547764793 3.03905510374037 12.4177971853108 22.6565771712192 27.9460953783033
0.792904408015659 2.5962608804552 6.50638959583223 18.3469553736808 30.2239738730751 36.2861152426192
2.13765816350301 4.39726484272572 9.26942995897229 22.7087512041838 35.7666947530176 42.4485302985456
6.44858657643947 9.92030332457339 17.1225201652853 34.0778048755674 49.4875198076963 57.2937254898635
-0.0401775597465929 0.00950830221210689 0.44279897647806 7.0102038386586 15.3342687432842 19.6457649721728
0.238961546409428 1.50201669226081 4.464747033928 14.9895016712442 26.0584572905849 31.8255029984199
2.66611894242649 5.05144847352599 10.2852978259237 24.2435127029722 37.6179066038744 44.5341187282653
13.5040141940443 18.1975259218711 27.9485890537517 48.6375364538559 66.4945925517931 75.561688214132
6.34887798234145 9.79906113310335 17.0346880845209 33.932243531137 49.2289217065807 57.0268664023471
0.482743870840657 0.116342296729742 -0.230108279659695 5.38478578731514 13.2146390690691 17.3504428458095
-0.264409381015708 0.159049937432887 1.34739648574649 9.05548600963796 18.142803628736 22.8544035539299
15.2795343681837 20.3350641465933 30.8389354531394 52.335667185294 70.5094913375568 79.8150770380194
1.63186799106031 3.69865293803042 8.24146934591114 21.0966670226489 33.6794887870647 40.1963784096652
6.51309634468505 9.9221035393445 17.1736114828754 34.1244735633387 49.4736206952663 57.3955077434055
3.05362031920689 5.65665213906416 11.2454615915192 25.6483195261582 39.2529583269261 46.2385318216165
-0.153317238813053 0.290098484801969 1.53146582908757 9.59467615061251 19.1014005764075 24.0360789606575
7.27201234925656 10.8511249626741 18.3945516594282 35.8232989575371 51.5327577894946 59.5887733107048
2.37374779604304 4.84436488285259 10.1955458849124 24.0304928557665 37.1181292733848 43.8588917078203
6.75680909187344 10.3010160432215 17.651026718977 34.8080836498699 50.3343937788583 58.2049210275204
1.08774024691888 3.01974317709824 7.29931907708816 19.5694713022227 31.6529225367887 37.9077182406717
3.70809686019095 6.65757091138651 12.8394603097501 27.887554199824 41.7709925810962 48.9053228806744
15.5142271889977 20.6300528092338 31.2067592785586 52.8013434857239 71.0232322438341 80.3594409899393
4.37978889614024 7.45526681494506 13.9443818041339 29.5165415124233 43.7833106750927 51.0988065819099
4.1364957384209 7.09253122566137 13.2995717476929 28.6260153602203 42.8624507862894 50.1407617602667
11.8286441681819 16.196016136067 25.2866973888196 45.1559874429524 62.5727035972736 71.4415110082318
8.13976657501244 11.9469021395915 19.9477287764539 37.9301328356938 53.9330352173088 62.1091062069419
5.38506226992263 8.61137474573943 15.4075216134279 31.6467701283658 46.5085949741939 54.1080898656984
0.558377685522517 2.07527571052036 5.5363956024844 16.7781039214318 28.3044260506226 34.2865745315839
2.90749596150062 5.40428043506773 10.8737544176218 25.1058303716096 38.6043241626942 45.5923689603133
-0.150051263433174 0.117513868680602 1.05126097323086 8.50677960521002 17.5116555041198 22.2078997660174
2.57597258236883 4.96141508109811 10.0882094021497 23.951952621946 37.3139401322305 44.1656094953635
0.127077293285648 0.0639861066138203 0.292852022408335 6.8162679649894 15.2717230552463 19.7123672500726
6.42706766343209 9.91970223940611 17.3199320352116 34.2980158936582 49.5389901075157 57.3589708447669
2.28559603145108 4.56443697435774 9.49742957972524 23.0553390553221 36.1941066127388 42.960639500454
0.0294654879005001 1.2310668401542 4.02596912341542 14.1935009548014 24.963014591003 30.5289891472987
3.11668675996284 5.75420509661565 11.3536398806158 25.7920645516497 39.4496966319414 46.4476776474229
2.60490884305813 4.97098983614465 10.0571788806758 23.924584856951 37.3370980398397 44.203228404324
1.59128903406668 3.58557262385958 7.95021732546849 20.7003745494181 33.3405829174617 39.8356401168429
8.06809270013354 11.7965757552676 19.6811273158903 37.5840084743268 53.5606474426153 61.7967880440697
-0.119424818847552 0.628774837412263 2.48254065715643 11.4836135709928 21.6327537675351 26.882818809801
2.55417636610638 4.9403301877768 10.0836569685994 23.9368228006904 37.2608609367607 44.1177610711991
1.74598380335437 3.795433548124 8.25782493739324 21.1685137364243 33.9183018341713 40.4907925921645
-0.0818406606190574 0.758127349771271 2.79642962299041 12.0499175561076 22.3531767011443 27.6821949689387
1.08153299247964 2.90507007376231 6.96757113988037 19.1056444923725 31.2249944979261 37.5037424614153
6.22405427715668 9.66900916322442 16.7963889795748 33.6134138663985 48.9143158294006 56.6608391729256
7.23141896877489 10.9591782135102 18.617032590273 36.1183713416282 51.7839582639292 59.6977012943583
1.78448557023559 3.96039494205872 8.72156732764126 21.8279821375236 34.5440128726475 41.1017966614468
0.479833684558647 0.104519085040585 -0.22335939690568 5.23919847525252 12.8349787584517 16.8815531526323
7.95580826580574 11.8624953581496 19.9632414220419 37.9029981936296 53.7129526647755 61.8064743116828
-0.0682625495164018 0.901150605180679 3.28807895848164 12.9146842327486 23.3675617417632 28.79542971535
2.60847778573524 5.04835046744151 10.3548776600758 24.3089339524754 37.5993665246682 44.4870159252317
3.87798450690345 6.65721659012016 12.5651596516752 27.6113187665942 41.7646093401596 49.0183343857655
0.217779432283148 1.4119363507537 4.22633725545591 14.5981759799556 25.615579234791 31.3579042508932
-0.0667117649043528 0.0826890207755103 0.744566580175188 7.84688346464995 16.6625530621522 21.2479493676766
6.47599857942783 9.95281135641931 17.1662883772258 34.1389649283339 49.560358387339 57.3730160084119
3.18292270852483 5.76261200910572 11.3031202772533 25.7507341594157 39.496630217982 46.534880419704
-0.305561880707983 0.241605738959703 1.81147073540162 9.99159547032133 19.3391001640923 24.2503406725903
2.21459494230224 4.52250446976263 9.4790319153115 23.0204866993035 36.1304377009516 42.8325699030923
-0.0210435670640776 0.94044378935465 3.25132653948553 12.8705158295882 23.3921348888966 28.8405765049582
3.36087902655187 5.99257245946415 11.6071288706206 26.2116127422528 40.0787614733092 47.1767546928212
7.89007278742157 11.6003315479934 19.4208860418596 37.2376024703793 53.19883050798 61.3434272134512
4.11181847205928 6.93862848100947 12.9872179913295 28.2259191174612 42.4988399607852 49.8179717208906
4.69911613789132 7.68875235035711 14.0121140934845 29.7050644826428 44.3028181048611 51.7616464017278
2.74637545085027 5.29500225029917 10.7383084695989 24.8627379010589 38.2516138455823 45.1297935907575
9.63117781213916 13.6513175685336 22.0364486149814 40.7987245517331 57.4533689737824 65.9369267948242
-0.175793455973694 0.490619031929874 2.20216278099107 10.9146660713137 20.8263001155283 25.9547883009629
6.76695323957361 10.1869799880883 17.437709882845 34.5370254086955 50.1005875452699 58.0512614705109
4.6118737104605 7.57473850362196 13.9040874449764 29.5271315643322 44.0273834747598 51.4864092030887
-0.254654276195885 0.260277899701595 1.63073555744006 9.69657529321349 19.078673214873 23.9490803212826
5.71272749222287 9.04424010232147 15.9886084263385 32.4650161656029 47.4955262307707 55.1443444041998
-0.00145276433830385 0.078798331702459 0.615662559134024 7.62128091426356 16.4266489119855 21.009123133246
-0.303554399845064 0.36239863717524 1.95813866360866 10.3608264862464 19.9613900338336 24.870874524928
7.61518438102849 11.4903959676844 19.509644601983 37.2636753645669 52.9196602261299 60.9130241313442
6.29366136227838 9.69451511696342 16.8552483844841 33.6857166612066 48.9665154881578 56.7955825517476
-0.165550609551246 0.270408559182891 1.5402340110506 9.58619039644837 19.0374978104441 23.986623747786
1.08931862113659 2.98220288935645 7.07290013545782 19.2643035334738 31.4202874677196 37.6533296406708
0.31263292333976 0.112052582029181 -0.111809968656746 5.54949738008845 13.312839836517 17.2677941648027
6.28434912514719 9.64331871228305 16.7144508968971 33.5186879190719 48.8460767867943 56.6986293880544
3.06544814840403 5.78298766190599 11.501449341947 25.9663980184263 39.5339396657029 46.4835166737233
1.17646295915287 3.12968087835031 7.46441170988534 19.8394665979151 32.007736965417 38.3122594874787
6.33921813050278 9.71340481786902 16.8869689410357 33.729004928009 49.0090453243098 56.8871416392107
3.86769395954557 6.64308677223165 12.5513564667242 27.5920677751837 41.7423773674457 48.9864071277669
3.32782914846866 5.97197625631367 11.6504039150471 26.2579252996457 40.0488780846886 47.138081821223
-0.0955243784459485 0.154253037232634 1.02922828431924 8.53128472240716 17.6533592136351 22.4227556236256
6.05257897426308 9.39087136361675 16.4660385818588 33.1502943970523 48.3162482890692 56.0901152122574
3.00795601694058 5.65282225017785 11.2623651988836 25.6606129410606 39.2387491288134 46.1764599644481
0.625012322326801 2.23330264628479 5.8387704959969 17.2664135374243 28.9099250030073 34.9083548292508
0.00615561258254437 0.0564672929626338 0.583743282578685 7.49474239961472 16.1789503202799 20.7453522893268
0.0155645011283598 1.11195620320202 3.73307132181432 13.7044494348636 24.3865067783486 29.9330639459587
4.05122563234994 6.88965581996478 12.9885425235094 28.2047586413012 42.3988940380035 49.6974174519669
10.0597573665547 14.3372569029513 23.0811346938536 42.1773179864545 58.8914243050723 67.3178942477046
3.49322970458622 6.248521414043 12.0934349690092 26.8849183532212 40.756364512214 47.859631402827
5.90285174162417 9.15098720813922 15.9976457203197 32.5341611881628 47.7494349941102 55.491031572098
2.4798740528387 4.93753139868275 10.181958408993 24.0569380300632 37.304192643125 44.0867072980556
2.56338245848371 5.10392336287138 10.3824381038167 24.3707636311406 37.7426605411915 44.4909833217712
9.49503984596706 13.4909571205254 21.8657741613316 40.5583012550494 57.1165577317435 65.5982685319618
4.15809074549802 7.24932347961837 13.6324172719866 29.0785464322887 43.2930933081934 50.4760192900252
0.503950668682225 0.121885714417202 -0.258867025881584 5.22229744762868 12.9017318051829 16.9340568805489
4.17207147185192 7.09331121355126 13.3363678575051 28.6845031464953 42.9060666007651 50.2150736111778
0.544885425282431 0.134229524523974 -0.3030364906134 5.01101267320085 12.526095993854 16.4729486899971
-0.13605535063491 0.188062868206786 1.20621990082319 8.91303977188643 18.183784903803 22.9835542395013
0.684968509370013 0.186006084227702 -0.403190781980635 4.8391599228966 12.3961990239834 16.4048503423782
1.01590676101472 2.80577585373605 6.76640769485502 18.7937075705538 30.8620324254471 37.0830754238776
2.53907875132188 4.89767332672178 9.98795381488468 23.8152216614931 37.1762047969993 44.0107258782817
2.4983417677854 4.82149775850074 9.83463503340836 23.5994155732792 36.9491864131672 43.7797467138965
0.704271797905664 0.196333664151365 -0.423510538881787 4.73884541811949 12.2393251989829 16.2125163965462
0.0288992766946319 1.40202486446925 4.39919334495388 14.811927964306 25.6979184933717 31.2374704353561
2.69605500773962 5.21994892274392 10.5399406897469 24.6158978645235 38.0627358704123 44.893253811791
12.0354115137957 16.4218055147662 25.5835978144074 45.5507913776895 63.0178110418139 71.9241971837738
-0.261484420827893 0.586323289671213 2.6630103098588 11.6717899746336 21.622669566467 26.7859622743935
0.520655444655263 2.19269708111721 5.85348661844042 17.2406441464123 28.7565678839074 34.6844322087536
-0.165916067425157 0.438361559664979 2.03198106194844 10.5703160386779 20.3532377166669 25.4619133945988
10.5631951037507 14.7410668962359 23.4723622178641 42.7232987487104 59.6626577439926 68.33206050138
-0.216873388002057 0.324797100914272 1.8085352762181 10.1094755869285 19.6813230015433 24.6900246674138
0.389007666792909 0.0888564031744665 -0.137908142327863 5.52649249037702 13.2957565911918 17.3846723710512
11.6964267504236 16.3126136344922 25.8379010824464 45.773688371124 62.8295082671818 71.5327750890917
5.94993184389636 9.22362760000081 16.1560040904073 32.7316132103556 47.8870007545305 55.686855742483
3.1252394352988 5.68388773169108 11.1699050884443 25.562093587931 39.2685132661389 46.3079054196422
14.870945576957 19.8329085028143 30.0803922124588 51.3929158041871 69.5806428140374 78.8134306940546
-0.271385394778007 0.400681386807477 2.046840769324 10.5528419237467 20.2419731042823 25.2175533010182
11.786000524843 16.1744575078616 25.3603754386418 45.2357986326748 62.5613778198808 71.4126896043727
0.127139172364393 1.37323171020854 4.27311233940899 14.6302753901409 25.549193382982 31.1992168505847
-0.248107430246452 0.574427943782014 2.50236136858947 11.4249957579673 21.3876229264144 26.5022009863505
2.04166387788305 4.37179602584739 9.32591318555709 22.7404126457375 35.6714206207181 42.3029755190586
3.73242571362897 6.48679277938084 12.3714366452581 27.3100112482121 41.3427511242792 48.5624092840158
0.640170859802273 0.214458666120817 -0.381297877027579 4.5973367359542 11.8269828469925 15.5195737115375
0.0232551599707251 0.0645679401909472 0.545617155858715 7.42286133485402 16.1064945644997 20.6691236945955
4.46541395594958 7.35233393249023 13.5794333615939 29.0608324978408 43.4728899278287 50.9386922430838
0.251920162298685 0.0477102399299243 0.0430384090738479 6.08691397368813 14.1435481348388 18.391620479386
6.05917849559649 9.46863589098066 16.7196646942968 33.4625595124087 48.5388673996459 56.2862862624797
12.0995440277645 16.7806846720785 26.3840699415163 46.5150556415735 63.7524207931059 72.4987248164828
3.52769808871984 6.17624247213597 11.9146250303679 26.6463912512727 40.5308861788316 47.7416776264714
-0.193089316630907 0.542661555421481 2.38720888308138 11.2364693187974 21.1855884256793 26.3445918135922
9.58110727401619 13.7583564672911 22.3151354466003 41.1577589939977 57.7183986222204 66.0707461824176
0.434787173239853 0.107900088389588 -0.178774888738782 5.56220024706845 13.5018981507937 17.6868413388755
-0.236928275732529 0.42878217349049 2.13369594076854 10.7042961804133 20.4522660280063 25.4941309116843
2.53890979518242 4.98604349788186 10.2728760710328 24.1810229293658 37.4285653068403 44.2672877349948
-0.164921724091463 0.0293123851849908 0.671745477123739 7.46553964498481 15.8795869338374 20.2024608180595
2.37728202753253 4.71164833485268 9.78172602647089 23.4674617859305 36.6330307168905 43.4415723247823
0.43247151184006 0.151863669692142 -0.252119750051405 5.16499125108276 12.7875394662631 16.6395760876408
0.0834769205378107 0.0904788108502906 0.115048490149877 6.04013251662744 13.905277382374 17.8306515796305
-0.17374478884281 0.043320289493866 0.595281909378547 7.23495609972299 15.5318075831232 19.7241593103113
-0.712016473802626 0.0478616695165037 1.48966852021017 8.77088750144164 17.0376768270758 21.1256259999399
-1.07549266002062 0.152719141545836 2.41494507943459 10.3982310569165 18.7880961049597 22.884634852884
-1.06924186524668 0.372584245290788 3.10344924174913 11.773840152752 20.6133919084681 24.9592908365783
-0.760127257387464 0.705235929393618 3.61760516318372 12.9542503898794 22.4978470015984 27.2672951088807
-0.578080656793349 1.10535708085949 4.44030548485936 14.4228679959606 24.4104236905926 29.3951108950094
-0.499243296693286 1.60144400419637 5.59726581024006 16.2897883425638 26.5745979538074 31.6175107133771
0.0666140009141215 2.07105426642985 6.13663079888561 17.3919784992946 28.352084201466 33.9009486856048
0.53971515227664 2.50946576509109 6.62330542305833 18.3598210262409 29.9061282191014 35.808930870349
0.553050090036132 2.95459843765184 7.62925532397975 19.8326569968806 31.4423238802853 37.185370087367
0.782319994249637 3.41935412337031 8.55186806990331 21.2069422999605 32.9544822047077 38.7605994467219
1.22969066495222 4.09229518565741 9.64425299069434 22.8838344109229 34.98818166233 40.9532201423414
2.09519720513338 4.95675747543106 10.6332551936573 24.5202915098801 37.3592917468846 43.76790647446
3.05911031191252 5.90232865376593 11.6566464960003 26.1762617260644 39.7861214221832 46.6408636363103
3.73026887422593 6.73997744040631 13.006642451654 28.1097740862054 41.9823029251239 49.0935136105758
3.71788257247603 7.36057632398479 14.6041969482004 30.1679842297062 43.6904763903699 50.4394691603589
3.93129747370581 8.20324497951602 16.5206417811687 32.6775509599014 45.9142752239764 52.415874796334
4.88894935813752 9.11343434702309 17.3987219200993 34.0184105366932 47.8994557823921 54.7539700481865
6.19532605839448 10.3326528540187 18.5311096970446 35.7399185817617 50.4878846515339 57.8331095579419
7.78635726302462 11.7244501861368 19.8412778360691 37.71448298943 53.4195824225337 61.4378128247741
8.94239596831858 13.0617310734854 21.4693609260338 39.9634963053366 56.2185045192836 64.4522066913624
9.97553172024163 14.4139069727175 23.3957694672412 42.5083018182154 59.0185874951911 67.3426146475872
10.9402214675208 15.717352521803 25.2219278230928 44.9004509855542 61.6456976104605 70.0075703342132
11.8349584938866 16.574645197703 26.2386292554549 46.2781503728503 63.3333577377085 71.9845245352648
12.6470016585806 17.7832220738903 28.0030516052671 48.5409919935014 65.7026921627933 74.2720945084757
13.4308942956998 18.9115351179854 29.6915340260466 50.6790116488638 67.8864930559281 76.3981866158751
14.5276687365137 20.1099871768157 31.1236330032047 52.5493686128083 70.1221194466935 78.8348028246165
15.4693879628471 20.7237389953254 31.4478812654485 53.0767554563568 71.205953630787 80.4220236879467
15.4789431147877 20.6308697878852 31.1790009772235 52.7663087909084 71.0067379288531 80.2981146000534
14.2189901658691 19.45765811957 29.8470383299303 51.0068788973573 68.8405053742238 77.7037478996425
12.8829572801107 18.0009867173262 28.1351017946365 48.7431153189626 66.0887773470572 74.712912951431
11.7715709552321 16.5166343681076 26.0789965324023 46.0927823538373 63.2144886906444 71.8204632183389
10.4693946929495 14.9103587997996 23.8766053834111 43.2127736171891 60.0249767745926 68.458307113484
9.49745374559242 13.7071026111687 22.2493131141503 41.0675256610481 57.6094576569139 65.9100511323961
8.41631055120737 12.6393542632969 21.0124667328891 39.3318099793234 55.3646480203077 63.3368252547212
7.42439186498518 11.3258125326896 19.1787171096135 36.8612640047345 52.5669488754121 60.4272940534076
6.59922390147132 10.1066040315148 17.3633657157399 34.4194044924423 49.9077401184477 57.7400939562377
5.78075024877526 9.20865360765231 16.1990663716511 32.7599193953039 47.8573555996736 55.4539660427222
4.99570155142079 8.30885538777336 15.0156511056489 31.0677253529746 45.7736817607797 53.1474590720911
4.18841362902174 7.34693421426211 13.6962850473577 29.1664106228126 43.4569291212162 50.6077553948516
3.51785291524522 6.37204341358539 12.2110130689472 27.0776212543211 41.0774479660482 48.0936298325382
2.91674809297882 5.70920854317413 11.3527675054176 25.7739054725448 39.3498536628449 46.1475715803433
2.0302793804462 4.99549905191838 10.812541005916 24.7608244756178 37.5230106799519 43.8417534046888
1.30821097671 4.31722741432529 10.1505502755813 23.6105944823589 35.7080550726018 41.6602385931544
0.785416066816911 3.59094276345518 9.00887676283467 21.8448910716066 33.5299173435252 39.2764588898835
0.640548963924549 2.89027171544844 7.39840272934681 19.5494755700475 31.2380235585747 37.0764598218656
0.587729515277635 2.39911100939719 6.14386265995422 17.7593561237142 29.4987026509208 35.3943093821654
0.0458958597549549 2.0052956550319 5.80347122229502 16.9749926612224 28.0754731329355 33.5648069435434
-0.299835351557572 1.56207253104503 5.142612590245 15.786867690563 26.4107342565308 31.6476446185629
-0.410972079383587 1.18803825211195 4.29178565843099 14.3863011839692 24.7465698477912 29.8735592449664
-0.545565740213299 0.849802149284504 3.52370448301766 13.0241169750216 23.0151697154043 27.9490486386971
-0.45750535108766 0.498419692211966 2.46500017745049 11.181845530446 20.8365448976701 25.6828518409393
-0.53819783531396 0.240207136601796 1.7441839400132 9.67524005263565 18.7449259360029 23.2586816288254
-0.570219593986752 0.199590499598621 1.66500568766128 9.44451055655232 18.3486038004752 22.7692240492975
-0.60473522291555 0.375924216105867 2.22877737613358 10.5565892076685 19.8193427427776 24.3990381216216
-0.336491058595044 0.618263286934489 2.72980056025571 11.6978638218723 21.554855503055 26.6425917617012
-0.568942425655731 0.784364440811871 3.51995008052413 12.9414740030965 22.7817411137691 27.7415482617239
-0.894764464462976 0.991384396514064 4.56262034370525 14.5012058331029 24.192087921717 28.9346097846971
-0.620203834063577 1.32987461087867 5.08476624934072 15.4993788127284 25.6351881943491 30.6332140862842
-0.159363260509105 1.83838861336313 5.72761742245188 16.7410375683777 27.5363499915214 32.8877784056884
0.451932187897501 2.44429818097712 6.4097352745612 18.0490401390024 29.5948468010408 35.3686262794018
1.02501053698093 3.07587722539826 7.2731031851424 19.5357572418297 31.6777881247617 37.8085570547021
1.52512857306458 3.74564529469478 8.32306660608359 21.1943230796814 33.775379774077 40.1475962869262
2.02451272612645 4.40138706805457 9.37832086701411 22.8061877958697 35.731902122944 42.3337359854446
2.36420361674196 5.10574278072277 10.5602778918712 24.5238527782755 37.6911657756417 44.2688008138181
2.99190077733547 5.79574110473719 11.5527005862191 26.0137438945675 39.5372131927697 46.4017097299419
3.446296405454 6.5557858085073 12.7753768337657 27.748880675535 41.5047827767798 48.3952099556213
3.99679741612691 7.40050235603284 14.1123785597413 29.6356344715814 43.6246577563985 50.5798669364653
4.8053463955179 8.35170372618342 15.400898475498 31.484235371059 45.8737710335421 53.0633945367026
5.66974823267963 9.31320897794424 16.6294244666002 33.2545294513365 48.0956256584948 55.5504653066971
6.46029952919623 10.3484924442924 18.0573056716226 35.2276533938118 50.4092971318845 57.9744032788696
7.46320128692231 11.5265329936478 19.6102252965248 37.374404867208 52.9826375281364 60.7707779447597
8.33023018182716 12.3732578854712 20.6636773192812 38.8259301281769 54.7596139654669 62.8832245699069
8.34359159115907 12.5522378600301 21.0241385418859 39.2715397412573 55.1513212134513 63.1517040573121
8.06196144139552 12.3391657799739 20.8303311670603 38.9781826506706 54.7080204286296 62.5625548507699
7.59312841690759 11.5651956972828 19.6495497349236 37.4318245187303 53.0615393691908 60.9799399698522
6.65595759184144 10.5149516769963 18.2050345409207 35.4610586066186 50.775659971079 58.4253807923438
5.8106489773787 9.33832622947052 16.539208123399 33.1892003720237 48.1801140127173 55.742054469904
4.85216115397888 8.28710283921902 15.1458956091215 31.1885979576751 45.7121456917044 52.9595085558776
4.1150610412647 7.33021731609418 13.7910102672046 29.2749718043983 43.4581214978438 50.5458594192865
3.44861559242296 6.46292641907727 12.5054885285655 27.4264234857224 41.2737237612556 48.1951609002698
2.89950422919452 5.5741899223299 11.0618769934096 25.3772353775957 38.9753479447497 45.8157565338476
2.29509367926332 4.82494817807982 10.0128035827974 23.796254640726 36.982715970147 43.6043878695787
1.54112935401582 4.19468486419055 9.39587805648335 22.6768519782838 35.1734470282933 41.366077035232
0.921833789926987 3.42440434214357 8.28684203348637 20.9391016914638 32.9376583510471 38.8535343099291
0.899755107232268 2.86875067009213 6.95949154398415 19.0667481251451 31.1290331810265 37.1953917233096
0.499860068100853 2.44853040081857 6.35844575612114 18.0042051022814 29.6263561508634 35.4411755844993
0.0318188663504833 1.96096740973007 5.67231082828079 16.7739022012047 27.8653819524867 33.3416700194522
-0.0991664673162006 1.47341190605127 4.6406656541778 15.1518816147147 25.9948400778465 31.3955679208825
-0.30420714012789 1.08792463006292 3.86095971825251 13.7925631850193 24.2524568874661 29.4512294364852
-0.385872536898243 0.814968186104693 3.19900169747124 12.588018114248 22.7138093138695 27.7598347313078
-0.321641670618751 0.532100224173327 2.37804549159637 11.1674570033704 21.0324806936208 26.0197225114531
-0.423245911027655 0.313848324459113 1.86974143897785 10.1084907782216 19.5267495978759 24.244910080781
-0.580469612778388 0.187109296038761 1.59816604490489 9.34536657227994 18.2513945580463 22.6358393510209
-0.349519178520944 0.084521453353599 1.0157450722081 8.21816208735261 16.8951400870038 21.2417323451858
-0.288240296764965 0.0352105480565393 0.66383263376357 7.31172399235492 15.5436257887497 19.6289439187793
-0.248393122465613 0.0280745204565196 0.492030085148918 6.6359596044946 14.3554154074795 18.1625991471955
-0.0956128749227919 0.082970895576902 0.279369097204037 5.87566223415212 13.1228251700442 16.6660028830877
0.434553294019612 0.195621362434032 -0.219857419778977 4.83041598701274 11.9636110736441 15.5135881328531
0.731109732714749 0.324332673216247 -0.448582246375937 4.25731900019267 11.2960378753178 14.8055574569372
0.941226757505063 0.427867242775614 -0.551266900802147 3.86279268408643 10.7270975562121 14.1670198209016
0.971756121230254 0.432937963564444 -0.552504982503787 3.77937048539026 10.5294161812759 13.9126428096466
0.658477245263716 0.347951709648036 -0.275716224795397 4.13728685845596 10.6188528765559 13.8270132212993
0.18145788845132 0.233744901462121 0.14556018376273 4.75877418191711 10.9752026632125 13.9903437274704
0.156010147192157 0.19385945191956 0.112838139101413 4.95581488945298 11.4806880798989 14.6640757221514
0.470739322704276 0.185022812339337 -0.252188118245332 4.82496468556425 12.0323086017454 15.6535652344574
