9.41995654592692 11.4539578861926 28.27073862512 48.1518712818513 133.34657353688 210.057754908634
8.82622595297762 10.8165203728661 27.2244758246823 47.0881540049673 131.932643716186 208.374816231464
4.47247839594892 5.62827346555421 19.5142530087043 37.2065612309717 119.453622941207 194.801219935213
3.24443598430612 3.92882817835423 17.2768756114911 33.3957926093048 115.218134009804 190.064014718524
7.75745140203643 9.74727766344458 25.1664443190555 45.49111952816 129.364440729686 205.24495294351
11.4172202134779 13.736244828583 31.448181663186 52.194671970671 138.07789113436 215.342377466398
0.916763017682665 -0.0725623078394331 10.4097721935581 21.066201065064 100.204446128284 173.932497853354
4.64747672318684 5.62506382658679 20.1788634794259 37.0230028876686 120.035415047644 195.443589566308
3.55496545965712 4.42600569751128 17.7900398429016 34.6783792126678 116.24581554519 191.383145493052
1.03976135996685 -0.616530881954572 8.84780768211634 17.4245045282085 95.3834899425251 168.644400604666
11.1722125433089 13.5479655506994 30.9328615218667 51.822738950129 137.684804887029 214.636842321259
1.39132506958941 -0.655569353229897 8.03044066415942 15.583881542318 92.895453877619 165.284271566694
2.34681228241925 2.3363405151495 15.6319027574876 29.4264738763427 110.258660570495 186.069293899005
8.89721815808677 11.319098928574 26.7842765838885 48.1836411205862 132.935513428472 208.305731717918
1.78081519354982 -0.556190704775003 7.8381629445202 14.3790774339595 91.1303600150479 163.960028029818
4.12652625803021 4.87499221770845 19.2371062651482 35.1782310909367 117.651053282855 193.658569465428
0.845438996858689 -0.360022955485963 9.94474680109239 20.0218097055513 98.9552475444616 172.217252217329
8.85012717730744 10.7892478578242 27.4121762673179 46.6275671425116 132.172826811604 208.445107610712
0.942081997817393 -0.613655610508001 8.9264562482103 18.012185658956 96.0145959521534 168.983662019143
1.46641896848432 -0.641308807037661 7.88519661535345 15.4308988332549 92.3825872284021 164.778700306615
5.5286449766835 6.75691651580792 21.748854790955 39.3046210799107 122.657337941798 198.48017944493
4.62604000341679 5.77301717838297 19.9111578236839 37.7464269615322 119.986061277366 195.407136410929
1.68454355391433 1.42071093039313 13.9431031749752 26.6996282910336 107.880938971333 182.146318668043
6.8640857365387 8.58237445052964 23.8163582338591 42.8382258241151 126.67868391222 202.651495766804
4.34738656055879 5.14121033655862 19.5838069125924 35.6434773189812 118.611080232379 194.375999501681
4.27945600820837 5.52924289030918 19.1569893909872 36.1587323558032 120.087652858138 193.854507821314
10.7391589635673 13.7789834122028 29.6997900005011 51.2045331630646 139.339248120128 212.89794903307
8.19201397824305 9.93684859691148 26.3695959826166 44.9850947137677 129.806057655908 206.76882056109
1.11665246178378 0.407374646763386 12.0298565992745 23.6882896167647 103.633371502284 177.670851136881
1.88011571472174 2.2118477024021 13.8400701131294 29.1314879330304 109.508610606158 183.407267679252
3.96753460344403 4.71666108658329 18.9732719782288 34.900204437003 117.671249465286 192.973361554167
2.27162723701273 2.4043873604403 15.1992462321265 28.6323136493933 110.721311197893 185.312241502318
1.07387106417774 0.377222547189947 11.8587839002704 23.5322611934967 103.528669431591 177.296145219088
2.85627510361582 3.26516011025117 16.6712921094618 31.7473699863674 113.587415350984 188.379820867391
0.853644788443005 -0.503265307516233 9.15471325530146 19.1044041911899 97.0773356192913 170.19754240064
1.65429101559986 1.56333045956006 13.5207668923658 27.3525331356153 107.553411934034 182.006906773988
1.28534556283918 -0.616434980129899 8.08282831859616 16.0861520337372 93.4560134871345 165.908416006716
3.02812917173571 3.49574006398291 16.992245828893 32.2731323879594 114.246001109804 189.136459487142
5.44547929651374 6.63647759793357 21.6847301289024 39.0570498469334 122.553943314523 198.215942617287
1.08369464254624 -0.6097038462347 8.70499442267447 17.2754364027936 94.6623081907668 168.32916779867
1.89875744795229 -0.231966738066296 7.07548202104069 14.6400330532839 90.7371566408601 162.550285555016
0.871518799780419 -0.288656219208476 10.25690683575 20.3691250171834 99.3541558581689 173.010763870514
2.06432270340471 1.9347331617647 14.9074526757802 28.1101078248647 109.229678002555 184.406329070106
1.09227888634376 0.850660465722417 12.1430151627927 26.1180208446451 105.252213817264 178.708924034671
0.884263326496746 -0.120725850758038 10.5069121338055 21.2786344870883 100.165568650105 174.043264948179
2.29744472031979 2.39957155992208 15.4190674986119 29.3095472855635 111.008015368301 185.635548539246
2.11477725593302 2.12837754776538 14.9822967440515 28.7438986050305 110.153317195044 184.682600515093
1.44334523450357 1.004876833961 12.683022203671 24.7382649832215 105.281256907177 179.880302424703
2.61784909469664 2.77644505627739 16.2243829800434 30.7224142362571 111.990666448785 187.360390561822
1.64847302502728 0.0348259406731749 6.93959825720431 14.474036693526 93.607797174914 162.430948358494
1.09384113739712 -0.68780656757582 8.55735977270215 16.8823547379147 94.720934701522 167.433562712657
0.783189261809052 0.138861185560377 9.67380078223959 21.6851119342573 100.42518551742 173.065432870954
4.53116128823865 6.14072154961287 20.2009848974558 35.5183554694938 123.738431024966 194.576085521885
8.56358439049262 10.5012402591012 26.8503060023639 46.4371548192067 131.379758413356 207.658209973305
1.26029222385334 0.858779114420784 12.2844050557248 25.0634059117935 105.049590035865 178.991723365458
0.869260500890783 0.494257263709441 10.3241324392703 23.9438522210174 101.945052973169 175.454712115683
10.1066988650962 12.5193874411767 28.9193057213864 50.3042085622918 135.09409752502 211.780744999057
0.834992125788159 -0.372566224073556 9.92251306199809 20.0762012749472 98.8728562630318 172.162045588832
1.32962941584625 0.868183794633824 12.8359785509798 25.2197345869494 105.608747217462 179.713806736444
4.30066232396764 5.55374169807799 19.1581032621897 36.5855415087591 119.865655118229 193.989335839598
2.26458355458476 2.84858059228227 14.9038564463598 29.9864032979486 112.432861585792 185.291242109666
1.68817174000033 -0.504464601346673 7.75450077157599 14.7031143202594 91.5550882709223 164.119724986947
0.838647265145284 -0.466234373849404 8.32865946505798 18.9263640868438 96.1163266489941 168.545777142952
0.815844554594278 -0.374684732908097 9.94981858190837 20.2429925871017 98.996413509969 172.202920736655
8.18513157985891 9.92091485339484 26.374788961212 45.4191124482191 130.031208611967 206.65133421432
1.01359780556108 -0.586974036694292 9.19962762411248 17.8870169900664 95.7553192364151 169.725957938653
11.6343524458885 14.0989705722518 31.5924510511399 52.8565388790086 138.68746535015 215.803486406793
1.31568183944453 -0.729752280153726 8.20485260293465 15.952146824957 93.0258504606271 165.883359178023
3.19762217936261 3.77255920865178 17.2565355368006 32.933633387819 114.799068977007 189.860723321437
6.85780448814427 9.12361553182353 23.8143815724142 42.2167855141448 129.911287763441 202.15367358482
0.767702711753819 -0.3038998276711 9.21921746136232 20.5448830834505 98.1702955316364 171.256078457391
0.85740484915307 -0.347169188373545 9.71048852453072 19.8994530753818 98.432348602849 171.856642351873
1.96118891818393 2.12976671985805 14.3385236225823 29.1616009416095 109.448089502503 184.008917083122
7.13346391614881 9.15634834285733 23.9222278858411 44.5338586656202 127.783761099407 203.365972306199
5.60483844119718 6.8727402917577 21.8768363666307 39.5053074391103 123.017166595305 198.712738067784
1.72202920043724 1.81169788539289 13.6566265257647 28.1555820635918 108.316749675671 182.588430082265
2.48169225849559 2.66597387839351 15.8930656707696 30.1124700923086 111.799729359132 186.62762857397
0.8052446503957 -0.20645889719356 7.83451144067521 18.9293512686939 97.0596670828345 167.833769839574
0.768963299417584 0.514746035686054 10.3462382577913 21.3047614430446 103.962443742411 173.800051593008
9.67375502217909 12.5018906353882 27.8094087498203 49.4655591628838 136.094402548799 210.104805134303
13.8790403684763 16.929382891117 34.6958483191804 58.2868378820632 144.004102451952 221.243685391645
1.3444286841494 0.906522044870552 12.6565514877659 24.9743744100021 105.319226611031 179.566730601981
1.16262404562869 -0.592539386254627 7.90312397846414 16.9110726430786 93.5365047092473 166.132309960738
1.02607122885956 0.667920920432889 11.7345466508914 25.4979925307464 104.132117561799 177.941994872645
2.10470112173325 0.10470393160541 6.49429285666059 14.6653514833978 90.1013083630658 161.368278480347
1.17610703632308 -0.689214577894217 8.34424378800559 16.4875507420459 93.972019049856 166.628578386462
1.31035209075678 0.991520748839466 12.3201241730139 24.9182727120001 104.936932514845 179.285746652186
6.11363146575147 8.08023292816724 22.1582157329527 41.566165379432 126.5499932904 199.857181727091
2.21421390360046 0.165432945253166 6.50672739919773 14.3479908209767 90.0793657952939 161.19451693734
1.96273751128119 2.66340843652278 14.1872196082517 29.443888213791 112.138422055612 183.822936562186
1.88919321042871 1.8044413754533 14.4369842793921 27.9558226785822 109.101636623577 183.478375287489
1.18018345047812 -0.548318273200988 8.02474231403047 16.7876067644691 93.8196695075991 166.555985907179
0.803160653967521 -0.152402920954033 10.3621905347907 21.5685968105635 100.230662068779 173.692474415255
1.66524298541955 2.30476764609004 13.2258349152253 28.2107320939384 110.517033898135 182.080382124487
0.938132331167156 -0.590146839008632 8.90853464574885 18.1235726708248 96.1799923797021 169.088278427027
1.95681092411381 1.89981966549353 14.5955280606575 28.2454854509573 109.35709431999 183.84958696776
1.77037282785818 -0.407789237749671 7.3088786574431 14.9698019779844 90.7935223844983 163.142485835799
1.50474490662652 1.35910869461262 13.1181211976904 26.9825272234469 106.802748235626 181.163836617485
1.27456520448468 -0.658971282225743 8.18550832967827 16.0858760115296 93.4562596170849 166.06372985878
0.875020360768765 -0.147013738954433 10.6123104404925 21.3220944161985 100.568606293325 174.059860447823
2.80272950539332 3.7979959447768 16.2417672088312 31.5023393743207 116.010752781282 187.781138946816
0.974938214804196 0.674788221898591 10.8188143797216 24.0356785409637 103.06320683256 176.417736851671
13.7040480137708 16.6105576680115 34.3984734717628 57.0555144041634 143.44827253563 220.797362476714
1.81992112156733 2.09662571417629 13.8277997227822 27.9091272191926 109.736054864232 182.854538876684
11.7538282860199 14.2291750109025 31.8249437417134 53.1007853855696 139.151184907827 216.090428424128
8.37367781200436 10.1785013331041 26.5850721402585 46.0532999943095 130.490094310153 207.1665378692
0.860150447101561 -0.555671270646239 9.19162613674103 18.8541608401595 97.0226082389826 169.987795648846
0.922344047383688 0.196313475631213 10.7645380962479 22.6378404545335 101.530249776952 175.263851782749
1.85375483495591 2.13373106239343 13.9416495356685 28.5249993431159 109.689631769677 183.22570376608
3.20961737201588 3.72291084527384 17.2283820049371 32.5164121126583 114.488455636943 189.87705942621
7.45840044528041 9.20387428534034 25.29822349653 43.3081820943014 129.249124155019 204.471708280794
1.05541425175414 -0.400925764012737 7.72104477555302 17.6456342117685 94.2916875047835 166.714392065515
1.32607694699517 0.72959242015205 12.8623976696659 24.629157048745 105.032378873174 179.508119121804
3.74603015507748 4.38441821997631 18.5418417537383 33.7032987440016 116.836014225375 192.046865844604
14.4674903292523 17.3940334017972 35.7882650221372 58.426237355495 145.153482912181 222.698396145982
7.37892861234252 9.17409227843551 24.6978746017291 44.2672052658976 128.037530671694 204.237594920153
1.50574164883436 -0.617413588151671 7.89336114250828 15.2826706850477 92.2386025068879 164.753527402389
0.762783505823906 -0.332851754848542 8.64687363939933 19.9961835869878 97.0344419392129 169.950030052833
16.4442977475885 19.8358535040057 38.388697015089 62.6456507705124 149.58771590561 227.213409494234
2.68421006522736 3.00366562349904 16.2361236254327 31.3153123049579 112.571896483955 187.65253995015
7.57783482918456 9.262591567036 25.2628600775603 44.1985547413962 128.53206836745 204.843045315501
4.1696248612103 5.05660889759658 19.1388451970512 35.6086792268504 117.94246034061 193.767355069187
0.835522384383388 -0.425183297614865 9.58779705803252 19.6285550647288 98.1291045157531 171.318121777813
8.30429308764366 10.1702209285259 26.4247988240956 45.8144148306255 130.571710099335 206.93419629819
3.44487112231643 4.24009909666938 17.5905908834917 34.7156315904314 115.750738699998 190.980896354175
7.76508329956624 9.66705061871854 25.8083577417293 43.9432416976641 130.513011594742 205.248547756114
2.18008946832779 2.46989974325488 14.8504055433903 30.1115039708035 110.502224656965 185.209090696803
4.89475557021981 6.53081563388009 20.6802425015656 36.9504451635987 124.188498994994 195.880456692908
16.8656201395754 20.8130426541307 38.679388375497 62.9624012102984 152.905536514805 227.584223608381
5.49481103733777 7.12466586655418 21.0347270535886 40.7471818638523 122.79596496881 198.2548108612
5.22787210737314 6.56102691449642 20.9932401409055 38.9487738410288 122.071191908023 197.416446928001
12.8027532117076 15.4088931225868 33.4733528172752 54.8731556730223 141.620677858423 218.700436199947
9.11967865550676 11.1055311081945 27.7844722037911 47.8606872553461 132.401023395771 209.281789894587
6.53468894623281 7.86496457961846 23.6496392806212 41.4029788202688 124.864158250797 201.951713036949
1.67454876365702 1.35063954336862 13.7774894473951 26.1380883302823 107.106919028962 181.924106450668
3.98555301804081 4.74314425879091 18.9881536652111 34.9624201479315 117.711920888279 193.021765211002
0.971987385065784 -0.514796933428682 9.13349475731833 18.1097708764629 96.4151682432306 169.790526375504
3.57661299307036 4.23707062782908 18.127414841312 33.9715027268113 116.301556579454 191.42627105398
1.09843193903445 -0.643128129350697 8.30736557570269 17.0106229589532 94.3270516719633 167.009103711983
7.52710558377616 9.31216407175668 24.9622495176106 44.5890415586844 128.34454612771 204.678452615137
3.31747899338255 3.86247509528872 17.5715868339624 32.9823976884272 115.240894965349 190.300556906948
1.05235774630648 0.615391794824368 11.7204234489122 24.6161917596332 103.906167944756 177.666016189469
4.18063926875896 5.20370924041962 19.0583127791831 35.9869742458202 118.623503665237 193.698434176873
3.58154672288116 4.2337699977847 18.156061301328 33.9122911632905 116.379885698149 191.447843393342
2.57412960205125 2.82697390013449 16.0559698800869 30.6487603524838 112.335929919076 187.054452178493
9.12377368352493 11.1418631850991 27.7727559164044 47.6042704604025 132.684714542527 209.229560978805
0.88007680751608 -0.0830703471828722 10.6044358875708 21.3893478251811 100.684884751394 174.165702712666
3.58669806726049 4.24525996299803 18.1278867631668 33.9367317698371 116.290502379726 191.455631694928
2.75633744795644 3.06986903411099 16.4246734826358 31.0666218761173 112.973370267778 187.869973201601
0.897854331321756 0.0105451073182266 10.8638469704483 22.0654098997633 101.367462242015 174.931186752128
2.17521557629847 2.17094298486321 15.1919962941899 28.9700739517386 110.100493057964 185.074573483175
7.13003038796769 9.19415072212599 24.3247242915097 43.2514731439392 129.869272608292 203.015474333191
8.24079471889046 10.5525006366668 25.9383211184192 46.1298428264145 131.843018530007 206.454209625747
2.85212355243249 3.30541542015019 16.5603386990233 31.9193486245337 113.431912961962 188.389672646359
1.54205916805913 -0.529530718583964 7.58776666747892 15.4852260607276 91.7488245314332 164.282336055973
9.15761942793633 11.8016985838808 27.7483467875964 47.1579196751688 136.111687499814 208.770027321758
0.990152403819016 0.215783504348795 11.3231981307256 22.7262790541835 102.288475766439 176.134503482003
3.7082025081342 4.45666862151751 18.2603505958396 34.4088833621025 116.653906273486 191.929421191828
4.88657576551149 5.97602251873558 20.5918466165763 37.635858859259 120.801348760375 196.298188156339
1.21408386804982 0.639902714002523 12.4044139665988 24.5785651999033 104.656927834729 178.686605776176
0.971230040165672 -0.586056203286885 8.71365612405664 17.858079648925 95.6487366953476 168.539378663686
7.48140991991965 9.23019670344822 25.365653066165 43.3644955895344 129.349250024473 204.522082718858
4.14460045799708 4.97256756170446 19.3819544478874 35.6350877481692 118.48008218091 193.644564230105
0.805804403491762 -0.361268017224037 9.57911722039117 20.1022260258456 98.2457140838281 171.626643461038
3.18594969437952 3.81266965663384 17.2565604311208 33.3507039334825 115.008445919531 189.837359082651
0.996395331090887 0.219523507354793 11.3614379724879 22.7153525467288 102.433974876731 176.143635241726
4.36140594738897 5.27749467237298 19.6413393246335 36.2319596582266 119.073681391092 194.426394379176
8.9124513502292 10.7273005993754 27.6073680407431 46.5811342980799 131.644272802708 208.775351340187
5.14537954319005 6.14921700097028 21.2237258857894 37.79947036867 121.431534072005 197.202197470663
5.68153965706327 6.93076290528453 22.0801678209928 39.6304946571115 123.249056869789 198.996216072767
3.84777418139738 4.80820618331489 18.2936486416835 35.2072989640358 117.338205836518 192.412735827646
10.6189389995709 12.8953575349107 30.1021554131915 50.7239545904838 136.467011190386 213.207374463461
0.865243804256343 -0.183385459421097 10.2543819084089 20.8024044165181 99.8214041873102 173.297197404933
7.70541997567588 9.26820793545656 25.7605228248091 44.1986825493067 128.963209903829 205.275034181671
5.65600445320058 6.86527284486133 22.0665111497328 39.463247985054 123.045619119311 198.939397854772
0.786752034776345 -0.294264403587102 9.23229241301638 20.170867440544 98.1181186598577 171.148861108023
6.7626184492028 8.53407549346799 23.7058758892402 42.337824467036 127.230160970108 202.24257215439
0.987304677979767 -0.698689580242978 8.78266272536038 17.5303137458209 95.4792351734396 168.249983466725
0.696112431637707 -0.0171964498478955 9.2208998184475 20.6160415618794 100.262604466439 171.287153923955
8.81726336803645 11.4667685190176 26.3640287566072 48.2273283025618 133.339585234552 207.892731097751
7.38982531564529 9.00066572003425 24.9744815749987 43.779853780274 127.735686057898 204.400719140398
0.846054908247745 -0.48300510017537 9.74045507668419 19.4304302335102 98.1249994311853 171.397055020656
2.10445672521716 2.56242158023581 14.5755941097117 29.6291744628723 111.598688493524 184.503321258481
1.41686360339794 -0.0453054733395612 7.0835673918799 15.4830988001874 94.0833826992103 163.941111662586
7.29362645023053 8.95841401123871 24.7768562257938 43.5695043793917 128.004153636317 203.954432125337
4.16411210469522 5.62926766637305 18.7269551775518 36.3970268065083 120.490438315423 193.30803891121
2.29432117501357 2.55045977489444 15.2191247734387 29.9649014364407 110.960771920583 185.716722003329
7.38772906583752 9.0136635146454 25.0106939843219 43.816912310281 128.051726162601 204.302740243794
4.86414544565276 5.90488114000284 20.5892218516571 37.6062168040287 120.742925344385 196.213185947712
4.45277008989379 5.2544322940494 19.8749456689247 36.0119270554257 118.743168325048 194.819159544199
0.87616164901266 -0.582985168130673 9.1245714313682 18.5963274331208 96.7353798523681 169.735162951428
7.14711765202653 8.66921318366073 24.6648640447573 42.6585554850059 127.15792797543 203.630851980443
3.9863294501162 5.11814270321668 18.5667075067947 36.3878828603451 118.54487609162 192.918996409425
1.70653621103846 1.55278567335851 13.7702480636745 27.0596011679489 107.812508389626 182.231646228175
1.05326580241169 -0.7196550955669 8.90706954818997 17.1172804055937 95.2700188542832 168.263577373658
1.13490543979823 0.470646454381485 11.7868930589041 23.3706444828022 103.357354529613 177.423809197717
5.11917263101919 6.17428633661011 21.1411038615736 37.7961665824539 121.379086980311 197.124021539066
11.1222570147153 14.0284119562468 30.4456496650571 51.8510193782976 139.377154520169 214.10156438836
4.60115565453072 5.65760206862505 19.9035357402019 37.043276844761 119.559664042689 195.327109485058
6.83466804025939 8.3292321478708 24.1348180306298 42.3333829796177 126.711455235461 202.624852003371
3.57812423148411 4.3647770139437 18.0218758293323 33.9875311029798 116.668709720282 191.37019722902
3.48124074771471 4.80357592208976 17.6605501765236 33.7627978946249 119.426114767636 190.483880664749
10.5073060111828 12.7954413288 29.9301105567703 50.5412174507267 136.202498897237 212.887289953963
5.260040753341 7.02009327297814 20.4380329662596 39.7836506785913 122.655260669985 197.3143199322
1.61411727358225 -0.624159912554152 7.97237654233718 14.8967668785155 91.7090203810295 164.619516951483
5.25306941128499 6.48427160881676 21.1568801147922 38.8097447636668 121.823075372399 197.55731968052
1.63272227103588 -0.527608552038688 7.58360764667354 15.1429824157272 91.4703745030222 163.855333149049
0.900781666019064 -0.544558999672126 9.34995737097415 18.7132655075672 97.1052961815523 170.33731848759
1.64437134017039 -0.587880161703527 7.71881797391497 14.8389453446309 91.6527333686252 163.643126514676
2.08007640734838 2.03653036714986 14.8746118452173 28.5770099688417 109.405739541999 184.582079097171
3.52858241545417 4.10818598806305 18.1450445726733 33.6063630384301 116.099846372918 191.247260718718
3.4894346412198 4.00880598846223 18.0693595400718 33.2770227944767 115.861504900068 191.044337125007
1.74692134683846 -0.608887764283845 7.83851771166354 14.5064447811392 91.1304156296001 163.778493508729
1.04857654922929 1.09796949501465 11.1906881412737 25.67708330466 105.417310970923 177.632856521194
3.82750597722422 4.46178454341503 18.8012309992432 34.0823705998191 116.777756135506 192.586931114406
13.0052172995854 15.5779307968972 33.8681034460235 55.2157226742279 141.931551361772 219.261020075831
0.802011339910584 -0.0339828439594038 10.3404382106605 22.0090661552354 100.609610474088 173.991422437491
1.54896234244462 1.79608150580281 12.938814503547 28.5210477384071 108.076171548341 181.625961363893
0.849600771300077 -0.294467685544966 10.1749741499422 20.4714719421224 99.4393100969953 172.841824243706
11.5717294577436 14.0469573102109 31.5152497423353 52.795434622404 138.788285525602 215.617892333854
0.886568935194831 -0.378783661704304 10.0182887828504 19.9124934404253 98.5017563404344 172.371754487364
1.41098157572167 -0.541554884818459 7.5640403850977 15.948077433014 92.3671080153744 164.553040923497
12.9712470283923 16.3346087041864 32.7878781793604 56.5160562320847 143.384214060926 218.607774160968
6.99115778096 8.51402258647989 24.341204954851 42.7009683603014 126.948339591721 203.099140972094
4.15878992836973 4.97686316425312 19.2807606110655 35.4502648362879 118.273136182138 193.671331505677
15.8613652996182 19.1524224631576 37.5375448978849 61.4935888064948 148.214881875772 225.883249373229
0.876576812592153 -0.0887813933628165 9.79710266611494 20.2910374895068 99.4712042544532 172.57831717401
12.8028863155163 15.3561565782792 33.5528556723072 54.7702796330314 141.387561078309 218.761881989177
1.25589231474405 0.789427657434654 12.1556468108833 24.4749991088508 104.439024502674 178.701097568523
0.766803093762915 0.209441849882719 9.7215132992319 21.9633141910276 101.150457288551 173.221115359055
3.1730514262225 4.02298218240206 17.1138194202757 32.4160258312064 116.003392042635 189.533134686654
4.81488145155246 5.69336858248284 20.7585135372485 37.1583598248596 120.344706437598 196.173123067011
1.79088479584058 0.067824111639714 6.44434270590829 15.2789952083089 91.5058081884499 162.078704911713
1.05269503880121 -0.67872900257422 8.75546310812863 17.2454872961657 95.1401208715454 168.085130470281
5.48039101976742 6.61705228035637 21.7867084626855 38.9257644656484 122.626431610039 198.294832406916
1.32813162798908 -0.62000780236114 8.05723510041842 15.9894806346093 93.0823181505118 165.850514892782
7.16292592253482 8.8910207791869 24.3863942467566 43.6281834127394 127.489189695108 203.579424624931
13.2887402994611 16.6370093436639 33.1267255973739 57.5533129388136 143.161340014391 219.541489519383
4.59179284761551 5.46254273838168 20.1911868729023 36.6263378537849 119.586819105853 195.275116562374
0.888536316314314 -0.207496399299755 10.6017983588414 21.0581673200391 99.9595886960845 173.910871687173
10.5946534375604 13.3303786728144 29.6252742323606 51.0987443186608 137.699894389705 212.773078203267
1.41288116805105 -0.616782536571312 7.84918627295438 15.6374580446903 92.6333195230997 164.932438865244
0.836948308426234 -0.268177524730487 10.0762967936823 20.526644266083 99.4305493518983 172.771306951556
3.59395612721152 4.37068040267631 18.0090468951957 34.5635980584028 116.358155435204 191.552802590812
0.899472356467917 -0.141968562866729 7.53990256896933 17.8718262008581 96.7454581527784 166.562473250617
3.43331116811106 4.05469232354926 17.8005562929718 33.5100221767683 115.792544089553 190.796411315011
1.66352375422067 0.99002943123413 5.01330473847372 13.430516337594 101.64365152623 157.787396389857
-0.966741859826345 0.0602130530383815 4.61729925894229 23.9218164559712 105.360463620896 150.838627044279
0.418082638944588 0.641703202423028 4.8139587552386 19.2533455674336 105.562604312087 158.197392956062
-10.2304468022112 -2.96301747655777 12.28115409932 47.3101065339784 107.600468289085 139.237572045463
-17.2947145733612 -5.2316033645932 18.3129781848685 65.4212280496507 108.473474371528 129.11532929026
-15.3941291134037 -4.35870108568793 17.3425177832716 62.6988650379211 110.48230684359 133.916315274171
-8.83893617176916 -1.83608354581684 12.6010183189585 49.563271696804 113.554511464678 146.259726117201
-8.88782087801511 -1.52201963005725 13.6121889001511 52.0878225972823 115.514229694864 148.227218789965
-14.3498788870206 -2.9401798911849 18.7847573689458 68.2486370150812 118.068677130844 140.441993312776
-4.12248986955765 0.990239120503481 14.2005701853451 42.119516483138 118.296927263972 163.927999284845
0.361598999344459 2.80854659744349 11.8798504401333 32.4238196319068 119.619299526626 173.050161303452
-10.040986387933 -0.502431006259184 17.9621991400293 63.7692611288732 122.922682850659 150.729872013022
-12.3882475322213 -0.897162268615253 21.8952468108966 69.6751684784771 122.977949459514 149.632115483076
-13.1262621992031 -0.635875519273465 23.8809486193971 74.1716397971198 124.980357292512 149.624257662441
-6.01609383900921 2.41301215189446 19.6488670676877 61.4897022980672 128.582389699661 162.610656958576
0.156109084120829 5.21660640757475 17.1652101296436 49.2310941678443 131.653987628019 175.231789387286
4.00699895946141 6.74137571518964 20.6381865613512 38.9797354091596 127.643655789366 192.143480320092
-6.55897470502779 4.19650428659277 26.1698221292436 70.3924037821039 134.799926995058 167.0044658301
-16.1964316178791 1.56196241557662 36.3054585668605 95.7941312565915 134.567114704476 153.139926857604
-11.5736573376153 3.73290793979807 33.9472508505573 89.2825984542935 137.422134832919 160.998552187345
-4.09730372095826 7.17762157929592 29.6357236617498 77.5744498830286 142.167174439102 173.412655859639
7.72977262107716 11.7225596052079 27.4769880150861 49.851366208194 139.545665274825 203.37251143048
9.49560861882203 13.6471930938905 26.6245438735264 51.0745179538049 146.364485003028 203.286086263116
9.22253922703628 14.4301381546952 29.6314450636463 57.9276490203993 147.717611062051 204.636977188201
6.37237601150651 14.5047611040127 30.8283981092825 75.3294492746423 154.988923402568 193.722842956096
11.3036700342553 16.8719105220285 31.7873451318858 61.8168277075177 153.173701966572 208.298102948981
4.59274255903498 15.3452006049369 36.8376325554812 86.5134892263769 157.681568290445 192.58656047372
-0.61933023656989 14.290242219567 43.6638766508174 101.686404393418 157.869233044685 185.652624814255
0.965135643465456 15.6444840148487 44.54272743985 101.950218020643 160.366597185424 188.49803430685
13.4354834802057 20.4863929361938 38.1245419731842 72.2341503944773 161.52260959543 213.545333919563
15.6446499295057 21.2949364015651 37.3416561384578 65.8442701801003 161.030323185654 219.346859113829
6.49578658871227 16.9315339630049 37.7754302443693 87.4998548724215 160.618766953719 195.980743084279
5.20379319739381 15.4867885333986 36.2738607412545 85.3215489593448 157.00643729314 193.747419545019
10.4337811463181 16.4620259712787 30.3172745701313 65.5940381212662 155.20371373374 203.097968502551
9.83284308332563 14.9868362316958 29.0470247961556 58.4564179580895 150.293352739359 203.739503190672
9.45300988962566 13.8756186164602 28.0932686860886 52.6102316616134 145.802581826118 204.650297456311
3.06434585161817 10.9485215092907 26.8763612544948 70.5930567640576 147.695409465643 185.467960994641
5.83451169959535 10.9729295597718 24.6614325180417 54.8477107063495 142.359288169557 193.771576474857
7.28806570864903 9.92092695910106 25.0923603838839 42.8254258164959 133.523138257266 202.141144897718
5.6416197133856 9.31282812068754 21.723326899839 45.16443760357 136.593284268115 194.053421168231
4.51629732138577 8.45640314497102 19.7110058623967 45.2666487094921 136.039868949841 189.24812471452
2.65600699106402 7.05206745883506 18.3317730583784 47.9081447074568 134.759971732588 182.845544686574
4.35607838981116 6.30240620479495 19.8630146931086 34.5003706494502 125.233869176996 193.291980174659
1.70807844413984 5.57702085871786 15.9955368645754 42.9991688594029 130.349245365893 179.365111003675
-8.35712560772254 1.53147094484031 21.3442515872795 66.4058927327627 128.106836064888 158.91663826862
-13.2030843544344 -0.617541488597004 24.0886195449325 74.8296378941631 125.155406267553 149.994984297266
-13.3746217234959 -1.20180763662871 22.3728347326779 72.953149401451 123.438597287724 147.482030296768
-6.01141249652017 0.800504759632464 15.8170717761146 51.176940953286 121.680209440742 159.462676003239
-0.522344691376245 2.33271574859093 11.6295565102186 33.6025816435925 119.583802697815 169.838105111003
-9.05464800748657 -1.02995144974536 14.7490519056833 56.9049977701339 119.433826115248 149.799759064412
-10.6433028163598 -2.06865994448697 14.8180329766531 58.525178851553 117.075769313152 146.337145807483
-9.63922812545429 -1.95152428963275 13.5128349913089 54.0372768450619 115.59590549007 146.650143370298
-10.4675461506545 -2.43347735952219 13.3233645950043 54.9833878819561 114.224463247881 142.800079896005
-3.81379983750142 -0.398057305768687 8.57788057234291 34.8209342265792 111.578980231236 154.301683910174
-5.89284821025082 -1.4440283584845 7.72252127662068 40.9929834680685 110.91045236479 145.932900966765
-6.91989191737917 -1.88229389917411 8.3512715442543 43.5206405212591 110.069703155366 143.964433671737
-8.5507290475276 -2.20341787832935 10.1166665199206 48.4863019536842 112.037338750556 142.322692790547
0.371256023419099 0.964277108837132 9.36536085431743 21.3626932545648 108.577573783923 169.551883496599
-6.49885643662856 -1.02897889223651 12.1626868706804 42.1795944014711 113.131158517747 153.175285072497
-16.1163846890738 -4.12733175224131 18.9607948166701 68.2696155241542 114.462649451492 136.113301398823
-12.7458261400815 -2.73673149978543 17.0039620922143 62.2500079868295 116.157304029066 143.186914918931
-9.19540920798152 -1.08238399966486 15.0905211710143 56.676603682878 118.948421142219 150.270171896082
-2.67855096655308 1.62754272810153 10.8563261221878 44.3332254023899 122.284037603701 162.411454462123
0.356712326683819 3.2959678226602 12.2895357810179 35.6713790373422 122.773136040493 173.515199974628
1.48635427673976 4.14217642895829 13.966545968734 33.9358674863436 123.717245969874 178.662957491402
2.27464307779631 4.81395466548916 15.8986108248252 33.6634422148208 124.071166263107 182.681716994867
-2.67498087874521 3.5430259113112 16.4701079791269 54.8030346039349 130.014892172233 167.464627377686
2.4427924450226 6.01241500130555 17.1654567686562 41.1385357975004 129.328360394451 183.412897248745
-1.05242842946201 5.30536682367523 18.9782144347951 56.1706033793845 133.537913345174 173.633090005175
-3.48596048489788 4.99040750280963 21.669924924081 67.3227329205559 135.498798766275 169.065750886032
-1.04487866210824 6.57310056623281 21.9983400626596 64.7288168021398 137.887476488775 174.783430755095
1.23523894821807 8.07988741223548 22.7010550166712 61.8362256230061 140.045792815476 180.558145147939
0.78397593089414 8.60072507787134 24.3962814749582 68.1870781906447 142.584136265737 179.991454657922
3.08650624949347 10.2942226630127 25.3720237643666 66.3190193568085 145.13413162667 185.837907245842
9.70711995008641 13.5822446322253 25.2309799859268 49.8177598117184 145.917680307945 202.929329261614
4.66532275860117 11.7154659226185 27.7598335927409 65.0081601252847 146.56294691716 191.726954264089
2.63195861235182 10.7936869127773 27.3062639614804 71.2619471490585 147.449743031391 185.509911104957
7.18618503248619 11.9041488843371 24.5691040910501 53.2635915778665 143.642297919663 196.749567239148
3.15993682442652 9.60224887836362 22.9283099172033 62.4094689868886 143.621423222765 184.100935120914
6.33062639854714 9.48752519180038 23.3084163439173 43.2690736279307 134.107831867474 198.377847671881
2.54619948415051 7.79381097945213 20.0505957485122 52.7545842386235 137.960605582461 182.575154003946
2.27372127290297 6.98703961258276 18.4992122109219 49.3739781032562 134.55039416739 181.454992284349
0.232434718766122 5.60639130750948 17.5501824866638 52.097026153315 133.280315543471 175.25020460694
2.74194929808398 5.75114719487375 16.5898923921198 37.8579809563011 128.009015907838 183.634370879474
2.13471417376946 4.92059763782651 16.2482583983799 35.1906196353919 124.743267721422 183.631284367348
-7.21528210222227 1.28406087542722 18.1064476326922 61.3589682537374 126.963769638318 158.657891274623
-8.16394075627143 0.317173781345433 17.7644188664828 59.641042785257 123.455157613995 157.130856942474
1.97757968950939 3.47820268447133 11.8431874851786 28.2335912375161 119.494865628266 177.788253762921
-3.49775775914273 1.33062390593697 12.0949418022572 44.3809652870096 121.336687138556 161.460253916121
-8.78846228371451 -1.03874221806756 13.8254351527261 57.5128842541174 119.552912671565 149.141501158629
-3.04797715834109 0.724486783492231 10.137180168936 37.7775280199873 116.812754170218 160.392780800132
-2.22232469089947 0.639620772068091 7.72548426216721 35.3436679472293 115.973363239066 159.118589849996
-3.48338753771873 -0.0106162122585097 7.99014892997732 37.3672266768832 114.674701585769 154.984508997872
-1.29454279116249 0.5615953820858 7.4238380735402 27.4545347823632 111.752257188983 159.721680445436
-1.57713556378854 0.151549339439482 7.10450621383306 26.6560847115408 109.33612420351 158.965004639375
-6.95529787463921 -1.94861952043004 7.54754625670415 44.2072373925668 110.851477910505 142.614588000037
-1.83533130754102 -0.135699842033991 5.73782426171669 26.934424179902 107.435798756337 154.096176167942
-3.56554093486691 -0.858372178781709 5.33821995679222 32.9252398294909 107.604024567684 146.322800866115
-8.99036261612436 -2.83411201486129 9.53642003985473 45.6982702981824 105.330483926953 135.154065247917
-10.8453382501727 -3.51134086855116 10.5342295039492 50.3934842432064 104.183407603884 129.815641487287
-2.15048143257685 -0.324353618019564 5.57991297440685 26.1492616387165 102.47837938178 145.697523338865
-1.04102292589898 0.035512848030766 3.82110817047026 25.216403986565 102.962192781154 144.86538311453
-1.52098383739019 -0.100975035044378 4.50104892179994 26.0745354950475 102.402915693876 143.219923960484
-0.251368033926288 0.381519410367014 3.70137693715628 22.765298797968 102.042454405466 145.247838854897
-5.52142610164885 -1.47846591620299 7.5431531161232 35.6905773318297 101.531008834774 136.226661423475
-14.90752679635 -4.77487171537397 14.83065535459 58.0780808211061 100.767604278744 121.179743866022
-12.9535971682959 -4.07408257337366 13.228829509757 53.2640291492782 101.999983665585 125.177790448667
-1.16577621123603 -0.0783417236530746 6.64997851231426 21.3725200173262 100.517868105232 151.074665633559
