8.47820130109656 12.3050034612208 21.0709806059473 39.4334846116177 55.6863643090517 64.3614465901122
8.13339681070989 11.7488729921863 20.5588641803632 38.8996456927381 54.4215929536502 63.4263917211121
3.60722415339937 6.17465073270543 12.8675928357551 28.097139492603 41.3994448696246 49.4263354838149
2.3720798028527 4.56916917766191 10.4154789955447 24.4891923104451 36.9982292412836 44.6206594877188
7.023449659875 10.5088384071665 18.7187554585835 36.3670486103628 51.7120404550518 60.2865903778994
10.6219624445626 14.9423784220515 24.2901830773027 43.855656532161 61.1317888865484 69.9856559583532
0.0123676187287466 0.743699708728122 3.41005045218856 12.8774923461784 22.4051381171158 28.4166054469244
3.8415748048536 6.52544445312063 13.2730130414161 28.5830780779073 42.3560312964318 50.212825620692
2.71489551400909 5.01510794553862 11.0990394787074 25.5192436528786 38.1943308771772 45.9723015183742
0.167389482190254 0.284486182748832 1.73414335234017 9.22581092270114 17.6002568575405 22.9649277008735
10.3323708161217 14.4943302725782 23.9025933187494 43.3582928506685 60.1778685750981 69.2401099769379
0.611707163272599 0.291808622771992 0.999784466792395 7.16313086386284 14.9282243231651 19.7647045053614
1.46011551211928 3.31205789708234 8.35385248672268 21.3079515633998 33.1072099054477 40.3203796308606
8.04099571194864 11.5804502499499 20.4370927299705 38.8542771487393 53.9739880667511 63.2124816753094
0.921982069818364 0.35129084747301 0.674897227461345 6.16379654083882 13.6677825785519 18.1670379070398
3.1814079473778 5.62355976646697 12.0422381969205 26.8834667457924 39.9306745274722 47.8210538513103
-0.00617337610121541 0.556371175045213 2.87850459835583 11.7291260388441 21.1930363852259 26.8519508171886
7.97524570904591 11.4623028947671 20.3406664449024 38.6962786559004 53.7017079853421 62.9783069145182
0.113404867284264 0.294041792735936 1.8949466771936 9.55915130374927 18.2194235385899 23.552879916681
0.714066329625291 0.31080284652307 0.875234895332534 6.79943496436248 14.4679725527836 19.188019191523
4.65220278373856 7.62205321594626 14.713526122496 30.5680743582256 45.1470679502882 52.9683552192245
3.82185180755264 6.4517269667197 13.251828881323 28.6853887942594 42.0590939481349 50.1716261564865
0.848769419415083 2.39648477854997 6.78073237544585 18.6294328934791 30.1433647691458 36.7924099490711
5.9282423626366 9.11901603176382 16.9522810584128 33.962897667524 48.5529516930007 57.0959825019535
3.46004838397034 5.99129490157864 12.5553922249197 27.6575233331374 40.8616285149551 48.8349440712787
3.57822379405617 6.29610064170328 12.7597168126361 27.7293221849556 41.9252709554431 49.3214962870615
9.71735788150196 13.4774833119903 23.1155152925854 42.4911855466742 57.9378669497736 67.697982864289
7.29699832642768 10.8020151381631 19.185681048952 37.0237039657302 52.3344400462384 61.07288559832
0.268743073533381 1.36943769564018 4.87239421550929 15.2475399922195 26.0751905620025 32.1423890650962
1.1274530447679 2.89167480032532 7.58828201992675 19.7475968686662 32.1368739894519 38.6056508281495
3.16668106024076 5.6379751114836 11.9952211366315 26.7232873664852 40.0375128324186 47.7343447669184
1.39052465825125 3.27895509059956 8.23277271826933 20.7732446219965 33.4158531180626 40.0154970037654
0.246559567975219 1.31968648472256 4.75210344498637 15.1241991497322 25.6962483979841 31.862662960028
2.05370195196954 4.17840355164147 9.68548011778419 23.1714931743447 35.915153000911 43.065154538273
0.0463667396703271 0.389511250761635 2.26981719768257 10.4201408784693 19.4775176792507 24.8903095241361
0.815465864636269 2.38026591234116 6.74086619094826 18.411066747025 30.2564838415577 36.6710720762037
0.487239735736223 0.251156867009731 1.12744811567785 7.54933800461304 15.532772569497 20.4163072341066
2.20854255112851 4.38260658053132 10.0394286473453 23.6987648996498 36.5806123585974 43.7948366959583
4.62197681285868 7.62253837100075 14.6325332259674 30.4552752324295 45.1169894453852 52.852612258402
0.185786015936963 0.256124949610904 1.64472139996163 8.97639348476636 17.6467486517099 22.7060831577116
1.05757675860286 0.369059687965778 0.534317668786351 5.74481178519384 13.2385917522588 17.511950583168
0.00485164117486945 0.642577205469571 3.11295715656053 12.1917975809884 21.8408588992338 27.5461452130318
1.17790049337912 2.96378137847122 7.69201483812449 19.9458656777413 32.3140212125706 38.8389860337328
0.463758175603967 1.78295171062561 5.63681580937221 16.6092469159998 27.9884974796815 34.1323284071748
0.0286661796296233 0.756063321609878 3.55405630973255 12.779906708431 23.0653682517184 28.6419340072246
1.45706106437409 3.30386494477851 8.34469799606241 21.1767259623034 33.1651246269758 40.2412783329882
1.25131420498854 3.04104053909141 7.86813354200682 20.2662506177573 32.448355106499 39.1802252072851
0.488812051781448 1.82175040651466 5.70780837866602 16.7333243348549 28.12140452119 34.2957737740198
1.77282796737807 3.75940178062778 9.10265136885244 22.4886948817927 34.5724177259179 41.9337090461941
0.789601721969038 0.257587090151405 0.698922162891107 6.37283419896792 14.1778037621565 18.5804424651189
0.270155178865267 0.247523711214361 1.46934331753706 8.53664047477091 16.9200266835858 21.9772861539636
0.0136773345435097 0.737066458439641 3.36806907695831 12.6799164739124 22.6018390316083 28.3130865214619
4.01736603395261 6.86933966353933 13.572986209841 28.9120833719026 43.3990674465721 50.8945406408709
7.68802592156976 11.2926550451306 19.8428050250931 37.7946250633602 53.5016785401234 62.1859282635638
0.41140609298836 1.67176519836666 5.4336685057203 16.4751912855807 27.1518286053967 33.6558130525239
0.129205128036273 1.0678029441701 4.14281421003417 14.1851801843347 24.181484012512 30.3562850218786
9.26332935061793 13.3377829096314 22.2527929176324 41.0515795417191 57.8931429691603 66.5025251977621
0.00358187929839407 0.567610374230914 2.89633190021466 11.8299263781598 21.1378827668247 26.9054713442485
0.529254531138732 1.86296137514215 5.81784807593059 17.1270570207735 27.9740013031541 34.5658779738717
3.61501588444078 6.39182480639836 12.8129613242703 27.7352141529582 42.1950248871548 49.4355782565305
1.45828417603074 3.31168800875309 8.35579111176868 21.3187079014621 33.108552975894 40.3306326324224
0.785540854644925 0.293402853941512 0.747399159991861 6.46335312376268 14.2039587746423 18.7015318091847
0.118488873837844 0.299676636482131 1.86615341726032 9.5638831859553 18.0487246686514 23.481252442211
-0.00314195633895031 0.56750912653942 2.9068195660995 11.7816361423916 21.2708140771231 26.9299290251002
7.43985260661772 10.8799509640037 19.4539760766898 37.4370484984712 52.4951289055658 61.4838750257749
0.0662798269460965 0.280465149878667 2.03258668556632 9.78695074563923 18.9453671538625 24.0639703052257
10.8807487714109 15.0160521801404 24.7736779929874 44.6254672201715 61.1791168771037 70.6450449271541
0.505551708412617 0.237062382829807 1.08267085317237 7.44181715597562 15.5120276902798 20.2777552223634
2.35086828502844 4.60785876042185 10.3388035060885 24.1720344783973 37.2249312363244 44.443261458371
6.28006408400368 9.69152197749225 17.4409032732601 34.5514952126086 49.9403903872663 58.0922836249436
-0.00576711471772116 0.456858787570983 2.70674272443263 11.1826192128144 20.7876774192846 26.1895718163335
-0.00103009514759529 0.512950600467947 2.74252222075667 11.4435281294441 20.8004773688605 26.4177320322389
1.23209640139759 3.06118128091809 7.82983210711467 20.1653529270368 32.6797412635621 39.1715434950856
6.28600819488875 9.55468344318441 17.5437237193921 34.8019252379328 49.5397638829218 58.1672921695542
4.79666380834552 7.81253369153611 14.9476789370098 30.9418816213782 45.5456699986857 53.4247952656668
0.945205179912865 2.60450892525541 7.1119748803643 19.0007095330693 31.1088720257535 37.5345665690558
1.66517150743207 3.62438460557683 8.80726024933544 21.8207181048632 34.2523772818374 41.2298315672392
0.0807364077108197 0.259163389804602 1.94554721423586 9.59255289265209 18.7072997956388 23.7739380997058
0.0102423930652534 0.759847198055804 3.4656273639383 12.9985771203653 22.3449663693189 28.52273316034
8.46088267201936 12.0433471138639 21.1433863753006 39.8091554862437 54.9476951334132 64.3809048923826
13.1070757198833 17.5570941799744 28.0814190075445 49.0870862799259 66.1661598733517 76.1097346247686
0.463190341315417 1.75944308343875 5.59925980071018 16.7497524196085 27.5002084953104 34.0432633334492
0.369938443418834 0.21305302079092 1.22439698770714 7.88474257262734 16.1776337359739 21.0139122850501
0.322761764712616 1.50959672037726 5.11717260991031 15.9335439948607 26.4706097478738 32.8908866657804
1.18676251751165 0.40517906304613 0.438876037837317 5.42248286551389 12.7782219173661 16.9656879142363
0.385562750456524 0.257587393920608 1.30060256830964 8.03037559113759 16.1051667705483 21.1501430607229
0.461544115603113 1.77365660464199 5.62565100506825 16.5074405460323 27.967994994715 34.0479410622631
5.50330617179475 8.70306538043124 16.224146033038 32.6936671096066 47.8064106543528 55.784117237891
1.25631248968008 0.422374289244535 0.388048072445514 5.24882633017667 12.5946600328596 16.6871925503015
1.39650226481901 3.29660391818731 8.26166554491948 20.8143960157495 33.5171020465478 40.0942663724596
1.06346564196348 2.73404026407824 7.36705049856621 19.532207174711 31.3505219156551 38.0839196658594
0.320091455075091 0.206172588038796 1.30272611245585 8.09355890413428 16.5029834703324 21.3601229108206
0.0177446099039604 0.759076752160889 3.4485465946347 12.934259990411 22.565971194153 28.5335970768416
0.822147679460863 2.34206526580948 6.78808754770842 18.7506992409446 29.6862056741779 36.7309800797331
0.112559379411835 0.305065211010207 1.92835664436026 9.62508154467923 18.3644378164518 23.6697466151139
1.11460683245429 2.85900208634202 7.53836715851762 19.7018645711684 31.9385946143033 38.4809418196764
0.964439418743844 0.349765473813945 0.611578946297098 5.98670466330134 13.4616739131239 17.8936908619078
0.732143786204615 2.23077397284677 6.43716002490932 17.8745973547288 29.6644861907563 35.945545516629
0.470017114332548 0.260477026296863 1.15568482154023 7.65811555530741 15.7099556717229 20.5839022431053
0.0395257856358287 0.808750119774963 3.5406535705 13.0339860733465 22.94175574628 28.7803761075521
1.97563761027502 4.03373455943768 9.55588102063344 23.1896183358893 35.3953622368545 42.8664853942259
0.201538523560062 1.2485137859081 4.63364431253612 14.773772013859 25.6732912425245 31.5528988731946
12.8259238920985 17.243793935391 27.6634218580156 48.5276591099043 65.5616737076757 75.4326591943529
1.07843884069894 2.82616856649139 7.45199298068342 19.5532347659645 31.9103794325447 38.3313989119221
10.9948157382281 15.2275395620304 24.906609035978 44.7592266744573 61.6353133970236 70.9206203494003
7.42832838681798 11.0536264276775 19.4069898971855 37.1263746529584 53.0530124415997 61.4671861684828
0.0561147765587434 0.383463499814981 2.23211012410755 10.4209240235503 19.2642087701695 24.7874612457816
0.0970807952510147 1.02100971189038 4.05195044315242 13.9431544350937 24.3741170087921 30.2094935626988
1.14328607705572 2.92801877479863 7.61276921732926 19.8137683175814 32.2530950836674 38.6943225377712
2.3650256138558 4.56441157707327 10.3605934474825 24.3395522817425 36.9990100901505 44.4852194256654
6.78781436203008 10.3228021820239 18.3487369486828 35.6520420859266 51.5227104033498 59.6583035439707
0.246137143656594 0.19992224121454 1.43263221818837 8.42887838658515 17.0253567548829 21.9138061455927
0.446188057731849 1.73425810651555 5.56004977268473 16.4021168510901 27.7583980344921 33.8700024027417
2.84881622044475 5.27431961558997 11.3670078544955 25.7459666088739 39.0912842589292 46.5249048036136
13.8011216859224 18.3286774414321 29.1047948479156 50.4220435813618 67.6361843740747 77.7394771089247
6.62994036003014 9.97162462898973 18.0937333202277 35.5700370001656 50.473273536808 59.1553587709691
0.688205600287693 0.285299836552581 0.867479328555996 6.81199527077239 14.6059060022591 19.247529097336
0.0372128045361074 0.378909641761684 2.24523082798933 10.4875973857771 19.2147029247861 24.8450982796843
15.307982422296 19.8920804254572 31.400610233918 53.4040378183707 70.5265730182033 81.2498422452408
1.86125499430226 3.92408598421895 9.29617222209078 22.4605386154075 35.3129345215423 42.2359511889046
6.65261963109923 10.0770374421761 18.162048196643 35.4239068139354 50.8897092285748 59.2371474683668
3.33403358881083 5.96738509957721 12.3071208149596 27.0715637853353 41.0512597989133 48.4243449918346
0.0242638912605712 0.478490893191273 2.61930598159517 11.1726387081553 20.4396668932569 25.9962496448591
7.43223371648337 10.9751221294806 19.4334309877056 37.241464436565 52.8086724193154 61.4646257608036
2.72502283372849 5.1368162264674 11.1271129071525 25.3483738854296 38.7710848566527 46.0623257405638
7.10462019471945 10.7166961555733 18.8588105949939 36.3582693089682 52.3839809640359 60.5691212280597
1.36488611982859 3.17055870203365 8.16737380626742 20.9680809703998 32.7208425597034 39.8858720627087
3.89392268074403 6.51046488395411 13.4138793730697 28.9530220281737 42.1576535066183 50.4504573537521
15.4534152753958 20.0383230666096 31.6265788773887 53.6809452411941 70.7868825890045 81.5769608098062
4.6343860686266 7.49611206242092 14.7337351485048 30.7884102604509 44.7304354187137 52.9803307530281
4.44009916439034 7.38775688278317 14.3491939069011 30.0312563729839 44.6512929297224 52.329538089094
12.0662530839447 16.4298599190628 26.5097721283675 46.9512477146582 63.9973425288785 73.574220261778
8.26336902261682 11.8325311961673 20.8081645294405 39.3481905780965 54.5117857367125 63.8305585811996
5.65341020982847 8.8792186484912 16.4821396168184 33.0629837022188 48.2026232186311 56.24517400267
0.758821158420267 2.25218788771145 6.50923966247657 18.2871089834482 29.3906867392705 36.1766835825442
3.11383348767276 5.65019036952243 11.902058377648 26.5087958068759 40.1650543609449 47.6016809183666
0.0829448622008958 0.341315231150267 2.04872557450559 10.0209886828711 18.6354180757512 24.1522031792726
2.7669614757918 5.12584044928397 11.2032146303107 25.4796000584376 38.6720214264354 46.1482553480376
0.325336123795725 0.236990784196428 1.37460972162966 8.23730759385289 16.5632547142229 21.5345890112437
6.69431642938126 9.96980389121747 18.2375072354627 35.7706933587415 50.4283397266724 59.3131233615679
2.46592777689504 4.73011348467949 10.5863369407478 24.5185272665819 37.5786853027172 44.8984185331061
0.309003498117289 1.49666236210738 5.06793503790938 15.6709355032846 26.779966398188 32.7833686798655
3.28183321232213 5.7416859419356 12.230988313479 27.2170197513282 40.1649217730414 48.1970583525263
2.78213708961071 5.14986897314042 11.216128334909 25.5823034910519 38.6700757117236 46.2129719330471
1.79239897704999 3.79808826599454 9.10427021105539 22.3407788899446 34.7672138783675 41.8810722201905
8.20118888595294 11.9780099376078 20.6341658354442 38.8268994734627 55.0039939633461 63.6054865238192
0.0544385115572887 0.820022485724421 3.59304648001537 13.0865943503575 22.958566777407 28.8462247294487
2.73699369377225 5.09741885868585 11.1548675064008 25.3645330451327 38.6209994778008 46.0389301439893
1.906529928065 3.97673916360863 9.36581478092395 22.6632021540853 35.3252001846593 42.3954127733613
0.100340141389211 0.946257787603894 3.89117747849797 13.6173091218246 23.6663445693423 29.630589371555
1.31994511987671 3.17187393058302 8.05785368242779 20.5000272811872 33.0431209995382 39.6273025149274
6.55650676061998 10.0286669169599 17.9770258286526 35.1369267374823 50.8629678329576 58.9821012329407
7.64534980665605 11.3947404168892 19.7216003573507 37.5485376680088 53.8492764501623 62.1060192830652
2.04411609455515 4.12626113891368 9.692383090273 23.3487867304312 35.6750478777237 43.1161348226519
0.748897678384007 0.280547884328265 0.782356063440218 6.55325886361793 14.2499172465175 18.8396279961634
8.0813685079301 11.557299138628 20.5407968373884 38.9934209774293 53.8822332232346 63.2959013675041
0.158152518066675 1.13878742261329 4.30998239457349 14.4986036048362 24.6347603167696 30.8262765633633
2.8061111413289 5.23279011266864 11.3327568591304 25.5384884273659 39.1089067388259 46.3968160568057
4.0600707318626 6.8294212041164 13.6721455408183 29.1305528721645 43.1411236557785 50.9839058654802
0.385151426019225 1.60761506435509 5.33195954306928 16.0254590382223 27.1809619935652 33.2976973986946
0.151948849046428 0.285594920754027 1.79312132683046 9.32200110790654 17.8417118378216 23.1606812983958
6.81570427650822 10.357601675085 18.3936580700728 35.7143198039729 51.5994301185712 59.7389262676171
3.3699068758085 5.87786334205031 12.3791997940825 27.3928436938378 40.565635117765 48.4943679778039
0.0152996297995047 0.526127950223702 2.72412012031991 11.3981468022819 20.7315685514179 26.3413305411567
2.44940036462441 4.67544818227264 10.5433175346557 24.6285157127033 37.3158038472902 44.858888743968
0.167540249233642 1.13639397017789 4.32161459253329 14.4370364545148 24.6778847345689 30.7981563433509
3.55502226342352 6.15867793367373 12.7393793743022 27.7841024939659 41.4231752154611 49.1782758224733
8.05503161964143 11.6005464551624 20.4562101407928 38.87354385677 54.0214059847825 63.2470307187435
4.28924649239278 7.09472936559404 14.0964663935442 29.8115380911133 43.7837574091657 51.7985032663538
4.902546842523 7.90345140648347 15.1539082083161 31.3013731241417 45.7417622417782 53.8009541325345
2.96650133816899 5.33954030661822 11.6067263728288 26.2850120014064 39.0834100728723 46.9773741528039
9.83119193587072 13.8290669960138 23.1664094337433 42.3938466704802 58.7876763625361 67.9368169259236
0.0188976989974952 0.696467110323636 3.26645559546426 12.5370795859263 22.1176415086241 27.9761498205936
6.99821094580812 10.4688297004855 18.6717109179006 36.3066415464632 51.6176093420351 60.1999699547198
4.83781513545039 7.90609571971926 15.0014234824799 30.9971213048867 45.8032099433812 53.5658786047868
0.00379442702442257 0.466974121142828 2.59684729849522 11.1418151234457 20.3781754862951 25.9584786589587
6.00065367876365 9.31943740539261 17.0712404913128 33.8793086590279 49.2405575618432 57.3232546125368
0.187523946183218 0.291889184726949 1.71255325047498 9.18624201482917 17.5901914997278 22.9013279605152
-0.0130441303437405 0.550400053111891 3.02435314605881 11.7757458662872 21.7190775057662 27.1422351423526
7.80552171094151 11.355249581642 20.05878299638 38.2408548814731 53.5079106940284 62.5378347296681
6.52243885320734 9.96293272064641 17.9342617496712 35.0817528322043 50.6908306898223 58.8750516476746
0.014697528799763 0.449393410331966 2.61336460206825 11.0353539904454 20.4904778141965 25.9113786711938
1.32347814323275 3.11601717806851 8.02334343530045 20.7847689564269 32.4546039940283 39.6031905671345
0.591189132503935 0.217893733796423 0.906810084562758 7.02137630673594 15.0912074265659 19.6396545027478
6.45384657121174 9.76636344756029 17.8204860028491 35.0543490825162 50.0803185625684 58.6060017426363
3.29318245768615 5.76361010635081 12.2686071825842 27.2258912686254 40.2983994500261 48.2581491327129
1.44526543986986 3.28781191962481 8.35603602713966 21.2631210633022 33.1069758707758 40.2960810414008
6.48664495346686 9.8619443605217 17.8865095141736 35.0542123287948 50.387010082026 58.7373990159222
4.05723896153623 6.80895504800173 13.6704099884593 29.1619235861241 43.0786572866484 50.9818159513926
3.57524716708696 6.2785012872304 12.7529465244499 27.7232161875135 41.8487056093671 49.286407935633
0.0750000968511661 0.336141397870217 2.1133611546659 10.0546907748463 19.0454155409276 24.3489780175396
6.27751441228889 9.55540713619755 17.5127888205812 34.7468777829377 49.546973197329 58.1216857023527
3.33609049819503 5.97543133133944 12.3098310854294 27.0723876083265 41.0831429241168 48.4371234782709
0.833028814052802 2.35936007059483 6.77995131336449 18.7377846946691 29.8310536503425 36.7653872593213
0.184260031290005 0.245843662069365 1.66309881473276 8.98825514934969 17.6943329406606 22.7454133970507
0.236666673058523 1.32459054177374 4.73705232800916 15.2405763474853 25.6386258703484 31.924736374271
4.23612664403235 7.00189044847339 14.0110688984289 29.7247865381535 43.5313318330505 51.6251292307428
10.6045286436741 14.9935916434942 24.2308700951548 43.7784408423146 61.2805490608615 69.9674962446555
3.80643838550002 6.64029755193713 13.1634932548492 28.2600408658368 42.8063031466084 50.11489104888
6.15032002312262 9.42214291925607 17.2728055202113 34.3781990985675 49.2509091696389 57.6984298153141
2.78172111785127 5.23776905438893 11.2692764674282 25.416470718736 39.187530257596 46.3156273105717
2.94639930055999 5.48517663668926 11.5694404477497 25.8678939436936 39.8746070720233 46.958324665966
9.65766315605803 13.6818082822004 22.8892106227975 41.9687705228575 58.5155069321766 67.491444626795
4.70023053883738 7.81427865871159 14.7259563871016 30.6005261190901 45.6651710410751 53.1653656620014
0.699175918705241 0.248316503294544 0.81297798939453 6.6946255639756 14.5794605099403 19.0947354366326
4.37985359874899 7.17960155975331 14.2751906405751 30.1170661343478 43.9662541755567 52.1227196224712
0.77071431131174 0.261074202996548 0.729632527581962 6.44427255706628 14.2333347885218 18.689828684098
0.0464218066989022 0.396728733237256 2.28768360159317 10.5527478046868 19.4129033634974 24.976633162251
0.893211544423668 0.344891927636255 0.700879862074506 6.2462283728648 13.7695686772817 18.3003650922481
1.21799601867028 2.95952034018326 7.75490266186148 20.3463323030179 31.9223702045302 39.0069974996122
2.7412740559953 5.07242604036749 11.147574225549 25.5013131123219 38.4782071451113 46.0729473932857
2.67517037921565 4.98661523565901 11.0011340839235 25.3126054519756 38.1754673866189 45.7870517945247
0.897126938416359 0.329821323170735 0.667090270313538 6.17919243117973 13.7913840105593 18.2238621283998
0.405520235562342 1.67670753779038 5.44842605655958 16.2035297771796 27.6015268952321 33.6282406947541
3.03103329071059 5.59932416518042 11.7318550962565 26.1124227290195 40.1719212156717 47.28194785946
12.2935186558712 16.7675113944249 26.8208895051913 47.2932999557794 64.6693501542446 74.1004525981824
0.0154830724057129 0.779534366056756 3.51128679709943 13.08665108614 22.6073271465414 28.698909275121
0.818213434227891 2.35823574909774 6.70608823467229 18.6371909119178 29.8000611059705 36.6526096596025
0.0152770373484449 0.611486404095387 3.10521255585923 12.0064535537743 21.7682094986021 27.3661114061797
10.7726187235865 15.0373132575666 24.5529526494513 44.2383584462761 61.2841051506148 70.3640638120235
-0.0133468606821567 0.503023113686705 2.86313638398926 11.496856449472 21.2104178305 26.6675176203693
0.639680624639876 0.262342909028318 0.892579454006013 6.91397711776286 14.7998052626654 19.4338378222646
11.871877675974 16.0774459914897 26.3250598935117 46.7606943735611 63.2491651664667 73.1586450643054
6.09358369126041 9.34589615610557 17.2169183169717 34.1823936363172 49.1421848081194 57.5266087102681
3.30616120592806 5.84658685317975 12.2701540673898 27.0467276964068 40.62668333659 48.250650273591
14.986660459181 19.5757536781013 30.9103171134178 52.7303754579008 69.9399895708688 80.4882794631133
-0.00687584451004958 0.590668462691315 3.13298351421789 11.9827174272289 22.0019145830861 27.4544457241569
11.9824641650891 16.2786304307295 26.4217346376244 46.8656665567152 63.6791542306491 73.3910906548565
0.385115713528275 1.63117370633688 5.33072688514634 16.1137483013163 27.3211485292779 33.4041359975088
0.0258345918605081 0.762646725648094 3.57739570202425 12.821868996315 23.1481810441409 28.717059048574
2.259168518754 4.4166364807709 10.1738660792261 24.1265078085736 36.542858134775 44.1288726360732
3.96851385976394 6.78713402394362 13.4806899703251 28.7794886213945 43.1465791947618 50.6858830774142
0.927802842484031 0.318189602616877 0.600830554882604 6.01930655671769 13.6571001528917 17.9872616678134
0.212784079457982 0.259937431009388 1.62259056807565 8.88066610948423 17.4321818093337 22.5383166999299
4.59483829168276 7.49987157949604 14.6087453515083 30.4720522240131 44.7529748306662 52.7277676485842
0.479255775355153 0.237138276348833 1.09025067623207 7.49614237030553 15.5851432205699 20.3689252847691
6.34744821633794 9.56788418774946 17.6552512504005 34.9429361652988 49.5337477602132 58.2857910780591
12.5878142926826 17.1256870489836 27.2573075385695 47.8564860444504 65.370719303112 74.8178039618777
3.65599652563665 6.38168710946334 12.9233449882248 27.9066446336198 42.0939296307959 49.5565050455045
0.0221645261507371 0.731532703016291 3.4949057798734 12.6692132343572 22.9172250844752 28.4775651991099
10.0980782287535 14.40503736235 23.4715768574762 42.7405224182582 60.1081886797719 68.687807596565
0.642099378788847 0.282236725201681 0.928001449751208 6.98800847320471 14.8122481838356 19.5211305019713
-0.00614745220203512 0.612453836368356 3.04298271852474 12.1725920977019 21.3466653264656 27.3285068411312
2.77991831671587 5.21263579087345 11.2745228942552 25.434795732581 39.0790066141275 46.2939849007862
0.206566404573877 0.249571443275236 1.59059269903212 8.84679175905158 17.4953833424483 22.507591403556
2.5581321992697 4.86791469793997 10.8020144357802 24.7936617697828 38.0129325781585 45.3191047703546
0.687103309199685 0.229090721055031 0.791091865999727 6.6829184062087 14.6406666070157 19.0945622238241
0.475031310156269 0.205002156123362 1.04809167254092 7.44353801474676 15.6831201560187 20.3212566074558
0.246251421860507 0.237250265415618 1.49169202806505 8.60278624936988 17.1900666690317 22.1316133414205
0.0976550335174021 0.316764586369961 1.95256592318389 9.71605119112102 18.6243673811469 23.8348894160702
0.0206195697363964 0.475601933608042 2.54528435435406 11.0243561722535 20.2740571416673 25.7862488377547
0.0266572277763902 0.702273771272435 3.20952634834152 12.3853075289603 21.9604960449627 27.7697615300187
0.102808973985915 0.983502628047146 3.92859537411841 13.7737217974074 23.6630112869308 29.760770179248
0.239746056036332 1.30719121128047 4.67876408474753 15.1425380576084 25.2994711034614 31.6882364601124
0.437471344764398 1.70571312313015 5.5518191828523 16.6844663975703 27.1263096313573 33.8389776607277
0.673035816967248 2.10289068111325 6.34245687030405 18.0112688301907 28.7449345564944 35.6914777510327
0.9349983840344 2.52032762778744 7.11427135100391 19.2899524715263 30.3581896072605 37.4806579778838
1.25361858364557 3.00868693052201 7.945735128195 20.6506726975077 32.1231038449761 39.3787500134344
1.61721081141982 3.53416251972606 8.78760169798874 21.9827934629418 33.8558437115577 41.2197576231195
2.11249976038218 4.22166461762954 9.87743963426468 23.6858638965426 35.9518809974587 43.5163394434487
2.70572654910337 5.00542915416749 11.1039758917926 25.5548663508786 38.1742368404065 45.9964489547941
3.33526405910827 5.80496690284262 12.345213992609 27.3957465009619 40.3235181283833 48.4138836473238
3.95523279448304 6.58738187930135 13.528700108802 29.1207621969448 42.3520770765567 50.6673036170259
4.5717345439016 7.37440360018334 14.6492264127956 30.7518196447703 44.3374603424695 52.7955906600069
5.33136280945014 8.32392497701308 16.0182610872507 32.7415431807005 46.6735803578904 55.361478492736
6.04187809790857 9.17829164055985 17.200407475896 34.3863668390151 48.6347163146591 57.4783303436453
6.92885678167101 10.2204672914546 18.6669668475729 36.4207964465428 50.9698599555674 60.0584325513646
7.96418593609869 11.4196485928226 20.3534373042935 38.7376340762902 53.583592336888 62.9714731297537
9.07149135093773 12.7142911637051 22.1105315733006 41.1327930741874 56.3378799720241 65.982399267932
10.1943206310072 14.0384531080661 23.8530008053892 43.4854466150302 59.0977889908636 68.9472697167431
11.2613065984029 15.3130188866251 25.4646514147026 45.6430074738644 61.7105603361162 71.6848308824052
12.0655175018494 16.2963708162788 26.615521660093 47.1509723594675 63.6768476712249 73.6337777660421
13.2063231243623 17.6335127084171 28.2697255022478 49.3614892989117 66.3043973296975 76.3878169142961
14.2621918829524 18.8092578043273 29.8208682634026 51.4050871037384 68.5487565637837 78.871043939871
15.1696660335321 19.7611498543877 31.1882580977963 53.172683071254 70.3110887277344 80.9680531306524
15.5229778802359 20.1094834830336 31.7312792603636 53.8385633297019 70.92550904915 81.7517639036602
15.4354722429351 20.0210709225113 31.6004701896974 53.6351543274031 70.7514155369273 81.5289239282263
14.658577411442 19.2477838627661 30.4131701144346 52.0587421282823 69.3290824379999 79.7140282469607
13.5384831927966 18.1116113359252 28.7072640373371 49.7864483258939 67.2183050360959 77.0775158813527
12.3541427986258 16.8833950243619 26.8999651289703 47.376550067389 64.9133354902165 74.2555660082331
11.0675069174199 15.5069975621801 24.9329129719844 44.7290224947839 62.2801310757342 71.1139443591302
10.0670761400226 14.381737528375 23.4193511866534 42.6722745228827 60.0717704313997 68.6168901267149
9.05743196768291 13.1537981093222 21.9065840322144 40.5767534110373 57.5549801729508 65.9763383146034
7.9497148466315 11.7825564803959 20.1974062168067 38.2063267833841 54.6819188967145 62.9593064548913
6.95852301871373 10.5403658293668 18.6229648727328 36.0324057034081 52.0111975742501 60.1580528940688
6.14647121466387 9.51452279041903 17.312341319041 34.2128236815943 49.7114024894553 57.77941705849
5.41799885105535 8.60404970078717 16.0787538656878 32.4856357740677 47.5874914829181 55.5262550264916
4.64905917679139 7.6572689684383 14.7238941050475 30.560286232765 45.3264327572064 53.03591339287
3.93924472622535 6.77263526702162 13.4295574710029 28.7055618542017 43.1635814627231 50.628150211227
3.38326906600821 6.05215825076193 12.3982265159669 27.198612726374 41.3173097567926 48.6349981468875
2.85275034041633 5.35558731812384 11.3893854959086 25.7000164974812 39.4703048909365 46.6388531321403
2.38619542566784 4.72216665802763 10.4444013203917 24.2730945533056 37.7015591370286 44.7193810335917
1.86839098306236 4.0003654227559 9.31773487900562 22.5241589548085 35.5981837366055 42.3766683264093
1.35899515713681 3.26555472740626 8.14452305974 20.6666323720323 33.367408241788 39.8792836097931
0.995408482600123 2.7047322761866 7.24825358785976 19.2208331996849 31.5296433524806 37.8875731071579
0.710376163003437 2.24065517690728 6.48652521569777 17.96876144825 29.8654053424246 36.1245826577891
0.462092597678632 1.8104360108098 5.70557557246113 16.691721192652 28.2058824700112 34.3084662015527
0.267269197529174 1.43500288817697 4.95600582034021 15.4623105197516 26.5775366007383 32.518911171356
0.108871275349634 1.07851801865817 4.19105566505272 14.1652364388015 24.7861835405155 30.5893630481547
0.0123180848383618 0.708629021781812 3.28218386825208 12.5060694304997 22.3630021513281 28.0515536670119
0.00339915927290993 0.425117738641466 2.45737464105683 10.8830157738287 19.9551039996116 25.5388369800631
0.0161130480250637 0.380691656286976 2.29180974740666 10.5822377725753 19.3719509049562 25.0104891187642
-0.0130431400782181 0.519555516216747 2.76856685564958 11.6186102779054 20.5925714919064 26.5006052628838
0.00231497743889015 0.723608478431296 3.37217558827762 12.8175116386562 22.094932085011 28.2533014863103
0.0546958133752207 0.941577189386337 3.9183925943449 13.8715211714795 23.5437261594923 29.8157580522584
0.1486690923705 1.22328306162139 4.56508204205273 15.0853038105084 25.1867848100267 31.5979018751213
0.320964673010193 1.55278327789593 5.22376479948092 16.2032613228018 26.6842330703664 33.2200609074495
0.588843348500758 2.01356015678214 6.09354076502771 17.6621520089607 28.5461712717167 35.2820803100078
0.944587916041619 2.56541259314909 7.0786111218749 19.274369134263 30.5648726654286 37.5227897867647
1.35886945909367 3.17346200108622 8.1254832346767 20.9625449628529 32.6596794225673 39.8413521677246
1.80207835959412 3.79883059998552 9.17452834513153 22.612251997015 34.6837943373465 42.0853023985038
2.25862135241193 4.41599948316901 10.1787935033541 24.1389182114386 36.5432062935199 44.1413105820145
2.76375957355341 5.08062549068718 11.2278065117085 25.7102696591112 38.4416710407842 46.2354120083406
3.27530836740104 5.73881734047915 12.2369958842489 27.184560179078 40.2267973283122 48.1952170187136
3.86797393429992 6.50330741691921 13.3616230391228 28.8283356229516 42.2299506806565 50.3662850817597
4.52746002612569 7.34868326563925 14.5646912826389 30.5718039662792 44.3638455162504 52.6583760049436
5.27142143113821 8.28832163317506 15.8513080555702 32.4064262774117 46.6065622935731 55.05338445865
6.06718568747704 9.28187098427628 17.1935339742891 34.3136339798603 48.9172421130096 57.5261867996785
6.97282688978516 10.363137905138 18.6830606550346 36.4167928344768 51.335977941204 60.1880499281704
7.91884915095447 11.4444657855642 20.2411695214007 38.5953298052289 53.6871332248201 62.8872702723867
8.45424890736436 12.0329811199831 21.1311676127146 39.8007918657592 54.9239370017669 64.3634108920304
8.54372378542194 12.1379213165401 21.2897653949572 39.9958207939101 55.146564121101 64.6146569929264
8.35734455146945 11.9463937833199 20.9891516326029 39.5516857551279 54.7493863722069 64.0994682562765
7.83129348274653 11.3840417599955 20.1051150373965 38.3038291692752 53.5691951635305 62.6142961194906
7.13045605962523 10.6351772092771 18.9074753866957 36.6309446042067 51.9911562485033 60.6138872903956
6.33291587213939 9.75305943133849 17.5320820686059 34.6830273899169 50.0784614000445 58.2548026496347
5.51321701288903 8.79483780605559 16.1222077353683 32.640609453742 47.9167116009891 55.7248222827016
4.7569726083649 7.88807572619287 14.8218278225355 30.7422341654242 45.8401770114914 53.3491495961682
4.00257197520349 6.92010127989103 13.5022168676641 28.7728621407401 43.5149644854834 50.8119383839097
3.29890472959806 5.97512941369813 12.2288532214133 26.8606491233683 41.1578776297088 48.2946556497165
2.72871311491548 5.18265054413503 11.1572770206208 25.2458727519668 39.0727582965331 46.1203514691871
2.2305809641681 4.47989349238141 10.1499581516336 23.708021851453 37.0872827087077 44.0292511025228
1.69976194187803 3.74153189486677 9.00772389827509 21.964070411658 34.9506963196521 41.679801815296
1.32822403153862 3.19917005152514 8.09788885948127 20.5572216644157 33.2134326138342 39.7472368621801
0.998614378400707 2.69739319494842 7.25580144707445 19.2047301052146 31.4865113219218 37.8669328667825
0.690950731795393 2.20231486931681 6.39948205775694 17.8035813809974 29.7044818673469 35.9105456277428
0.434654818720745 1.7491816173943 5.58560942915928 16.4418216990711 27.9575958075552 33.9891478580082
0.229220884384005 1.33796252681833 4.81186579009813 15.0905313873135 26.1890302317967 32.0533870508003
0.101583735254602 1.00703785238529 4.12612410121765 13.8391550470515 24.5141172005119 30.2208183153985
0.0073648523199371 0.701209612798148 3.43490478212776 12.5534550467673 22.8088745800638 28.3270614967684
-0.0220004227422449 0.490589118364861 2.86718806894212 11.4660351333112 21.3293929690241 26.6883844497746
-0.00118585452599375 0.344981871140595 2.38006780358182 10.4941401950904 19.9785727714451 25.1951569539789
0.0802348987569567 0.25332032137468 1.93328874430454 9.5601183313059 18.6850540293461 23.73369190181
0.205124272710027 0.194069359644607 1.50761292911134 8.60076925029204 17.339232689101 22.2176498793865
0.375047807865626 0.186828825067654 1.1596879752844 7.72925048118094 16.0762941479271 20.811921421594
0.607782888024489 0.225110154529809 0.855950563060284 6.8633961936378 14.8417783864614 19.4001747291681
0.868918556131249 0.293608945752548 0.626322071585846 6.13087296770284 13.8318093180181 18.1849136396113
1.07801211319178 0.362872222588732 0.492813426277843 5.64468986421144 13.1548521645156 17.3625331658758
1.25094437961702 0.418801598181685 0.38717702687183 5.25259755705355 12.616090671691 16.6985746051986
1.28571122493655 0.429956612176133 0.366291117984959 5.17942999541084 12.4979752001638 16.5676082363249
1.23263582619298 0.410510033697397 0.382308072310725 5.25941741106534 12.5805878829392 16.7062480688927
1.1204972567251 0.367535829459596 0.426543047745037 5.44711280755293 12.8250607881055 17.0381654842372
0.987621359874933 0.317684964173306 0.516868663394669 5.77136513872266 13.2991870759845 17.5870718946552
0.851866972671071 0.271623585208787 0.635237969318766 6.17430403995538 13.9046249990327 18.2561667167752
