9.5450743100732 13.033752483253 24.0781545372568 55.235245171005 124.068416900835 211.196371781454
9.05910714880222 12.523626835184 23.22856176653 54.165624855729 122.982328490155 209.854630041871
4.67512600712361 7.07064499975762 15.813234719507 43.6994401683957 110.264369034926 196.269240907655
3.43949758726626 5.43807206069154 13.3946524348167 40.0927323877337 105.857540090113 191.47833034908
7.99392478657368 11.218897437587 21.561159658436 51.8078327028368 120.13669262528 206.858786337629
11.5235133020549 15.4078567532717 27.1128401184584 59.2780023954551 129.03580034537 216.371852344381
1.02241674754884 1.48817278916869 6.31344903680266 28.3494947069056 91.0950804257864 175.103042802752
4.83206606359961 7.28435370937553 16.0761308389427 44.06300112439 110.827150842015 196.796532807396
3.75684353337294 5.86966688439991 14.037138302871 41.0456509144341 107.072741588383 192.7659495484
1.14460650652069 0.992761352638803 4.59404733948028 24.8100511867622 86.2989222662314 169.714112471551
11.3212278108336 15.1526543666531 26.799124361418 58.9169356300197 128.484520276178 215.862129929068
1.55285597510603 1.00953822899008 3.8353185971931 22.8214032512564 83.529784042972 166.555628474161
2.475394923618 4.10269248660802 11.2574751755877 36.7766633814903 101.838666583718 187.023165830252
9.12632684908999 12.5605429498875 23.3737729903702 54.3676749791309 123.022211180349 210.04986731764
1.90368805107902 1.11830318518545 3.52165600199123 21.7697641034624 82.0843109580132 164.855285295196
4.24744410955466 6.50969316430682 14.9940698141734 42.4888550172123 108.790622046913 194.672887666767
0.995449327470414 1.27429184259379 5.75895803650236 27.2327520552073 89.6507101419363 173.47530309237
9.05810078422303 12.4812719366879 23.2400075520631 54.1982988592612 122.82304166686 209.838223077208
1.10252232921708 1.02129169722884 4.7556220739471 25.1497939851451 86.7973732153383 170.265567533296
1.64540997390266 1.02931296642274 3.72573264720597 22.5042820774876 83.0540282474745 166.035279394936
5.66250868468117 8.31668642132196 17.6328814831281 46.2165601202629 113.405207900652 199.634060443741
4.86998053681555 7.31520257989514 16.1481834939656 44.1941526020581 110.923960328655 196.939326079352
1.83166190348192 3.11926786958295 9.60899365673396 34.0800625782361 98.548852027052 183.351404924944
7.02015271998307 10.0041545797907 19.9623622472298 49.6121857188811 117.354106496172 203.968993832519
4.47495127032614 6.81618060070983 15.3995090155935 43.0934680513261 109.630167335605 195.506217224949
4.51889916497252 6.87954535949748 15.5290061579434 43.1644757892052 109.879743239613 195.691836942754
10.9748060176212 14.7017476217977 26.256977350334 58.2934891998596 127.470635132642 214.956565017347
8.31553757017245 11.5939147628562 22.0790156133568 52.5474901218852 120.952694878995 207.776981085806
1.26778617581436 2.09790537657338 7.74695917841369 30.8883184918527 94.4280442514846 178.829242513263
2.11738291601491 3.55495443781423 10.4218039742549 35.3267801709398 100.164497972028 185.109873767232
4.14236593254789 6.39933288095278 14.7792075930049 42.1537107545059 108.527433223278 194.280247278977
2.35500920137728 3.91875242402338 10.9842719766176 36.243380579366 101.376155305059 186.383316267099
1.24233649388987 2.05022271934644 7.63563463796998 30.7210875799474 94.1901449372621 178.576450261689
3.043718543576 4.89692215893965 12.5533594785705 38.731158787314 104.305237244557 189.709147467033
1.03712798390554 1.1029072297366 5.14122084109667 25.9450905498771 87.9444251704636 171.526207014059
1.8284944274643 3.08607216266637 9.62273232406096 34.0568736019572 98.5004243356322 183.316821213079
1.45008048009375 0.991831403260392 3.98104995338615 23.2077830124979 84.0858822831623 167.193146230101
3.19762570217058 5.11070854146709 12.892254992728 39.2694491297537 104.953889142648 190.429736307722
5.60421367861312 8.2492871889441 17.5310215955155 46.0766455492194 113.262709609089 199.461280858844
1.19120940823127 0.986820696392031 4.4889409174724 24.4539099387201 85.9695541258509 169.247015026826
2.11249002593976 1.18273527016585 3.38550173064087 21.2319862552269 81.4081390573956 163.990463070516
1.00667075695625 1.35977032491595 5.99156281338244 27.6681191621309 90.2503703409536 174.130952171217
2.15554926701968 3.61355596906288 10.5051789670504 35.4644205172925 100.356559254258 185.30338527541
1.45433261794426 2.46769041883283 8.47095260620007 32.1215318254766 96.1128524204542 180.624596609694
1.03180476297092 1.48046373174022 6.37122759026761 28.3173964227918 91.1902765322779 175.13806661742
2.45254475619607 4.06220971226792 11.2065159168325 36.6663412776554 101.745530985499 186.894877832191
2.26253712399588 3.76202250112467 10.7736968299749 35.936838742161 100.81296366539 185.895667494293
1.47868491440452 2.50911911052752 8.54355463345886 32.2459595679094 96.2637363108361 180.797315283383
2.79432604971157 4.56613830646741 12.0024975201713 37.9582101828428 103.306252020789 188.633455938356
1.88248551081988 1.07568140748604 3.50505013364123 21.7494408679402 82.2468121921345 164.884053771813
1.25202468540019 0.969924106451004 4.33246772944982 24.1077061462046 85.3761000332726 168.656400017855
1.01887833008777 1.44492382339798 6.22977545233344 28.1137146841198 90.8919667185966 174.810146869229
4.90425692812923 7.40284706070248 16.2394586771271 44.2112938996949 111.234264479551 197.093667924851
8.7283562522424 12.0752401224715 22.7611712654173 53.4807805178016 122.014117169733 208.953524559494
1.42687378599915 2.40914979845945 8.33940354368269 31.9750209499691 95.8042118723739 180.354593692925
1.1375007966205 1.80139937012066 7.06970596039661 29.7332139415772 92.8964422704148 177.122158240386
10.2647951951099 13.8975819571089 25.2077852241381 56.7202168360445 125.931548434998 213.122552297879
0.998854337825472 1.28373997223828 5.74884824639711 27.2381291225404 89.6705312655805 173.472614886753
1.51165185550933 2.59172847897491 8.62256375482668 32.4722904039959 96.5241216261733 181.065654311411
4.54647440650988 6.9094190308648 15.5993698999901 43.2331402505596 109.978064673545 195.789922295355
2.48012225649752 4.11037233243563 11.2777615149859 36.8060879163202 101.862693517033 187.061129176048
1.81410165930093 1.06880036383836 3.57534239181002 21.973210380152 82.4569560203068 165.220315645485
1.10398101015879 1.01311762116622 4.73653594502447 25.1326566101403 86.7458245302199 170.220838575587
0.999710158117645 1.28776700092607 5.79158127979269 27.2842547077224 89.7220139008268 173.55077052346
8.38619392292899 11.7161672159267 22.1546226162783 52.6997145939578 121.210978442851 207.979489801305
1.09163109114934 1.01881474900506 4.86274671889289 25.2700323770687 87.1086351388966 170.53465393268
11.8549856730704 15.8030197522476 27.5583922201533 59.9936720240571 129.779061788027 217.204493086556
1.48799383977755 0.999970672253116 3.95083589418507 23.0661574859362 83.9233026078145 166.986757621712
3.3504229333694 5.31660927035638 13.218618713992 39.7401570430547 105.557817700437 191.076262180592
7.15489655451346 10.2213451230019 20.181911689967 49.8262195354838 117.923711369107 204.373591364786
1.00657342887853 1.19842362681158 5.57785373035829 26.7843010468886 89.0773405052954 172.822857801597
1.00179520419166 1.23653380771173 5.63084009820218 26.9635450997384 89.2830646134853 173.060847847435
2.19069691674213 3.67147766190471 10.5874554580937 35.5885035205606 100.583919595598 185.498233957205
7.35027606657431 10.4191408867531 20.5139781293798 50.3793462440103 118.301116705212 204.970635235031
5.77395186260992 8.47075502501654 17.8131149764736 46.5091938435166 113.781750224164 200.017599044587
1.94190129772353 3.27963392846052 9.95680592253604 34.589473667837 99.2253302186612 184.08132984509
2.62944766066259 4.32474384581087 11.6348159775797 37.3199856932979 102.570008152851 187.791204976844
1.11392879016856 0.996413283027085 4.75506362237213 25.034969279291 86.8228949164081 170.178219400208
1.04806085006591 1.57258423159776 6.55228644026499 28.8080902879896 91.470019096008 175.699728051267
9.74812472996809 13.2321185449216 24.395572920362 55.7578046239318 124.422018549733 211.731371317621
14.114547487612 18.4215753064999 30.9334330626607 64.4461929590404 134.916754496083 222.739813155264
1.47769477002633 2.4983411576936 8.50403140103697 32.2552936830122 96.1586485086965 180.750518369519
1.38412835858774 0.958926072534807 4.07071282851167 23.423356177624 84.4931304497838 167.59403175371
1.33777180201811 2.24665263327806 8.02664538467169 31.4305435345232 95.1094751306781 179.57992187652
2.30881266105594 1.25741338859097 3.2699928394656 20.7940342686278 80.8544874069336 163.267283260379
1.3445586530078 0.97850934678698 4.13817106082923 23.6584267457734 84.7183307673848 167.908879370622
1.43724529413803 2.43819712178843 8.4000347645989 32.0033076379217 95.9975752674383 180.463059506705
6.45137589961289 9.32547694241105 18.9898166476862 48.1884859203589 115.885886480561 202.223905699097
2.39782553914252 1.28935560495163 3.24532330772502 20.6267350741956 80.6080968341839 162.985194178523
2.33907826057714 3.90596725534562 10.9400080889483 36.1870879326612 101.381119381636 186.32524056295
2.0594486827339 3.46389085485802 10.2329861404257 35.0932621973911 99.7815825155097 184.740635576476
1.34100703688701 0.953042745604825 4.14517123194829 23.6085882499061 84.7741160161556 167.900807716121
1.0183305312862 1.49034188978741 6.32170546429303 28.3512029256668 91.142369298843 175.124042358219
1.93861310051488 3.25669431665111 9.93553483656398 34.6690893525043 98.9603827233675 184.038864324287
1.1019956099355 1.03169585640458 4.79742858106592 25.2224551166974 86.90113979687 170.384501076308
2.110982678562 3.53982526451907 10.3986809594063 35.3049398057263 100.098670651671 185.061790303354
1.97640508844679 1.13785868965251 3.45485933027234 21.5488231606006 81.8116762180208 164.500064541505
1.71160825084991 2.9066888936813 9.27781941659489 33.4662155363836 97.7816311183682 182.500390636133
1.43775970790995 0.986401453222194 4.00500462806098 23.2707981374179 84.1900157680591 167.304212101387
1.036315766103 1.51840031346635 6.40128365477948 28.45872237392 91.3153589677534 175.311267678042
3.03242995932692 4.88873345745214 12.5336565833814 38.7657866655849 104.236592179788 189.704658647182
1.19153446597556 1.95203610028117 7.44041683335263 30.3180534521576 93.7984195872216 178.04693950797
13.8276767561912 18.0895230324272 30.5113113699297 63.8888794666299 134.274811463121 222.049803067919
2.03687823932585 3.4407532480585 10.2007330914472 34.9747160622571 99.8202597665134 184.652718056719
11.9350595336716 15.8932818342691 27.7037840311192 60.1497588909902 129.979875861824 217.418606100812
8.46787682895041 11.7547093119411 22.3615685157099 52.8742202029724 121.320778866802 208.206947118486
1.04749850162383 1.09208856846588 5.08068226348117 25.8553959546681 87.7946395175727 171.370128585158
1.09814489822522 1.71494493406572 6.89050660601257 29.3329274265427 92.5327126726939 176.620190684531
2.09755326831783 3.53331517321889 10.3529583072115 35.2159643483188 100.135038228171 184.989751938238
3.3484399011639 5.33122807623909 13.1723772120679 39.7495332630501 105.565438146566 191.060165117033
7.67082053679167 10.8414878507163 21.0323285553412 51.0313417027306 119.37107922085 205.928082450778
1.27635984579325 0.946753542430149 4.25983320813276 23.8910976353111 85.2130579547172 168.370028654214
1.43340835604925 2.42801212591783 8.39656059792575 31.9948861422696 95.9080536726849 180.432078252513
3.84690784942017 5.98869288753364 14.2260670162594 41.2740447625185 107.453915516238 193.132223584149
14.7343509510318 19.1664203365667 31.8022068260714 65.61248246673 136.358056944405 224.203263519436
7.59654911209634 10.7485745325695 20.8875264713846 50.9104587414125 119.058892249882 205.692666164984
1.66437352272907 1.03055013100662 3.71193613478714 22.4275132170632 83.0191693945456 165.942010637445
1.03113698960795 1.10859763739781 5.13915545998691 26.007972629118 87.9367212630171 171.572286849491
16.639271041641 21.2289755217467 34.5989935413805 69.2980362367867 140.208582870049 228.609640655612
2.85824986924777 4.62719431527344 12.1451491757442 38.0756411487758 103.522543593417 188.835738092815
7.70291778215935 10.8266902260081 21.1105191246749 51.1692046887273 119.269146755968 206.003515116892
4.30729417051432 6.59444998430163 15.1318940734963 42.5805273171338 109.119510774614 194.900681252575
1.00786221865486 1.19825452252091 5.48995896185595 26.6647926762296 88.8868112828452 172.616595568073
8.46093410728692 11.7580189180398 22.3237484080921 52.8826545200526 121.32142186146 208.191610521469
3.72101405374155 5.81075302236513 13.9697367052621 40.8723051602887 107.000238960188 192.605068106215
7.98806499882867 11.2265900348763 21.5543071637245 51.7475268859749 120.222393446066 206.849413041246
2.39535162663848 3.98014707254093 11.0851397637687 36.4894330918125 101.489177880008 186.641906784922
5.09269470908935 7.54519787710672 16.5940070892181 44.8452944623133 111.463116184223 197.715049965722
16.8899228622195 21.4804790482763 34.9825185869336 69.7891203323919 140.659712755427 229.177877477297
5.72451084249464 8.39339724420068 17.7146558510945 46.446314187278 113.558422864287 199.852289052873
5.40289772471682 8.01284102049013 17.1776451325402 45.560259933793 112.713435720921 198.814453814758
12.9781753588975 17.1244898082411 29.2483069364719 62.2130614584707 132.41495372895 219.998054546787
9.39496907091042 12.8644898273681 23.795708942263 54.9619180345785 123.6805388793 210.780523733267
6.62528652581443 9.53169640734181 19.2909195581346 48.615033026577 116.35433986707 202.761964347511
1.77126729673249 3.00598737237895 9.42344148262378 33.8019579841083 98.1067459982438 182.920459155602
4.12579991231495 6.34927759922201 14.787481188426 42.0905862495345 108.449330336812 194.221067527094
1.06963992682565 1.05927785740871 4.92054696661708 25.5321190207637 87.3028752905515 170.84783965681
3.75717091359851 5.87205536389583 14.027925537162 41.0088948991838 107.104722776561 192.757053029122
1.29677656135697 0.982260284717317 4.25351770459874 23.8898616045475 85.0514129374302 168.295712226985
7.73419795454451 10.8850899483573 21.101987491499 51.2408586326481 119.363993650319 206.076440186469
3.46626480751647 5.47076022629063 13.4436079981208 40.1113271910192 105.98343786371 191.554302749513
1.29358483429667 2.17524371283181 7.88939058450944 31.1104010240141 94.8464672382256 179.200636919867
4.36605133387833 6.65531863603653 15.219008669949 42.8324978517695 109.190930910662 195.115778333796
3.7562955383158 5.88206362390994 14.0246565985515 41.0055396588732 107.14102121051 192.772186116457
2.75149351986851 4.50618100995075 11.9032474225418 37.7714334147907 103.146109964706 188.404864062945
9.26036226692131 12.6969620130932 23.6277628412989 54.6162729880111 123.350512669261 210.415357155793
1.03681549406619 1.53834721246518 6.44974606155758 28.5616215590859 91.4217769992894 175.448689391459
3.74860123572681 5.84913506012184 14.0188150770892 40.9848035797609 107.048844331541 192.719047393727
2.89895723296251 4.6933720205283 12.2419621634559 38.2461881448931 103.700897980536 189.05352534625
1.08480392837886 1.6649104434595 6.75405322420554 29.1198255903375 92.1411370186279 176.259764788896
2.30730163415785 3.84007817081069 10.8865604080211 36.074513946262 101.092000400444 186.135230072294
7.46221070694586 10.5801868753403 20.6924229132125 50.5651455680242 118.780077045394 205.313502295267
8.53706745289868 11.8871201649147 22.4553797118874 52.9775265751783 121.67314683729 208.424332106688
3.04579429024328 4.91548198624047 12.5617116900844 38.7926841020369 104.375479035284 189.769228376909
1.73840164987642 1.05462294043536 3.64074986513701 22.1862463387956 82.6810902447101 165.549621781779
9.3350729787678 12.7564949555218 23.726936805832 54.8574361993942 123.386966511756 210.618443340032
1.14747908944801 1.85607654121893 7.17039127366131 29.9201492704735 93.2011084171868 177.418377670558
3.84842916448019 5.96990704710621 14.2460860195486 41.2911388104492 107.417748098684 193.137173997022
5.05668741235354 7.56967316930705 16.5054393946405 44.672916614864 111.551140128938 197.601737523842
1.37976389129955 2.32275359808814 8.19146862330229 31.6533463780143 95.4317559066424 179.932421594688
1.13820176958466 1.00905867486052 4.64491561906259 24.8934143403083 86.4473532004404 169.864087490303
7.69785134898669 10.8746066823827 21.0765876652967 51.0921558029346 119.44481180979 206.006888060929
4.37485936810894 6.68924159016407 15.2079627330888 42.8084392104125 109.298038936214 195.134905325173
1.00109340531443 1.23300207161513 5.59809074768952 26.8966821517367 89.2262443255358 172.96701370673
3.44137479871873 5.45654956296984 13.3674533897475 40.0504361540619 105.924177676127 191.459933902866
1.15883090898163 1.85716103886301 7.19170553737259 29.9278872460821 93.1907520802079 177.430276024654
4.54215236169977 6.91179736660947 15.540711600518 43.2733085880187 109.873637203298 195.759730887571
9.09461677107765 12.537019704027 23.3016137384144 54.2851886167545 122.989187336257 209.959058563066
5.29031926867236 7.86735212547905 16.9115926265146 45.2877276136527 112.298604485564 198.399824408235
5.87089840047435 8.60779468946336 17.9557677484007 46.7618464003417 114.103439098819 200.342439060063
4.02649415947511 6.21973434487303 14.5670057892243 41.850402576593 108.02861308641 193.826716264541
10.8009481493303 14.5608809077064 25.9718192986235 57.8537161758769 127.259354874083 214.520247238703
1.01117476770775 1.41990754053068 6.1291187788427 27.9626546231057 90.6333506501151 174.554409104378
7.90501348218273 11.1331670110985 21.3916796691307 51.591194175754 119.95628674346 206.600658799579
5.78919944037736 8.49160417100277 17.8561774934369 46.5395264692784 113.867515524269 200.083582649157
1.00563877583621 1.19255044603646 5.4859361608772 26.6726346182573 88.8870291857834 172.616243383654
6.96399588203761 9.95183417925481 19.8683802188225 49.4269229832264 117.335541329534 203.812943691298
1.15897267673898 0.994619563709516 4.5576856913217 24.7153851875602 86.191542135788 169.58828068138
1.00122081264802 1.27109815214375 5.81361826544003 27.2556568867752 89.8226097652613 173.564728939472
9.02343565293572 12.3817342588568 23.2495740492648 54.1748459282517 122.637897735697 209.767195677755
7.50188216634482 10.6044822346971 20.7736903993558 50.6810838281344 118.803813845636 205.421744123424
1.00894822451553 1.18481122757239 5.49545152742333 26.6282178833094 88.8397954742399 172.578334443448
2.34014824234382 3.90295242727449 10.9396537003445 36.2691496984471 101.199146291688 186.328118283656
1.64860850110375 1.01140348504444 3.72867668223048 22.4165550320007 83.1855940367878 166.003479090825
7.4581352862175 10.5492934686276 20.6776090298963 50.5963092307083 118.622473154853 205.272909043483
4.39561982824433 6.6934597063696 15.2933301155917 42.9297446781499 109.268025078839 195.238379202019
2.46937002242407 4.09054273346026 11.2644782668642 36.7700059725514 101.847610217523 187.028679349714
7.53254535843408 10.6213610888531 20.8243330872528 50.7774877163289 118.803455712405 205.496853917211
5.0503338927501 7.56316216994491 16.4802528533677 44.6516059957845 111.536901502955 197.571885364372
4.54431665176638 6.90143752180928 15.578200421901 43.2348951433079 109.909666853691 195.764299399856
1.0600504544444 1.0618452841477 4.99586280187925 25.5994099908554 87.4394190255026 171.002043891158
7.26801423342357 10.3400697525546 20.353477896156 50.1620854130906 118.137756472507 204.721789914172
4.30028205247694 6.58709559320899 15.1159130139994 42.5563327244329 109.109892607862 194.875602342803
1.86952064474887 3.16833346314988 9.69748449421248 34.284847661101 98.6979165415402 183.57078143815
1.18789772979884 0.983440243463797 4.52897488884111 24.5251305066251 86.0061428251257 169.344014351417
1.23937872105837 2.05083211925871 7.62180883233414 30.7143073286447 94.2078297539077 178.563233005481
5.26327367985116 7.83256878943452 16.8761476386392 45.24293288653 112.197311396997 198.314303286865
11.3927377283911 15.2917716128047 26.9087501020591 58.9823225775772 128.847085688058 216.051074010351
4.75093715338033 7.16736751191814 15.9872126115139 43.7998929625218 110.635707424152 196.52882352376
7.0438116837388 10.0924434764354 19.9509518388452 49.6015853850963 117.59211432341 204.042110150208
3.75400767682742 5.86711352653447 14.0502721591807 40.9702754511545 107.173442948254 192.761589528788
3.85663085740193 6.02319165153472 14.2470402627102 41.2542108895635 107.632977503327 193.177372583808
10.6759307686889 14.3896719134488 25.8146426803402 57.6046941344828 126.908283103376 214.19632516513
5.5377111411494 8.21116506016825 17.4054643751343 45.8402058311734 113.263486634295 199.264740828065
1.74392381047551 1.04821207830715 3.65092783256167 22.1776893165521 82.7751975761623 165.571524082672
5.43004823689899 8.03649221229046 17.1819088138217 45.6849143527299 112.697574670327 198.879290300494
1.82607732056348 1.06911746829082 3.56372104702319 21.9199060421305 82.4173688011162 165.146775452681
1.03957278007658 1.10668427540087 5.13733980269401 25.9831962249641 87.9654658926602 171.562631894113
1.86667853530523 1.10545928236019 3.54671209360159 21.8639750884197 82.2106462150815 165.00859541638
2.22866587456872 3.73510181171968 10.660584822203 35.8247660123687 100.652214447876 185.720183473962
3.70950451718087 5.82768499461135 13.9218925503723 40.8807479620756 106.981795200621 192.591669325509
3.64863401182662 5.74012617667528 13.7970373926232 40.6842688367063 106.749730488424 192.331238679696
1.90614554488629 1.10851477379024 3.5139948475572 21.7377342228888 82.0820535702878 164.819877306993
1.3783538049516 2.33337927391404 8.19416503769518 31.6554923206594 95.58855004225 179.979239673881
3.94992173138702 6.14342630424086 14.4374761374345 41.5340484944981 107.951242594463 193.543405434112
13.1757730429848 17.3552718571088 29.5555723446144 62.5847521613894 132.890081424049 220.484450080851
1.03521139952425 1.54213816749245 6.45751088893533 28.6314803225323 91.4157224749591 175.499203634148
1.83963396993905 3.12341598354371 9.6433411366967 34.1667188197792 98.5561542907243 183.427828462017
1.01169945965108 1.3465902793208 5.98721494570326 27.6157425483341 90.1493183792613 174.052105799877
11.7361706782563 15.6427408266747 27.433328527252 59.7507475897901 129.491724918863 216.924059536864
0.996724061418358 1.24364526047465 5.73464162422083 27.1063944581848 89.5058992023967 173.310220545182
1.64650121373286 1.01975017987444 3.73233518057538 22.4769005697309 83.1365534137294 166.043945794628
13.1423717614681 17.2133996196085 29.5509989804561 62.6413287808028 132.543114641525 220.398546602157
7.12067994932546 10.1242230293581 20.128245133722 49.8116315558639 117.65743479329 204.260861798466
4.30981910910322 6.59873252157376 15.1093329450824 42.6215803442151 109.057622238199 194.895009653489
16.170009593783 20.738106022433 33.8995521972154 68.3886815083817 139.320789187247 227.53709306632
1.00491643257378 1.31170784413079 5.92629012485443 27.4713050913365 90.1038513079516 173.886957504249
12.9909896252678 17.1160914181281 29.2703181696075 62.2601609407292 132.380794156723 220.020588717889
1.37066607329906 2.31431572441076 8.15623358663752 31.5735050430205 95.4247053185585 179.851441183794
1.02693715473227 1.48267227669803 6.38325394749729 28.3425831430014 91.2421670254442 175.183751861141
3.33047435139854 5.29002875972151 13.1684363452403 39.7424522507546 105.417544746075 191.007601151552
4.93283194582402 7.40821990715554 16.3141204907407 44.3049491997148 111.19791042976 197.171102847793
2.01754984646913 1.12629152352611 3.40250939050909 21.397668397935 81.734105184474 164.287673825551
1.19531455819127 0.994544637579308 4.49563612350531 24.4895484707811 85.9091007969973 169.252223499964
5.63067335907921 8.26413693576884 17.5506588571969 46.1401128119885 113.263842850022 199.505479807896
1.47581557947635 0.981000266256966 3.94047586275626 23.0773409461509 83.9665178164292 167.01961621761
7.36716715477539 10.4411280600556 20.4970596901068 50.3949943854063 118.382350832595 204.999106712743
13.5277483289674 17.7382514593467 30.0957319467227 63.2784809025761 133.650216477681 221.33457327066
4.69899643837939 7.07727783986358 15.8970144721096 43.7001408765436 110.318445236097 196.321058925111
1.02642055210019 1.45645545360663 6.31149121681825 28.204002822549 91.0421938998481 174.970950395932
10.9040144812474 14.7075297753116 26.1588765511643 57.9776447556179 127.663096989121 214.788261853418
1.60158594995834 1.01502724933786 3.77441180762293 22.631733405409 83.2832357283092 166.266411836176
1.00815193833772 1.36615539271281 5.98008798457301 27.7343288386092 90.2092331255656 174.15749504445
3.79982030596407 5.91153249078072 14.1461772123504 41.1270552864418 107.267561078921 192.936135411248
1.2206306675421 0.981837707373442 4.42253259247629 24.2847584721398 85.7675756688883 168.991085570507
3.58966829021949 5.62429173200112 13.7043552856645 40.4952936438571 106.427601029393 192.061663708601
1.7730877544869 1.03870588251365 3.59709378884961 22.030675583129 82.6698047934886 165.372345804541
1.52462466819285 0.982110047277854 3.86603053100581 22.8162360423038 83.7741360014575 166.671423519613
1.26890748797397 0.974851819159963 4.31406721677968 24.0106816313618 85.412478102953 168.567152070048
1.10449262943312 1.03084463539009 4.79145757458734 25.1526671538487 86.9634704315163 170.335839119395
1.0150713247596 1.1794860194483 5.4113667239112 26.498911562856 88.7442718949664 172.367967172313
1.02166365494325 1.41049100201866 6.10594356924502 27.9008603827129 90.5605265252223 174.445266581396
1.11297207946607 1.71440784631971 6.86226127937873 29.3398154515595 92.387912794521 176.540898656544
1.28675718582396 2.09553298702756 7.70060084918282 30.846650362144 94.2355229618728 178.677704783614
1.53358112575758 2.57356661640866 8.68792718261789 32.5707645046626 96.3277392965124 181.090814115379
1.7976857124948 3.02220888595536 9.53251300918109 33.9944900574829 98.0713954264217 183.079835870646
2.05136320314543 3.4378136766628 10.2476926961341 35.1851519692142 99.625783133625 184.763351799216
2.33829272643398 3.8893476669696 10.97583400278 36.3515338544186 101.210890993953 186.409595633327
2.67535689763905 4.38691175209588 11.7640533630124 37.5645522684985 102.788646131108 188.08438498457
3.15443504772189 5.06623838253215 12.8232079813069 39.1991671257371 104.836862411582 190.296535728816
3.76876855258253 5.88911395194253 14.0888379982438 41.1270987959124 107.14769098983 192.86395592818
4.45956631604227 6.76446253076436 15.4114491203502 43.1159363009972 109.471618973221 195.468228905172
5.15975655177549 7.62859256029828 16.7175098740738 45.0252563896825 111.673819406953 197.947947131072
5.70759514992685 8.35244374589329 17.6858725934336 46.4429039982519 113.52436259921 199.828472739135
6.44490056261962 9.29597650654896 18.9951108109885 48.3452289820582 115.87304755489 202.311134448319
7.15024696366499 10.1594316668086 20.1664234260555 49.9717060406079 117.806954979647 204.410895945209
8.09851057440484 11.2913414044018 21.7308542592001 52.125807226134 120.272153576368 207.157325475719
9.22210426922558 12.619107753403 23.549666149705 54.6143087157383 123.094189736708 210.307032397027
10.3215020096912 13.9342063455786 25.2535870074987 56.9412209432789 125.872974882692 213.256980911861
11.4886227101469 15.2922588510218 27.0504209838501 59.3555244691584 128.683264491039 216.278066929442
12.6034401543028 16.5755458404307 28.7558202621355 61.6178201613956 131.287352122607 219.096709801999
13.3640230064618 17.4614493136307 29.8878044452922 63.0827630648896 133.025318387938 220.937402980658
14.409206109043 18.7027151514781 31.4168165625318 65.0808955524206 135.451489560012 223.457671212402
15.4062613319421 19.8770481594139 32.8337911501775 66.9556674119998 137.701894877194 225.793875985859
16.4459371782012 21.0303759505193 34.3263816952876 68.9354595192475 139.860380464125 228.183920146244
16.9725142190067 21.5720644055874 35.1023742437454 69.9486055318741 140.833058897108 229.371507267367
16.8718356205922 21.4595516266324 34.9577081064133 69.7549927122608 140.620797929389 229.134401654874
15.8219283051227 20.3379399901692 33.4055466304242 67.7214288131623 138.574789774918 226.722639679973
14.571287250169 18.9237465655141 31.6080337321564 65.3112401601773 135.918237610859 223.806113435921
13.2814470677017 17.4541895967789 29.7370136000045 62.7911282995465 133.101122557657 220.736472249196
11.8771478908152 15.8532818342205 27.6409354423627 59.9657829261947 129.962455196099 217.268166424097
10.8486411150169 14.6511938603728 26.0735649873241 57.8611752514412 127.559696252535 214.652576418021
9.94132432362877 13.5502194357058 24.6843770743783 55.9934680794809 125.252562079148 212.259779959371
8.83354277284992 12.243899699583 22.933443408497 53.6242321473391 122.454618698132 209.254657458458
7.82041151934475 11.0312197330192 21.2761257660832 51.3664544144943 119.802373933508 206.372135020181
7.07356501861896 10.0993754580717 20.0520614140757 49.6834691833459 117.696993347593 204.163597029546
6.34896138366526 9.20524228507505 18.8123113983598 47.9390576587539 115.617486547189 201.910533210525
5.57688831078907 8.24499631914609 17.4738364514246 45.9984735578493 113.30363604265 199.400718559885
4.81618612500928 7.29348644550015 16.0743791776849 43.9731791701122 110.96706948774 196.788284473649
4.31332396826206 6.61548650081906 15.1367691762565 42.5908375037623 109.218183380399 194.945659137741
3.81531456794202 5.94851417996175 14.1709037274167 41.1489749617268 107.439556476767 193.01161191904
3.35619810738195 5.31895960205852 13.2157750946632 39.7081791589897 105.685630069816 191.072616919938
2.83430994743046 4.59072118900653 12.076293463434 37.9401464737335 103.522662520255 188.689876126456
2.31050318974086 3.84800364079453 10.8751464069066 36.0421596983349 101.195402776709 186.128298044842
1.94606239166531 3.30619040284635 9.96800075675665 34.6018520720975 99.3872644531677 184.148091544458
1.70857411161227 2.90940124112021 9.3146249800255 33.5379881355552 97.9356384325211 182.626361085234
1.46206707679937 2.48828054663042 8.54245434268306 32.2445469764544 96.2910781495326 180.804718271926
1.25880168056589 2.11167295414956 7.78484743718839 30.9277356354303 94.624484545551 178.941669227559
1.11213673814605 1.76744868817124 7.03529635887341 29.5870308125139 92.8813483145081 176.999813162309
1.01888893836122 1.41662479464587 6.1456313443109 27.9480728402966 90.6686731154948 174.557042818667
1.00687134859416 1.14925010535142 5.34790607085227 26.4115695598891 88.530172537346 172.210863389735
1.01720059709634 1.11631812268834 5.20616867761513 26.1465934377554 88.1161851098974 171.779570189801
1.00081565659085 1.28740146552946 5.74925982880943 27.2665650910712 89.538494530776 173.437597234783
1.03956638644006 1.53882983577954 6.4677914378826 28.6501117992406 91.2462886624176 175.462001398976
1.09510909616298 1.74040357818698 6.96077960028545 29.5653869465612 92.5470972305229 176.832525222047
1.19200834749231 2.00083028169439 7.5601889022642 30.6488471149739 94.0535487539056 178.429481505851
1.36301958357285 2.3186768538895 8.20086841821449 31.7532311266767 95.4885785970514 180.019118806862
1.62894994853572 2.7809073102621 9.06270344658946 33.211940310992 97.346672673327 182.08827998742
1.9732358948037 3.34449640614561 10.0360767200536 34.8111502278298 99.3591808352987 184.320473466263
2.3832779580697 3.97073912659526 11.0614956505243 36.4626612190006 101.429403132731 186.592295401357
2.84934720906244 4.64172109757213 12.1419314531449 38.1609649321112 103.505601006001 188.896509576385
3.34303738548328 5.30589039251817 13.2045468867607 39.7946479015254 105.457929883732 191.072573462025
3.85502151904487 5.98649050906245 14.2389021378051 41.3712866851191 107.391069595738 193.172351363184
4.39325225354326 6.68567330199361 15.2941943562509 42.9300842917897 109.243531516309 195.230462689995
4.98082212307529 7.44898072409565 16.3915563255872 44.5419313192844 111.218780504626 197.351204465132
5.65455732703363 8.30004313995361 17.613057570344 46.3105131597827 113.343087273315 199.653313748131
6.42271206189542 9.24727630401216 18.9546275521243 48.1996359951126 115.581466816089 202.100406918943
7.19538556652417 10.2104234341394 20.2734718965948 50.0415157794708 117.817890068474 204.504533439927
8.03300946501835 11.2537452708823 21.637777522538 51.9441848824427 120.170719352999 206.979235652507
9.0096530534442 12.4224234967193 23.2063005755559 54.1271250096155 122.727252946076 209.747258372581
9.75123293852153 13.233134626766 24.4095445341088 55.7659484730801 124.412664618933 211.740079743662
9.90237105591765 13.3915375071664 24.652819611235 56.1126004761373 124.761891749854 212.152720311108
9.71990972186718 13.1714312315113 24.3726125482045 55.7324851034703 124.312806400545 211.67678805387
9.07492567605723 12.4350977938385 23.3390576995866 54.2965735406414 122.750767024984 209.912727540508
8.16806214194485 11.4084515422033 21.8669694546936 52.2263510414765 120.550524086569 207.369264342729
7.21385183011757 10.2925344208519 20.2829848659866 49.9706244571977 118.085980112161 204.556059435693
6.35430694429673 9.23434274830622 18.8155381247611 47.8607931429415 115.654725410544 201.866104797047
5.58811053258798 8.27672296593038 17.4917890054294 45.9603574911414 113.421589134837 199.424364956544
4.89348940304161 7.36881221487528 16.2463806008737 44.1649291953484 111.178147187483 197.046889859522
4.20085615286629 6.47463318691473 14.9311868334071 42.2569968261677 108.856961997361 194.516123636273
3.64608927049839 5.74364263752817 13.8234039761138 40.6308910197543 106.87146789014 192.344165312423
3.20202320826321 5.11730482107031 12.8880419480958 39.2180482657462 105.068535533847 190.414192521316
2.65666146264583 4.36510422841448 11.6972376834333 37.3947345115462 102.873155661754 187.964638790346
2.26554710380563 3.79959355469445 10.7607084718342 35.9020298989562 101.044546779513 185.940586861065
1.98398290219569 3.34959572036372 10.0661983706407 34.7523486877393 99.4745636336779 184.321007661885
1.67542872981512 2.85820443383145 9.21353373345335 33.3620576327794 97.7171067062982 182.380748052223
1.4026964589489 2.38850330791405 8.30666353048339 31.8578479796905 95.8864394279696 180.279194221124
1.20281396662629 1.99926070879811 7.52982847453138 30.4982532672874 94.1438019166996 178.338899540529
1.09130226754144 1.70806010559105 6.90585735413614 29.3318282988104 92.5656246324877 176.635099297194
1.01074584063015 1.4186910262191 6.22615669207901 28.0454362244482 90.8740015649013 174.752430896999
0.998317838755614 1.20677149138018 5.63148036161731 26.902103977312 89.3893115805082 173.042501689726
1.03251182261521 1.0784138616011 5.18513971546555 25.9762127736437 88.1045753457609 171.623895965315
1.11854173554108 0.989003945712791 4.72839939644295 24.9791242176008 86.7708402353532 170.095869379408
1.24989537119054 0.939084588922295 4.30240660842593 23.9981914550112 85.428213908637 168.558509811774
1.42481832997892 0.945922310496851 3.97528212164671 23.1754841805503 84.2444587015388 167.225268022512
1.67233126596233 1.00229283905578 3.66912582181432 22.3137249403579 83.0217574679145 165.811443319334
1.97310762904099 1.10023032884385 3.4138481135875 21.4781166934433 81.8825398845304 164.431411788202
2.18335418529199 1.19380151729155 3.31096506185985 21.009951429825 81.1833623980279 163.641154395289
2.39065167190472 1.28503210866706 3.24498398079728 20.6280054004733 80.6156524397464 162.990332051752
2.45847995357103 1.31170915014885 3.2076186988828 20.4908182861657 80.4579963052007 162.764058808335
2.38230217931316 1.27838042904933 3.20305318115167 20.5786443042737 80.5944337930978 162.917868403887
2.21817087055879 1.20693655973396 3.25331582157241 20.8702545864044 80.9687897947095 163.398870348859
2.0797865436963 1.14847831100826 3.33940051941362 21.2034933064375 81.4439880334537 163.957476333139
1.96048604174621 1.09788486224554 3.43374233508823 21.5309074776223 81.9527222430451 164.520258031319
