8.5745648553039 11.8548793662549 20.1718751388791 38.2908861482934 54.0513508522859 62.8580834350828
7.99501904081155 11.1433170262299 19.2930810988101 36.9980949327619 52.6168409195743 61.2778267510141
3.6741777463484 5.82856028598912 11.9380520199753 26.6417911743448 40.2004600697963 47.8690455122895
2.43837995669725 4.19576490243727 9.49414541975651 23.0634546784872 35.8217138116548 43.0844626234788
6.99230567123862 9.9448169957735 17.6624411532393 34.7985216485726 49.9809328662694 58.4303961665705
10.5633767889149 14.1952506623715 23.2358567742223 42.4213377376313 58.9221637744886 68.0749203972413
0.0226749328259119 0.226651044544319 2.41195496003291 11.2887242324317 20.9362242185672 26.6568932600256
3.81076313766239 6.00724549242496 12.1736618799035 27.0165318829826 40.650524846349 48.3514921893164
2.77427380803312 4.65792613627064 10.1695930188296 24.0986225780105 37.0447959549378 44.453228384104
0.153628139130953 -0.255316972619425 0.682593713461756 7.77181128019106 16.1724773287368 21.2879541283326
10.3227584572302 13.9177267412439 22.9040651072811 41.9090642837302 58.3636879739384 67.4596100226084
0.541279513107236 -0.279413820823398 -0.0386134779874424 5.75756682809882 13.4547047977399 18.1444531880105
1.45780288680202 2.80607712331458 7.32811739422017 19.6697805860844 31.6138834868377 38.5039883918866
8.1630561810916 11.3597523657733 19.5385346203621 37.4184859200092 53.0080640396823 61.7319366558864
0.881138801419238 -0.171354462147355 -0.402952384529541 4.82552029218431 12.0046578649372 16.5061655592279
3.24055387068123 5.24292628105835 11.0848141813896 25.3961733596408 38.6975510957489 46.2163307974481
-0.00217851616590409 0.0292558829194321 1.85147109933591 10.2322139690762 19.5158713430539 25.0490850409045
7.98332541645424 11.1485519345712 19.2464713184797 36.9974743736926 52.5610735214019 61.2508728832764
0.108504733445448 -0.248094406694306 0.883644151964028 8.09769299718019 16.6714104656881 21.8311226938626
0.635089906496684 -0.223926802560501 -0.184483157972497 5.52687895019982 12.9844339654876 17.670786293205
4.68340317823465 7.10808463030793 13.7708251085522 29.2897121125297 43.3967698756402 51.3406558476087
3.85060790347179 6.04293132683347 12.2738985700467 27.1301034705059 40.7961149985556 48.5093960277139
0.825484626241479 1.86404386531222 5.69783703688038 17.0999573347989 28.3778506670039 34.9415574713923
6.03572954892399 8.80073405975526 16.0597546051032 32.6104230349223 47.3500289819483 55.6118757644018
3.43441387197417 5.52565767570438 11.4777825661344 25.964947785595 39.3826646069114 46.9857042313925
3.48506196571234 5.58977562871523 11.566881270335 26.1230629615921 39.5774346091598 47.1786798808854
10.0111759921658 13.5593800850529 22.4030643683821 41.3114571393791 57.6102259486015 66.6643900416597
7.29064357805634 10.2895282203614 18.1267625641013 35.461486346139 50.7263989626192 59.2675826091498
0.261505831888672 0.853247944852359 3.86093409468401 13.8929083307288 24.3499280149424 30.4565768203989
1.11157074468998 2.28116321571835 6.50613197892224 18.3360005117086 29.970831312206 36.6830008215766
3.12081994037001 5.1055271584457 10.8726346242842 25.0615752688061 38.3233895184241 45.7980580983902
1.33981033204775 2.66582466172401 7.06516882561563 19.2593992989093 31.1240920067299 37.9503022005119
0.241066244125764 0.812748288581263 3.74955032705716 13.693497151309 24.0813859487636 30.16032670149
2.03611642797948 3.62990895106715 8.66574508815742 21.7256061550375 34.1987913277847 41.3197770450556
0.0345501973898058 -0.169164579935566 1.2706039457506 8.9227142641962 17.8269627970554 23.1331448948514
0.818195335409637 1.86199616475729 5.72068230146449 17.076455405557 28.3764669732739 34.9321228735595
0.427681903384183 -0.274195746942554 0.0707946742460857 6.19682874491933 13.9827422599623 18.7957189394265
2.20230272497429 3.87692237202049 8.99418782965141 22.280674323108 34.8486630813836 42.0398310891391
4.6147327161001 7.02052826217384 13.6412862929447 29.1143756871046 43.1776139792605 51.0986305025483
0.191477996065154 -0.27431214739156 0.592896420965957 7.49371127785305 15.7914097954763 20.8590928014358
1.08348872714422 -0.0681274150025798 -0.551099329187647 4.28601815791228 11.2544258950763 15.6177548165867
0.0058678187737027 0.110848760883735 2.08864891497894 10.6586718862436 20.1067137281324 25.7261875933869
1.16879493099887 2.3626720046168 6.61587810482348 18.5305479307017 30.2362547747022 36.9469886669195
0.437811470783781 1.19257718991608 4.55669176818971 15.0752834627172 25.8894915070279 32.1500035837799
0.0242244317706708 0.229246957977682 2.4586015651964 11.3694152911476 21.0228601726825 26.7699138571528
1.43259472844307 2.7796174696858 7.29755679678154 19.6068067200521 31.5542807503751 38.4345922146179
1.26542577040461 2.54303031116601 6.85603001935452 18.9661158454232 30.7327830351807 37.5244108910958
0.471920280518411 1.257610289548 4.64079621204371 15.2415482092516 26.0790514256084 32.3756897981581
1.75921143007091 3.24936228537953 8.03185278103796 20.8060989271355 33.0321795965096 40.0504082733907
0.935517947444784 -0.11196466326757 -0.437370366216829 4.64078484690467 11.7897647589845 16.2234657163302
0.234253034600101 -0.28856259046534 0.433592604001061 7.10716635908696 15.3096873393321 20.2724661361815
0.0073006095496234 0.182464967404742 2.30610800873398 11.0868738902427 20.671785807965 26.3406982359688
3.80595207243671 6.01857894737752 12.1741348804229 26.9949532378039 40.6723586082087 48.3480241905944
7.73832744027758 10.818094399007 18.8991028025526 36.4563415057593 51.9274957226366 60.5601958671001
0.415351371229868 1.16544787438568 4.44328460468313 14.9466087991627 25.6881451558822 31.9400597858022
0.118581267866494 0.569734635688123 3.16881118462474 12.7466266893098 22.7927845280909 28.7450059422018
9.30259092819687 12.6672409292136 21.3425384797888 39.7979848011035 55.8998405267088 64.8010709025776
0.00099477634094588 0.0126755941550995 1.86188427285814 10.1715665808952 19.5010799088163 25.0209041222669
0.497753073318011 1.30391211127495 4.70240538445602 15.3829899047884 26.2531154799553 32.5628251996907
3.54002067799275 5.63974484417689 11.6797839103149 26.2419775535107 39.7403058959193 47.3417755205767
1.49469020440101 2.88286110988766 7.41314440916951 19.8540688760492 31.8267998345418 38.7346890966183
0.804241203471178 -0.180822077621766 -0.351075962534232 5.0199052549729 12.2627134294253 16.8138585203275
0.10476242094323 -0.24071792040363 0.871511158929399 8.11284425092509 16.6596618618547 21.8397609075497
-0.000769587765875445 0.0401000537427186 1.88843929044453 10.2865223829339 19.5780698716565 25.1420361574662
7.34064734982654 10.3924700479048 18.1938893357313 35.5904073357355 50.8646903294432 59.4232038347995
0.0826127680554462 -0.238408405535697 0.969508476947669 8.27144102467146 16.9451199653519 22.1478641084179
10.7894781800559 14.4662306584247 23.5850397506522 42.8632081592846 59.4550277457168 68.6356640808501
0.463589041404145 -0.261469112788879 0.0212700042794842 6.11253183144357 13.8666490547505 18.6429626500165
2.36782379421747 4.09913063507465 9.35503993026883 22.8246330170049 35.5132300078863 42.7619904280784
6.14079251817069 8.92350321879428 16.2561346620429 32.8601571854118 47.644679486257 55.9277697027832
-0.00413763430786081 -0.0476297706640659 1.64675868260533 9.80128907895785 18.9604021599286 24.4157309075334
0.00705732258614098 -0.031652513263801 1.736636321833 9.95901253959774 19.1535635380793 24.6579300112444
1.1774390146575 2.4127944879899 6.65650019309584 18.6053235590555 30.3010982889151 37.0518139260423
6.41012621592997 9.25000843452373 16.6901517441635 33.484796690767 48.3683436168708 56.718531592759
4.762405886788 7.20910197482286 13.9094971483096 29.4928767567214 43.6667401058608 51.6059506204455
0.942052301704488 2.02612211517012 6.06172083669093 17.5898025976627 29.0523687530548 35.6609786901472
1.63084948855465 3.09359193805415 7.72721967762128 20.3729003048255 32.4573313282029 39.4252064615236
0.111001753630351 -0.249710986960557 0.821066240550524 7.96657958800689 16.5030296379933 21.6306169049054
0.0599188662103459 0.370148980672053 2.75564088453249 11.914779123381 21.7790660613251 27.5756732197314
8.94034674851034 12.2815092282162 20.7514137505127 39.0727550809241 54.9776335412691 63.8406746716254
13.1491287978629 17.1936901546561 27.0896933844046 47.5249355083634 64.8628671449177 74.41681733342
0.464988351718386 1.24642570750325 4.599604994052 15.2116808809263 26.0158448828915 32.3127616390283
0.380767129473054 -0.283286559721843 0.16744973019379 6.4355318873041 14.3277203497051 19.1816990143654
0.338247979397976 1.00768059061656 4.16603902158586 14.4597886361103 25.0536973808901 31.2374692600057
1.34410155892529 0.0885696703560965 -0.709607268838352 3.79435825876586 10.4557916630878 14.7075280462147
0.340535923174058 -0.290716391753883 0.24563033882613 6.60995759885326 14.6074488317353 19.4721204016293
0.429523026637656 1.18703305962603 4.45664593837855 14.9890723664986 25.7490130363613 31.9941587322427
5.39534715492914 8.00979818295006 14.9940489363485 31.0687933456238 45.5175613038107 53.6341206868916
1.41624903666374 0.0999890637364759 -0.68603581518871 3.61510308493479 10.3008380266916 14.4994989955797
1.28247599682407 2.60291802888052 6.91812941798558 19.0412421616184 30.8909050422287 37.6693720615999
1.05227612257778 2.23464272970867 6.32366743046514 18.1100373178027 29.6759448212645 36.3570066432844
0.340877810440353 -0.287594010297406 0.233721262109904 6.60046608053449 14.5816920260694 19.4608233057207
0.0138023987800471 0.221700374448127 2.43580115474069 11.29796699124 20.986304682734 26.6795155606988
0.971121080707788 2.1271254469027 6.11929766063112 17.7769274047651 29.2567152248652 35.8921288509871
0.0981727076310166 -0.23973433945328 0.904948423875599 8.18865685592054 16.7785058454644 21.9576091987559
1.12038934401365 2.32197918131735 6.48794195368 18.3717135474645 30.0108467953649 36.7132072590899
0.973778459435941 -0.102861056574593 -0.473815877779848 4.58767037008984 11.6583106884309 16.1063364020937
0.707007859575808 1.675935080164 5.38894718918707 16.5132767160127 27.6903155748982 34.1598910963221
0.425382663169185 -0.285376704071118 0.10370921511768 6.26179379667917 14.0746767641441 18.9010750261059
0.0368576563994194 0.272117987936387 2.50688302049107 11.4829358312709 21.168205443721 26.9160006316927
2.06824031136005 3.66723448102828 8.74375770598941 21.8350097437638 34.357810469598 41.4625845403821
0.184270724711697 0.700795537992708 3.51241909178083 13.3223215458732 23.5668825253702 29.6029739327287
12.8303616897055 16.8586243605489 26.6139911351681 46.9231045721336 64.1531213864807 73.6643785487033
1.00130060525543 2.14329247575735 6.21326966500356 17.9070534972433 29.4512433461701 36.0771606577589
10.925324974834 14.6103129777452 23.8165673788501 43.1283256302267 59.7979434352857 68.9870429846019
7.52452776486707 10.5909958585487 18.5466049220775 35.9964880717723 51.4091538322614 59.9868705193814
0.0417672783061794 -0.169648693745496 1.20092154426613 8.80872924364502 17.6502307265678 22.9369630238556
0.0975057975828012 0.465340978813021 2.98964886801887 12.344926372515 22.3393684927539 28.206506018271
1.07135935105314 2.26114048168045 6.38831316488428 18.188455546819 29.7785976154835 36.4648021266796
2.30777372266375 4.03262244351247 9.23655596689531 22.6598391552789 35.3175589355296 42.5592956520327
6.63678987339571 9.52281915154399 17.0658324950734 33.9927924465433 49.0069515762409 57.3981218296042
0.291314300106045 -0.281014394377575 0.31997382270034 6.88440081655711 14.9420924422201 19.8898741451425
0.442938390086273 1.20581305711599 4.52905714358542 15.0914589095216 25.8471697675664 32.1304433360826
2.84440254391163 4.72673878579047 10.3394038493825 24.2791056737039 37.3146204615642 44.7171825326289
13.6300295392382 17.7683511421821 27.7816203402651 48.424224102713 65.8974902214284 75.5435358473173
6.5691330065726 9.43405805251105 16.9807180511023 33.8567431998966 48.8371875776269 57.2129964808829
0.647901308521051 -0.221253138018479 -0.205555340036545 5.45151085305885 12.8889960789983 17.5697946044988
0.0368010009888914 -0.168242257694909 1.28638989750359 8.99441101884725 17.8728223962926 23.1979052898916
15.6537747209053 20.0661725848653 30.7079384746972 52.2115824389105 70.2873366628102 80.2282908047578
1.86765703651729 3.39868728404019 8.25572141691355 21.1718261609052 33.4582112941627 40.5167991881219
6.73923437741403 9.62940580367041 17.262317769628 34.2102843004887 49.2879796071531 57.6988649326013
3.30564264335765 5.35202904705399 11.1877525912413 25.6208912214475 38.918119372574 46.4842173281153
0.00883396153985656 -0.0711951070844239 1.57881556061686 9.66234168562567 18.750119704694 24.2075141329476
7.4576012950887 10.5257229503582 18.4431581017645 35.8501590446109 51.2381188107074 59.7927003439652
2.6934135410883 4.52529242645177 10.0185705527677 23.8385464388647 36.7735086219798 44.1300490564988
6.96217515067896 9.94403184826182 17.5987025713422 34.7353784009393 49.8858817079656 58.3566902119937
1.40219634460466 2.74799256152415 7.21512532485444 19.496745454307 31.4040915163214 38.2490297641573
4.15880186864513 6.48194988064578 12.8089504414302 27.9864499650479 41.7869738692841 49.5796511516217
16.1379942877989 20.6265512257375 31.3711558034187 53.1201442700166 71.294072023615 81.309967245852
4.76259739499944 7.21046340677722 13.8782788434577 29.5192384068603 43.625605635632 51.5936502461052
4.42272227315847 6.78021299002468 13.3069720467164 28.6277013279725 42.5944692382262 50.4735274101364
11.9425365577926 15.8218137231979 25.3182818984444 45.1786549476758 62.1342970968932 71.513470555841
8.30022641911197 11.5120944282354 19.7725053204945 37.6736438323001 53.3610205273789 62.1122301431795
5.6460905121552 8.29691321700749 15.4094432464459 31.6658858511975 46.1962916959546 54.3972237072918
0.749950568817668 1.73317180149656 5.50852474902362 16.7112167657468 27.9478329190651 34.4395553013742
3.13502358712488 5.11611032213169 10.901909358241 25.1192069559012 38.3601192319567 45.846820657215
0.0715495838269361 -0.210396237947398 1.02637696544828 8.48371791586647 17.1831668468261 22.4189442443762
2.75215558477336 4.61070814093224 10.1186988403526 23.9800012533072 36.9500363993719 44.3197741226693
0.281696030972471 -0.319019091069273 0.364418242260266 6.89067305906423 15.0232880875496 19.9495084190995
6.72023892522097 9.61667984327755 17.1891614398325 34.1949993012769 49.1987912928024 57.6297000018681
2.46076272522298 4.21569002859867 9.53815447865404 23.1030332853021 35.8584879623533 43.1498392745354
0.288984585951269 0.91682360384981 3.97805250811138 14.126006862976 24.6238666980349 30.7715101597345
3.36368309046146 5.43080594580876 11.3273612052827 25.7660766731927 39.1546798538005 46.7025250247733
2.7466376892903 4.60266124776994 10.1280145260643 23.9823052807175 36.9609838544114 44.319669401688
1.74573001228494 3.21796263338482 7.99279670616054 20.7206116203983 32.9299466579277 39.9415541172476
8.29507108142085 11.5156968926086 19.7238188668637 37.6804435620531 53.3446223399412 62.090159067575
0.0318575216519941 0.287840235722987 2.53685729508753 11.5572184971307 21.2583081768954 27.02627499674
2.74238993292435 4.6192247737384 10.118869480659 23.9701662372817 36.9623579630701 44.3243190705662
1.89076632867242 3.43575861196179 8.3554610590278 21.2448632650482 33.6216260646575 40.674995741303
0.075784845690232 0.385721857619531 2.84537784768311 12.0908632760304 21.9780575521261 27.8319640989884
1.31031728693819 2.60839665914437 6.99839896028684 19.1597867907768 30.9878482380556 37.8041953895493
6.41005899824588 9.24642233244072 16.70477672932 33.4650795617073 48.399030148784 56.723145033798
7.49382889789954 10.5739298309391 18.4558948389725 35.9612954650648 51.2812100848763 59.8609854568102
2.03321546244799 3.66300163526779 8.63246772896763 21.7613966706708 34.1876267678013 41.3162445353729
0.724008823983217 -0.195165896622001 -0.286158255669964 5.24346011315704 12.5943383104876 17.2029280053201
8.45215859028358 11.7029493021112 19.9782427679753 38.0304702806419 53.7713125234614 62.5323169293867
0.140670373061728 0.591619920657781 3.25608651659218 12.8627113859372 23.0055398855114 28.9459696723052
2.86175026178176 4.74371179468513 10.3941903766567 24.3125068284425 37.3978804001794 44.803773501993
4.05056546489489 6.3213650975428 12.6038513386305 27.6739427695388 41.4068942468703 49.1984565034331
0.373929061601258 1.09663757723637 4.28981404644954 14.6759121630168 25.3372047271079 31.5585804037424
0.133491767807235 -0.242704732667539 0.746995484684028 7.85361703995582 16.2959110491078 21.433282405737
6.66212022826664 9.55962800584307 17.1133941291431 34.0578868133501 49.0822769249406 57.479814814974
3.34212096653992 5.39602840307023 11.2875345553631 25.6905956362877 39.0531848055782 46.6152563324812
-0.0137789449019122 -0.0459431801954517 1.71340683128794 9.86325482881307 19.0594234182176 24.5352022971054
2.39793306498457 4.14934249654988 9.43944569665454 22.9546049377088 35.6950488746769 42.9505688325359
0.142806080181008 0.569384343063051 3.28476355468144 12.8885612854051 23.0303513945553 28.9835614990541
3.52845427910926 5.64096312197973 11.6591094082213 26.2356379058663 39.7115462127847 47.3303566530739
8.01256459382078 11.1600436118102 19.2975924941007 37.055073057953 52.6253628783518 61.3118891410156
4.26441188942287 6.57123091041698 13.0036623775231 28.1974736168657 42.0982788866679 49.910311986545
4.84634438519791 7.32804631334432 14.0081442631083 29.7395342919406 43.8593367477901 51.8623599227798
3.02743202325927 4.99227952674461 10.6844030842544 24.8210156349981 37.9688209489715 45.4344064076431
9.78711392932858 13.2854691834841 22.0751436798523 40.8233146137424 57.0657242162042 66.0762545816294
0.00772271072565995 0.149062620768391 2.2298453149317 10.9190583100621 20.470859837247 26.1098579924303
6.86151414812389 9.80315507303776 17.4592214982332 34.5244775415088 49.626034834343 58.0770235781673
4.81998482750171 7.25070671488944 13.9857003523563 29.5954327290383 43.7863344376963 51.7396777393347
-0.0089680670860961 -0.0820350153071609 1.61138348375204 9.66686344820859 18.8007064070944 24.2491590383416
5.95785082751361 8.68822292790802 15.9572561371551 32.383454469437 47.1456430473372 55.3649561729941
0.15833208785185 -0.25155691931604 0.663371122700539 7.64882518254174 16.0663378073019 21.1307085669331
-0.00538568010179845 0.0318771021356841 1.82797488589617 10.2014032458284 19.4826582586165 25.0026606579
8.10410815862167 11.3269147064375 19.421420893028 37.2930154311634 52.8660009417806 61.5736757918964
6.55209901962519 9.39961604269372 16.9330479646579 33.7777548101226 48.7361784400439 57.1276312036408
-0.0010545324445871 -0.0651124158450862 1.59050612554158 9.66285315283031 18.7601341166065 24.2130040243787
1.35560569014706 2.68615748526126 7.07969361783677 19.3333535684727 31.1652771712633 38.0028791023748
0.653956080055572 -0.22073491750708 -0.19929848613169 5.4283512787453 12.8906334431274 17.5286268226036
6.44636677832283 9.32642786796784 16.7570862737664 33.6205570407776 48.5287241046368 56.8878341771909
3.45737750722842 5.5454905898367 11.5047974202594 26.0371588002401 39.4695985383751 47.0542434504698
1.47087852065963 2.86349193457598 7.36887674127831 19.7644416239275 31.7369026617756 38.6203353447905
6.55135188711947 9.41720220516567 16.93653117652 33.824602305443 48.7783086849704 57.1628186306103
4.03060745509394 6.29427568194629 12.5802521523356 27.6140621139001 41.3598642465933 49.126155849308
3.54740594325253 5.66746764989719 11.6760715042957 26.2846532910398 39.7916830826357 47.3904896048926
0.065096855368862 -0.213320434885058 1.11366117449735 8.61250217732334 17.3689391030206 22.638784414397
6.24610527536951 9.05840605803349 16.4163166521355 33.1160993511989 47.9387160034371 56.246041118556
3.26928883112266 5.31638982269116 11.1499854745049 25.5235505831262 38.8386377400468 46.3620809676155
0.848818394692436 1.88755174276289 5.75368660543723 17.1757081414252 28.4708747561016 35.0381823760882
0.169967555665964 -0.282098315630936 0.626542579980764 7.55058169925244 15.9039842453147 20.9744984986131
0.239457249079283 0.797396527711465 3.72706481648777 13.6455653148886 24.0613177638036 30.1233641816218
4.23884624020574 6.54730824743415 12.9767716175877 28.142380381132 42.0514448983955 49.8536909737998
10.3536186986675 13.947498073358 22.9358195131485 41.9768936513846 58.4404923541249 67.5308371977174
3.75705790604181 5.90629602218881 12.0769093369852 26.8553563054159 40.4620882961325 48.1439177251813
6.00459562543805 8.74670038193547 16.0207277564555 32.5022929589165 47.2444131137444 55.4997765350654
2.75843858052387 4.62099806864081 10.1388346658361 24.0220944600111 36.9959246054527 44.3721560934289
2.7758923253972 4.68595089430655 10.2021561989564 24.1034832062812 37.1333598295736 44.4833154138191
9.67877422031139 13.1474126280339 21.9126665364007 40.5831952878331 56.8018272524595 65.7923058250356
4.49792477847745 6.87609020148908 13.4321980832662 28.8314299239959 42.811289295974 50.7108589999844
0.719340270755818 -0.224294911247066 -0.261464687898998 5.22375085078873 12.655192492196 17.237644789081
4.43177838915032 6.7786661603341 13.2806720470737 28.6292783822224 42.6015700230286 50.4615150879583
0.808539023567428 -0.172947646835786 -0.346422460132268 4.96247373672396 12.2482348117768 16.7822129423443
0.0284270276481406 -0.17153438853316 1.2575380728948 8.92766009604406 17.7991899146739 23.1127627237
0.84195193572636 -0.163617122290896 -0.376172907062077 4.91101315858885 12.1243055934076 16.6445910595237
1.21246258149917 2.45952357087462 6.69432540350708 18.7337071736426 30.4487043132469 37.1997450235806
2.68386557140369 4.51676646694834 10.0115721181167 23.7944679297516 36.7218129414737 44.0774781492517
2.62363089404107 4.43708183400029 9.85550618008252 23.6114271181857 36.476430517307 43.8216503559596
0.875752114404035 -0.1550015326591 -0.374544889383831 4.76466212766759 11.9901837355934 16.4841105905715
0.351239542717918 1.04485162008964 4.21926185069544 14.5519175529418 25.1782845486828 31.3702004465396
2.93620989463659 4.86649430009626 10.5070850164164 24.5706347804662 37.6411451235615 45.1028510187489
12.1530537834387 16.0386138405927 25.6180176850985 45.5679547066109 62.596794077724 71.9972890391418
0.0363012326362777 0.279099110786256 2.56766568438446 11.5725600873566 21.3000151293489 27.0671515878462
0.861316597914684 1.91182986018847 5.80622295777836 17.2519941481602 28.5649350710965 35.1328659359333
0.00548825822627684 0.105384683777648 2.07690515493782 10.6265747303749 20.0780566396967 25.684554015059
10.7500771413597 14.4311654468787 23.5226351249323 42.7973760160465 59.3545315404289 68.5385594613184
-0.00184100256058639 0.0158807165483898 1.8440475645319 10.1896697137817 19.4415228294779 25.0092584258195
0.628638524414406 -0.231907269396495 -0.183461186419093 5.52120512667554 12.9948430578561 17.6682124807156
12.2484364703267 16.1531016721659 25.7761304194614 45.7850234922213 62.8341583716514 72.2547120544548
6.13072502443679 8.93909688208494 16.2191674821084 32.867880464167 47.6282697383448 55.9240205025816
3.29694471959186 5.31983255838951 11.2211588668239 25.5930052614266 38.9546352657577 46.4908174168557
15.0497328616515 19.3863674720592 29.8194004571347 51.0960410858858 68.9944249905999 78.8395305052293
-0.00145413450478995 0.0772053224672051 1.9807926276198 10.4553815047607 19.8243786066383 25.4153146864804
11.9293420322912 15.7740091503943 25.3003917801544 45.1409437169744 62.094684499859 71.4780177733139
0.372808882034582 1.05104983225365 4.23841902095233 14.5810172801103 25.2369954685079 31.4229788793808
0.0237150484844507 0.223206737755454 2.43385162192166 11.338312957049 21.0029824214707 26.7010383377135
2.35143973853559 4.08757457182822 9.34238012707084 22.7785024454551 35.4726300257548 42.719239706007
3.97088793143702 6.20678064356185 12.4738490529336 27.4398128692412 41.1562101981468 48.9119185447249
1.07614508523128 -0.0495762915074318 -0.542873389166957 4.33587971312801 11.304855759551 15.6705560847366
0.180871183365331 -0.26596190260633 0.595740310528853 7.47648479951128 15.8087319494189 20.8711557901234
4.62051033230916 7.03026919288606 13.6510610647579 29.140668905092 43.2061529372714 51.1431426111034
0.46012427465264 -0.266999108358577 0.0227260800360705 6.11434871947475 13.8428819235813 18.637483123017
6.34614918110794 9.19050465176659 16.5949916336007 33.3439992234846 48.2172005808598 56.5559999174235
12.5402219614327 16.5137026615499 26.2196061472729 46.3624954346981 63.5283703061151 72.9893329293062
3.7300299299894 5.91624542425243 12.0008723813789 26.8156726611443 40.3727169575661 48.0681676098235
0.0298664645166107 0.218280793960824 2.41537318435304 11.2693193616593 20.8931357322128 26.6139738395726
9.82944781012357 13.3210570814333 22.1456100640485 40.9026388658955 57.1876464339293 66.1878523204552
0.594721468730463 -0.242227678195013 -0.129198578751269 5.62193973234414 13.2029882365308 17.8782419447094
-0.00173558349808447 0.0735167688081573 2.09366128446328 10.5597518121597 20.0816268006044 25.6351839175469
2.80395075566371 4.69893232632718 10.2266771312967 24.1607920966665 37.1605859884149 44.5552565842619
0.204106710459885 -0.274325384579027 0.494434882564639 7.26068907258005 15.4965031319458 20.4820884676433
2.5927044460042 4.41662803920412 9.80128784752258 23.5179054138737 36.3978990406982 43.7107985987845
0.676904698013967 0.0710144197068219 -0.444149787650665 4.86688127407544 12.4780749760283 16.6315885010702
-0.0427389818058961 -0.0125382573653681 0.258729252589432 6.15014397656936 13.7175233821476 17.6143993623782
0.00358934703800869 -0.050745004220864 0.375921989755733 6.95613843743506 15.2998969791742 19.73691694462
-1.54905574003017 -0.217484053986296 2.48220792387402 9.72571498240788 16.6904025756645 20.1886681691109
-2.50677990450636 -0.255686997664898 4.15887805973977 12.1150283103668 18.336189275139 21.3978837519638
-2.28727645150252 0.0328707271075693 4.59322798712061 13.2684431439837 20.2690069173315 23.7313355750131
-1.42242230289545 0.543060253525312 4.41787464605214 13.7924531259259 22.3735706227604 26.6466936345487
-1.25461241244523 0.961903401640902 5.35408732567976 15.4180796484633 24.4038840426852 28.8877271835736
-1.70247443385264 1.36169421145141 7.28779929560133 18.1018758595906 26.6004321073048 30.7437924938177
-0.0561749559215669 2.03154296961809 6.57101025510857 17.9797777835565 28.6272559749131 34.1513484890932
0.701557427412352 2.49987985640936 6.57518281015916 18.415972132062 30.0756524717131 36.1718238652862
-0.520212770266989 2.70496526758548 8.98089635533251 21.2163857271162 31.2640334789415 36.195896519213
-0.426282506719053 3.11639826490795 10.1408403671837 22.8330136702504 32.7339604538193 37.653621822031
-0.0959242777279271 3.75911703111777 11.364408631387 24.6466388020328 34.7184015629379 39.7068465650629
1.29512972748789 4.78818374019638 11.7113047184257 25.6701452956114 37.3225175144766 43.1255862263212
2.64860368250719 5.80637982797611 12.1637834631711 26.7128516582199 39.7688771028877 46.3101197923943
4.05735526040764 6.64932554748641 13.0406744509404 28.2799356356117 42.0996018500148 49.6563383683624
2.98744274690323 7.22049754245546 15.6302835172039 31.2626651320499 43.6853431534108 49.8662659198315
2.50335924898571 7.84314925398558 18.4578652880675 34.6547531016505 45.6597120747383 51.1253791298054
3.65871817887905 8.83343083465699 19.1025973257353 35.7683943597277 47.7246037808237 53.6644309835278
5.3920453100401 10.234141761451 19.7914910727522 37.1011747210203 50.5730370125612 57.2490214512025
8.1151661707771 11.6727943290882 19.981625987608 37.9773470102916 53.6092838895806 62.0249971899675
9.07332098969296 13.0181923336689 21.4114813245107 39.9540727056653 56.2564561858479 64.6690677793986
10.124814056084 14.3574089729656 23.4981280720519 42.6873888844705 59.0774277047911 67.6251404417421
10.5567641511181 15.7452485960103 25.9613284377994 45.7247529761038 61.8421679495546 69.820482782932
12.0559375934804 16.6697257073669 26.3789723284815 46.5118916174492 63.6313074233103 72.4295320417365
11.9963487326067 17.7677647676504 29.1863049376204 49.8243130436249 65.9052080981436 73.8844849363045
12.2630320013219 18.674251568457 31.4346175332238 52.4863213641802 67.8131508858103 75.4369042410049
13.2646181891119 19.7931247202293 32.72188052172 54.1716741987088 69.8645152272284 77.6464774249213
15.4934740238952 20.8252225488444 31.8663729283595 53.5977680203129 71.5350248044931 80.6998825057037
15.8430247438918 20.8710907366462 31.5372106757567 53.3076062601968 71.571900463917 81.0391116514606
13.2469924376853 19.1490277211283 30.7848800158025 51.9261005201743 68.4607119813318 76.644789432408
12.0443085734036 17.7236641218358 29.0415439768126 49.6414636974411 65.7905782648689 73.8461804023271
11.6700486035839 16.5164501063683 26.2651905201745 46.3021911111392 63.2769806020546 71.7944600085824
10.4021865564207 14.7868896798121 23.9346831203551 43.2435706081085 59.8719468260475 68.3616544694204
9.46375247126597 13.4522884107521 22.1044835928134 40.8278998986399 57.2140905729596 65.7144541446807
7.64878298572798 12.3760313263028 21.711745628831 39.9608433927771 55.0194741803391 62.4701794700499
7.20011157256808 11.1146421091719 19.2890502250744 36.9552111423909 52.2410175586809 60.077464457548
6.70684703911194 9.8141934334726 17.2800900540533 34.3092042382398 49.5076606587672 57.756092159754
5.70426369654731 8.92699135634901 16.1148653162294 32.573845919507 47.4420801282782 55.1998621154035
4.85809979054238 8.05353271610785 14.882250757303 30.8407058690914 45.3188978515507 52.7746991743189
3.90678888199697 7.13371507024879 13.8127562293612 29.2129731694451 43.1076612528004 50.1618561048864
3.67670297965172 5.93840315892676 11.9606867104915 26.6982831289913 40.3927033541936 47.9650609266716
2.70229039364362 5.51288835782604 11.3803248563461 25.7047082773076 38.972566739188 45.7208769986012
0.988231468742863 4.65382919239143 11.904178676659 25.7884185185658 37.0307892926538 42.6155232796282
-0.00377205021976368 3.88002315606244 11.5726859432951 24.9629753801334 35.1207513577097 40.1603015505831
-0.486138543976039 3.19996724852029 10.4440520254792 23.2419314736441 33.0417102958357 37.8780734757248
0.0134681995338036 2.69329011319921 8.0911544782451 20.2093375425536 30.9544783353649 36.3612538720385
0.385628938153637 2.21107673899011 6.20716279796212 17.7412197433565 29.1080552981621 34.9596735227583
-0.974079480361469 1.70638696738718 6.93612413035961 18.04448069816 27.6832495864926 32.4320586669756
-1.30943818191377 1.2286026315886 6.23462678772824 16.7992406430032 25.957563600781 30.4866143431392
-1.3677751394403 0.897510704916895 5.36654808067774 15.4067086138872 24.3692178792826 28.8153544576615
-1.65662105727997 0.557188506167946 4.84257888338961 14.3247337744469 22.6846510978493 26.7958060984538
-0.849896814599624 0.346341239330653 2.89033327361025 11.5922139800449 20.6438543269143 25.2429412726831
-1.20113239807456 0.0617214143394042 2.50220992530553 10.4381324488359 18.6502888647066 22.706431424466
-1.28395128994455 0.0103056941700205 2.54921388311347 10.3603068622308 18.2899442337994 22.2227164309337
-1.52960429811042 0.1525262303962 3.3407137455583 11.7056495761203 19.7147174994555 23.6220263487039
-0.0909579580892284 0.477399097837849 2.68127106939535 11.7694791156155 21.7235989260492 27.219666639268
-1.03793088901547 0.634377299253411 4.19493610457809 13.7108321928091 22.8249616236019 27.4942172191216
-2.15980947477049 0.701537645646035 6.28267570777117 16.3072143784847 24.112489710263 27.9401565653602
-1.58848066751124 1.12118102510259 6.4711344579788 17.0171402958671 25.6983370380556 30.0055929829443
-0.93994777051041 1.6995981363954 6.90605989837376 18.0512915729878 27.6514749287027 32.42340253762
0.160034768820735 2.4444021965894 6.96021741438442 18.7410373951692 29.8332476562738 35.3645850845821
1.01965813928068 3.06860312036711 7.55312141710791 19.9690068546964 31.9071939753738 38.1164810185057
1.57261419408722 3.64784116645253 8.45271926757864 21.3882533637044 33.8969501027189 40.4208565234641
2.13944555727009 4.33622981359802 9.52048413898515 22.9729481380342 35.8344549548869 42.6505235184964
1.72345244524248 4.95572151480216 11.3069750077116 25.3198394229815 37.6246657259302 43.7130331763563
3.08659829490371 5.78736962022266 11.7579047494175 26.3281951862039 39.7723075302636 46.7736451793217
2.98317525823977 6.49146701217009 13.5008230058548 28.5412125857306 41.5943147703333 48.1193994841764
3.23853647363781 7.27341522673733 15.2051490502239 30.8234248049353 43.638349153165 49.987146351767
4.22918503113392 8.28756964104404 16.3116543474308 32.4955164394676 46.0015145199117 52.7186742993767
5.22394753928739 9.28080483884758 17.3686284314217 34.0676013684403 48.219893812091 55.2875970178962
5.88242274967948 10.2799744780347 18.9892964758601 36.2249051349108 50.4963817036355 57.5867856171687
7.05156293855753 11.4900928914281 20.3386521529545 38.1866010558405 53.0834073651541 60.5326295385289
8.83723647778685 12.6866025816994 20.8557136524061 39.2589209712205 55.5277524415183 63.9169026679575
8.16191132361424 12.6278763220135 21.7597810005611 40.1521808780803 55.5306327583789 63.3206190262125
7.6379478659142 12.3647265531411 21.703986351663 39.9758927442915 54.9548224630821 62.4035636487318
7.76268800527315 11.6612768373862 19.7765273235589 37.6989027835978 53.3467474799174 61.3794806885985
6.26821377460439 10.4849441101673 18.7960449233902 36.0968561312666 50.8690338856975 58.1841791687076
6.05133475179358 9.11276752394641 16.404146764557 33.0529205062366 47.9378321170316 55.9714015014353
4.54205209912462 8.13750040028951 15.3870711980614 31.3958824671649 45.4801859027432 52.554774168069
3.85924775106282 7.1748985238668 13.9440704155791 29.3743065377823 43.1826170420656 50.160076748759
2.96130322200406 6.29560131122448 12.9566107655414 27.8312886501219 41.0475243906356 47.6398383051238
2.83993134720657 5.37347616955169 11.044238075294 25.2708264342236 38.6364640859805 45.6003236734386
2.29750105126242 4.49405738733569 9.80670962870817 23.4640014592874 36.3852807010912 43.2747092391885
0.546432946946663 3.87008770190934 10.3560723225138 23.5572830872159 34.6475709696264 40.116975702651
0.00682849081448328 3.0431539954538 9.1508089542615 21.6837493691499 32.2773144534981 37.5923767916082
1.06795490564946 2.70963639990985 6.64617253150607 18.650702171485 30.7394059780501 37.1171609741869
-0.025963471249016 2.26552458563291 6.87311316415076 18.4614354061601 29.3612733046754 34.8067936952662
-1.01477783562577 1.65082706504033 6.81509044763815 17.8563210831859 27.4584495439426 32.1728525321772
-0.436494123111001 1.28768750758088 4.88133642396038 15.2823712454243 25.568013670882 30.77887052151
-0.544974831526421 0.933382763724803 3.97023156550685 13.7724018167256 23.8352816549471 28.9076870270839
-0.804726065608706 0.657051289194134 3.58075952190013 12.9184175681429 22.4185852850276 27.1654641996676
-0.518564693171014 0.425045332175415 2.54682422801193 11.288010570612 20.8414678862817 25.7224748939492
-0.46627879065699 0.148522714284245 1.83080803590342 10.0065462654261 19.0718910265241 23.8355927607447
-1.31275039208178 -0.0387987495025411 2.31783429065934 9.96612652821526 17.7552356242512 21.5518595664209
-0.44027017296643 -0.0372050529374437 1.09703746842124 8.18835377377082 16.5311044878712 20.8570342462601
-0.617678777325 -0.0650846094299204 1.01755099269373 7.58522535609718 15.1938041393279 18.9983165607945
-1.15422718152909 -0.202712153219245 1.60873184487733 7.68892419262034 13.9780818132945 17.0781635873312
-1.15259404414318 -0.176694376697103 1.62474806582926 7.14324232131247 12.6980931932884 15.4021504250379
0.313247310698467 0.148999250143674 0.0173090648010395 4.9291186111627 11.5815876577852 15.0066400733091
0.52162748125901 0.257534928038412 -0.203379823293291 4.42817362856897 11.0224057611502 14.3575105830087
0.612894927153317 0.33628582769687 -0.152135159416373 4.18414534430199 10.5422040077698 13.7362420069962
0.895844761659833 0.433942683401369 -0.397390580908404 3.80852257363766 10.2653577135315 13.5435844678787
0.188833158601856 0.251857780482537 0.367456158413502 4.68043593967606 10.22244003292 13.0099171481386
-1.11160609128737 -0.0955807088519459 1.83344418227645 6.35170896409851 10.4300177210661 12.4173131581825
-1.00328854779443 -0.0880366052217627 1.60735189652749 6.35014720756964 10.9705241246342 13.2169807217118
0.524422692688841 0.0839347854921585 -0.143634265584982 4.74695270609547 11.5307624411578 15.2414266663338
