9.7686060632686 12.8578532425672 25.4980656769144 53.6476683272739 127.197019878845 211.496856256728
8.8536966956198 11.5125073541183 24.319296497772 51.8796902748088 124.134199975742 208.98752801104
4.32565113397868 5.88641423402424 16.5493683062849 41.0850988832333 110.647354641286 194.786869022129
3.1394385452496 4.29153021796082 14.1586401170966 37.5833296542667 106.078295981542 189.99138756876
7.97142301844435 10.3761352512454 22.8961605788847 50.0051653092645 121.940870053238 206.472098493195
12.1359642700511 15.500419165012 29.186680780061 58.6404999807579 132.737119421769 217.597682031509
1.02630039004238 0.790487931990751 7.36305656535571 26.1698292661 91.7670815677096 174.025927559668
4.8011649037156 6.59660610933786 17.2860705416809 42.1539713357786 112.622989175495 196.413346542264
3.43304344740751 4.61028530685182 14.8200823445783 38.3466217646201 107.228951434775 191.111827445361
1.2970580523547 0.40121463654809 5.81550607861776 22.4892435985088 87.6098533883728 168.756269137664
11.5191548346504 14.717093612492 28.3272223712474 57.4332803419827 131.002547489566 216.045312658075
1.62340561489162 0.306085716775679 5.09261392043848 20.6710565979666 85.5770312214386 166.000677586495
2.3118073001933 3.11716202896233 12.1765919953622 34.5408799969181 102.220213582092 185.79171944976
8.41988993923888 10.7007988898587 23.8623998864014 51.2791197224984 122.402668411846 207.837958536242
1.81210195567655 0.292040657535604 4.78977670246506 19.8922012402899 84.6701902864258 164.761963301584
3.91265026456762 5.3444903869542 15.7399079186096 39.9094286387209 109.161843100341 193.200753826875
1.06795373375215 0.718180912019866 7.08560781047557 25.3439288820548 91.5106763655271 173.104038542227
8.30600847678982 10.6594125103943 23.6144107775043 50.8020384129822 122.161735284872 207.376723859529
1.20394665956552 0.429936085437003 6.04671611793051 23.0557679438946 88.6156422202646 169.708218634284
1.69325524088219 0.302197028024842 4.96958047957238 20.4175697281492 85.185595304632 165.552926557753
5.84165590563789 8.05645142500094 19.0962595200806 44.6808631931401 116.566109596472 200.011518816806
4.49137282169463 5.99832848344099 16.9397625638532 41.4612538517621 111.164126160476 195.294223948984
1.82088118649361 2.455761183077 10.8791755876816 32.331590136355 100.488259968876 183.10444955233
6.67600993319879 8.75389167270701 20.8000891890856 47.0980765254266 117.873675133669 202.632026151853
4.17477052790148 5.59638423878779 16.3055831186467 40.5451474263417 110.072470497753 194.095313542312
4.88491811339782 6.86285352584566 17.3521831443915 42.2149476314953 113.758112414003 196.813589275901
9.828885623967 12.3950644453469 26.1055121271898 54.2031523614023 125.87777169958 211.597418424431
8.12040808974399 10.5180852274114 23.1815907530966 50.3862248530227 122.226823645928 206.917826734439
1.32236291990783 1.64078244082205 8.98992438964481 29.4099650798987 97.0880666030414 178.998932179423
2.35604226453158 3.48313637824631 11.9935509902246 34.3334115296993 104.134818097147 186.174261149748
4.07980428897446 5.65605939254083 15.9385254154936 40.2030332629933 110.12043436502 193.789205551042
2.62704335282412 3.89926497548061 12.6414808099623 35.3390080176748 105.451644073702 187.586596339921
1.26085860227534 1.47096018188142 8.77667407068004 28.9930977808535 96.0803116383611 178.269799980591
3.0985420225654 4.29898002667319 13.8830697573112 37.0378300108129 106.591494786122 189.63913305984
1.0980373330252 0.514141960430183 6.47644360672829 24.0409311482377 89.9869686404448 171.163153387518
1.93622021046247 2.71524211963655 11.0675734542538 32.7518686016227 101.703199226586 183.889112027901
1.49292166117511 0.297151285001809 5.25800490849682 21.1407595870367 86.2908816651582 166.782146591703
3.2527440580342 4.62427139113884 14.1559062360103 37.5849365397585 107.342315410116 190.394387760806
5.9385516442853 8.12373719084981 19.1922371757938 44.9006374574494 116.666477765747 200.177998354701
1.20122380730702 0.371876646042394 5.90025237799377 22.7770032262889 88.4986914730434 169.293720172106
1.85575359848552 0.287131820299379 4.69443390406503 19.756735356017 84.5036033621044 164.501540705125
1.08227031367691 0.82357204802469 7.34190674049841 25.8774392589834 92.1999579052076 173.886151169296
2.38176725774113 3.39732897720123 12.1525322268979 34.4779396457593 104.048929603108 186.32305705797
1.56064070386641 2.10261909068908 10.0006808257587 30.9859865812795 99.353845103532 181.381652627252
1.06834919633212 1.08606692173818 7.73604113733253 27.2202116946368 94.5855995060118 175.92479020909
2.36561382513784 3.22540324422938 12.318232198358 34.5921873373736 103.094286910421 186.163389417004
2.34436418166816 3.28759195915387 12.1204786844615 34.3802841171883 103.550867005754 186.089927704629
1.57871335489662 2.12622871619139 10.0567028774802 31.0708098476075 99.4249919021101 181.49107172956
2.59892810080183 3.53750870231458 12.9134975551246 35.6952556019772 103.678205836556 187.393702908094
1.62315190783534 0.244401917298796 4.93310870840839 20.3781159717723 85.5424403989229 165.614737641505
1.30558730962199 0.34791670733081 5.60660694449988 22.2922218986152 87.3767725080646 168.3813490851
1.10221689408784 0.965356592261581 7.6616874109182 26.5610251364198 93.1781871311182 174.906464288028
5.35885197338136 7.51245470694366 18.1979978054594 43.4420630618126 115.355925226071 198.473360563367
8.7437001570833 11.5830210035507 23.9605017864367 51.4857486594598 124.411448021585 208.710546782007
1.3832639099894 1.67126335215406 9.35997358362796 29.9412592981977 96.6786495474845 179.438104587233
1.10864853434083 1.0685548147102 8.14717469654341 27.3817511077056 93.9851556842034 175.949709899665
10.8306161264445 14.1157893977414 27.1109265726449 55.8792211131635 129.910812467273 214.294602765448
1.03889353547624 0.657739342352933 6.93444545504353 25.2974158733255 90.7906044870332 172.786738763623
1.44147307050736 1.80389869234578 9.77000502222395 30.3720017395689 97.6842048515099 180.243315573637
5.14720479318416 7.2914723908634 17.6431892294156 42.7488994936909 114.786574198491 197.566441691342
2.30653494339821 3.1082381481317 12.1712313164483 34.5332396111431 102.184177268786 185.772937750756
1.67892756993791 0.283361648971928 4.90505680073417 20.4240476176395 85.2669626750099 165.534240188067
1.25220928212167 0.425609566888924 5.94792512171023 22.8144049747591 87.9802381576395 169.237665382535
1.0788206065204 0.74263273530562 7.12107978627757 25.418501367161 91.5989655378434 173.212163626959
7.9993618683538 10.3915103146747 23.0304340532767 50.0424636462364 121.63417298294 206.534806692901
1.03866507815466 0.463377600894694 6.20970487392046 24.0593088046447 90.0212883994254 171.122578098108
11.6125132816878 14.6425768434477 28.6549035835878 57.786546170486 130.712246675579 216.297433891247
1.45859607009753 0.282258665970271 5.27118837375843 21.2223486559826 86.5140672474075 166.928734265973
3.43795975047641 4.79015304858157 14.6084785485779 38.1419804287589 108.092633806393 191.168180203109
7.52766931985527 9.93994733522656 22.0507325058878 48.8683648782128 121.032586010426 205.126334901859
0.990442742616784 0.670802406553936 6.83078761205772 25.4122206645698 91.8424582734611 173.165240239363
1.09054704334367 0.690420827696864 6.946087819621 25.0473577540393 91.1076748076751 172.662034883087
2.48132853039862 3.55961531925387 12.3753306314404 34.8363425102221 104.611122682242 186.8426818739
7.01264477228336 9.13874293338314 21.3901021880765 47.9118991618783 118.786334943027 203.658549843915
6.00245385929378 8.14960776433418 19.3602207943057 45.1221026314747 116.652517684327 200.395651536314
2.12403527117322 3.02269172386573 11.5277821001099 33.5066579777964 102.829228654036 184.985033499691
2.70329882820542 3.81175855419502 12.9476131902827 35.7527393037943 104.852634729963 187.810828672796
1.04750164465699 0.442672367853318 6.13332044089164 23.8974935620688 89.8428859195501 170.883828075163
1.02746237648611 0.75633366211761 7.2869242609419 25.9246203026066 91.3263245212017 173.639616915665
8.71109386139809 11.0302969310547 24.3619658295777 51.9540405400997 123.174290039259 208.679377855914
13.5828077038125 16.720336014182 31.7591742722853 61.8903910417965 134.899164037908 221.195112813527
1.43022536925269 1.75171502378794 9.51985725954998 30.2141250473153 97.0303830902907 179.824122564637
1.35150397809847 0.305896853591232 5.39238511208579 21.8687267830281 87.0212188902388 167.757417775947
1.30297870299428 1.5260351456453 9.05674568174016 29.4155394762536 96.0227969365922 178.697952872254
1.9413166649798 0.285491190876643 4.59655090637539 19.3789712047392 84.1338261413153 163.949334825975
1.4451729099117 0.328361608519942 5.40853082139618 21.489638598543 86.6197245948579 167.298783215112
1.61710976417619 2.23644344625189 9.94435111351679 31.0376435105149 99.6878242696284 181.456228400606
6.78807428971707 9.3620988872562 20.6629585475382 46.9559909285658 119.64460286823 203.089114910548
1.96955127457706 0.289295684777191 4.55996931443028 19.3283741431738 84.0440822964281 163.840038016625
2.65589324964085 3.96575902244977 12.7039597304971 35.4454729484614 105.695293049006 187.766832703358
2.0674628768529 2.84184838444024 11.4988827997893 33.3569487396719 101.933860466762 184.577075845847
1.29721545381569 0.313726750637835 5.48088288496714 22.1401850004812 87.3902616167483 168.175802662811
1.0303683623532 0.825673205626377 7.44352962892271 26.3699178807815 92.0981200170378 174.33412058084
1.61307787485468 2.08175495839786 10.4069277378569 31.4003429953934 98.7836346553386 181.59775371026
1.18257200749655 0.436401206445891 6.10585381358376 23.2037603157812 88.8726238299948 169.935857984884
2.2846311554396 3.2448241375672 11.9323235609922 34.1266214796478 103.526179324498 185.819558143809
1.82735393188973 0.280278778727998 4.73957892148098 19.7583290488107 84.579240047686 164.574186953665
1.89430119934137 2.68520526336768 10.7562004472133 32.3439240751987 101.296422846571 183.281474254824
1.47842491382402 0.316429172151785 5.28162333725918 21.3959500131716 86.3215293068351 167.022823517378
1.09248566800478 0.963792305170975 7.75757766667304 26.7064520221211 93.2399706471404 175.084277813329
2.76926247773521 3.77170726546347 13.3217660239272 36.3169239054089 104.419625003356 188.234222969106
1.29685206418866 1.63407496915941 8.85829131678105 29.2162975078769 97.2323355075861 178.828344921257
13.3523753993667 16.4808346787299 31.396181324775 61.4147129503334 134.421396563824 220.632160529872
2.31379385996789 3.31847275227507 11.9765160319022 34.2220071343342 103.846278954199 186.001418943519
12.0019258665318 15.1691465715315 29.153877675175 58.5045669078086 131.866844060183 217.273953674044
8.7643214943583 11.7509057806179 23.8691082200946 51.4368633159338 124.88260146018 208.794271544885
1.1303404550588 0.491067300382671 6.31203278149695 23.8638002568848 89.0502155494174 170.692514930269
1.17257495727005 1.26946712299326 8.39147729639628 28.0203738430916 95.1806181003782 177.052938160584
2.39127179079034 3.43323777260786 12.1594606587953 34.5066392076991 104.219289660281 186.395988150812
3.21807731523867 4.43636347110243 14.2447355795109 37.7045988711314 106.584562021049 190.266117592833
8.27012467008108 11.2372396431556 23.0256749629137 50.3074655166285 123.834801622044 207.440093268927
1.21530685816109 0.33032956093151 5.62627360514055 22.5746209844452 87.9924778648004 168.846558584385
1.57541851500129 2.14562582141571 9.82424020062666 30.8323621043961 99.293408633317 181.130028886975
3.90077016077803 5.40582578315783 15.5885221948354 39.5849327415803 109.809315734551 193.088039947118
14.1898731878039 17.3863507519673 32.6690024696833 63.090238641803 136.246695773724 222.651110339136
7.35732495625921 9.54065441810108 21.9719334726216 48.7103453370136 119.743036200823 204.682186291956
1.63398189824559 0.293082869896936 5.00065597995453 20.6440272440845 85.4821134757373 165.876850052623
1.14571232418705 0.481960935022231 6.2751537092163 23.6660017083625 88.770062746135 170.415101867936
15.158382907512 18.3787604567391 34.1855766815449 65.0449441659196 138.195835980033 224.941390029464
3.02478033843535 4.41252799450903 13.5684013903596 36.7268237264054 106.885193777233 189.405623493141
7.84396678967414 10.6092022019606 22.4386327091599 49.422948158149 122.371220809994 206.20261981526
4.5917037528832 6.44822472749372 16.828032697855 41.4464263655759 112.700192485185 195.753834960002
1.04629348337321 0.60141969768125 6.71341942106454 24.9213631895355 90.5544860296668 172.281662399357
8.44762805378705 11.2158347384408 23.5050416605388 50.8457351581537 123.609027114987 207.884963963736
3.87133728917489 5.42127874176796 15.4840003921037 39.4601100055073 109.938197229835 192.999483320502
8.62091717319471 11.6533880586118 23.582455479419 51.0811522715162 124.736788293169 208.414777095917
2.2035665067188 2.97816893673474 11.9982262581727 34.0532146211353 102.192869658901 185.342995449232
4.43053360834514 5.8781595191816 16.8805176005809 41.3550013330522 110.767481838116 195.076773235381
15.2527685008501 18.4892434580852 34.3180747728617 65.2187079418759 138.425583925824 225.155928489639
5.39193021226927 7.23626208138071 18.5075218146971 43.8861537960555 114.160705209954 198.512206461788
5.7278244670446 7.97811717754659 18.8641170589166 44.3856869146557 116.443687158518 199.701041840311
12.8656143705583 16.0361899051921 30.5610400069793 60.3455723555137 133.579087102368 219.429588029443
8.6039689271303 10.9237565004638 24.1622844996422 51.6872486513557 122.946654838216 208.367409234055
6.90906985362285 9.49706629081761 20.8774630141054 47.2501655571659 119.93586810376 203.45300777014
1.6904705068106 2.17692811104487 10.3857224525557 31.6584262982325 98.7539223804468 181.822483735556
4.24929767783753 5.92712198983168 16.2386485598067 40.5625770843469 111.295705720906 194.478954737324
1.19239392214659 0.448435492865353 6.1047830085392 23.2774999197122 88.3396316040049 169.844800057983
3.76889349627539 5.30375631109365 15.2484013370583 39.1995917471254 109.228867986513 192.548012169684
1.33192524702144 0.321500097664027 5.56339526994672 21.9469229448321 87.3978463320296 168.04373723403
7.19535682259101 9.35833085870134 21.741622732779 48.2215199441289 119.30075574525 204.118089646854
3.51099733224605 4.98601642920591 14.6867898753272 38.3747178948558 108.379893367134 191.4851046453
1.40042985901282 1.80689695451972 9.45736433529623 30.0352389201747 98.0457894281711 180.01133861078
3.91575024106148 5.22743554853458 15.8412855241429 39.8493000920669 108.983100889367 193.100723887529
3.71110973478744 5.07289853471891 15.2669265842326 39.0698426883419 108.75273173859 192.277627497728
2.77087393072112 3.86791202527093 13.1656515043802 36.0843125576958 104.964003418091 188.174627157226
9.51299779453222 12.5821462117659 25.0805234693447 53.0846405254947 126.626821056912 210.814476952092
1.06640899981015 0.938185833339177 7.63986501310118 26.8371962726537 93.0184281328168 175.08682030132
3.79419633175997 5.38134489048463 15.2537486943339 39.2162399901041 109.498068452726 192.646416489726
2.96912916266908 4.1311679772754 13.5857560833141 36.5969623403913 106.110400157083 189.060749332144
1.10861484166145 1.06478787638484 7.92675008608962 27.3939610811184 93.7859645048639 175.901288043769
2.54062207544204 3.75460755556359 12.4433945313537 35.0275005375822 104.978369685142 187.131116308117
7.99140590653707 10.8933452655346 22.5878335367856 49.6910373785756 123.077123175655 206.64940546797
9.23635449573909 12.3763054238643 24.5503713527976 52.4210204274294 126.295948023063 210.092665941109
2.86289657795185 3.87606065467713 13.5418013041896 36.4435194203733 105.081093363085 188.599712653291
1.66409513651156 0.264161836688677 4.92587820727493 20.2941751684826 85.309042646171 165.463848604914
8.28024575197777 10.5783480870676 23.6240519464584 50.7914791035832 121.958360273394 207.294553810552
1.14097774958949 1.16022868354398 8.35435331219961 27.7903301647307 94.4783843386081 176.564001195166
4.0320779473508 5.82744946069585 15.6242492601859 39.8048219157965 110.8984954933 193.631955520498
5.10767387457461 7.01796517029095 17.8061676660956 42.9081823499782 113.753911267123 197.466952436604
1.47583135531498 1.94867664847855 9.52467084743837 30.32888484757 98.4691146520136 180.365206767281
1.25616381006879 0.41505002853534 5.92049281252975 22.7388415210585 88.133165521724 169.203764876576
8.30146820835154 11.2748333739491 23.0754018344586 50.3768228610629 123.916678699855 207.527934499935
4.10321983354344 5.50850158821333 16.1558762693526 40.3295705182895 109.836885430587 193.818131986887
1.06277580892045 0.638425218253054 6.90366972034893 24.9383966076171 91.0684055926256 172.466900446143
3.28078491162276 4.51434325128961 14.3958522308318 37.9305432509511 106.803503788996 190.554472042164
1.17026675633633 1.22957636070829 8.33108703092045 28.1323476427482 94.6367774730044 176.938060479815
4.53594014769392 6.27889422924527 16.7671195473632 41.4092610707707 111.816521367307 195.460448944231
8.45380549132179 10.7504958977876 23.9070334914181 51.3413601104248 122.53451380586 207.932958281999
5.2113255521654 7.08160092036906 18.0829899328059 43.2927323327628 113.840131387031 197.861918207398
5.94100592620927 7.99889691296144 19.3416473126025 45.0770192660523 116.168281444249 200.22954177933
3.64696241312759 4.8843925983192 15.2787004966181 39.0238797811107 108.014798607354 192.008782337048
10.7821875187197 13.8145885552477 27.2587963468663 55.9469206869647 129.056704697861 214.145574319764
1.03590440628449 0.785927568774854 7.29726600126568 26.0925377247137 91.8535880198126 173.954802604433
7.92654083273172 10.3115048867034 22.8279192564595 49.9077950532422 121.759093100298 206.341244482297
6.18089428538179 8.41315931030731 19.6241907798824 45.5090346501658 117.38379372148 200.955223635076
1.10420069969729 0.645467357093338 6.79005841532584 24.7129253519541 90.6619901909966 172.16257537023
7.31666421043291 10.038828061495 21.52492242961 48.1822688009274 121.171141788821 204.690568934497
1.28601216437209 0.393011757799678 5.79963127451485 22.584165167109 87.5589803645353 168.809901663336
1.00241117210355 0.842210842702788 7.19588306053769 26.1909580316001 93.1537375107448 174.391212486203
8.41481438332948 10.8158497057075 23.7315980185067 51.1247104123486 122.87065983055 207.790567880012
7.87316458623347 10.722265157679 22.4227726676112 49.4439058813046 122.679164746699 206.307819459929
1.01297966222035 0.625983153338464 6.73238333870112 25.1320523287872 91.2530158355324 172.69224716789
2.18740812816389 2.93351220283047 11.8496743156645 34.0246516837422 101.568126675005 185.07396965761
1.47342524970442 0.255850164607995 5.17599703289147 21.0342149714357 86.3861318898814 166.64573511865
7.34409370216343 9.78336099978507 21.7860032875274 48.3977195042671 120.399961172335 204.656648316746
3.99359657412073 5.44235040088664 15.9173364247037 40.1683481716775 109.423629646976 193.528549339654
2.28853930092828 3.09899799960204 12.2037232770442 34.3812666302428 102.609283101013 185.799225617534
7.62288455856118 10.3063741606378 22.104087499859 48.9364387332971 121.680015345174 205.546015559917
5.03441466065522 6.8921843085312 17.7159003812176 42.7724056577949 113.390026502278 197.231943625956
4.83862068002615 6.7767437630933 17.2810613723888 42.0996057909566 113.520208834902 196.629004911804
1.09236057492752 0.472958736897444 6.25184287508254 23.9477929963767 89.4662148671671 170.869201982183
7.05727616841291 9.20679323273772 21.4411578088591 47.9838070256055 118.966507846133 203.779332982772
4.61238810191064 6.48584904957232 16.8593718344535 41.4967275141064 112.806075793992 195.834045959452
1.66927008980482 2.17472841468774 10.5490441513397 31.6673606142781 99.184300432443 182.013204054942
1.17936769561027 0.376906793463908 5.83143920415578 23.0059105772332 88.4172449650282 169.479272552292
1.22882109201209 1.37716882007011 8.71136282869568 28.8141825611666 95.351385513962 177.872495023749
5.0541004329999 6.84619474433813 17.8539229034365 42.9600394066969 113.196172120477 197.35111285509
12.3258240005496 15.7641767300316 29.4337772116157 59.0017466904695 133.357697371194 218.071679362342
5.33268147551534 7.50432964504316 17.9946418114989 43.2456399521138 115.302684009625 198.190197720925
7.03873290385491 9.22259715406728 21.352681629279 47.865340477204 119.04937687958 203.689909126973
4.14371829113203 6.03324613919272 15.7782509686346 40.0528539828804 111.534178123714 194.045375254146
4.40297351281289 6.38380134992122 16.246882734203 40.743338396085 112.483456334291 194.980341812969
10.8195082877252 13.9492374901066 27.2285749444716 55.9537861415245 129.411414426299 214.246477439421
6.27796266255225 8.59846643417202 19.7320162689614 45.688244387145 117.971231395428 201.255681561715
1.57106399241341 0.253811467141615 5.03295592287737 20.6310295557023 85.8343701522033 166.011118341638
5.17039890681695 6.97896364783149 18.0849732136219 43.2883859450514 113.524748899355 197.759488090773
1.62556108528048 0.248499242760616 4.94070318644536 20.3847273260697 85.5235294482987 165.623395635922
1.12309268561362 0.500999740258211 6.35594450502178 23.9492134953682 89.1301606932315 170.81543972267
1.79611968707001 0.292310112623644 4.81283500567985 19.9513910880118 84.7401416953784 164.85797098159
2.09541412598673 2.79804076603875 11.5921277424584 33.6150558778129 101.087921390916 184.515394912349
3.6136833343616 5.00311741063703 15.0534853772351 38.9060582142403 108.276944839026 191.967680146759
3.51818106139623 4.77039485901335 14.923615604609 38.5351125578458 107.797891393302 191.474729701451
1.76359407328045 0.287399981635861 4.81388787693479 20.1101920345527 84.8904645637802 165.051996586082
1.56243088230278 2.14834951969652 9.77462919755717 30.7630541361668 99.3714732821145 181.076572213381
4.49308983374282 6.49480826203879 16.4197691697609 40.993240101284 112.767366358863 195.304690757416
13.3528876357407 16.6923374233075 31.1822928284812 61.2237859830804 135.042147398383 220.597204551653
1.02547376730902 0.805114859778347 7.41923069610155 26.2605992084648 91.8200059711675 174.141823926798
1.7400065673776 2.25706000425197 10.5650108029547 31.9539572013035 99.0560835515958 182.214826386703
1.0203710351565 0.799356096879596 7.1954922569187 26.0869838802514 92.5277263547491 174.110483792376
12.0231225172935 15.2874445840677 29.0951380155774 58.4727257578983 132.199409817477 217.322158646391
0.988975644811867 0.728148116786357 6.98211935216844 25.7292649384785 92.2844678478258 173.645150575658
1.5807568395524 0.287127920815239 5.04370423870558 20.8308112796032 85.736238129781 166.162253262674
12.2060902327531 15.1707130910454 29.7129721741106 59.1448449646807 131.727010915108 217.807107315757
7.05964123230212 9.47771958989201 21.274690587614 47.7028046285151 119.744725037013 203.814235787985
4.34874662203754 6.08445501255688 16.3589344685532 40.8267271434862 111.360864343239 194.763353449833
15.0334856878916 18.3083055603799 33.9321891077264 64.7387654514383 138.117422996841 224.630181258756
1.0140610028342 0.892828310125973 7.30835972227009 26.4092461251452 93.4659460763081 174.719635592253
12.5826338761043 15.6576551572297 30.2037047214606 59.837227347818 132.759439957199 218.738674215495
1.46978689701415 1.92695990468957 9.69445126732485 30.4382415802364 98.5514418792871 180.578027241273
1.07213734026318 1.10864727953471 7.77313649092641 27.2964615005958 94.7375096720318 176.050444143844
3.02991615524497 4.13698860833232 13.9164341508672 37.2180447430772 105.586840057732 189.480933701018
5.2503243437584 7.33366739382149 18.020863394312 43.1691902047013 114.891636724533 198.070286360979
1.75782786619048 0.277309791646273 4.78021720276946 20.0879627657557 84.9050606274954 165.010836360893
1.24403549812343 0.367750316380273 5.82443394861912 22.5700664377693 88.169334692616 168.984841439279
5.59226761558515 7.60377935155781 18.7518228174814 44.1270001094061 115.404445358118 199.118877941907
1.45936117388236 0.299407998559834 5.24039085503793 21.3878529617991 86.3900591195306 167.017032564278
6.92089049168876 9.0500004674361 21.2554024485104 47.5559840101226 118.623787148841 203.295509580474
13.6867862445192 17.0914296986534 31.6629372891097 61.8740795128039 135.915856529606 221.392492328592
4.98841389852555 7.03151533030882 17.4163173993984 42.3972707156907 114.017164699626 197.033226887431
1.05876297189935 1.05711497668461 7.67466483716627 27.1064146477591 94.4277770445986 175.756234063189
11.8620581396055 15.2749418133012 28.6991256803629 58.0305611649148 132.360683343783 216.918274080993
1.61097185614615 0.298638466286799 5.05149603003353 20.7605063997931 85.597927361371 166.057042007586
1.03942880017196 0.652977216950345 6.95466798041295 25.2282127718896 90.520334610726 172.650318342087
4.06279587561883 5.89551716560519 15.653733733359 39.8576176217563 111.119616135818 193.741626332539
1.21132453715806 0.362652566980692 5.85843930933057 22.6841625065501 88.4015894017015 169.152102254202
3.66328111313799 5.25045213952457 14.9511971786645 38.781307094207 109.199195532361 192.131786156583
1.53686428725807 0.245496124133275 5.0577764890506 20.7287306233886 86.0078524876409 166.17089740764
1.38740360630746 0.270856531291189 5.3395090279392 21.4587065328994 86.9328561301505 167.30033445226
1.23598102608641 0.344757173665419 5.77017875061833 22.4823562679117 88.1674049755116 168.848321528997
1.12831687195682 0.438894126592658 6.20504677291164 23.4661695794002 89.3607968169947 170.305158212189
1.06315636152773 0.584816355187886 6.74153925188383 24.6073939711194 90.7216300246704 171.966810407243
1.0521483521987 0.770202580309418 7.32452176348765 25.7842548238169 92.1133583778576 173.656883816485
1.09101019947788 0.993131519123499 7.946910597679 26.9921825002395 93.5327970295603 175.382377439286
1.17160036341192 1.23441153607875 8.56336456977263 28.1400788470239 94.8766571447167 177.003802131882
1.29595809111587 1.52830898750183 9.27131713608465 29.4244782933078 96.3841667987274 178.806576273652
1.47918127042068 1.85971017240889 9.96823467280757 30.6456990389545 97.8588383760534 180.530821213475
1.71291250058006 2.24069845630932 10.7188651305398 31.9256570843797 99.4193373299045 182.33009007379
2.02863356405507 2.71492993219984 11.6001233299003 33.3780621719387 101.20462223373 184.345180700093
2.39825843124781 3.23625766624642 12.5145687277219 34.8380176821355 103.00711075807 186.357382476486
2.86501552221441 3.86284625062285 13.6077521587271 36.5231501531826 105.000884872255 188.636363098603
3.39230440103099 4.54784885994016 14.768866255374 38.2649239069322 107.035934135242 190.967712886745
3.93368867921136 5.24181825155219 15.8962356597858 39.9251817298535 109.010884788121 193.18017360528
4.48394473391057 5.94475692333803 16.9846005254869 41.5039775810882 110.943581623199 195.270470877371
5.08146161265049 6.69764244381782 18.1089403442903 43.1090607517097 112.916491927818 197.37121036973
5.774047910273 7.55072639268477 19.4051824658525 44.9413605548537 115.071217749333 199.739528294345
6.45905820542228 8.39900521390003 20.5707211719822 46.5696128493123 117.062809212362 201.871587575924
7.2565552537705 9.36004378072334 21.9257053110741 48.4474711404405 119.260437078697 204.295098802275
8.16884504816994 10.4442796633789 23.4431107500041 50.5410481648842 121.66263203901 206.972422344325
9.19492331002427 11.6505118583273 25.1034609021296 52.8251596846775 124.279584723862 209.860325780044
10.2901655390999 12.9273930392684 26.8326484323805 55.1977760482991 127.009094131369 212.838416983863
11.4075956782453 14.2211579758519 28.554627516595 57.5538972081232 129.738710090838 215.784247315854
12.3694745904033 15.3423623069942 29.9723951839903 59.4877558538497 132.073949945335 218.214545795879
13.5142586758455 16.5951593749262 31.7192223323166 61.8167479908425 134.622624842234 221.043762338963
14.4187987280206 17.5640110390565 33.0991611174822 63.629328361108 136.563850203457 223.218778930292
15.0512634792301 18.2302638164559 34.0661286326831 64.8828006016866 137.880470488516 224.710274622956
15.2721070287408 18.4831834228632 34.3761723541626 65.2858463686952 138.389824322147 225.21175705846
15.255783050379 18.5070465810369 34.3074370220673 65.2094284456062 138.475478280029 225.156818645394
14.8700723418134 18.1783703390124 33.6410274078032 64.3771647805713 137.910622470866 224.22950476025
14.2586908093779 17.6320589228416 32.606876084422 63.0753349930888 136.933073960996 222.762035112418
13.548489540677 16.9650059486034 31.4303400515124 61.5790568492743 135.685904297045 221.056244872919
12.6845961133002 16.1278674498821 30.0118500126551 59.755251334487 134.079874797319 218.952818118163
11.8687834661543 15.2910710873001 28.7028471007095 58.0411186788662 132.405903965087 216.937559531178
10.809620863651 14.1449202269801 27.0303370287782 55.7995180835296 130.034494628966 214.236470345893
9.60088513811574 12.8008572587497 25.1192424507303 53.2056852785129 127.20898001106 211.069539585209
8.47700641489131 11.4924944234902 23.3506922397555 50.7651499833293 124.397476067194 208.026926395454
7.5228409425497 10.3203563124212 21.84332952034 48.6457732747351 121.818125982879 205.313142394481
6.72207233655049 9.29173288362887 20.5450668862492 46.7960674666227 119.496324865901 202.894256029855
5.96833785428178 8.31686661466707 19.2632560455761 44.9689751583394 117.252937672855 200.496042713811
5.28765244953876 7.42070398891052 18.0708234978 43.2609098111305 115.140197657983 198.23570351745
4.70922100027924 6.64122966150577 17.0242772987019 41.7487424905866 113.226036286652 196.204369708806
4.15817922343094 5.89988382004087 15.983184993001 40.2364227368801 111.337069358595 194.165895102874
3.66664728555413 5.2215195155122 15.0053670688542 38.7953623421639 109.508643863138 192.205717295214
3.15319408222313 4.51562291640885 13.9008958579061 37.1527509647293 107.51546237351 189.992177938033
2.64854234700284 3.81586793678702 12.7553522779483 35.4293207948093 105.445288153767 187.672694425284
2.23959300329573 3.21909283819303 11.7932478448873 33.9457289554085 103.55068313143 185.634094117803
1.89213777314933 2.68771734893632 10.9260933608418 32.5671911009289 101.724155513022 183.697169070485
1.6009276747634 2.20802600264043 10.1221744389138 31.2379319058148 99.9004608721392 181.795687399679
1.37753085089958 1.78501881033707 9.37808227415298 29.9259914049685 98.0191206967998 179.882849524412
1.20583773533632 1.38261414388159 8.58855206878444 28.4401588634227 95.8910826434362 177.698525828149
1.10948118514702 0.941565439096902 7.57220200686754 26.374620821545 92.9325040161558 174.625811661714
1.12627489519639 0.60082353327548 6.61513447066943 24.3372681115842 90.0561780133633 171.560388649648
1.13953349351644 0.505977720454146 6.34474353282302 23.7733539515594 89.0470103587673 170.629484064346
1.06721603730828 0.580281942478007 6.69326210487888 24.6029961343803 89.8070874464758 171.761746447911
1.02589241672438 0.723073155954215 7.19108348578538 25.7179589570694 91.070184307201 173.343642410574
1.049420519885 0.926517433056275 7.7552948612697 26.9050616341025 92.5523532617895 175.041284491451
1.12877409116221 1.19594224430581 8.42772129329198 28.2333164571952 94.2321134661815 176.935360897743
1.28988846689831 1.514530163819 9.09988819026522 29.4623811960329 95.8668958377862 178.696166689477
1.53217129089695 1.93163779473679 9.953457462173 30.9376252162551 97.7277163923643 180.772796436928
1.8482325463035 2.4258052372386 10.9155140902538 32.5269471809607 99.6931407520992 182.988400731896
2.21532998384675 2.97467538717888 11.9416661740583 34.1732926358837 101.713594932096 185.267722575411
2.60937082389461 3.54563350515827 12.9530356818818 35.755457788249 103.684068482079 187.453214431936
3.02182215495662 4.1242943839151 13.9081909149364 37.2078311784669 105.54941811198 189.459724433568
3.48175683374875 4.75036730696963 14.902405773031 38.6869940962946 107.445158437535 191.485003608367
3.96473855620397 5.39930949451769 15.8677547189154 40.0962786896112 109.296644258067 193.418237162275
4.54830536046588 6.156112580913 16.9913741683435 41.7199829712236 111.347107974949 195.599298789643
5.21468049503404 6.99514868350897 18.2291139541925 43.4911935848235 113.532393482985 197.94363431957
5.97259780927554 7.91023452948181 19.5805617415939 45.3933888898937 115.808271070694 200.415294996535
6.77146489313762 8.85109801851766 20.98608026505 47.3534323323475 118.092590962953 202.930465651495
7.5813971753214 9.76758796715735 22.403838850521 49.2993188839414 120.246064246876 205.373773720196
8.31539811741709 10.5751534497566 23.6959479892641 51.05422708577 122.102124388797 207.54233298467
8.69133614728948 10.9972652966046 24.3393402425092 51.9217401500251 123.080410050473 208.62529614882
8.77937997742586 11.120241510853 24.4676668402467 52.0989351369074 123.407536133426 208.872566365898
8.70754006191091 11.0855319599488 24.2996832651162 51.8809479036231 123.404321258473 208.654837348375
8.43082406644191 10.8341313005826 23.760102858656 51.1634670231741 122.914946112962 207.837655929906
8.05354516205757 10.4703318845156 23.0422949752423 50.2055164567196 122.169655570148 206.717639385994
7.56646224325506 9.98096385425963 22.1229636436321 48.966925125658 121.124937262104 205.245413658488
6.95319365480136 9.33308302648922 20.9795637730729 47.4048356862616 119.670205100759 203.353123273869
6.33818807412514 8.66852540452245 19.8401241109616 45.8391830868022 118.143615434254 201.443631956304
5.59722045714504 7.82913124085664 18.4684494348222 43.9212498893559 116.131497167831 199.057444454445
4.82697770981541 6.91631443919638 17.038714491683 41.8899572113583 113.862596085604 196.47833039781
4.14301950895677 6.0545062848305 15.7571987554496 40.0316848017474 111.625345131925 194.046114430199
3.54915415075942 5.25887342761098 14.5939033848004 38.3087924721363 109.461898672498 191.72760290892
2.98498947855609 4.48145341252079 13.4354212034011 36.5767639140361 107.287557122842 189.375843329872
2.5907015500474 3.87114452375308 12.5536062474731 35.2156095974193 105.412855261907 187.450906742598
2.23410581049895 3.30233843792994 11.6769628105092 33.8395504456899 103.555533354296 185.494654219655
1.90346194903898 2.76011969586032 10.7951330098274 32.4356063945543 101.691389023597 183.495061118036
1.61529178270327 2.26109421713766 9.9516789072793 31.0655016186223 99.8540792771193 181.533106767558
1.36566011249697 1.79683317923735 9.11663433147536 29.672015471947 97.9990567615254 179.529341709494
1.18578295194025 1.4014402834756 8.36173294938559 28.356803210156 96.20664222548 177.610455899377
1.0482100257879 1.04558441526478 7.63397818333248 27.0455838486551 94.4224757912233 175.687393636311
0.986750294316203 0.780665095341041 7.04577148971155 25.90918803401 92.8072704709649 173.979802898735
0.981036462657397 0.577291652124049 6.54597832628499 24.8712666739928 91.2970641106856 172.393656038419
1.04483308700674 0.441959630290192 6.12568754364933 23.8935838253791 89.8764847430044 170.885105228409
1.16199057173088 0.344217177075372 5.71508406745041 22.8635686031899 88.4643329269016 169.302905734956
1.32497292990753 0.288969002801767 5.35677880479637 21.8796073863852 87.1466411990335 167.784773592317
1.5249442647456 0.267775612211358 5.03972853957538 20.9469571774135 85.9663074458692 166.344276231273
1.7127771318834 0.270872725574414 4.81319613494717 20.2268864301313 85.0848009686162 165.226362269016
1.85313893096669 0.281722633920927 4.67423963391079 19.7448783368217 84.5108225968686 164.476301192849
1.96146069481466 0.288613373736707 4.56441100530058 19.3631124865674 84.0820369497623 163.887066460258
1.98640899494571 0.288516893256155 4.54037902581117 19.2465321298008 83.9736812851081 163.721919560697
1.96394966015587 0.279540416093693 4.54877573097408 19.2520603590893 84.0191104508058 163.755234798447
1.89808202208685 0.261632714239312 4.58872353420106 19.3820598124697 84.2279433667683 163.991797221712
1.79054193331168 0.247542537406694 4.70174765343795 19.7229638840564 84.6940816471456 164.558945546351
1.66865597407545 0.242306094136333 4.86262429958916 20.1862885578337 85.3027302461884 165.309583981246
