-2.24721551709683 -2.44789524666258 0.455480366018408 3.4791484762025 0.535511413344422 -0.637783077952205
3.94821856828496 4.19797226997895 -0.828697764027927 -5.98764330291694 -1.03790205477908 1.11801224887595
0.0790282842629858 0.0725733445523725 -0.018574061178876 -0.109262306539873 -0.0270479459973629 0.0219182058338286
2.03852470321943 2.20821857784994 -0.412159674263783 -3.1469889828563 -0.494110122256367 0.578421525477201
-0.375997097620506 -0.399118307105343 0.0796417513357962 0.567966837026695 0.101439157122714 -0.106514723898403
1.01483066462874 1.07308148563669 -0.211794918328066 -1.53732143404379 -0.26686126475735 0.287100825507042
3.69714240335862 3.98215612419774 -0.7669204989682 -5.65499365410145 -0.942739731479046 1.04888388402753
3.34275896625199 3.63801826864685 -0.684958151919928 -5.1538222911818 -0.823023478999298 0.94945901201718
-2.22244487156995 -2.41100307158366 0.451561144343083 3.43215313539861 0.535140927040132 -0.630434102691554
0.865898885224974 0.916393821701412 -0.181238598847663 -1.3102406792743 -0.230496768657787 0.245147323620133
2.08655323400389 2.26109013660962 -0.421795399024342 -3.22197815560883 -0.505017776119835 0.592066640444884
3.95648955150099 4.20639602837189 -0.830590537652505 -5.99962426415997 -1.04054849490249 1.12034266270018
2.55274473766045 2.76521694446744 -0.517932167293949 -3.94032155202218 -0.615980769777263 0.724032775384579
-1.22684667590364 -1.29493774022006 0.256201902801623 1.85610668110026 0.324821351236027 -0.347094525135221
-1.40678536998273 -1.49816870023447 0.291013436090481 2.14167938146727 0.363949468650386 -0.39849832372378
-3.61241936867418 -3.87387378206639 0.753809079108437 5.50439265799042 0.938219717677822 -1.02451290302729
0.980407571091265 1.03683672240041 -0.204754247997704 -1.48474033699959 -0.258579297570041 0.277408665029352
-0.723385227054726 -0.793643301463312 0.14840558949626 1.1148760816813 0.185328261284589 -0.206240100918625
-1.78697381464368 -1.93282801013637 0.363738553086364 2.75212407682333 0.438921736660874 -0.50701649487236
-2.10954829072757 -2.29916932997611 0.426821249803885 3.26695075074813 0.503569862177143 -0.598907693710458
0.149703389092631 0.161397016644412 -0.0313864969210623 -0.227274122795138 -0.041250989431015 0.0426341596062661
0.188446338931881 0.189254968460815 -0.0417447306089788 -0.274623330047103 -0.0569687019983065 0.052970926173713
2.59041309618815 2.80479046815998 -0.5260507184751 -3.99730539822438 -0.625281095759069 0.73460912516111
2.81622578350863 3.05471430126087 -0.573264145926367 -4.34681163520116 -0.680467252794786 0.798869173259032
-2.3474060051552 -2.56501160776326 0.475248901622988 3.64015340448389 0.55638739776479 -0.666543800845065
-1.79214798907228 -1.94021220843918 0.364513783486368 2.76166275140886 0.439318179398867 -0.508560004924015
-3.76006102865826 -3.99378319560001 0.790977311161947 5.69497684791968 0.995727845575892 -1.06476007152435
0.763911131922406 0.808529673584761 -0.160233172449451 -1.15499007910913 -0.204665861792747 0.216328319081813
2.6274685821222 2.84536204380604 -0.533839442075807 -4.05412522263954 -0.634885803854602 0.745163283626872
1.82779967193157 1.98025212403489 -0.369847853007069 -2.82001740773693 -0.446292722462263 0.518811536224855
0.105907298490865 0.120495897700431 -0.021222362200211 -0.165909718213907 -0.0270074759536693 0.0304790009605703
-0.857036154368507 -0.875290073809629 0.184029141620685 1.27122839164112 0.239386838981273 -0.24108539409982
-1.73503473160625 -1.86442660625745 0.355045295826522 2.66093905654148 0.433101877849983 -0.491834537592342
3.16198011590601 3.44493240075221 -0.64548642356506 -4.88353968368191 -0.769603150172051 0.897995378118869
-1.96289534132299 -2.11950659531393 0.399882402416807 3.02231444117418 0.479221995416912 -0.556524503580768
0.42862698227299 0.448529216623779 -0.0917706459675027 -0.640929489771717 -0.120645874471513 0.121269464534085
-1.54576992598662 -1.6491965652298 0.31863647930924 2.35789098413513 0.395612606870835 -0.437889421627945
3.88013060270718 4.1434894813764 -0.811372200075394 -5.9004870464758 -1.01105797255463 1.09949296498978
-3.39991358638334 -3.6780087048899 0.703681298114605 5.2125264676947 0.861207475870441 -0.965260221562415
-1.45624671977975 -1.55106286059661 0.300963560583644 2.21787424182455 0.375657627615156 -0.412484289118589
-3.17439404514655 -3.45536046988578 0.652455426892901 4.8908269603971 0.785152262340625 -0.901698322869545
1.14627980969946 1.22005366385272 -0.237737681181697 -1.74309525778656 -0.298763512179773 0.324734300113547
3.87212700803671 4.13753392028202 -0.809398684021586 -5.89068999616074 -1.00731638294863 1.09728202361751
-0.491159693396385 -0.487241593569337 0.10800023326243 0.716309611377572 0.142719444144984 -0.13744093337585
-1.76277752135668 -1.89220673109245 0.360793969345164 2.70206214478835 0.440701551737165 -0.499628974438643
-0.391338049837611 -0.403274620363675 0.0845512806384374 0.581772571814193 0.109264268210061 -0.110232440827624
-0.266956968446254 -0.266783483796544 0.0588771987407933 0.390376067792809 0.0770530084732374 -0.0747648065475466
2.80070867546535 3.03787172893244 -0.569927291163282 -4.32313192776642 -0.676497109436824 0.794472343481182
-0.65389850587203 -0.692881485209941 0.137916218249693 0.987993707155158 0.175892116493038 -0.185182620852891
-3.23556580579458 -3.52112528905452 0.665671825103521 4.98267395176092 0.803100952414433 -0.919143706178315
3.46796713803582 3.76994542216233 -0.71251509130552 -5.33899542595433 -0.861935849093343 0.985106677725688
-2.14967234957297 -2.32889715551249 0.436955716848388 3.31700183559535 0.519782176684561 -0.609726690100655
-3.57284349015339 -3.84078098429787 0.74395474306404 5.45253388649037 0.923188444909073 -1.01368111957716
0.155346215525722 0.177808127203259 -0.0307985248108673 -0.245362618459626 -0.0372289540786967 0.0446414777138177
2.74476522399982 2.96863531945732 -0.559366103829097 -4.23038599102355 -0.665808012969547 0.778203668602866
3.11954156049247 3.39828289226796 -0.636402191417267 -4.81891768349996 -0.757771891018733 0.885865920729185
-1.65134281577127 -1.77967505852179 0.337476426405911 2.53571228526554 0.411975756848173 -0.468424622852891
-1.16057376308324 -1.21219012323717 0.244305909880914 1.74500718716816 0.312703710023508 -0.327771358900593
4.00224583885463 4.2362371059445 -0.843144530253152 -6.05309947342306 -1.06039908626067 1.1324279098475
0.618145195924389 0.651126513558231 -0.131016705255689 -0.929492972313372 -0.170277529649297 0.175035013722536
-2.68771427492955 -2.94595903901288 0.545758017786817 4.16947445514037 0.639812552130828 -0.763709979197569
3.47664363844154 3.77655991553223 -0.714838605529494 -5.34992163372652 -0.865162865823263 0.987414446523283
-0.769027063233942 -0.849584613509738 0.156707342183516 1.19024799032091 0.194728379476855 -0.219548717168681
-2.1261703957233 -2.30241075372494 0.432441759769321 3.28044227345437 0.513214419433861 -0.602905891697261
3.20835545773642 3.49565919181624 -0.655426194088923 -4.95381127543302 -0.782961869118629 0.911263580518637
3.63026582720911 3.92257350639875 -0.750726339542774 -5.56464621162719 -0.918331967731275 1.03038655427587
3.07623855377908 3.33865515197518 -0.628903284124421 -4.74325435802623 -0.74999073664398 0.872883490607623
-2.04206088381959 -2.20653953837077 0.41577503193335 3.14608657091401 0.4966514874027 -0.578972085874545
0.184764034628553 0.188018771301516 -0.0405324175663464 -0.271268051168873 -0.0550007380388227 0.0520626115623671
-0.815054276221667 -0.893447649152196 0.166924477633339 1.25634570586249 0.208212586544857 -0.232320312930568
-0.754690042303658 -0.831051581939929 0.154244292600815 1.16580525428254 0.192092764770091 -0.21531880726129
3.55283051593137 3.85269706915337 -0.73208891806819 -5.4592088849045 -0.890647421383542 1.00894454175564
1.08198585405936 1.14929856370494 -0.225138621939005 -1.64230117994757 -0.284424821165493 0.306469339157633
1.82500360522881 1.97680852908295 -0.369310236592123 -2.81544645842053 -0.445653516316278 0.517993013691283
1.59104100485702 1.7169996609965 -0.323774668483777 -2.44638375613302 -0.395282968166882 0.451461210396194
-2.05429538038888 -2.23773989002512 0.415656159027898 3.18017734991943 0.491638334340667 -0.583226367158914
-0.116233644373612 -0.134664035971582 0.0228929625738725 0.184950218479112 0.0269122715679266 -0.0334701758520211
1.56427708306812 1.68645537891941 -0.318620559951989 -2.40374518194757 -0.389425523850793 0.443791421640281
3.70895098571668 3.99847634203243 -0.768985536041069 -5.67522521751763 -0.945718083942348 1.05247918738338
2.08908289330166 2.26225095965757 -0.42267772905267 -3.22444722899554 -0.506256446516468 0.592692609918644
-2.60133179785438 -2.83908062436404 0.529035473532296 4.02725039850781 0.622128502088487 -0.738569199672751
-2.05493208538879 -2.2210155242913 0.418212583661681 3.16627178907057 0.499952717793064 -0.582690524654289
-3.94481054716278 -4.13607706574743 0.838569434397799 5.92712006575902 1.07077727101407 -1.11476455984314
0.112613063595033 0.109012584123898 -0.0255865904256646 -0.160526078409586 -0.0360173427105677 0.031481929634229
-2.69695436273815 -2.94533275611563 0.549090525067849 4.17483892368651 0.646666333866731 -0.765868563850853
-1.12540128046175 -1.22227474303345 0.230558359361189 1.72927809115273 0.286959003506369 -0.320089512626521
-0.26196630307393 -0.270632184759264 0.056553652368668 0.389998926142663 0.0727615308162715 -0.0738142857985233
-3.83885536601834 -4.0577458556065 0.810768156053161 5.79636020124831 1.02718590177003 -1.08629661137767
-1.7168088068221 -1.8595293903448 0.349232904093264 2.64518559099121 0.422495009236476 -0.487324066596325
0.316275666373093 0.340285687998613 -0.0660014955382811 -0.48142306252449 -0.0844250476166149 0.0898881553424355
-0.616914821185555 -0.623585000808951 0.134189186451835 0.90864592429095 0.175571095051912 -0.173198834829762
-1.86824922958089 -2.01231887507074 0.381069507599418 2.87075043959008 0.46210713023394 -0.529751000681713
3.09890353584416 3.37554467882499 -0.631992035357896 -4.7874434859471 -0.752049572031709 0.879965575149111
0.928252454653589 0.980238338802155 -0.193993022598317 -1.40527204658108 -0.244111682143409 0.262499668745011
-3.15934050279 -3.44587808362787 0.648342548306913 4.87382575400619 0.777683999641568 -0.897682978231768
-2.61904562973693 -2.86971101377559 0.531335297257138 4.06385362366084 0.621536931393631 -0.744067528899612
-2.72101906545811 -2.97430081373878 0.553947950878342 4.21427361543999 0.650797994150488 -0.772751326209979
0.381349566652404 0.401610537155107 -0.0812481686551165 -0.572288799048005 -0.106501706856928 0.108026802977615
4.00726492491545 4.23916185887553 -0.844582819407831 -6.05871676668259 -1.062612314402 1.13372779181349
-0.573526322741565 -0.577894809025453 0.125123767385036 0.843134460431656 0.163928554815156 -0.160920350097799
3.89608316402717 4.15016803736453 -0.816323162731049 -5.91647448530215 -1.01852206263369 1.10346153602295
3.21032821154125 3.49832354521348 -0.655796195526783 -4.95728253613986 -0.783159595421716 0.911838136008246
3.71339173083258 4.00129440311555 -0.770177041544915 -5.68036153744756 -0.947725666406359 1.05366010625552
3.44242846529674 3.74268254097257 -0.706996308038858 -5.30102665290469 -0.853847161149376 0.977788171300204
-3.09671966042147 -3.38306188572303 0.634216338418907 4.78344822383331 0.757511953413941 -0.88003029727475
-0.257997464994552 -0.28308809339627 0.0532894368538616 0.397024717848327 0.0666000191876274 -0.0735679722856455
0.608225111411031 0.640778550448967 -0.128916808167895 -0.914620815897468 -0.167553239452074 0.172232088759772
1.40532878313816 1.50813090490234 -0.28810448462721 -2.15143797087457 -0.355748560774295 0.398488084370924
2.46019194506221 2.66059435334568 -0.499472130172172 -3.79450206660611 -0.594724828199573 0.697549712778218
-3.86529121410728 -4.08150495719488 0.817045861194241 5.83202655934707 1.03738468487969 -1.0936691954742
-3.47368457315336 -3.74722803639036 0.720993449346075 5.31514247338577 0.886698280900643 -0.985826542160834
-0.0353014720863437 -0.0483181714094912 0.00578129696482276 0.0626581664707512 0.00465641368918446 -0.0104856371424295
0.926245352838364 0.981623803502791 -0.193576618357785 -1.4026702325426 -0.246213518223925 0.262321113251815
-1.40185255572664 -1.48932304797695 0.290494099439587 2.13114343571116 0.364248716941991 -0.396949123684272
1.45900674856656 1.56753919481708 -0.29863848451803 -2.23571791194131 -0.367759187541387 0.41375621618219
-0.215973456467498 -0.240419088288167 0.0440823163402804 0.335168862706105 0.054489544784922 -0.0617566865887857
-0.435225656661481 -0.460755489406016 0.0922996623867585 0.656572715448929 0.117732752578796 -0.123227601840796
2.81417139756655 3.05546593846491 -0.572307030028319 -4.3459443784005 -0.679309666206105 0.798477753754558
3.77928643542094 4.06055729788694 -0.786084600733807 -5.76972020049548 -0.971744620658921 1.07191683689603
2.85501800555605 3.10105674858441 -0.580842077854214 -4.40919888948647 -0.689622944354934 0.810145971915426
-2.39966378055322 -2.61168628547989 0.487640908903257 3.71236806581405 0.572776820985584 -0.680855306534246
0.637191061069202 0.674988388640867 -0.133815964137546 -0.963353651307023 -0.171094912089882 0.180480203802917
-1.56710042165645 -1.69914905946569 0.319021420737731 2.41361010540102 0.388938984181325 -0.44510218597517
1.87503959673796 2.03183168108047 -0.379263245086666 -2.89367733228684 -0.456900948323207 0.532201197428001
-1.16478135379823 -1.25200756974717 0.240367774293322 1.7796051064284 0.30126162274951 -0.330645759720993
-1.52057848727155 -1.63288019275631 0.312117337545561 2.32788121344023 0.385246041286319 -0.431227334945893
-1.14682136026299 -1.21102750711651 0.239829250464819 1.73448867988396 0.304685226884321 -0.324514033913677
-0.326359442922684 -0.348049591982932 0.0688999788570402 0.494258062731163 0.0875155655219652 -0.0925378794176111
-1.87259378405883 -2.03226123984425 0.379967449383461 2.89093512721648 0.454873683759014 -0.531507753990631
-1.47836201186595 -1.59824987330074 0.302055383286911 2.27153003928319 0.371167719214987 -0.419784777180739
0.81168767052151 0.857483973144793 -0.170138978512799 -1.22725588798042 -0.216000321000182 0.229675665606093
2.74910196683309 2.97375966370476 -0.560198065814102 -4.23741164540335 -0.666699498721744 0.779454185966882
-1.43480754033874 -1.5219919477974 0.297457980576799 2.17968665053606 0.373338473729473 -0.406172105636964
0.0916094680963806 0.0850956306400252 -0.0213782692464362 -0.127542717941333 -0.0308119813929197 0.0254442912446787
0.1766399654432 0.1762146444698 -0.0393192145274647 -0.256407346854627 -0.053903823402446 0.0495974247982974
0.260170797631244 0.265764487124175 -0.0569053581454301 -0.383077276716685 -0.0765405163843711 0.0733274973504552
0.348249691985347 0.361058821540599 -0.0752195259056063 -0.517589102142842 -0.099800883499733 0.0983831226182813
0.429416514913501 0.448880098683825 -0.0920221445628462 -0.641705067670118 -0.121055941628879 0.121469153588053
0.522714552879562 0.548429287178488 -0.111436267035727 -0.783452391191285 -0.14575302784916 0.147933790611746
0.613301561628616 0.645657925862068 -0.130083507295233 -0.921813024071116 -0.169203252454561 0.173649440360436
0.709873360465049 0.748986642764461 -0.149904572991215 -1.06932531763936 -0.193963063661239 0.201035627139401
0.818915896702988 0.865624412547103 -0.172237090925179 -1.23601956754509 -0.221707075722792 0.231947208746935
0.925360863008934 0.979914821998736 -0.193749733404207 -1.39988944060518 -0.247447280581958 0.262085807847017
1.05342801502453 1.11822376084089 -0.219455180498475 -1.59791720332284 -0.277790625650842 0.298368691434525
1.19725788921307 1.2759307665834 -0.247862149085614 -1.82252960618141 -0.310633454472969 0.339220850773376
1.35298758172024 1.44866300619904 -0.27824388689514 -2.06755889952715 -0.345160634896531 0.383538384743735
1.50691305852007 1.62087142812995 -0.307948783659525 -2.31133497644837 -0.378144349341426 0.427390552145282
1.66458809095293 1.79737366451533 -0.338387195867411 -2.56113870739667 -0.411807804421632 0.472311819860275
1.82499544436972 1.97536217763768 -0.36968913316738 -2.81393600619964 -0.446528443554696 0.517922368611869
1.99054037695573 2.1553271621192 -0.402839163650146 -3.07145144210215 -0.483849732085615 0.564795700311074
2.16078348206593 2.33820292240477 -0.437658933253933 -3.33382110511396 -0.523607058892324 0.612892776858561
2.33365709249065 2.52356131262233 -0.473381873958751 -3.59937429450036 -0.564702823773427 0.661724771295607
2.50588253591977 2.71023829543848 -0.509008950351546 -3.86483136556577 -0.605773270325725 0.710494500137141
2.67725968621154 2.89845038118127 -0.544557956776068 -4.12998204118994 -0.64690097593491 0.759168125741442
2.84598761137312 3.08800394492331 -0.579508301809126 -4.39289965160386 -0.688010195124492 0.807372610595464
3.01368277488632 3.27783564922211 -0.614411538399424 -4.65405603126354 -0.73034011688831 0.855436289635569
3.18339303300028 3.46686095188413 -0.650309932663068 -4.91490338935131 -0.77601100582999 0.904023336605062
3.35731274285279 3.6507380525213 -0.688520870158536 -5.17331129469992 -0.828354872169983 0.953465493103364
3.53158407159125 3.8253723562149 -0.728106303865533 -5.4241699180988 -0.885078375769548 1.00260178122979
3.69451173423378 3.97732894159197 -0.766628442973674 -5.64954844656111 -0.942458168308812 1.04801992262366
3.83487320832179 4.09855501155007 -0.801123494022166 -5.83613058724564 -0.995058565820377 1.08666212148367
3.92470570286165 4.17271189090577 -0.8236579997442 -5.95284308202766 -1.02989592247602 1.11122648967178
3.99034606479551 4.22477440250823 -0.840410829902227 -6.03646249900105 -1.05604508533784 1.12906864822791
4.0169125910652 4.24727003740998 -0.846976608474359 -6.07133777307859 -1.06637169760769 1.1363781427018
4.02514905917671 4.25683826933178 -0.848640934506901 -6.08408315641152 -1.06895135527449 1.13878983979918
4.00464535427715 4.24369418939454 -0.842988856648436 -6.06030485422711 -1.05995993131878 1.13338319606516
3.9635866039627 4.21211795678079 -0.832412502246635 -6.00876088310669 -1.04324705009819 1.12226358208242
3.90534537250842 4.16497404324684 -0.817732048134209 -5.93386579795276 -1.02017468132445 1.1063633704135
3.81781503181673 4.09163438892362 -0.79593847355357 -5.81933100523774 -0.986485696880156 1.08236563366068
3.68715751600496 3.97682488598889 -0.764096315582777 -5.64418083660059 -0.938012672131007 1.04628696475491
3.52744300869016 3.8238426752737 -0.726883252664754 -5.42012413986738 -0.883022724936928 1.00156035615475
3.36327192083632 3.65457505914673 -0.690243626526359 -5.18006893497312 -0.831152115096234 0.955032996412459
3.19739434475292 3.47433609253813 -0.654461509958737 -4.92987869579331 -0.782651230591061 0.907621092618
3.0294779519792 3.28594931563099 -0.619128129352519 -4.67069410218712 -0.737961944019126 0.85948459210204
2.86015057081817 3.09520164677896 -0.583766837800267 -4.40765565774413 -0.695036326884635 0.811008677186835
2.68527192126062 2.9031460407588 -0.546895282615851 -4.13860991263601 -0.651059921820529 0.761283386644043
2.50750268644982 2.71202413855977 -0.509345419623578 -3.86702128871707 -0.60677825176197 0.710998288631227
2.33152640794105 2.52288961472027 -0.472623946322285 -3.59729092154671 -0.563965190889909 0.661237270610058
2.15745254564938 2.33555773177011 -0.436762346864192 -3.32946311717104 -0.522567665183968 0.612013199532834
1.98458730460688 2.14862465909241 -0.401571906791893 -3.0622529535509 -0.482259877952271 0.56309032354728
1.81370149134473 1.96212096159894 -0.367425651664977 -2.7960570815225 -0.443608898625183 0.514645404742352
1.64375120359827 1.77388699928089 -0.334123236227968 -2.52879848991432 -0.406250274551878 0.466316518137219
1.47015608496449 1.57891588341215 -0.300628910623311 -2.2537210886253 -0.368597224258425 0.41678108024216
1.28892202037275 1.37503941401005 -0.265673012067455 -1.9665874921903 -0.328819190174641 0.365018173089589
1.08682543932989 1.15207942173113 -0.225811373761341 -1.65063196543362 -0.281935663280735 0.307478141039361
0.826217433787072 0.87356200361495 -0.172561634695278 -1.25168169320921 -0.216784166168873 0.233681273959466
0.45174878073634 0.484014800169324 -0.0937570480960532 -0.688739175384596 -0.117256955388459 0.12810495102103
-0.0122149817122656 0.00828488860292827 0.00568993214934514 0.00133325465231973 0.0107508124084165 -0.00242305908716891
-0.372380926088969 -0.363955397931115 0.0826635376530567 0.538710471326684 0.110101425340231 -0.103937415179099
-0.784372949482264 -0.795217908164208 0.169326938814321 1.15864649817286 0.221230376508531 -0.220357403932256
-1.04093312826829 -1.07441725864057 0.221242354060786 1.55416287001228 0.285797375979618 -0.293379168094396
-1.24861690833755 -1.30673733349807 0.262019798725863 1.88043732563552 0.334357103462947 -0.352739792484517
-1.42844821996076 -1.51084245907094 0.296676845927931 2.16649183429543 0.373382015539285 -0.404180680629762
-1.59564553398162 -1.70056210518031 0.328787289370211 2.43310369077529 0.408457198566792 -0.451944124309877
-1.75094363048413 -1.87851050882252 0.358432558002975 2.68272697403442 0.439029092641863 -0.496302799854863
-1.90470509167895 -2.05364895198359 0.388196794524908 2.92888942225524 0.469439853715645 -0.54013276142197
-2.06012298422673 -2.22867145001228 0.418899381785086 3.17569149509187 0.501058936912885 -0.584313706646668
-2.21836383608198 -2.40690967723131 0.450649878091957 3.42603130416434 0.534282012966747 -0.62931265871087
-2.38065078746931 -2.59065115240802 0.483549941310997 3.68207367889522 0.570105326519928 -0.675591315850144
-2.54782453293555 -2.77912515263307 0.517945377584627 3.94384709047782 0.609319041703712 -0.723309542071009
-2.72147596627945 -2.97215655235913 0.554276302518488 4.21221597201378 0.653407165153073 -0.772869860369626
-2.90335590562919 -3.16941004937702 0.593186726850713 4.48788675213091 0.70406566473215 -0.824694204157829
-3.08680915006441 -3.36306220729115 0.633236927626787 4.76059707558023 0.759210937282517 -0.876843716643599
-3.26948245454509 -3.55083925848913 0.673766145603069 5.02754509186627 0.817176069830199 -0.928615867749674
-3.44475679444661 -3.72215250929239 0.713798655509651 5.27611190644741 0.87709699597301 -0.977948902828884
-3.60387687826802 -3.86830650949273 0.751414690146818 5.4942883559293 0.934843454444679 -1.02228351360361
-3.73702014311636 -3.98254952060135 0.784004882059453 5.67055981740185 0.985702209343855 -1.05896493746146
-3.82899973619927 -4.05512835474704 0.807443994437671 5.78752553560465 1.02246391102436 -1.08394957168874
-3.88825034445781 -4.09967103735798 0.822877888618523 5.86121988264916 1.04664165078032 -1.09991348425861
-3.92808736856818 -4.1271211795247 0.833642280846001 5.90892369359978 1.06339530798147 -1.11049323091302
-3.94292543234347 -4.13540565458062 0.837959360149733 5.92530171692888 1.06991932066451 -1.11430709538857
-3.94718670961132 -4.13731642050517 0.83927879418547 5.92971859483791 1.07173594771499 -1.11536084145591
-3.91024253856978 -4.10981849133829 0.829624533897464 5.88409556940603 1.05630011768084 -1.10539940810696
-3.83625471554545 -4.05230702568649 0.810643457315792 5.79076557311572 1.02628404413781 -1.08533530378619
-3.74083756034081 -3.97525752004848 0.786586917845803 5.66817454441949 0.988421996524631 -1.05930722298365
-3.61034523913997 -3.86520087744501 0.754370643558791 5.49691558459358 0.937959580133015 -1.02345587243754
-3.43847293580208 -3.7116775530581 0.713121059041288 5.26455209016379 0.874446601996263 -0.975813420290809
-3.25365091844331 -3.53858353105846 0.669833331943236 5.00818519313289 0.809269906861282 -0.924216155811971
-3.06500829445507 -3.35036083089058 0.627183062530353 4.73687039333941 0.747820705459145 -0.871061296636068
-2.87790327615471 -3.15418149169308 0.58615412568198 4.45950928471981 0.691694326162474 -0.817976885162984
-2.69969743559119 -2.95924389633282 0.548274962400183 4.18791062532072 0.642970648635488 -0.767134525593938
-2.52594680841317 -2.76661463053017 0.511881911294885 3.91987362096162 0.598467355606081 -0.717551294833063
-2.35840806713782 -2.5778420739049 0.477442916103649 3.65772635287308 0.558825613256992 -0.669707038651389
-2.19412428828701 -2.39414769948812 0.443844700061963 3.40036746294134 0.521711178941136 -0.622963940597187
-2.03495754455865 -2.21635354616945 0.411758042590896 3.1498466807382 0.487478392214699 -0.577744517924687
-1.8806344845755 -2.04349689125317 0.381207835993373 2.90554088685027 0.455621210650415 -0.53389781049727
-1.72472216453073 -1.87185318843338 0.350230142653772 2.66066812224202 0.422678187097228 -0.4897350783289
-1.56686627148664 -1.69982561594568 0.318832349430766 2.41403898858606 0.388477346233297 -0.445077502154441
-1.40585589316151 -1.52610871329328 0.286617644233535 2.1642595545689 0.352048679505009 -0.399553008329795
-1.24065658339132 -1.35035868630599 0.253167845689903 1.91045050043252 0.312873094397563 -0.352916111973009
-1.07601447133113 -1.1740734669427 0.219839896317063 1.65729660981427 0.273045051421763 -0.306328469019967
-0.911720757077061 -1.00294242667571 0.185740872386658 1.40917787762669 0.230544194342314 -0.260022763614746
-0.765328924266794 -0.845976171026989 0.155898213053855 1.18487139265676 0.193671657704228 -0.218518260850949
-0.660841779403541 -0.728847798467066 0.135253578042369 1.02106727120395 0.168501956855331 -0.188609590413215
-0.560488708145233 -0.615371675158578 0.115496351954031 0.863146854228564 0.144416268123127 -0.159826882135639
-0.466700565833245 -0.50681181243921 0.0971481683425155 0.714016282645529 0.122293246386009 -0.132798807190529
-0.375548035943477 -0.406638469667368 0.078410609375132 0.573494641067313 0.0989069081684689 -0.106807270744155
-0.282702024143114 -0.310222227627578 0.0584061866020966 0.434983313458426 0.0731010633916189 -0.0806196331206052
-0.190177802400938 -0.214272492917664 0.0384223264489638 0.297244520886527 0.047026502231141 -0.0545078955149037
-0.0955294199092044 -0.114189148946132 0.0182746738676671 0.154931240968314 0.0207271840825586 -0.0276760779785843
-0.000735268610203353 -0.0135243674535885 -0.0018475581729099 0.0120871412449115 -0.00551625344643055 -0.000778509342815255
