8.52044443765119 12.3680963966344 21.1931745869675 39.6683455995738 55.7422891822433 64.5398764313748
8.02719635302078 11.8540603151488 20.3680856301666 38.5673546179964 54.6785921906839 63.2016474613418
3.62932725562361 6.42822846128771 12.9522343303203 28.0788956407126 42.0129641184516 49.5871780620617
2.39203981920794 4.78429819266444 10.5332065799413 24.4747211913237 37.5975768494817 44.8031233839897
6.95236145067771 10.5835062937279 18.6750777755916 36.2216977277394 51.8600667963916 60.1804395103852
10.4923558299801 14.7563328599535 24.2156698280617 43.7355902839537 60.6857890865471 69.7139442858077
-0.0126585780819602 0.825674785738627 3.45858889762099 12.7427594786152 22.8137929436326 28.4375654915643
3.80056875933929 6.59514601889824 13.2228889725503 28.4720974629311 42.5080987062489 50.1455845964945
2.70974515472564 5.23468698326552 11.1691011207575 25.4427854607826 38.8091063241118 46.0923042151251
0.113702556574257 0.329103243469093 1.7362018190237 9.20229230356773 18.0079491359826 23.0592245271683
10.2948694112555 14.4788664164113 23.9208826336077 43.3566228009314 60.1435346353198 69.2081694924445
0.531793328286538 0.335641210519272 0.952211215880454 7.23704826299084 15.2066471784603 19.9120456345956
1.44324039192133 3.43858083378056 8.3890107564636 21.1704574782555 33.5590746132138 40.3636248913835
8.07961286576892 11.9327891822482 20.5169272954102 38.7463233955649 54.7969197639717 63.3798532936614
0.880780568487962 0.467781366494582 0.62343739220697 6.20930698406983 13.7592939582217 18.2055248589606
3.20985841539538 5.86036915267238 12.135738631221 26.8728113200698 40.5328303157732 48.0023585468222
-0.0234661492465488 0.584589752034054 2.89958557147038 11.6419244897583 21.3163548191356 26.832043864349
8.02286034648071 11.8215067236055 20.3790058350564 38.5802246876801 54.58324036929 63.1759671503891
0.0787041725637 0.330063246598613 1.89948788367123 9.56022546954939 18.4756769706792 23.6184611186862
0.626793633249502 0.355014441970584 0.849631109114834 6.92893477778673 14.7261040105908 19.3929425935556
4.63412147048791 7.6601708639082 14.7432187670322 30.6423191500773 45.080320770394 52.9819543934411
3.80710542185754 6.67968060868721 13.2982748083802 28.5946703244023 42.6727418040596 50.250575843624
0.817625469507615 2.4355436352683 6.74148686769542 18.4993308269113 30.2121361186561 36.7136897698585
5.97418121873136 9.36176722908476 17.0994567171028 34.0000753253839 49.109765885046 57.2974798910426
3.44089170712228 6.15640821341993 12.5350556157986 27.48700647229 41.3453328732868 48.8482238670194
3.47636052120262 6.23555602899262 12.63172947457 27.6041552840083 41.5607287266334 49.0229683406553
9.90101520837164 14.1097431690038 23.391089967935 42.6572847627049 59.3142260974084 68.2508643775337
7.28419071894887 10.951718802682 19.1983527354818 36.9474421418777 52.6808133858565 61.1067625119785
0.250899678159481 1.4249817829922 4.87222903295378 15.3093074067264 26.0898221978746 32.1799107918046
1.06677588713138 2.92377355867383 7.527312602533 19.76767328716 31.8589950969298 38.4428102152636
3.1200206094271 5.71231665227712 11.9191550880773 26.5569424141197 40.208072623866 47.6313674983617
1.31398262688013 3.28212318448799 8.09292404038023 20.6788295220791 33.0544113879922 39.7237024064726
0.226758641230756 1.37035528085177 4.7656097736817 15.1429270486569 25.852084627817 31.9366680587161
2.01839061553985 4.21661364448412 9.67797902192838 23.1635926288081 35.9698110865231 43.0663961949845
0.000414274006649629 0.445260557482849 2.27159508674209 10.3573715772552 19.6329366262835 24.8662363421
0.784112926213928 2.44198359002527 6.74162730852326 18.4924963832252 30.1808792037518 36.6498512285469
0.426601963943613 0.310187748609371 1.10452522960776 7.62770099791287 15.7625630767819 20.5452625172074
2.17753356416535 4.43325805195428 10.0236245295348 23.6845156364019 36.6304082485839 43.780913902954
4.57925013309156 7.57802790042866 14.6462345960811 30.5157723425516 44.9252323847585 52.8127332997981
0.142303187883955 0.347170305036403 1.60493854044999 8.88241805866138 17.6655997743902 22.573503598472
1.0727577845537 0.570066572803186 0.473901371792085 5.68115536789111 13.0891508429577 17.3260963571545
-0.0230331314769263 0.684057948160993 3.1275396238701 12.0840176901813 21.9329377026248 27.4797653112114
1.12574933890682 2.96475410429657 7.6138704365643 19.9078782605336 32.0231293558682 38.652726818087
0.413097677413822 1.82938650508933 5.58980115949003 16.5550662419746 27.7973940675601 33.9516273011959
-0.00289966052476561 0.835463361078781 3.47472964710518 12.7530917688161 22.866429635366 28.4809638565258
1.42945628190328 3.38644823222834 8.33511930714498 21.0816212607426 33.4287006265815 40.2477381328021
1.24040571335904 3.09116726477038 7.89765469324864 20.3695032327903 32.4727342237115 39.2607742047023
0.447823924323985 1.86121699318709 5.6616481987445 16.6762069536394 27.9400627961979 34.1356314883091
1.7622662044189 3.895424113193 9.13588626817153 22.349171551936 35.0265677377321 41.9749975451612
0.823313406693793 0.456932665878273 0.611477555324067 6.20399493146401 13.9334525558559 18.208151423382
0.228430507849085 0.288497965182704 1.4639716914559 8.52638369689789 17.0556043599774 22.0113017442454
-0.0323901937378831 0.799976316127563 3.35860253618342 12.537194865599 22.6025132555484 28.1404944063616
3.85838771344909 6.76447056074164 13.3415427877876 28.6545787823728 42.9227898001008 50.4227247731894
7.70439271215665 11.3999963370835 19.8899334516283 37.9000926981418 53.6919623129697 62.3014057676308
0.377533840700128 1.76575912595192 5.47279877984011 16.3858284633475 27.5132729273446 33.6849368887173
0.0566569560392781 1.20089941064753 4.20885290206811 14.1377775949585 24.6772336043723 30.4151888827616
9.2201784418213 13.2564315916484 22.3104048058749 41.1802312282336 57.6101255082787 66.4493626283202
-0.0272778417863067 0.602490031705435 2.88859458051687 11.6391117231055 21.3573078833907 26.8241414786648
0.484026431292605 1.92452606956757 5.75574733519958 16.8704303573867 28.2179485169254 34.4325022211094
3.50913685872594 6.27782650392433 12.6987241158526 27.6848605419958 41.652421673465 49.1263468837224
1.43981700679642 3.45378043762688 8.41028151858904 21.2013824292067 33.5926168191158 40.3920725766394
0.777386138303001 0.432008518702808 0.685106050888839 6.41517991545142 14.1406672755986 18.562799952358
0.0645855820859653 0.360515320693479 1.88100017455278 9.52482384056098 18.4704917703068 23.553174254939
-0.0279491531875938 0.608809953113731 2.93112342452806 11.6975728959675 21.4029508095874 26.8994195063319
7.36630641164089 11.0322598100892 19.2923889774777 37.09396554712 52.9152985443732 61.3391853173234
0.0493273253980133 0.390094825437991 1.97391545078916 9.69918045471552 18.8001127533864 23.8719009634319
10.829014041968 15.1393760584415 24.6903553909663 44.4053670325684 61.4764755897978 70.5490319677249
0.468039337086812 0.327738382625233 1.06907951845582 7.49560047330157 15.5944126269429 20.3425894742162
2.31160465852109 4.65172903086023 10.3425679245928 24.1783116877561 37.2353214990171 44.4206355854225
6.09801850891693 9.60575469906688 17.2782925165622 34.2705654536129 49.6350976248098 57.6908699224485
-0.0374917649018892 0.555144348619956 2.69028157173633 11.221236812481 20.7640151455887 26.160545835073
-0.0298459136571477 0.564087661166479 2.77234089029775 11.3765706758774 20.9756978712781 26.4044127630354
1.13970045089091 3.04052632423392 7.69712732028326 20.0430347668635 32.2615963840872 38.8268721760185
6.29772567387605 9.77760540754923 17.6530374683299 34.7710387687441 50.0548622214025 58.2940915350725
4.74601318160599 7.78925836239269 14.9370089769578 30.9386860253873 45.4484534190006 53.3688025988099
0.901268656915132 2.64081412082522 7.06999578440678 19.0332581331713 30.9040646054526 37.4146401371909
1.60927033150332 3.6471061111737 8.76736940465768 21.7401563596937 34.2490365697316 41.1499504117165
0.0574784888488031 0.383970127574249 1.86772082197193 9.46806356684611 18.5255067347957 23.5028368340558
-0.0141315016010851 0.952398881678645 3.7023439800419 13.1768521063563 23.2704389874535 29.0055361847572
8.6850895002486 12.6339537797647 21.529885291959 40.1147771033807 56.2490525470543 65.0413604079522
13.0634467487471 17.7785913901443 28.0716260247275 48.8582663615574 66.6494813771525 76.0612600592406
0.433604383369521 1.85215921739922 5.63697424504579 16.6646770282148 27.8633128552696 34.0866058084765
0.33923442241417 0.31335345357917 1.19432968982147 7.8573764662856 16.1842829650909 20.9306009158877
0.279396364486003 1.60707485374858 5.16125191974181 15.844837320962 26.8265477445355 32.8978642370177
1.24648999773582 0.665126242586613 0.348166737499831 5.26784375786795 12.5521553381679 16.5815986364192
0.321789112356041 0.291357215783479 1.26495181096907 8.06866081186986 16.3987882759482 21.2595891437413
0.395658486543194 1.80462700094062 5.50898018882745 16.4370813493948 27.6934183241924 33.8008208514308
5.40773189176469 8.69466400652178 16.1038773079846 32.6101697076479 47.5901728803022 55.5568793908278
1.33473468152637 0.701704456728718 0.310594339876529 5.0901217978798 12.2940772660675 16.3051820587861
1.28094684355914 3.28457145041737 8.05090033161174 20.6286313479394 33.0676348795219 39.6495847888742
1.04126232099711 2.7858493878286 7.36460629787318 19.5169372461809 31.446137868215 38.0964117962922
0.29769257993187 0.312495235922863 1.26606646505316 8.04206714140371 16.466440902011 21.2357276240433
-0.0120281602159748 0.819512104407723 3.46282770937304 12.7526817727242 22.8407274169047 28.460614245881
0.855257472134829 2.67661017709003 7.07675631467622 19.0388359293968 30.8008740418839 37.3060248755442
0.0744064732626674 0.341397132045959 1.93561027988163 9.63354377827289 18.5725541936452 23.7388360862989
1.08366767410606 2.88648749791188 7.51204310735009 19.7449136906313 31.7645985966721 38.4142849296449
0.929067805049798 0.508620249454751 0.551835642210481 5.99901144763934 13.5008616792075 17.8324378614359
0.673713137053811 2.27040993248664 6.39222181116605 17.9042117502787 29.4796426275056 35.8397375383971
0.41295388898163 0.307147767919304 1.13260436561746 7.69563410148684 15.8717475988292 20.6596321819745
0.0100176633484164 0.83380299477292 3.53493851126265 12.8744476744015 22.9839260460053 28.6682048415424
1.9909211142948 4.23089913322264 9.66862002072459 23.1530590965922 35.9748046010685 43.0303561448944
0.144938442109207 1.32107660732098 4.55328045943164 14.7480316589263 25.4907274107614 31.3711503675656
12.7848983603706 17.4391844658423 27.6467256892925 48.3000146287701 65.9963965056056 75.3812167955937
0.994887592294325 2.80722014573809 7.30600979470927 19.4230561728467 31.4960824572069 37.9860264502532
10.9137891488177 15.2093229283364 24.8317557544401 44.582311833257 61.637929117552 70.7716603471875
7.44310525062407 11.0887104041425 19.475283632286 37.3031203966554 52.990068267782 61.5519035695442
0.0158840303311685 0.408801546413023 2.21987664621771 10.2550684410829 19.4877094077717 24.7196399800758
0.0498592876133226 1.06727283183672 4.01108894707547 13.763882671759 24.22924476105 29.9657334828366
1.04937219237344 2.90330438613202 7.45980566425842 19.6681044803734 31.8125180234864 38.3188164067425
2.31926866661799 4.65908245556651 10.3162504468158 24.1505693654738 37.2734441439021 44.4038190922358
6.64145809525513 10.1911267762848 18.1450007386786 35.4671089819336 51.0363055776511 59.2665263506502
0.228392186283279 0.319787841012156 1.3764950719446 8.32577468229786 16.9141307595505 21.6941859291827
0.410191374481733 1.77169097729886 5.50990266332109 16.4199059263519 27.5862022535121 33.7797392251705
2.81834200871155 5.32326648069709 11.3485042587843 25.7022046998491 39.1331120843669 46.4825912007617
13.6964695112635 18.5075564103621 28.9366422161698 50.0121996658116 68.0727860545999 77.5413620971709
6.55667380838318 10.0853172683274 18.0313873083817 35.3097943605315 50.7776705723196 59.0325093224164
0.641324345837534 0.367641132660531 0.831190269735355 6.86011205758521 14.696276486345 19.2949251536705
-0.0129852969843032 0.455312427975102 2.28066118435838 10.3960612796502 19.6878358159241 24.8971424316728
15.5739909372018 20.6321244116205 31.735660805109 53.6516126921914 72.0207133862115 81.9082371368383
1.82728449592116 3.97486252954239 9.26577818146252 22.5010561126755 35.1960953576631 42.1770261903768
6.67619806402667 10.1624838035032 18.230083391605 35.5872751775516 50.9518024564306 59.3487964023423
3.26452564200829 5.94723175618227 12.2407695798568 27.0239244076372 40.802557593067 48.2354939301346
-0.0110937973149663 0.515890100391616 2.62618981244924 11.0823361898339 20.5602664521596 25.9643136194089
7.43418262044185 11.0840816057008 19.45258160267 37.2970407248483 53.0026734274139 61.5376163039744
2.65639002408964 5.17434272158596 11.0960027292349 25.3205066171047 38.6970679775939 45.9268902337742
6.95897962275422 10.5770341336728 18.6639156663107 36.1869867188563 51.8863187452046 60.1835929111526
1.3452673591482 3.33053019296751 8.21482553019075 20.8943517341607 33.2221025532591 39.9637631371206
4.03334223451765 6.94153934969006 13.7345320202824 29.2121813170675 43.2595517356203 51.0236744561486
15.8292856791062 20.8945140844908 32.1176775752702 54.137176565835 72.4880418375842 82.4787340199843
4.66778617838867 7.75869575089347 14.8558316404799 30.8323833397852 45.321129535831 53.1686162744241
4.36354054613503 7.37354966924924 14.2837232693882 29.9963497700922 44.4043772608624 52.1487820630768
11.9600224539097 16.4385489728293 26.3776976294532 46.6335298206468 64.079495320642 73.3569652845811
8.35472777605972 12.2366533726972 20.9313196537586 39.3279260011464 55.462881383638 64.1220942842586
5.58960837540483 8.89067430783806 16.4046893164042 33.0317133427444 48.0496411916362 56.101854405348
0.735399006787868 2.35884215142993 6.55650040440302 18.2065703365511 29.8152900733645 36.2604502485841
3.08758520895554 5.68802850182387 11.9048888896985 26.5283622396832 40.1357740573386 47.5671201788265
0.0378527270728621 0.389398735304172 2.06134173100459 9.92453645543021 19.0292230877602 24.1898604867883
2.73039429869391 5.19003245773337 11.1630415335981 25.4195673253556 38.7805707387283 46.1094208845672
0.273020146833798 0.298021115368647 1.37577308477836 8.31123144240338 16.7239315607169 21.650818587412
6.68444173028587 10.2364677345406 18.2536288700738 35.6358441789234 51.1054115263151 59.3969600853881
2.43990859438891 4.79393196699653 10.5746582960154 24.5243188994812 37.6583550277224 44.9067724340882
0.255814814082518 1.53161479993647 5.00811079887996 15.5490781878533 26.530353778451 32.537877843944
3.33237543018623 6.02002453815853 12.347960241513 27.2076523202437 40.9384362484215 48.4539309731089
2.73098216827529 5.20005325438166 11.152629819071 25.4252791815666 38.812370868446 46.123581417106
1.72995811524963 3.82372415300711 9.04158897825959 22.1853802018059 34.8289289451697 41.761357193611
8.23513930675931 12.0325043523829 20.7419115713675 39.0489830609357 55.0242574287036 63.7577719666389
0.0210899212423809 0.856058797735022 3.58106749913215 12.9820095511475 23.0916008676315 28.8038409908139
2.71656586750264 5.17273798973035 11.1539958420087 25.3993144220503 38.7217886516462 46.0707446247416
1.87610045758383 4.01265475591959 9.36584590005234 22.6794502714278 35.3626200583714 42.4137195415416
0.0655915577033684 0.988251603949396 3.88082278162091 13.5407698384281 23.8138268235881 29.6115790479087
1.27373307759397 3.19615581144211 7.99436739138189 20.5091477099085 32.770711287256 39.4813628794849
6.428836314256 9.93333767550714 17.8073283070996 34.9973383217005 50.4551319030708 58.6513383346241
7.49669112853106 11.2527535657595 19.5598293745717 37.4286981360921 53.3525223617245 61.7417284682207
2.00685829805796 4.25796275648212 9.69306326260624 23.2065018638796 36.0852881515139 43.106780153833
0.694492518915803 0.402367610423852 0.751955050298385 6.62007663919466 14.360868989058 18.8918000739234
8.27228860055943 12.1295186966765 20.873192820313 39.2398217807492 55.2056018949342 63.9170567536345
0.116913002978371 1.19717489786204 4.30198245156437 14.3223174777743 24.9174186443589 30.7705423349292
2.8097394878752 5.31742645181746 11.3727983751963 25.7210865741728 39.1003740551066 46.4807918603401
4.02422835231272 6.87418627434625 13.6478086152056 29.0877528108151 43.2231386497365 50.9526321621687
0.361333153307836 1.65152198683946 5.3117723423373 16.0735988155294 27.1003058832678 33.2848511296128
0.109910148544817 0.32814518819931 1.78528914361162 9.30051390299617 18.1407026328393 23.2080001685776
6.66871126058923 10.2240627089554 18.1890164656555 35.5282293264451 51.1094687969491 59.3451608093657
3.34364537767317 6.0252384880479 12.3419766086494 27.2039823205861 41.0066103237068 48.4800882546384
-0.0394511854352489 0.583690185144183 2.73076579662096 11.3059107219763 20.927697058311 26.2981248985761
2.40944539055895 4.78830462334815 10.5119115369209 24.4493737027889 37.6391686771753 44.7999161926254
0.136408000365773 1.18550814803755 4.31753053255109 14.344432034022 24.8700421505157 30.7801667090299
3.51216232476877 6.22225748362042 12.6866167816422 27.6845561058018 41.5499799784511 49.1097896286808
8.06649989431826 11.8900515837381 20.4414830332238 38.660782844104 54.7405081548773 63.3141860253215
4.25816458362746 7.17960629527342 14.0586489804682 29.6930399531884 43.9877121833904 51.7505017676328
4.84219334779551 7.91478576582136 15.0968950130537 31.1757848281589 45.7746301481168 53.6939900354354
2.98522923826873 5.58511485529114 11.6963240945402 26.2369741843278 39.7699065617798 47.1591054245863
9.781908522509 13.885817003461 23.1055632589456 42.2801492348821 58.9326933013354 67.8715129867271
-0.0112481463868289 0.740899264730913 3.26743218297349 12.3709620274428 22.3172929909168 27.899267596354
6.89142197929821 10.4626359809926 18.5131973198339 36.0065376270337 51.6390979891154 59.9562241865393
4.76660398149577 7.82245951988051 14.9720002671037 30.9854402981746 45.5236236084372 53.4357247140064
-0.0320515325771546 0.528641224971407 2.62883560900125 11.0853815636575 20.5930089905423 25.9523262538183
5.92484540908289 9.31138009230292 16.9854015863946 33.848587190459 49.0314395205156 57.1514561965865
0.134645992559154 0.305204168611938 1.69944005076553 9.11989218977907 17.8904339723975 22.9416188774082
-0.0497462603927592 0.642882226712276 2.92042833432461 11.7004555881151 21.5133457809888 26.9013464210549
7.95608146404141 11.7878271738186 20.3720651043925 38.5504818610213 54.4496493948656 63.0515219040649
6.4710057680316 9.95073915647324 17.8900516725502 35.1077409536508 50.4827114006455 58.7653969311507
-0.0131374791226994 0.522463703309163 2.61553898534992 11.0577346305795 20.5144413766595 25.9271232400352
1.30129990750386 3.24820298744766 8.07224309288561 20.6659485456243 32.9250649513645 39.6606617108513
0.599920580232371 0.387024764297196 0.822680454948602 6.86528130815017 14.8812604967583 19.3281236678866
6.43106561500826 9.87117066616586 17.8033428972857 34.9977911321822 50.2961263044485 58.6231576018351
3.34661659692584 6.05938417573388 12.4341140787104 27.3097071375129 41.0313088723332 48.5519463791084
1.42176255426857 3.43718501882392 8.39335773301282 21.1773462810278 33.5728679706587 40.3533743404486
6.50630286174295 9.95640811936067 17.9433135614981 35.1891019507128 50.4855694869128 58.8425325420844
4.01773167679971 6.8712876128365 13.6269229072615 29.0624022780847 43.2167876354763 50.9212111860848
3.51048483656847 6.24950882411444 12.6834376567426 27.6708863190532 41.58482691989 49.1060068032146
0.0416227699539184 0.381476955628094 2.12598395093202 10.0202352450205 19.1137472102876 24.3479416825219
6.23475646828529 9.67206325696611 17.4946817221448 34.5600552409188 49.8528856027777 58.0691866052014
3.25017349942213 5.94629225033779 12.2249071302586 27.0022891158305 40.796678216341 48.2026527864374
0.827511488105653 2.52762534541427 6.82964957223755 18.6671128232056 30.4430981756315 36.9077353938696
0.165422411827797 0.319377881643156 1.64852799648542 8.94893848996799 17.6866889224061 22.6890609027611
0.206429991155016 1.39106029620852 4.74806345345201 15.1256339106152 25.9010233442136 31.9046382778416
4.23279912622468 7.16405506292931 14.0179537438097 29.6345953308213 43.9132033793533 51.6582823146322
10.3465592799727 14.6741166842962 23.9932201400531 43.4522955177222 60.5154826737568 69.3788042751197
3.71338909043092 6.53340752261775 13.0872836737766 28.2514642504702 42.3058679031804 49.8660849706457
6.0217833588675 9.39658360816762 17.0952345715266 34.0131836830311 49.2623095861925 57.4022662501346
2.70914128765881 5.22726182112627 11.1619600660892 25.4103534341292 38.8597134391903 46.101450254662
2.81305739490078 5.38839008578147 11.3496369794127 25.7013621832564 39.3184600705488 46.5173200801238
9.65137808295283 13.7173621579663 22.9368999535755 42.0388380253042 58.5753517355591 67.545079435932
4.48019094613399 7.59553296611496 14.499764009613 30.3128458960339 44.9342847165016 52.5881762947205
0.70876942644534 0.405145599925847 0.757687446639475 6.61957345385922 14.4503522732804 18.9159870791549
4.39072225549406 7.38050234178207 14.323160444369 30.0735175949109 44.4309106082324 52.2137634605028
0.780603139478302 0.433601818764451 0.671977220376256 6.36471772914217 14.0939871937411 18.4854138660458
0.00791833803058538 0.42518919085191 2.27653022147587 10.3798165258495 19.6630857314461 24.9126197791023
0.843692315408899 0.452604981465118 0.650630968128621 6.30158738635985 13.8861723639284 18.3591153053578
1.19687081158712 3.0774221820222 7.7925971424017 20.2216149995298 32.369319673553 39.060732403456
2.68850662433242 5.14526126617625 11.066160386202 25.2819318131866 38.672160535344 45.9428720462515
2.62758436153068 5.06061094411147 10.925169863669 25.098373107866 38.4311643555299 45.6888812610669
0.881153537727297 0.470178877882167 0.618322248534513 6.17789411288393 13.7564575868442 18.1684678068171
0.325807996066817 1.71023859515692 5.30280258696078 16.0921622388437 27.2914032301035 33.3088750295847
2.91389623560528 5.5037974776351 11.5383081037652 25.9790322451557 39.6321865981761 46.8887124288734
12.1563965586627 16.6937574926571 26.6742390507092 47.0157751595975 64.5413962031372 73.8374484951267
-0.0122703354528157 0.894736977935698 3.60798576263357 13.020130190289 23.1606060420113 28.8198001817386
0.781011074439287 2.49260137074572 6.77870947066054 18.5737254170821 30.2874355217576 36.7436465533424
-0.0156230453466851 0.682242520945083 3.10629911187634 12.0479997110152 21.8220665334842 27.4014491965261
10.7110697890892 14.9697079340183 24.5531128800318 44.1964522588605 61.1423321624848 70.2681697323164
-0.039100069239151 0.593152423089336 2.84662104553794 11.5435604127529 21.1853700943537 26.6552389184773
0.601896145353179 0.371217214535233 0.849364391561598 6.91566525168208 14.8240709048214 19.3832554907422
12.069097531074 16.6287399995834 26.6791599397103 47.0184406699168 64.3589980493683 73.6908285240286
6.09434526704193 9.44962531829928 17.2498178870122 34.2150810590309 49.3276803562029 57.6101766179456
3.27750295795042 5.91285674968632 12.2515522027927 27.0364653383294 40.7302693433704 48.2469068813399
15.1227513493414 20.132959814954 31.029465845424 52.7533618234648 71.1054491651229 80.8615426183951
-0.0406389141232717 0.678429861878376 3.03129005902949 11.913812054766 21.7900639046626 27.22736543231
11.9616850741278 16.458261527523 26.4015143329099 46.6655355320675 64.090932422244 73.3698535604564
0.337325358663988 1.66653646200026 5.27515490824203 16.0085354294674 27.1046066056958 33.1913627202122
-0.0156027484977894 0.847103701812441 3.48636599599476 12.7802201774565 22.926815507672 28.517263591443
2.28486965742688 4.63517354590912 10.3050291777078 24.1242285242002 37.1577916141336 44.3322400138222
3.90521883253738 6.75431616175138 13.4184983614425 28.7394289976343 42.8701219778044 50.5183728076786
0.961044730849074 0.526771357390106 0.504261751434336 5.85358700712342 13.4338557740582 17.609708000733
0.166175717104347 0.312867121474749 1.61855755422118 8.90579511861465 17.5823553623735 22.6063893578705
4.60476571049926 7.5916779035348 14.6752921364273 30.5567466991898 44.9345480837274 52.8655618102156
0.437147322794072 0.320657000698877 1.06210062279074 7.50947317046751 15.6515865949086 20.3650025278136
6.31668329323235 9.79125075775243 17.6494354963403 34.7940130187655 50.1111353973345 58.3217372242421
12.4639440233866 17.1488806366173 27.2036010330292 47.719393909347 65.3808832273002 74.6401471718995
3.66945283439908 6.40857593589601 13.0061386115566 28.1297888728993 41.9902404790449 49.6740588784046
-0.0076118538521273 0.81088507785809 3.41447641768403 12.6400176929525 22.7175811473176 28.3158431960099
9.85182760888605 14.0853355449398 23.2470051193249 42.4499680735678 59.3270477796258 68.1163349821985
0.582197175239036 0.34346980018674 0.898759549635081 7.06164766033949 14.959982416229 19.6219435054263
-0.0313621443433917 0.718016207219542 3.12295949869505 12.1094009262327 21.9655886906824 27.4953329122067
2.75795439190978 5.26667193438348 11.2668883014191 25.5614252091448 38.9528076022594 46.2756565631821
0.155470954841933 0.359890487335032 1.53910875193977 8.7214112104876 17.4767059407455 22.2995009843764
2.55336675224945 4.95869537233345 10.8371988565513 24.9133864482073 38.1012561287045 45.4114451305316
0.723750861728858 0.418374018966991 0.690714675360912 6.48225716840357 14.3615157483878 18.6991637605842
0.456924107175937 0.375172886516204 0.959362210764381 7.26740002788061 15.488328842737 19.9748365112762
0.195200284843215 0.364257831438117 1.42724769869093 8.45231013479358 17.1292517498959 21.8661220497758
-0.0410246432294994 0.460409046554995 1.94842814506854 9.62104154118746 18.7265302339491 23.5577121801441
-0.179655172713287 0.635446024542397 2.59722516102439 10.9804924754565 20.5473232958475 25.535007540338
-0.170910000961958 0.872875190157143 3.28948716084494 12.3670958648619 22.3854926941921 27.6152545400942
-0.0380702118955602 1.16143932095781 4.02578975474485 13.7733872727067 24.2158029290666 29.7567986017175
0.135854023632883 1.55361578900988 4.86269440750197 15.2625990199702 26.1052958957575 31.8813741782319
0.348493677935681 2.06198271833715 5.86530568900431 16.9846657503049 28.2627607840054 34.2396836859819
0.671588493835523 2.47677320382672 6.68931089145863 18.3770559531632 29.9623454411639 36.2921718685504
0.967129170406367 2.85622511999616 7.38645438895633 19.5546440927799 31.4636685844472 38.0309900751279
1.19843824985291 3.32358319302542 8.12842508086238 20.7573885183673 33.0639892505312 39.623435915098
1.51158372349311 3.82191198586308 8.92557806567886 21.9990826735007 34.6299111101491 41.2763449461729
1.9848095073832 4.50577639978747 9.98970329163746 23.6433158721763 36.6707585975748 43.4849177683074
2.65240739196623 5.30879370199721 11.2389308071064 25.5397194759838 38.9510888231273 46.1110310722094
3.40125426096748 6.15794161344804 12.543487627149 27.4876720124788 41.2568448504141 48.7765567384471
4.09119179828842 7.03083112939713 13.8622347446561 29.3954614981335 43.4779656840853 51.2466355277005
4.51351430796765 7.805749082865 14.8957339262576 30.8857127503426 45.3869400961465 52.9983834691356
5.13184209133382 8.80160766375061 16.2687560865136 32.8532842559554 47.7973147067632 55.3577895633868
5.89620355019191 9.63613643523626 17.4103147751983 34.4508063779849 49.6988168782994 57.5134415877303
6.92737056056379 10.7293694049963 18.9299033912058 36.5591071603649 52.1373199192029 60.3384544745021
8.14829970510598 11.9992141682165 20.7009378218801 39.0015554469297 54.9204561141308 63.5929081052521
9.25701713720908 13.3230090379878 22.3895330312556 41.3094404845397 57.7055913765429 66.5596756271406
10.3972387652138 14.7240173721117 24.184581614781 43.7170336477149 60.5498805224487 69.5514172005367
11.4867253242191 16.0387520099758 25.8891452129778 45.9815101363422 63.1789865908206 72.3361640040211
12.2759874119847 16.8911126558473 27.0184549834794 47.4613003980829 64.8601939408688 74.212214079846
13.2733858056405 18.1466667749421 28.5707918613063 49.4970484346416 67.300211819655 76.6807694594814
14.2188853410072 19.3392174434494 30.012330907702 51.3920759172569 69.5790070923907 78.958526749052
15.2636294931509 20.4988159671152 31.5002572672602 53.3379032732375 71.7571794575218 81.3504591558954
15.8807594562025 21.0013394357056 32.2457516874086 54.3003810410779 72.684964835882 82.6353877773552
15.8130812381635 20.8779661255644 32.091503436308 54.1041666010124 72.453079668979 82.4375693737944
14.7228115126097 19.777987614337 30.5427915255572 52.1131916487408 70.4021668107534 79.9896276063259
13.4587446496839 18.375287797367 28.7362385620905 49.7427741352353 67.7226567700346 77.059551819874
12.2066038652905 16.8745582436322 26.8432260071465 47.2411322886513 64.837781519441 74.029806223267
10.8224824234488 15.2487968030616 24.7285310755156 44.4334411990485 61.6501911841099 70.5839644881485
9.79344983751172 14.0329485372257 23.15967058446 42.336319818998 59.2241282298153 67.9779130903753
8.85420629364488 12.9512445014708 21.7850083609083 40.4747501503152 56.9555672547662 65.5466611725046
7.7751752516102 11.6261792748946 20.0372443452356 38.0868734853926 54.1483223372378 62.5539612893748
6.79330276529049 10.3799693680291 18.3869261538372 35.8049912357691 51.4619309836033 59.708926858788
6.02886270888137 9.4639072839307 17.1706119660643 34.1112299992057 49.3921460838402 57.4956284264072
5.29491521983004 8.58486971164554 15.9280589130732 32.3649513055081 47.3316716558772 55.2340894867053
4.51762738690401 7.62656371857237 14.583981910841 30.4390607594559 45.0169338538857 52.7157616980757
3.76969058727855 6.65459152350103 13.1755549002895 28.4172380341865 42.65438250276 50.1167283504864
3.24627187250531 5.98927448236333 12.2433774014702 27.0406251728917 40.9153286046494 48.2526710752405
2.66614623876343 5.37270749306089 11.3126777141609 25.6443713028562 39.1854090718634 46.2435408203126
2.15098272281891 4.77907041433907 10.3818608962595 24.2296250414808 37.4570621767637 44.2565761323333
1.63132946159072 4.05263350057644 9.24104472884738 22.4632786506432 35.2864071780136 41.8778803881291
1.18891693863545 3.26406413066772 8.00640686130022 20.5302192355064 32.9116863263002 39.390856216826
0.891548677868492 2.68577254273632 7.07290935733647 19.0534882009646 31.0737440029931 37.4655558215075
0.59263697488987 2.32955565033376 6.44237463473107 18.0034789883088 29.6724148208806 35.8760277185632
0.329227392077477 1.9213378881318 5.67746271516638 16.7093566121589 28.0423045236632 34.0346669746864
0.146554049576243 1.52818222992451 4.91854734918166 15.3902006423668 26.3663736401324 32.197228265453
-0.00275276126048982 1.17791124762265 4.16923822616231 14.0460015268468 24.6320001464093 30.2681580714672
-0.0582592184269849 0.79486199744975 3.28007034218162 12.3771056913751 22.405795975072 27.8590426713405
-0.0786383395018903 0.535672473013488 2.49923395222066 10.8253446071354 20.2975148931718 25.4907082299963
-0.0763240916300181 0.51128848158759 2.360281126977 10.5463421672724 19.9142793354485 25.0448572857041
-0.0985858797787502 0.691342689670008 2.90353726322562 11.652013279123 21.3716973069952 26.6975587458191
-0.0202649833404208 0.919581334304378 3.61547764603101 13.0145322676594 23.0516180889943 28.7704544662601
-0.0243138993678759 1.14897519055201 4.13268166876214 13.9679382331835 24.368122541034 30.0716279093549
-0.0162966125404141 1.45869929922521 4.75551651326253 15.0967777848525 25.9146447732862 31.5723021998888
0.169402403842857 1.76922330168391 5.38195552638789 16.202616833586 27.3257084083094 33.1874709683773
0.471981831545049 2.21413276043422 6.22512188592652 17.6475088858268 29.1545375005894 35.3001471317161
0.877443443572569 2.74003510761442 7.17700764884215 19.22386481401 31.1296723891057 37.5937480429386
1.32511238801423 3.33046484050187 8.19651218565572 20.8626731603141 33.1754841842357 39.903233623906
1.8025565359131 3.98925256387747 9.27732906131506 22.5537725306738 35.2509400931081 42.2144768625922
2.29363638283568 4.65523407136471 10.3406204504499 24.1746874016778 37.204699224272 44.3908461725621
2.77372441412056 5.36920563885957 11.3860808167337 25.7575514331595 39.1784451353126 46.4553994375843
3.33242532712933 6.06306832989351 12.436081967439 27.3099692899708 41.0225975641627 48.5296355746559
3.89154657447156 6.84860787736715 13.536228973633 28.9237867315296 43.0231687062236 50.6186615060405
4.5400851992705 7.72116874896933 14.7620414331557 30.6979443624319 45.1768754237788 52.8988253674702
5.31747801829865 8.66419011057762 16.0991703383951 32.5878076311099 47.4144196015876 55.3589926650644
6.10779949238382 9.60710851449695 17.4146927970379 34.4323948233946 49.6248762848096 57.7843208797328
6.93487889894284 10.651051608579 18.7883288116137 36.3447830487954 51.9703772811926 60.2507750447379
7.92125576695544 11.8270179140587 20.3586780063253 38.5184319750905 54.5390570442502 63.0273726701482
8.68549086635294 12.6379000836761 21.5458386378107 40.1253887786797 56.2413562779604 65.044686037693
8.80260335010195 12.8293887868458 21.7879032098531 40.4663132556875 56.6423291813868 65.4170574037584
8.60026340249943 12.6300181243391 21.5058169701418 40.0913087492037 56.216535279583 64.9072247627824
7.99497314332112 11.8538054721521 20.4626635767517 38.67186805904 54.5800389194844 63.1809445147612
7.08467260935484 10.8135937455449 18.9831328439431 36.641320533254 52.3271418503557 60.6410017824496
6.15482295819437 9.6788909920999 17.3799220649074 34.4139376724664 49.8015874143913 57.8704136031047
5.27892275861667 8.63437674443751 15.9110778319665 32.3281638055281 47.3577601465709 55.1702961200191
4.51569075511954 7.67358020614929 14.5875682115283 30.4381357286309 45.1036859646788 52.7333495390431
3.82551107339185 6.7648398930102 13.3466614387688 28.6341364896566 42.8637659798163 50.3542231132805
3.16099942602894 5.84590848950225 12.0299608110389 26.7088944076842 40.5390943900407 47.8516221742258
2.58947989653151 5.11431644530331 10.9316314420653 25.079169599642 38.5651805542927 45.6754460003596
2.08883541909304 4.53391880286297 10.0235819213567 23.6836045592138 36.7970850229881 43.6805178341609
1.53080715924556 3.79464164981165 8.83587565632065 21.8641015025055 34.601350267811 41.2169559970071
1.20800888214821 3.1778076838505 7.86803513639205 20.3426144803051 32.7310390470329 39.2678250502221
0.899252713517856 2.7456939530625 7.17627060230716 19.2044687089067 31.1965857315716 37.620428570857
0.563649444391461 2.28063851342721 6.33372315072638 17.8266137632091 29.4690763667207 35.6512670315343
0.3220905053361 1.78994979864793 5.41810668294856 16.3070206218579 27.6123263792407 33.5859402083413
0.123157471848881 1.4023446665951 4.64041707526059 14.9404234123154 25.8627566926189 31.6410169937909
0.0158517049761136 1.10499609637699 4.01655351847778 13.7742173595099 24.2806449162423 29.9322205989268
-0.0413170509311143 0.79197313324614 3.32891184415329 12.4873748152082 22.5668172160464 28.0793311344028
-0.073767310381593 0.598676811579661 2.74149105079562 11.3545831395253 21.0963993140684 26.3623540456772
-0.0787226008412878 0.499270246890722 2.30424182507818 10.4324938047875 19.8413668817637 24.9038814915167
0.040241266122091 0.395783645194698 1.84456392514752 9.41916750187611 18.4890016376924 23.4008114271919
0.162833116962192 0.353692297067845 1.42317624331251 8.44492398883595 17.1572076967415 21.8471424415932
0.306719872779339 0.371408199525412 1.10951235845165 7.63972420374437 15.9881796580468 20.4869945959645
0.529967034572286 0.437730271334554 0.805837622537212 6.79230955586122 14.7732849039928 19.0574560586242
0.884529367101159 0.520404440938919 0.52573418542162 5.94528872832705 13.6025849706112 17.7260339358468
1.11585636856078 0.615027184381072 0.400777389928787 5.47151940848025 12.8884334332693 16.9506259674338
1.31241076763654 0.712116665781813 0.313506333078479 5.09397943332071 12.3124300020717 16.2955336362185
1.37762186244754 0.741822788744763 0.273515411423155 4.96913751321746 12.1589201314829 16.066072120043
1.26128997084643 0.729819809547187 0.295634817868044 5.08335727333569 12.3252732807475 16.1772549989087
1.02483305779115 0.684565765343297 0.385267878181421 5.39537725917639 12.7331020948774 16.5955990183927
0.904546711171244 0.604069980964649 0.477542378476286 5.71001412018638 13.1912939126549 17.1757271816961
0.87489338435692 0.497785667653332 0.548030210139898 5.99714202279549 13.6510203970486 17.8217399683151
