-2.31776488143899 -2.47657912124123 0.411590491056573 3.61777194887425 0.545155781294951 -0.656279946397491
3.84140006837985 3.90003720201431 -0.732198334111636 -5.78840852227606 -1.02288047685751 1.07839938597994
0.0589335414741044 0.0493306754301666 -0.00965678545607479 -0.0849259836667034 -0.0164700208964054 0.0161163715255192
2.08156624180106 2.23497873951384 -0.365494310209269 -3.26748962652128 -0.468269031825599 0.588985433791327
-0.359494433489979 -0.36124930329233 0.0701162131761409 0.539896305631999 0.0925474224300246 -0.100548589505458
0.982416278143558 1.01359081742431 -0.175752751207267 -1.51383223972715 -0.231180075628852 0.276000121766202
3.67713455709281 3.77518059799482 -0.692667533220338 -5.57944100255203 -0.95932011592733 1.03440384108948
3.39760343578003 3.54518224735866 -0.628359884272061 -5.20945678724328 -0.856340774303976 0.958427842379378
-2.27718463619773 -2.4307140450442 0.404890977870267 3.55284187690327 0.535290695968521 -0.644588919216491
0.833470287736521 0.849885851389609 -0.150187468212494 -1.27657457506844 -0.199990120739867 0.233745192710055
2.13235001167857 2.2903991722122 -0.374736133765025 -3.34707806260766 -0.480570045392373 0.603468066084608
3.84841164499207 3.90564512263434 -0.733793613975111 -5.79754678862475 -1.02549436633962 1.08027764300273
2.61134633986715 2.79875718658623 -0.464533028321055 -4.08320935170795 -0.605113917762933 0.739284208311151
-1.18228461464127 -1.22607375496327 0.217962155012159 1.81710902469179 0.283880493367545 -0.332670052467975
-1.37877071806777 -1.44288072671909 0.251421140485136 2.13039039182496 0.32652998952593 -0.388639325295763
-3.55737489794381 -3.58598204153058 0.668348210488963 5.3490754262568 0.956458928734847 -0.996894673699059
0.947748375644454 0.975181882181896 -0.169850114870274 -1.45836064281166 -0.22404098565363 0.266152636783795
-0.72394026054803 -0.737964103210895 0.136361473156194 1.10036663371042 0.180004743939903 -0.203112940279592
-1.81088799218997 -1.92854963067245 0.323417059611468 2.82524711460718 0.419944852117134 -0.512239011961581
-2.17473572227259 -2.3273562497044 0.385740932622791 3.39916072661076 0.507033446767487 -0.615892478300093
0.143029602720155 0.136447254584396 -0.0247289621654825 -0.214494205456761 -0.0365419892123363 0.03978459301816
0.163155441828062 0.151606427983648 -0.029450866215203 -0.240589030302873 -0.0436352655533223 0.0451744302766402
2.64860578895097 2.8374315959147 -0.471726122441486 -4.1396061674791 -0.615384346567005 0.749828199432085
2.88058482722355 3.06895383004141 -0.518097068593229 -4.48197272193352 -0.684329976768794 0.815031182474315
-2.43110464929505 -2.59281767407661 0.432362777032411 3.78901207739802 0.576706150279233 -0.688200186053467
-1.81872130415533 -1.93750420198655 0.32468308321282 2.83792224942734 0.421679076022832 -0.514489727746657
-3.64749849401718 -3.65286502626826 0.689441416256341 5.46332361955132 0.990792370772937 -1.0207710488845
0.732829416268582 0.742274308094082 -0.132454023569367 -1.11874169107727 -0.177693084414226 0.205321377023462
2.6855828560332 2.87335421978391 -0.479259241717587 -4.193298830052 -0.626768578732626 0.760155606235643
1.86030036681428 1.98934651677043 -0.32656347253649 -2.91636581342392 -0.418170873931388 0.525916612218096
0.108623242189181 0.104531937208045 -0.0178132821692228 -0.164703385771862 -0.0268332067552597 0.0302788674402383
-0.786866440611274 -0.804189129577195 0.148260257921068 1.19815839118238 0.193671475357762 -0.220758062457
-1.73902000921691 -1.84593084837198 0.311828753472092 2.70835876167695 0.40456125274264 -0.491563415253909
3.23189035597463 3.39949877523874 -0.591841898602629 -4.98230789744416 -0.798440705099988 0.912843963739953
-1.99297524007416 -2.12811018662705 0.354708010982847 3.11279193207174 0.462786288738804 -0.564081688552597
0.397462266760902 0.386113980930462 -0.0731326940937834 -0.594575574528583 -0.102543509223623 0.110688925227962
-1.52487932687738 -1.60511791393427 0.27616423303609 2.36396267513328 0.358203204073162 -0.430300736768472
3.80098824762603 3.87024579925081 -0.722338792627466 -5.73773385341314 -1.007063438541 1.06765333587414
-3.40411190988396 -3.46701040830467 0.633276527065571 5.1505844442289 0.899026333587186 -0.955821456830055
-1.42951240596747 -1.49898529348754 0.260063100122117 2.21133141665407 0.337560531505871 -0.403093143253138
-3.2231918402874 -3.32016936140053 0.593050143971159 4.9109518494711 0.833140004669494 -0.906928113205874
1.11922578708602 1.15778006186219 -0.200246377525231 -1.72640282576963 -0.262791253884665 0.314576819709323
3.79745817982439 3.86791692364876 -0.721319541430824 -5.73352658754004 -1.00550836790315 1.06668422788837
-0.432758159693451 -0.437898362113538 0.0837919120549011 0.653356825017502 0.109179777675878 -0.12115683355187
-1.76484886779944 -1.87389532986785 0.316326964073591 2.74894373959462 0.410527286531264 -0.498877323766135
-0.360785815597776 -0.362224937808006 0.0705481115647503 0.541595334014441 0.0928035229394589 -0.10087814862076
-0.236994488151998 -0.238210742974707 0.0474375402595187 0.354558475149475 0.0615347219604459 -0.0662351073861275
2.86516928219742 3.05403515121019 -0.514938763993355 -4.45964752551713 -0.679525918416828 0.810722753685084
-0.625636793621229 -0.633467059686639 0.119150616418102 0.94678361005431 0.157247085951647 -0.175281102851635
-3.28000785667532 -3.36927668986523 0.605062742600171 4.98869246744037 0.852846935177755 -0.92242660235563
3.50813172507239 3.6391028669028 -0.653287456971822 -5.35818734955677 -0.896233500755611 0.988669492215122
-2.19689157063009 -2.34576604556301 0.390612680670429 3.4290802133074 0.514379524804079 -0.62185648073523
-3.53208593834839 -3.56661798301493 0.662478232995947 5.31653047976008 0.94691778845807 -0.990125840911664
0.164174721763387 0.16464295854628 -0.0273370774193418 -0.25252218479041 -0.0388051667026926 0.0460000467421062
2.79837867855159 2.98436393389325 -0.502029579524272 -4.35847260507631 -0.660731829330617 0.791745852749179
3.19102312801512 3.36261979463574 -0.582998460248417 -4.92547961438064 -0.784513335517486 0.901549245458098
-1.6580395864563 -1.75679727867258 0.297937656844496 2.57984689923268 0.386279726538337 -0.468511993353282
-1.10165388399339 -1.13848339253464 0.204066320903926 1.68962440814651 0.265875284829981 -0.309750599484609
3.86846013469625 3.91915938503339 -0.738974012588729 -5.82170156720029 -1.03363770977387 1.0855447655154
0.582598382028525 0.576653886804071 -0.106830012572133 -0.87880455192466 -0.14661436869101 0.162663139333549
-2.78412318695827 -2.93438981316059 0.500790384018813 4.30419809538398 0.683985718069012 -0.786596923822371
3.51341383545518 3.64299861944963 -0.654491411158143 -5.36482006208349 -0.898210419028115 0.990040296734756
-0.777103367636744 -0.794602476756883 0.145722547072416 1.18354292402355 0.192145627539633 -0.218159006492105
-2.17335250958741 -2.32325105373091 0.3860577908663 3.39487054618942 0.507400314264418 -0.615349794573322
3.27572074649248 3.4382733065433 -0.601434358664329 -5.04261240134175 -0.813629023341237 0.924908826318661
3.63058430517795 3.73857670501544 -0.681678652706432 -5.51921633622605 -0.941693677698309 1.02186474258312
3.1350344263728 3.30776901100624 -0.571479817656451 -4.84401575534642 -0.766728044785333 0.885766713319798
-2.07797023815907 -2.22000275321717 0.369493478184044 3.24574499628536 0.483622890398531 -0.58822088926858
0.162898044925593 0.152152394102368 -0.0292451147611834 -0.240893883157423 -0.043252560477317 0.0451422965189415
-0.816508824068844 -0.835963084539205 0.152856266287283 1.24468968120098 0.201227947744538 -0.229265824919071
-0.759294627034135 -0.775545679193661 0.142608022902262 1.15561135856394 0.188098961083189 -0.213113794746333
3.57520554013884 3.69406679472743 -0.668762059664552 -5.44676568107282 -0.921052560219203 1.00689180579759
1.05066851569616 1.08092314325471 -0.188679537634266 -1.6160310811117 -0.248874357559558 0.295045688697436
1.85718764141999 1.98624984952279 -0.325936027244333 -2.91172888621234 -0.417273369249576 0.525032974756715
1.60280248840923 1.69991106380958 -0.282290454948414 -2.50354499406729 -0.362888325594254 0.452397241579558
-2.11472903660241 -2.26351954744664 0.375122539714661 3.30633414309011 0.49161304456236 -0.598888181438773
-0.125521083240115 -0.131254293107093 0.0255049975464091 0.190163343497674 0.0318336444396838 -0.0352988124230322
1.57346677793353 1.66781974729324 -0.277118190106139 -2.45719467675933 -0.356268430694346 0.444053390662082
3.69103715234178 3.78661525352796 -0.695847826425882 -5.59779024313275 -0.964577499767369 1.03819489170335
2.13284056521334 2.28981966858125 -0.375031404645508 -3.34680998247781 -0.481261045995196 0.603556437118887
-2.68280757267715 -2.83623637032891 0.481164438883046 4.15646711124184 0.652639166735987 -0.758296043996486
-2.09134620694011 -2.23374630732668 0.37192653492155 3.26604564929559 0.487146555597879 -0.591969469441037
-3.75034790680449 -3.72533019730583 0.714297307488195 5.59049527482103 1.03120269752158 -1.04781239465172
0.0916628254699839 0.0816119831191415 -0.0158416883033302 -0.133948281254707 -0.0249405149155525 0.0252501626136802
-2.77956577213398 -2.92727542857862 0.50038538442186 4.2953778682579 0.68319532899757 -0.785137493719761
-1.12285942580166 -1.16460600886505 0.206781153032828 1.72580870096004 0.269953533653583 -0.31600830386743
-0.242601366134256 -0.244439126553821 0.0482676159817264 0.363552983833003 0.0628226399553291 -0.0678431529078628
-3.69424732326278 -3.68626535537602 0.700698601867142 5.52148518150607 1.00914924110024 -1.03312443429304
-1.73956557651947 -1.84964677688517 0.311265952760237 2.71183848803546 0.403727192024498 -0.491900033513768
0.306780812669905 0.30411865911738 -0.0546491398449433 -0.465125531333094 -0.0760193973748129 0.0857310958653597
-0.556461579579977 -0.562174417424685 0.106824713126061 0.840596625935714 0.140166657488712 -0.155780516182033
-1.88378985518855 -2.00536494193527 0.336488818012707 2.93774913489129 0.4380364235196 -0.532785862069937
3.17106591154646 3.34456506083375 -0.578687512008039 -4.8976891697624 -0.777729369424897 0.896031079524119
0.897743272980363 0.926202292729715 -0.160336535266971 -1.38365008928976 -0.211102276817984 0.252212011948696
-3.21834050970469 -3.3187828791289 0.591476736733438 4.90663128257359 0.830606291314546 -0.905759303210974
-2.71576439653808 -2.8715741863174 0.48694861446317 4.20738363879438 0.661764963028004 -0.76771449680379
-2.80848683833042 -2.95720417769844 0.505706071747991 4.3391954903135 0.69147387489091 -0.793346231717519
0.356549337497824 0.346677378171008 -0.0652225948284021 -0.534066487206492 -0.0916570112765456 0.0993253180860647
3.87038969813577 3.92039529537438 -0.739472319941663 -5.82397652566083 -1.03441956259577 1.08604116663061
-0.514978941602812 -0.519404216283785 0.099238277152213 0.776888795504729 0.130223875330964 -0.144118340104909
3.80482010900892 3.87244624218464 -0.723373126237213 -5.74208291623497 -1.00857273564861 1.06860854403959
3.27846713023798 3.44126634797048 -0.601969767266603 -5.0468472485154 -0.814430642435329 0.925706121398596
3.69280494558462 3.78794284836187 -0.696322557668534 -5.60003562905529 -0.965274761483116 1.03868181251715
3.48563373668836 3.62003743281791 -0.648135863025437 -5.32797213191076 -0.88800791749311 0.982489198553335
-3.16597790529247 -3.27469692484815 0.580109993479249 4.83591881172891 0.812099082384159 -0.891511481093905
-0.257328177171401 -0.260456094846426 0.0506484554267886 0.386859865933912 0.066268282892355 -0.0720461299967805
0.57327570496198 0.567224486235777 -0.105104657970014 -0.86463647319264 -0.144327250525813 0.160054942317704
1.39866042665887 1.4702323514853 -0.247651997658853 -2.17513010424965 -0.320484336898515 0.394160883719335
2.51220290792195 2.69495619504435 -0.445645152705604 -3.93229777117727 -0.578343358217173 0.711217855074061
-3.71195470649 -3.69903183364881 0.704924738163474 5.54359562841863 1.01609955214462 -1.03780926194466
-3.46007413341313 -3.51238371100987 0.645723054401734 5.22468489238654 0.91935420149721 -0.970927761127824
-0.0486138981282085 -0.0558927692760428 0.0108503763460624 0.0754152797266251 0.0117070400023819 -0.0138563455459311
0.893053441486578 0.911274633720238 -0.161047217586352 -1.36805624021788 -0.21419786540443 0.250474782857166
-1.36919351691114 -1.43186689300035 0.249889687814565 2.11474269838996 0.324566547677013 -0.385879812987496
1.4560346398269 1.533816776765 -0.25749891881875 -2.26669715559066 -0.332673227275405 0.410475335984405
-0.219640197663873 -0.223522052208174 0.0434444285042408 0.330622990787988 0.0564411056604043 -0.0615413289309089
-0.414849227812823 -0.41698974471797 0.080456709272822 0.623776094975936 0.106359140617951 -0.116049634758651
2.88146121625732 3.07005088445655 -0.518244166870936 -4.48346141568466 -0.684530565863827 0.815298279220757
3.73906136583138 3.8238636912991 -0.70727659114902 -5.6594921128073 -0.982940452657685 1.05110301414134
2.92308635980039 3.11032993244367 -0.526774644289162 -4.54375602759209 -0.697489513165162 0.826933805323964
-2.47224449329756 -2.63266666818016 0.440394601690617 3.84928055235918 0.588749155303491 -0.699649323103697
0.610741616198117 0.61571373905031 -0.110316923531082 -0.930603422281328 -0.148985252437294 0.171011076102967
-1.58250870122749 -1.67422656526147 0.284821120001574 2.46038921667998 0.369161353099611 -0.447037834727795
1.91033963404913 2.04490020108865 -0.335344220248658 -2.99585776981649 -0.4294083821389 0.540181941416525
-1.14738303541838 -1.18962832130951 0.211434195665697 1.76324626750961 0.275789781169567 -0.322873966604324
-1.51255312613519 -1.59312748490457 0.273702455384155 2.34577586877322 0.354913638498423 -0.426895663218926
-1.1032976992126 -1.13986458940533 0.204293137904586 1.69193043313972 0.266543639969063 -0.310232588491281
-0.313930685722059 -0.315901991017894 0.0615210029257586 0.471309586072478 0.0809580653694589 -0.0878152744020272
-1.91088378789743 -2.04045468790368 0.340135494315746 2.98517441696362 0.442570645281565 -0.540831972163457
-1.4823843819065 -1.56129219685758 0.268201436847291 2.29896898195788 0.347833803693129 -0.418386971893894
0.780442704250106 0.796519125962176 -0.140318381274328 -1.19622146563931 -0.186801658334365 0.218907350782524
2.80332361157647 2.98965698196383 -0.502958774976622 -4.3660982661252 -0.662032733669467 0.793155108860073
-1.39934870310517 -1.46455093261462 0.255153746411974 2.16232394005513 0.331251461683051 -0.394424697149867
0.0698326015170875 0.059775606386967 -0.0117788324015453 -0.100986242365704 -0.0194112708859035 0.0191429316705509
0.15135913122518 0.139880032235434 -0.0272406608069201 -0.222838670833444 -0.0406240761555068 0.0418784972771486
0.231578773153267 0.218950927646424 -0.0424050558897927 -0.342970379412257 -0.0613558371585259 0.0642574711861776
0.317783593967349 0.305301899171759 -0.0584603137082299 -0.473271490317794 -0.0829984082203508 0.0883646270719843
0.397586709845551 0.386017025399717 -0.0731960162741816 -0.59457218791601 -0.102665924393892 0.110712809981938
0.488123302459024 0.478391030797745 -0.0898022239772541 -0.732879653931958 -0.124573349514944 0.136094728552383
0.577349453335398 0.570860202703798 -0.105938119124152 -0.870410432896311 -0.145531423786726 0.161171061700427
0.672765971308278 0.6709934743595 -0.123006331588419 -1.01852905187755 -0.167398047940095 0.188037161150646
0.780880999457551 0.78520408635972 -0.142235463554722 -1.1869850762032 -0.191864575360175 0.21851186561956
0.889104062402219 0.903235513378103 -0.160937998815643 -1.35865451384067 -0.214895851716228 0.249183592438363
1.02090319902142 1.04803271006366 -0.183589567524124 -1.56849527961444 -0.242661845949279 0.286588861288854
1.17255155879783 1.21613602325355 -0.209463251947068 -1.811023957268 -0.27423460297601 0.32970014468233
1.33977714219635 1.40267737320017 -0.237876968347463 -2.07924218086731 -0.308860509868217 0.377301473077574
1.50805046117976 1.59213244440964 -0.266382860613588 -2.35013227015353 -0.343650299368269 0.425305460081914
1.68075673551473 1.78650829224063 -0.295818038680778 -2.62768615506001 -0.379961198402365 0.474592901532245
1.85471197898104 1.98174580811055 -0.325780900937024 -2.90628575122251 -0.417469797421193 0.52424480112146
2.0293709689638 2.17556649867647 -0.356561390711507 -3.18339200171419 -0.457116182202047 0.574047322154585
2.2051158429504 2.3670320720329 -0.388437113341943 -3.45843859862816 -0.499617496880845 0.624053892422275
2.38195356147589 2.55671045025742 -0.421190285793032 -3.73216636305048 -0.544377000416849 0.674272650696937
2.55889521217191 2.74317324228355 -0.454668791754527 -4.00274466864426 -0.591300112307828 0.724405780214765
2.73569600630667 2.92489249228806 -0.489025081432643 -4.26864703099906 -0.640936065730261 0.774320489827996
2.91087499613248 3.09797639325075 -0.524358653999951 -4.52558093900854 -0.693916170943362 0.823486847049995
3.08314426140103 3.26198658252444 -0.560178505188803 -4.77262021604543 -0.749027037289392 0.871542684861319
3.25084034093088 3.41624811045607 -0.595968170598045 -5.00836889478859 -0.804962927976375 0.918043153236388
3.4075782682282 3.55297290940446 -0.63069583557992 -5.2223204841324 -0.860096734124218 0.961098284220374
3.55182123127043 3.67401134411806 -0.663470950234172 -5.41519402499818 -0.912476359103993 1.00044212893133
3.67271341035002 3.77110007586404 -0.691701300142783 -5.57323969864764 -0.957758459076756 1.03315871557044
3.76583503074874 3.84294887616094 -0.7139443713769 -5.69259376349826 -0.993440294073508 1.05816667337554
3.82143946950562 3.88462919885722 -0.727442737897917 -5.76286892797185 -1.01509454490985 1.0730243230709
3.8596578973868 3.912490373516 -0.736848055541293 -5.81053388361263 -1.03018412879381 1.08318200731782
3.87642949310729 3.92482970482552 -0.740948376229637 -5.83153105024391 -1.03680133155892 1.08764744756224
3.88426896854318 3.93097839896759 -0.742758769581969 -5.84164197889284 -1.03978505287698 1.08974452321546
3.8755832776627 3.92523801738497 -0.740487340663239 -5.83126961791532 -1.03621919163792 1.08746662144169
3.85282688337413 3.90890135778713 -0.734835201454417 -5.80308416796434 -1.02718697694711 1.08143541587723
3.81808570599871 3.88335310981466 -0.726313256168464 -5.75957495701632 -1.01352912348231 1.07218515884957
3.76281458796357 3.84170187920608 -0.712935828331483 -5.68954868340172 -0.99205652045436 1.05740404342045
3.67414405758399 3.77298214470711 -0.69180621870319 -5.57566978293404 -0.958120332854323 1.03356813586031
3.55112453216019 3.67314574109174 -0.663275699353593 -5.41400441380355 -0.912336876781893 1.00021783109481
3.40981450523408 3.55321338298 -0.631385015972327 -5.22394724523594 -0.861395397691342 0.96158408694813
3.2550760443718 3.41746290838203 -0.597214568841811 -5.01212558439909 -0.807096015262945 0.919016153218669
3.08751855668628 3.26296182453216 -0.56152948763568 -4.77624584950676 -0.75135759256897 0.872534823167437
2.91443832980088 3.0979748867819 -0.525592070650972 -4.52781238462263 -0.69617006947213 0.824249774215914
2.73781886303635 2.9240241425118 -0.489912890772745 -4.26914207797974 -0.642754223157317 0.774731616976131
2.55969217363404 2.74228434580133 -0.455063009645329 -4.00235756706454 -0.592284373029918 0.724514997563667
2.38134530646623 2.55557984781135 -0.421091673970333 -3.73073714102625 -0.544421709916914 0.67404306564281
2.20286276544704 2.3646133905775 -0.38798782021179 -3.45484637155225 -0.499098034889999 0.623388306517841
2.02357036057155 2.17004293298564 -0.355393912151831 -3.17482817845028 -0.455510671699175 0.572413865278391
1.84309455023999 1.97059987095799 -0.323479513205067 -2.88912884357766 -0.414265202427188 0.520988112985667
1.66003941155848 1.76645057757645 -0.291734052685315 -2.59704381355936 -0.374244073746839 0.468791603215
1.47059971863246 1.55512470911199 -0.259244660629668 -2.29395198580379 -0.333931532472529 0.414820856345098
1.27352383422948 1.33648345823795 -0.225447563869754 -1.97920489385934 -0.292115952177691 0.358752686915061
1.06090152952295 1.10397993628997 -0.188646092938981 -1.64197539319708 -0.246334290148761 0.298446460515066
0.800484565146965 0.825641625887062 -0.142633852923194 -1.2340214345409 -0.188078869799026 0.224885862879942
0.443286603667092 0.453033631872737 -0.0781292797271838 -0.681809911394636 -0.104854816216305 0.124398628671798
0.0134875671436431 0.0142737504032838 0.0010282639132443 -0.025321595172012 -0.000743471877840946 0.00388282406905515
-0.321685991083205 -0.325462851626727 0.0631797615417857 0.484524966295788 0.0817690019973527 -0.0900384419068467
-0.713045922120314 -0.727633978647018 0.134880627050176 1.08442385066594 0.176073576737309 -0.199976683305775
-0.971318821511131 -0.999168278782037 0.181144883292374 1.48539650930247 0.236200882168688 -0.272843872879215
-1.19072224599777 -1.23510842714675 0.219532923788953 1.83030320986794 0.285620816818005 -0.335016741178588
-1.38786391173345 -1.4519687971488 0.253190294731329 2.1440252980864 0.328733090094548 -0.391136592893692
-1.57344412625596 -1.65847675074275 0.284466601322557 2.44104250752409 0.368951447602669 -0.444089539340715
-1.75043091435448 -1.85682458602411 0.314044162518155 2.72493201950216 0.407821084344579 -0.494689704472845
-1.92481314242554 -2.05045734448538 0.343492000067776 3.00260915424868 0.447725544089249 -0.544476302354461
-2.09831559828946 -2.24025309888487 0.373277024625734 3.27599436005993 0.489340383334096 -0.593883191129453
-2.27302191537806 -2.42603384452388 0.40418650742464 3.54618105728139 0.53431394139506 -0.643391395241215
-2.44957710809875 -2.60663080658425 0.436652119887065 3.81261879021762 0.583431018988358 -0.693079156533868
-2.62677856181862 -2.78142760058928 0.470403353891516 4.07417581976771 0.635851914500435 -0.742644516249397
-2.80340321645451 -2.94902060768121 0.505231041440813 4.32901554380222 0.690958986273388 -0.791706438233403
-2.97778369976751 -3.10674558290815 0.541014216210016 4.57384649206855 0.748541721425432 -0.839737808473985
-3.14360945349338 -3.25043922156667 0.576221696307112 4.80120636607057 0.805807246077963 -0.885086806410549
-3.30063208316376 -3.38250646243363 0.610294425300452 5.01308946982485 0.861453260562735 -0.927799721139565
-3.43885653907323 -3.49377850000438 0.641209772886333 5.19540079857905 0.912099711104497 -0.965103404511131
-3.55316631174895 -3.58248942177231 0.667373976677738 5.34342556030549 0.954936949256833 -0.995734058643657
-3.63978513039642 -3.6471953697439 0.687624664429359 5.45352934668983 0.988028639831975 -1.01875744109704
-3.69305966841843 -3.68558069929649 0.700342867042189 5.52010569266969 1.00871298902479 -1.0328179752021
-3.72518942384341 -3.70830080252312 0.708098793635726 5.55991260764447 1.02128492259547 -1.0412687433065
-3.74442572114032 -3.72146888995156 0.712821369772341 5.58340034137839 1.02889091988307 -1.04629385400664
-3.74992623292302 -3.72505774370846 0.714198498194481 5.58998714042629 1.0310595834591 -1.04770979222677
-3.75134799054201 -3.72609980856672 0.714494547254894 5.59179526861688 1.03151460533276 -1.0480595683646
-3.73214816171228 -3.71303458495339 0.709699313687447 5.56844487037021 1.02374544413394 -1.04300404730723
-3.69061929636965 -3.68371186918526 0.699629836783868 5.51705168440335 1.00737648707323 -1.03205616574168
-3.63385067376125 -3.6427327901915 0.686079143671647 5.44606149531247 0.985295128469719 -1.01705516969402
-3.55115532092857 -3.58163001151391 0.666615336016794 5.34149542443412 0.95351488844483 -0.995114668968039
-3.43215509953651 -3.4902693197816 0.639250388217603 5.18818534091831 0.908771333869239 -0.963323445132124
-3.29419337276097 -3.38072499300223 0.608201302401261 5.00743162564035 0.857991826668746 -0.926241340221397
-3.13805795120838 -3.25043263842351 0.574182519713077 4.79756851622646 0.802496207407774 -0.883868969076048
-2.96950429235442 -3.10347396377723 0.538574761078504 4.56566902392557 0.744710488680133 -0.83773811747733
-2.7960937704865 -2.94548784864416 0.503197137530701 4.32123899431033 0.687833393965006 -0.789908572781098
-2.62029324002935 -2.77906542754557 0.468454424004772 4.0679284848624 0.632824368296332 -0.741094792233085
-2.44327566617422 -2.60490525942882 0.434661835956662 3.80704615813475 0.580275589214614 -0.691607906177146
-2.26733059320656 -2.42504249596184 0.402258444789123 3.54162276854673 0.531290996567304 -0.642093345043972
-2.09376001584623 -2.24092460163843 0.371458979474625 3.27361920788213 0.486393564765766 -0.592932689025357
-1.9227010510572 -2.05384551845241 0.342064133985846 3.00418618420665 0.445243140761132 -0.544220252126697
-1.752887490614 -1.86524995894703 0.31334377405984 2.73377302555977 0.406423106515228 -0.495742119244411
-1.58352200031839 -1.67554081048089 0.284949522239428 2.46215128575832 0.369348038365833 -0.447336889644551
-1.41460213701649 -1.48696332629679 0.256487924351003 2.19134686228272 0.332933682750989 -0.399108531551317
-1.24598381385509 -1.30021409677126 0.227797185981061 1.92200422299892 0.296561676286609 -0.351055699847183
-1.07887141230979 -1.11764622576542 0.198957913503021 1.65692455271679 0.260034039953099 -0.303568519110006
-0.919789751047972 -0.94677575035866 0.170966852382578 1.40691720271205 0.224448443935149 -0.25851872839324
-0.773842943471726 -0.791177667540385 0.145133441726641 1.17848180972655 0.191393188313647 -0.217239682604628
-0.664826933643319 -0.676016592211187 0.125686222136612 1.00873063299732 0.16625545792006 -0.186444905901326
-0.559463180283697 -0.565469972240149 0.106771997937573 0.845303367802641 0.141652195215294 -0.156714984233901
-0.459044846555461 -0.46220126247765 0.0884530455177129 0.691323931803729 0.117313508355677 -0.128476434036441
-0.36787586913681 -0.370029260261118 0.0715387471490903 0.552872008759425 0.0946280529002416 -0.102921638658888
-0.281746705286486 -0.284559324991076 0.0552658474129829 0.423441041908079 0.0725960777376075 -0.0788630765683293
-0.196581840537434 -0.200976578401248 0.0390282116457822 0.296260365807475 0.0504068917533077 -0.0551166646027957
-0.107644126413097 -0.113923721775721 0.0220511167444014 0.163649909050251 0.0270991542707861 -0.030325326120889
-0.018142021628386 -0.0264188845789704 0.00496410825785749 0.0302784440178906 0.00360005248268743 -0.00538170521677919
