    33    34    55
    29    45    40
    42    18    44
    54    75    15
    42    19    18
    70    69    27
    37    80    38
    77    75    76
    38    85    73
    80    46     4
    40    37    38
    39    47    46
    79    80    75
    73    84    81
    73    85    84
    85    82    84
    80    37    39
    60    56    15
    80    79    83
    70     1    59
     4    46    48
    26     1    22
    34    54    55
    64    66    62
    15    75     2
    64    65    68
     5    21    32
    22    71    26
    53     7    23
    31    30    29
    52     7    53
    10     7    12
    32    24    23
     6     5    13
    20    22    32
    81    79    77
    18    50    38
    45    47    39
    80    39    46
    37    40    39
    45    46    47
    45    48    46
    49    27    28
    45    39    40
    50    29    40
    27    69     4
    50    49    29
    30    45    29
    38    50    40
    23    24    49
    30    48    45
     4     2    75
    29    49    31
    27     4    28
    28    30    31
    28    48    30
    31    49    28
    24    70    27
    73    81    74
    84    83    81
    83    79    81
    83    82    80
    84    82    83
    85    38    80
    75    80     4
    82    85    80
    74    81    78
    78    81    77
    78    77    76
    79    75    77
     4     3     2
    35    54    34
    57    55    54
    56    54    15
    61    67    41
    56    57    54
    41    58    26
     2    60    15
    60    59    56
    56    55    57
    61    62    66
    35    34    14
    55    59    58
    41    33    58
    14    34    33
    28     4    48
     3    60     2
    70    59     3
    59    55    56
    69     3     4
    69    70     3
     3    59    60
     1    26    58
    32    70    24
    22     1    70
    55    58    33
    59     1    58
    71    36    64
    62    41    26
     5    32     7
    22    70    32
    61    41    62
    14    33    41
    67    61    66
    67    63    41
    68    67    66
    64    68    66
    63    67    68
    26    64    62
    65    63    68
    26    71    64
    36    63    65
    64    36    65
    72    63    36
    21    20    32
    72    71    20
     6    21     5
    72    20    21
    20    71    22
    72    36    71
    72    21     6
     9    11    19
     7    32    23
     9    12    11
    10     5     7
    25    10    12
    13     5    10
    25    13    10
    25     6    13
    16    49    50
    24    27    49
    51    53    23
     8    11    12
    49    16    23
    52    11     8
     7     8    12
     7    52     8
    18    17    16
    17    52    53
    16    51    23
    16    17    51
    51    17    53
    17    11    52
    50    18    16
    19    11    17
    17    18    19
    43     9    42
    25    12     9
    43    42    44
     9    19    42
    25    43    44
    25     9    43
