 446.2190
 778.1401
 657.7464
 748.2703
 535.2190
 518.7601
 550.1539
 547.7156
 522.4176
 446.8286
 526.9895
 499.2533
 529.1231
 449.8766
 670.5477
 609.2840
 512.0546
 550.4587
 512.6642
 398.0615
 524.8560
 437.9896
 557.1642
 645.5546
 525.7704
 489.4998
 807.0956
 780.2737
 775.3970
 727.2395
 731.5066
 535.5238
 427.3218
 415.7396
 528.8183
 419.3971
 831.7840
 843.0614
 833.9175
 741.2600
 312.1095
 491.0238
 471.8218
 484.9279
 774.1778
 716.8765
 770.5203
 784.8456
 752.2326
 806.4860
 530.0375
 510.2259
 569.3560
 568.4416
 541.6197
 481.2704
 539.7909
 429.1505
 465.4211
 610.5032
 422.4451
 331.9211
 421.8355
 313.9382
 332.8355
 353.8663
 431.2841
 375.2019
 701.0272
 682.1299
 316.3766
 405.9862
1069.8284
1063.7325
 790.6367
 807.7052
 772.0443
1088.4209
 856.7771
 831.4792
 955.8353
 778.1401
 852.8148
 820.2018
 897.9244
