    57    58    32
    53    54    36
    75    55    54
    73    74    52
    98    79    78
   159   158   175
   113    92   112
    27    28    62
   139   158   140
   104   105    85
   150   131   130
   165   146   164
   181   182   165
    71    90    91
   126   105   104
   188   196   189
   144   164   145
   103   104    84
   181   190   191
   156   173   174
    74    54    53
    32    58    31
    89    69    88
    73    52    72
    49    48    70
    37    52    36
    51    72    52
    76    77    56
    80    99    81
    23    40    39
    33    34    56
    75    74    94
    16    33    32
    55    76    56
    35    54    55
    15    32    31
    56    57    32
    59    31    58
    14    15    31
    63    26    62
    63    25    26
    79    80    58
    60    29    59
   105   106    86
     2     1     9
   101    82   100
    62    26    27
     9     8    14
    59    81    60
    99   100    81
    82    60    81
    81   100    82
    99    80    98
   121   122   100
   103   124   104
   142   122   141
   101   100   122
   146   127   145
   127   106   126
   163   144   162
   122   121   141
   161   162   143
   145   126   144
   187   177   186
   189   196   190
   176   160   175
   187   186   194
   114   133   115
   193   194   186
   200   201   194
   199   192   191
   185   174   173
   135   136   116
   194   193   200
   157   158   138
    74    93    94
   118   138   119
    97    98    78
    97   118    98
   137   138   118
   156   157   138
   131   150   132
    96   118    97
   110   109   129
    69    68    88
   117   118    96
   111    91    90
   109   128   129
   172   183   173
    46    43    45
    48    69    70
    71    70    90
    24    40    23
    41    42    47
    22    39    21
    40    49    39
    24    41    40
    46    45    66
    43    44    45
    47    46    67
    42    43    46
    48    47    69
    42    46    47
    68    67    87
    46    66    67
    47    68    69
    47    67    68
   108    88   107
    88    68    87
   107    88    87
   109    89    88
    90    89   109
    70    69    89
   110    90   109
    70    89    90
    41    48    40
    41    47    48
    50    49    70
    40    48    49
    51    50    71
    39    49    50
    39    38    21
    39    50    38
    38    51    52
    38    50    51
    72    71    91
    50    70    71
    92    72    91
    51    71    72
    92    73    72
    92    74    73
   116    95    94
    74    92    93
   113   133   114
    76    55    75
    52    53    36
    52    74    53
    76    75    94
    54    74    75
    95    76    94
    77    78    56
    19    36    35
    37    38    52
    34    35    55
    36    54    35
    23    39    22
    19    20    36
    21    38    20
    20    37    36
    20    38    37
    18    19    35
     4    20    19
     5    18     6
    17    18    35
     5    19    18
     6    17     7
    16    17    34
     6    18    17
    15    16    32
     7    17    16
    56    34    55
    17    35    34
     7    16    15
    32    33    56
    16    34    33
    13     9    14
    10     9    13
     1     8     9
    13    14    31
     8    15    14
     3     2     9
    59    30    31
    61    60    82
     9    10     3
    30    59    29
    13    12    10
    29    28    11
    61    82    62
    12    29    11
    12    13    29
    11    28    27
    29    60    28
   101    83    82
    85    65    64
    82    83    62
    64    25    63
    85    64    63
    65    25    64
    83    84    63
    86    65    85
   105    86    85
   105   126   106
    84   104    85
   125   126   104
    62    83    63
   101   102    83
    63    84    85
    83   103    84
   102   103    83
   143   142   161
   119    99    98
   120   139   121
   122   102   101
   122   142   123
    13    30    29
    13    31    30
    28    61    62
    28    60    61
    59    80    81
    59    58    80
    78    57    56
    78    58    57
    78    79    58
    98    80    79
    95    77    76
    97    78    77
    77    95    96
   115   134   116
    77    96    97
    95   116    96
    99   121   100
   140   141   121
    99   120   121
   158   159   140
   160   159   175
   141   140   159
   161   160   177
   141   159   160
   160   142   141
   124   103   123
   160   161   142
   177   162   161
   102   123   103
   102   122   123
   142   124   123
   144   125   124
   124   143   144
   124   142   143
   124   125   104
   144   126   125
   164   163   180
   144   143   162
   145   127   126
   164   146   145
   178   163   162
   164   144   163
   180   165   164
   166   146   165
   165   182   166
   188   178   187
   162   177   178
   163   179   180
   163   178   179
   180   181   165
   190   196   197
   179   189   180
   179   178   189
   180   190   181
   180   189   190
   181   191   182
   197   196   202
   191   192   182
   191   190   198
   204   199   198
   191   198   199
   207   201   200
   198   197   203
   198   190   197
   207   202   201
   197   202   203
   196   201   202
   195   194   201
   195   188   194
   178   177   187
   194   188   187
   189   178   188
   196   195   201
   196   188   195
   186   176   175
   177   176   186
   177   160   176
   200   206   207
   200   205   206
   206   205   208
   183   184   173
   184   185   173
   154   172   173
   153   170   171
   169   170   151
   171   172   154
   155   154   173
   153   171   154
   156   155   173
   137   118   136
   174   157   156
   156   137   155
   156   138   137
   121   139   140
   138   158   139
   118   119    98
   138   139   119
   119   120    99
   119   139   120
   155   136   154
   155   137   136
   135   116   134
   117    96   116
   136   117   116
   136   118   117
    94   115   116
    94    93   115
   154   135   134
   154   136   135
   134   153   154
   133   132   151
   153   133   152
    92    91   112
   134   133   153
   134   115   133
   131   112   111
   132   113   112
   133   113   132
    93    92   113
    93   114   115
    93   113   114
   111   110   129
   111    90   110
   130   111   129
   112    91   111
   109    88   108
   152   170   153
   132   112   131
   129   128   147
   147   148   129
   131   111   130
   149   150   130
   149   168   150
   150   151   132
   150   168   151
   151   152   133
   151   170   152
   149   167   168
   168   169   151
   129   148   130
   148   149   130
