186	63	187
225	402	285
242	341	610
403	336	486
314	318	80
14	356	17
397	448	151
63	305	187
591	614	613
327	217	29
403	486	112
369	284	282
226	34	399
32	334	224
395	100	101
238	535	118
451	601	600
36	277	159
222	33	395
396	99	100
227	366	165
332	396	100
384	311	68
159	277	430
405	485	233
116	338	118
453	389	336
405	233	232
206	319	87
611	610	115
197	440	314
403	110	336
317	79	203
467	203	422
324	444	392
316	203	79
296	52	398
417	347	464
386	74	73
312	385	70
192	384	310
397	334	480
192	476	439
461	251	304
198	442	74
188	300	380
306	188	64
495	248	494
247	124	495
248	125	494
303	126	459
624	91	323
302	185	61
96	327	394
583	584	143
58	379	187
586	139	260
415	345	250
449	492	482
387	315	198
355	263	11
201	380	305
19	469	17
472	288	358
144	14	17
297	190	383
394	158	447
28	31	157
18	270	153
360	272	24
234	564	565
339	408	119
548	119	408
542	543	339
549	550	119
456	239	118
542	339	456
339	550	551
551	552	339
339	552	239
235	113	594
565	109	234
276	363	490
490	363	31
99	570	571
395	332	100
330	571	98
330	98	331
101	220	490
239	116	118
239	552	553
116	239	553
451	106	602
335	597	108
108	566	228
452	107	569
33	333	491
222	31	470
397	151	103
161	399	34
365	159	471
295	178	473
163	366	227
35	364	162
282	165	281
281	37	166
594	611	337
555	338	554
340	530	241
410	457	243
611	115	406
341	411	410
117	238	407
456	538	542
506	444	505
610	410	115
118	338	407
539	542	538
533	245	409
257	423	132
457	244	340
256	349	422
527	240	242
231	111	486
233	404	232
486	405	112
598	597	229
336	487	231
487	205	88
488	409	342
485	404	233
606	605	431
443	81	194
487	111	231
455	111	88
85	350	513
350	423	513
350	132	423
85	513	514
80	443	70
208	320	84
86	515	209
70	443	194
206	87	321
132	422	468
347	78	464
133	511	257
422	349	468
511	512	257
131	254	489
530	121	529
420	349	256
253	129	348
132	467	422
207	317	203
417	256	347
422	203	78
307	64	76
442	318	74
75	315	387
75	189	307
84	317	207
84	320	204
79	318	442
317	84	204
402	453	41
278	34	160
440	318	314
318	204	80
225	310	402
193	69	453
52	192	450
195	197	71
56	299	435
464	252	417
183	264	474
264	5	474
436	183	474
260	139	6
138	5	264
463	252	202
5	138	137
304	63	186
188	380	201
77	316	442
307	189	381
306	378	300
475	249	460
3	258	424
466	421	323
346	348	252
460	249	344
392	479	91
214	392	623
621	503	504
460	345	62
135	589	590
475	185	59
352	425	4
624	623	91
412	618	617
60	414	475
325	502	503
413	501	619
502	325	620
247	617	124
620	619	501
343	498	499
621	620	325
247	412	617
612	626	126
184	258	2
3	590	351
2	612	303
214	324	392
414	60	184
136	259	135
264	354	426
139	587	588
138	7	6
140	8	585
139	586	587
218	95	446
593	458	615
577	578	24
48	142	183
426	7	138
23	428	18
582	268	428
583	266	144
143	584	261
357	16	267
147	146	358
266	356	14
267	15	356
175	292	373
16	146	267
266	145	356
267	356	145
47	292	176
306	56	378
435	374	181
48	436	181
437	189	308
72	439	196
308	189	382
381	190	180
398	52	450
309	67	200
174	292	47
482	492	104
49	293	435
173	372	47
149	18	269
438	383	308
432	43	45
224	471	32
363	275	31
51	295	434
471	159	32
155	27	361
577	272	576
275	157	31
274	157	29
97	329	573
394	447	328
95	327	96
220	571	572
363	30	158
219	328	447
96	328	573
93	326	393
155	22	151
287	170	45
96	446	95
428	581	582
585	586	140
272	577	24
326	216	362
25	360	154
549	119	548
555	407	338
407	238	118
548	408	547
554	116	553
554	338	116
408	546	547
408	545	546
408	544	545
540	541	542
544	408	543
237	407	555
117	236	342
408	339	543
119	550	339
122	535	238
537	456	118
556	557	117
243	115	410
236	117	557
406	115	236
337	560	594
337	406	114
560	561	594
561	235	594
234	113	563
235	561	562
235	562	113
113	562	563
234	563	564
560	114	559
560	337	114
556	117	237
407	237	117
236	557	558
555	556	237
559	114	558
558	114	236
107	335	567
107	567	568
228	566	567
452	229	107
396	570	99
229	452	102
107	568	569
452	569	223
229	335	107
569	570	396
223	396	102
223	569	396
221	330	331
99	571	330
101	98	220
571	220	98
101	331	98
100	221	331
222	395	101
100	331	101
491	332	395
102	396	332
99	221	100
99	330	221
228	567	335
102	452	223
102	491	229
490	222	101
364	277	162
598	229	491
102	332	491
31	222	490
430	277	364
333	598	491
160	105	333
606	431	403
565	401	109
230	108	596
335	229	597
108	230	566
596	109	401
335	108	228
597	596	108
401	230	596
566	401	565
566	230	401
595	234	109
596	595	109
395	33	491
160	34	105
483	399	161
609	608	120
364	278	33
400	226	451
278	161	34
38	227	165
36	163	162
369	166	39
33	278	160
35	161	278
333	33	160
222	470	430
278	364	35
33	430	364
222	430	33
470	159	430
279	36	365
470	31	159
163	36	279
162	277	36
279	365	471
36	159	365
162	163	35
281	166	282
280	38	165
163	279	366
280	165	40
366	281	165
279	37	366
37	471	166
366	37	281
279	471	37
285	368	482
166	471	481
178	375	54
39	166	481
167	367	40
483	605	399
369	482	284
40	165	282
367	280	40
167	41	283
283	431	164
35	227	483
283	367	167
483	227	38
35	163	227
280	164	38
613	612	2
35	483	161
38	605	483
38	164	605
431	110	403
605	164	431
280	367	164
431	484	110
609	527	242
232	607	606
404	608	607
613	2	134
120	527	609
451	602	601
112	606	403
112	232	606
599	105	400
399	605	604
106	604	603
226	399	604
598	333	599
333	105	599
34	226	105
400	451	600
106	603	602
599	400	600
105	226	400
226	106	451
226	604	106
117	342	238
122	342	409
238	342	122
236	115	243
114	406	236
337	611	406
538	456	537
339	239	456
118	536	537
535	122	534
118	535	536
122	245	534
542	539	540
340	488	243
342	243	488
340	243	457
342	236	243
340	409	488
245	122	409
341	410	610
411	528	529
534	245	533
531	532	241
533	409	532
532	340	241
532	409	340
530	340	121
242	240	341
510	511	133
244	411	529
574	93	94
411	240	528
120	608	90
340	244	121
457	410	244
410	411	244
341	240	411
485	608	404
519	390	322
405	232	112
404	607	232
431	283	484
164	367	283
390	212	88
41	453	484
336	231	486
526	527	120
574	575	93
525	526	120
111	405	486
455	485	405
111	455	405
88	322	390
453	336	110
389	205	336
484	453	110
69	194	81
402	68	453
68	310	384
454	485	391
485	455	212
205	487	336
205	82	210
524	213	523
213	391	522
485	212	89
524	90	608
454	391	213
524	454	213
608	485	454
244	529	121
120	90	525
608	454	524
531	241	530
525	90	524
391	89	521
391	485	89
455	88	212
111	487	88
82	205	389
205	210	88
519	211	390
211	212	390
81	319	206
210	518	322
213	522	523
391	521	522
321	517	210
521	89	211
521	211	520
89	212	211
211	519	520
322	518	519
206	82	389
321	516	517
209	83	86
209	516	87
518	210	517
322	88	210
516	321	87
210	82	321
208	514	86
86	514	515
320	208	86
84	207	85
423	257	512
257	132	468
350	207	467
208	85	514
423	512	513
84	85	208
207	350	85
80	83	443
320	86	83
79	204	318
320	83	204
516	209	515
87	319	209
83	319	443
83	209	319
82	206	321
81	443	319
389	81	206
69	193	194
389	69	81
389	453	69
314	80	385
204	83	80
316	79	442
317	204	79
74	440	73
314	385	312
73	440	197
74	318	440
349	133	468
422	347	256
77	464	316
347	422	78
350	467	132
207	203	467
315	77	442
78	203	316
510	133	489
257	468	133
509	510	254
131	489	420
254	510	489
215	507	508
323	508	466
509	254	466
417	130	256
489	133	349
421	131	420
466	254	131
129	417	252
130	420	256
421	420	255
489	349	420
323	421	255
466	131	421
466	508	509
479	392	506
130	624	255
215	508	323
624	130	253
255	420	130
463	346	252
130	417	129
388	478	416
202	464	77
315	76	388
305	63	251
477	198	74
315	442	198
316	464	78
202	252	464
191	67	309
477	74	386
199	477	200
199	198	477
199	387	198
199	200	75
199	75	387
382	189	75
75	200	382
477	386	200
66	308	383
313	200	386
438	308	191
382	200	67
191	476	52
72	196	73
313	309	200
476	191	309
73	196	313
73	197	195
73	313	386
196	309	313
314	312	197
68	193	453
73	195	72
71	384	195
312	70	194
385	80	70
311	384	194
71	197	312
312	194	384
194	193	311
192	72	384
71	312	384
384	72	195
439	309	196
192	439	72
476	309	439
225	192	310
52	476	192
402	41	368
484	283	41
193	68	311
402	310	68
282	284	40
368	41	167
402	368	285
369	282	166
167	284	368
167	40	284
42	369	39
482	368	284
493	51	53
104	225	285
481	168	39
482	369	42
482	104	285
450	192	225
42	168	449
450	225	104
104	492	450
296	191	52
450	492	398
297	178	54
398	492	179
42	39	168
482	42	449
481	103	168
308	66	437
383	190	66
67	308	382
67	191	308
190	437	66
299	298	55
75	307	315
189	437	381
307	381	65
181	374	48
64	307	65
437	190	381
64	65	306
381	298	299
65	381	299
298	49	55
65	299	306
435	293	176
55	435	299
55	49	435
378	56	181
56	435	181
181	436	301
175	373	48
301	57	181
306	299	56
300	378	181
300	188	306
57	300	181
57	380	300
182	57	301
182	380	57
436	474	301
138	6	137
182	58	187
301	474	58
187	379	186
58	474	379
61	415	461
348	418	253
58	182	301
187	380	182
478	201	305
250	461	415
478	305	462
63	304	251
64	201	441
64	188	201
462	305	251
380	187	305
388	76	441
315	307	76
478	441	201
76	64	441
77	388	202
77	315	388
128	419	346
388	441	478
416	463	202
465	345	127
388	416	202
478	462	416
346	462	128
462	251	128
127	625	465
624	323	255
346	419	348
250	345	465
252	348	129
419	418	348
416	346	463
416	462	346
625	624	418
130	129	253
418	624	253
91	215	323
507	479	506
444	506	392
215	479	507
215	91	479
623	392	91
621	504	92
92	505	324
502	620	501
92	504	505
505	444	324
214	622	324
622	92	324
344	127	460
465	418	419
623	622	214
185	62	345
185	475	62
345	460	127
62	475	460
418	465	625
419	128	250
419	250	465
461	304	61
128	461	250
128	251	461
186	61	304
185	345	415
302	61	186
185	415	61
459	344	249
459	626	344
351	590	613
134	1	613
134	351	1
184	2	303
258	134	2
626	625	127
1	351	613
414	459	249
126	626	459
126	303	612
626	127	344
622	621	92
621	325	503
499	500	246
591	615	614
125	248	616
247	123	412
619	618	412
246	413	123
619	412	123
413	500	501
123	413	619
123	497	246
246	343	499
497	498	343
343	246	497
500	413	246
497	123	496
496	247	495
496	123	247
124	248	495
590	3	135
125	616	458
617	248	124
617	616	248
590	591	613
615	458	616
592	615	591
593	125	458
615	592	593
125	593	494
258	351	134
258	3	351
424	136	135
259	4	588
139	588	6
4	137	6
588	589	259
184	424	258
60	475	136
424	135	3
259	589	135
459	414	303
60	424	184
60	136	424
475	59	352
303	414	184
249	475	414
475	352	136
4	6	588
185	302	59
186	379	302
59	137	425
59	302	137
4	425	137
352	59	425
136	4	259
136	352	4
302	5	137
427	263	355
48	183	436
10	264	183
379	5	302
379	474	5
10	11	263
142	12	265
354	10	263
183	142	10
426	354	9
264	10	354
263	9	354
141	8	262
8	141	261
9	263	141
584	8	261
7	353	6
264	426	138
9	141	262
426	262	7
426	9	262
8	140	262
353	260	6
586	353	7
586	260	353
7	140	586
7	262	140
584	585	8
141	263	427
10	142	11
48	373	142
427	355	265
265	12	145
13	265	145
142	373	12
11	265	355
11	142	265
261	427	143
427	265	13
143	427	13
261	141	427
145	266	13
144	582	583
144	268	582
266	583	143
268	469	428
357	267	145
268	17	469
268	144	17
147	15	146
17	356	15
13	266	143
14	144	266
267	146	15
472	433	288
15	147	17
288	170	269
358	269	147
19	17	147
149	170	287
288	433	44
18	19	269
19	147	269
290	433	472
44	371	170
472	358	146
288	269	358
372	472	146
372	291	290
146	16	372
12	373	174
174	16	357
174	372	16
12	357	145
12	174	357
176	292	374
174	373	292
374	175	48
374	292	175
435	176	374
293	47	176
49	291	173
372	174	47
180	49	298
173	47	293
177	291	49
172	290	291
49	173	293
291	372	173
291	177	46
377	190	54
152	21	22
172	291	46
177	180	377
298	381	180
180	177	49
294	46	177
438	434	473
294	177	377
294	377	54
180	190	377
296	438	191
296	179	438
190	297	54
493	492	449
297	473	178
473	383	438
295	473	434
297	383	473
50	289	375
375	294	54
295	171	50
46	294	375
493	53	376
434	438	53
438	179	53
296	398	179
492	493	179
53	179	376
286	370	432
493	376	179
51	493	449
51	434	53
370	21	150
289	172	46
171	295	51
50	375	178
449	286	51
371	44	172
288	44	170
103	286	168
295	50	178
289	46	375
171	289	50
171	45	371
290	44	433
172	289	371
372	290	472
172	44	290
171	371	289
45	170	371
270	150	20
169	270	149
370	150	432
43	169	45
429	26	361
359	20	152
271	152	22
20	153	270
22	155	271
273	156	274
361	27	362
155	151	448
22	21	151
152	150	21
171	432	45
171	51	286
21	370	151
432	171	286
370	103	151
481	224	103
168	286	449
103	370	286
103	224	334
481	471	224
334	397	103
448	273	155
480	448	397
156	28	274
155	273	27
448	480	156
448	156	273
32	159	31
480	32	156
480	334	32
32	28	156
32	31	28
329	220	572
329	276	220
220	276	490
276	97	30
276	30	363
276	329	97
573	329	572
219	97	573
219	158	97
363	158	275
30	97	158
273	274	27
28	157	274
275	29	157
275	158	29
274	29	445
29	158	394
362	445	326
362	274	445
328	219	573
447	158	219
96	394	328
327	29	394
574	218	446
217	327	95
574	96	573
574	446	96
393	326	218
326	217	218
217	326	445
218	574	94
272	360	25
429	361	362
29	217	445
95	218	217
154	362	216
27	274	362
26	359	361
271	155	361
271	359	152
271	361	359
150	270	432
149	269	170
45	169	287
43	432	270
43	270	169
153	23	18
169	149	287
270	18	149
152	20	150
359	153	20
154	360	429
153	359	26
360	23	153
153	26	360
148	18	428
148	19	18
469	148	428
469	19	148
428	23	580
428	580	581
580	23	579
579	24	578
579	23	24
23	360	24
26	429	360
362	154	429
25	575	272
216	25	154
216	93	575
94	393	218
93	216	326
610	609	242
94	93	393
575	25	216
595	594	234
576	272	575
527	528	240
234	594	113
