8.94751097983183 11.7930211729581 20.8813050188797 40.0613075406974 53.0461564215258 63.9026828901362
7.86757952091264 10.659264536407 18.9705594288591 37.2764854409943 50.4128976900847 60.5726570146651
3.26270626780931 4.94759472350718 10.7294203484212 25.0432120795851 36.2097202071089 44.8675066641018
2.28153482271435 3.6796892706618 8.2801293205612 20.9419749711724 32.3307057939185 39.7227138839378
5.17727969690086 7.18899898357795 15.0627356779081 31.9186654202406 42.4722925947641 53.3309000087493
9.86756544593563 12.7326278040563 22.5035741452111 42.3629686910571 55.1420300419214 66.6296421972929
0.289743398936002 0.489066950743898 1.91391017012489 9.49559739728109 21.2232942903594 24.9525779751764
3.83743937549079 5.64657361605899 12.0725973663192 27.2316004706848 38.2470166464332 47.5823311823908
2.50742572382649 4.32055789056091 8.50261952553292 20.7691440703188 33.6241085654015 40.1049264783174
0.0990519175676184 0.00474188305492316 0.816539930625859 7.23569010156546 19.1122184009707 22.0084543125668
9.46841165948811 12.3250567614909 21.8034173615977 41.3678087605849 54.231706588485 65.4508471831645
0.0393677337917494 -0.190991970898223 0.410195060850978 6.45811940942326 18.3193568657644 20.9432214715535
1.55050237159561 2.64887849023623 6.27023117061795 17.4605090438788 28.9818236395243 35.2962258974242
5.02595182691781 7.01525185629157 14.7320841462381 31.3930233949694 41.9891141966525 52.686752077056
0.0207981388749941 -0.270672559382358 0.247626918979454 6.17056465338699 18.0112343834443 20.5317190064963
2.96229142053864 4.57100913653662 10.0027546040732 23.8443877066593 35.0862813613063 43.371646791399
0.2786056283853 0.529097792537062 1.82291596306273 9.00392419932612 21.0427646926146 24.5016919762156
6.98390965325868 9.70360263331981 17.3827782428823 34.9051919288959 48.1067013759753 57.709311424449
0.132943862289212 0.137996873450004 1.06680896310721 7.63002425064402 19.5769068528431 22.6013658604513
0.0338883387991935 -0.225776365961228 0.351734699688922 6.40085787561548 18.2253796301394 20.8314763206367
6.27176762296842 8.92820680688334 16.0684538157928 32.9513961006508 46.2342066068666 55.344004407849
3.67502325806156 5.86580245853268 11.0614637825388 25.0310781852062 38.1208501439916 45.5314580662504
1.31615999413445 2.53478548181753 5.45180702480638 15.5132987309333 28.0263370282806 33.2598125410516
4.48199767807864 6.39935938160474 13.5350321727415 29.5388191951335 40.3348838405615 50.4211811919434
3.37185207544438 5.47772473668891 10.4214163211077 23.9796057932812 37.0196216248355 44.2022370930152
5.46308355294329 8.01336519023504 14.5583070230739 30.6288107503267 43.9150934905358 52.5000369088958
7.79962579991819 10.5787578098886 18.8533670637354 37.0806237302573 50.1931509159286 60.3298356160091
5.18284878116107 7.19460893262682 15.0746487320304 31.9345553635802 42.4839906016096 53.3497440194224
1.12279386078156 2.000499350922 4.97553933044497 15.1983758086334 26.8168391891704 32.3918615848632
2.6150707295758 4.12473759313511 9.11923890615521 22.4026182054477 33.7609638245711 41.5637944371063
3.35337574159298 5.06044347979736 10.9415556807387 25.4002052842017 36.5527029651796 45.3121822780368
2.88780681838435 4.47844639251197 9.80344527406449 23.5483846652323 34.8442326991052 43.0021124770868
0.867422245057821 1.58088241460076 4.1436584830933 13.6824775185872 25.3282000810214 30.4298777700948
2.80903112726891 4.73668602443721 9.18205939229525 21.9326448444716 34.8814080447747 41.5988273905362
0.145832319231651 0.237522380197468 1.27733115167109 7.99566815100921 19.9722186473531 23.1375968133065
1.80910526761791 3.30512227309176 6.76491656979648 17.8161654170778 30.5084978446087 36.2780522907724
0.0519961771745288 -0.120228187956145 0.551731700881421 6.68753150548959 18.5795965212699 21.2873595649274
2.97105601962077 4.58385560788513 10.0164543514803 23.8869246824011 35.1465517441668 43.4256591967615
4.65096003427261 6.59805460760903 13.9089341789294 30.1475522547962 40.9069539101252 51.1709758614616
0.0927013213844938 0.0762533778480359 0.957522675879544 7.4082203462113 19.3511603492061 22.3219943986225
0.0267438055428501 -0.268371350986675 0.263170654363052 6.24962404267838 18.0619453002193 20.6100532879328
0.355102151432048 0.685872986319074 2.11153579525033 9.53414508264327 21.6075164890659 25.2152860976444
2.41816998556471 4.19862075689514 8.27467689843636 20.4116520587733 33.2820551453776 39.6470196256045
1.32961184401929 2.53868212001713 5.44207217771822 15.5013527290737 28.0252728619764 33.2332911859423
0.858336335139185 1.56124833741486 4.09385727556454 13.607512391719 25.2698801335187 30.3294405570349
1.74093045546584 3.21130687548845 6.62297092089806 17.5586852800657 30.2133838327614 35.9480175832096
2.14772859407913 3.81134101408903 7.62845773753119 19.3024075859825 32.0921482463525 38.2131556949789
1.33078209771628 2.54109794863111 5.44700763215371 15.5095091672644 28.0332709930363 33.2443545467442
1.81064339082075 3.02798598165075 7.01271640646719 18.7606438821363 30.2379898405114 36.956610981247
0.0267468882202939 -0.193588168604919 0.40326706372603 6.39995454603416 18.2853020512226 20.8969208055233
0.107560103272374 0.0141253246633825 0.890175034014022 7.51156604575327 19.2897645518522 22.3059002917216
0.479379811602133 0.935566081317744 2.56702523489679 10.3629829070828 22.4954269813193 26.3318636828222
6.04364323251861 8.67485397228018 15.6452914129486 32.3109572782327 45.606514027383 54.5640401685913
8.25969996888856 11.076079980173 19.6637017265921 38.3001320934465 51.3988925115627 61.8015956285405
0.797903017890447 1.45961323184878 3.9066132450103 13.2316818717323 24.8744655488825 29.8441041921278
0.343759599493966 0.747294268314323 2.25988811773158 9.78874743053885 21.8783969605832 25.605291854573
9.49098517241373 12.3515645024218 21.8398541997495 41.4298616067493 54.3039092197595 65.5275806888323
0.244647471472136 0.382622690249705 1.68678014868547 9.06055885911515 20.8002387975063 24.3751568428886
0.763662475207523 1.58059401505934 3.7766500610865 12.5320079912242 24.8189068841186 29.3007877385838
4.53883329544526 6.47216508738676 13.6593929002153 29.7695069694055 40.5789125454449 50.7098207676719
1.53489129744471 2.62616829633745 6.22610322337209 17.3826803556133 28.9060664182611 35.1968772063039
0.0483859839367399 -0.189781386539179 0.439886690182264 6.61573470177578 18.414493130751 21.0984862476108
0.112729909223303 0.0443604585013888 0.898891345959867 7.3958076781104 19.2732295959949 22.2247814561051
0.305939275281814 0.575585238279787 1.90562433620942 9.16033723207636 21.2071373625887 24.7055785843795
7.04632182940677 9.77513486849358 17.4949276923731 35.0830475373425 48.2930418715479 57.927811157367
0.309229832919733 0.512341373219939 1.95278204431852 9.6006021658508 21.3331235848716 25.0758757705384
9.17444231707381 12.0216620785254 21.2906930777766 40.6294779150806 53.5419049042559 64.5732718799562
0.0510227569028121 -0.101867292390296 0.590925733410717 6.74523107557699 18.6481552865739 21.3811699137632
3.29133758170336 5.37653416463421 10.2402081723993 23.6975939890939 36.7467331915904 43.8472877118833
5.1439368521985 7.15338275004519 14.9907231594943 31.8146058488091 42.3865815061832 53.2055159359304
0.473679375731152 0.859487941226839 2.67329781256988 10.9697968121692 22.6785171562476 26.8831386907103
0.282458103952633 0.510103888931416 1.77973494775027 8.93638276551287 20.9648896761911 24.3924385917987
2.6062341136809 4.46149705536179 8.71307672214766 21.1564043067115 34.0759181340617 40.6055587222455
4.60365025454257 6.53849093476478 13.8049478121186 29.96005854274 40.7132207437335 50.9370554841977
4.58646670794261 6.52331968029839 13.7660448244022 29.9200356839803 40.6980483063891 50.8915738009534
2.12265356831131 3.77421513760446 7.55994031693879 19.1909707584241 31.9814945740087 38.0683110992439
2.41031938824507 3.85716688528031 8.6129783180077 21.5338051374759 32.9184754044298 40.4721971106369
0.300295740936304 0.491017424019359 1.90752099732629 9.51423053008274 21.2486161675226 24.9608973672742
0.235286985938513 0.368632798704188 1.65647815770568 8.98477950186246 20.7305621208585 24.2841738603869
5.12198898167478 7.12280469594039 14.9410571381964 31.7146785478009 42.2747122840375 53.0787501267869
9.77108654014522 12.6282961992593 22.3415085411923 42.1144827411517 54.8866735559768 66.3299556105073
0.844342916031673 1.53868604646386 4.0654320924266 13.5217093708944 25.1578088494652 30.2207422366054
0.110749498057488 0.0133853203962288 0.888497126330039 7.51894836910629 19.2932705785359 22.3081550826617
0.721313570206957 1.32583657893404 3.63642674293382 12.7360016571166 24.3903468912806 29.198959876984
0.010387156549627 -0.3147875782766 0.153238804146289 5.98942102019791 17.8273292038303 20.2810820388738
0.0662300108630252 -0.0852103773718803 0.622529201383825 6.83054512820009 18.7223775147997 21.4765533020816
1.69592080946483 2.86015430524564 6.66128596775026 18.1839482227348 29.7188433569559 36.2184001285063
7.35026921061007 10.1127522094208 18.0315714918272 35.9133862081048 49.1422602954254 58.938373032684
0.0141747902844873 -0.313863233539725 0.160120549395434 6.03047938092048 17.8530440748324 20.3200994196362
2.96651919387153 4.57903960318003 9.99703193675302 23.8716541855567 35.1500261572187 43.4068712248727
1.65415604719833 3.0724328936767 6.37710180601202 17.1355000224436 29.7686064865755 35.3914237298388
0.130278499188037 0.0686800337279516 1.00877143966742 7.75900458783172 19.52727391339 22.6279992989066
0.328522513866742 0.572088052449761 2.08808259255454 9.83365170982078 21.5530596859675 25.3967314118304
0.828091057899734 1.70837966203713 4.01259941619649 12.9498374021965 25.2622061038761 29.8649711944245
0.132382775644404 0.154992979211992 1.10354388990254 7.68773372226007 19.6429837934221 22.6921138593799
2.25706414440581 3.9693829331553 7.89062447601039 19.7560333913135 32.5823165949188 38.800490082509
0.0159587009251694 -0.280183551908186 0.224494848624851 6.10880822313222 17.958717884584 20.4577751160218
1.97427206634858 3.25494667195498 7.43255666283418 19.5202118603008 31.0036292765174 37.91898092818
0.0721563101547004 -0.100356476250909 0.636838856150295 7.0025392806536 18.7956321468531 21.6244575159195
0.407539678593796 0.823766876628451 2.37595516772083 10.009295854994 22.117822069087 25.874097477313
1.93773316579213 3.20479747838501 7.35736553510395 19.3539709003693 30.8067325394651 37.7095952568124
1.24684319562363 2.19417900954984 5.35440728830078 15.8832733547549 27.4905651811816 33.2734792621988
9.70705817189519 12.5634673374055 22.2289007509066 41.9559269443339 54.7438125557733 66.1426671508578
2.41247610992046 4.19107255369664 8.26054195785072 20.3898188976845 33.2614442041013 39.6192115650267
9.50799535738796 12.3641803245648 21.8752551578084 41.4654331996223 54.3137800534879 65.5653381038777
8.57285915278907 11.4059933660769 20.2162436763615 39.109147063245 52.1695341769193 62.7700210459355
0.150853764547531 0.149143670458898 1.18262135119258 8.07020686497514 19.8409267778397 23.0637619688593
0.68162668480349 1.36051549902432 3.34678124939683 11.7650022775611 24.0051157524671 28.2369373370106
2.51352641815244 4.3326078662391 8.49732334624486 20.7916094692683 33.6888681204301 40.1365280679054
2.50783066585375 3.98405143976113 8.86637804553984 21.9463054470466 33.2955871024398 40.9906487481366
8.45075455525233 11.2798040787183 19.9975493246182 38.7970016261702 51.8843501925472 62.3985561203787
0.164948004638074 0.163393004502457 1.21329197288071 8.16427189674485 19.9235320862216 23.1680143855092
1.58836874087489 2.70535414169088 6.35991485146592 17.65640163404 29.2078013106508 35.5457883051148
3.77828194911414 5.99415364943149 11.2573285527007 25.3618262983517 38.4862251904409 45.946793717079
10.0048029117557 12.8651638909431 22.750785066533 42.6922414988086 55.4101083025191 67.0125517205751
4.74722131967901 6.70220924851085 14.1220360201899 30.4547777124828 41.1578228296229 51.5424975425906
0.0506321836063137 -0.177588564418201 0.466036303091767 6.66208470066373 18.4627013586903 21.1648564339148
0.124626682200492 0.0864689359637323 1.02984028765739 7.72902958385652 19.5384196333508 22.6327431017814
10.2528275173064 13.1143437330173 23.1852611327867 43.3001398845827 55.9533307410985 67.7286113863939
3.07546412460218 4.716677496771 10.2669598268693 24.3121032041583 35.5566506335633 43.9574004766408
7.95399017860767 10.7563155464643 19.1162095084181 37.5090683244284 50.6630757002641 60.8564959616138
5.04523425967414 7.52775831252998 13.7631470222485 29.3823082092714 42.6474846446274 50.9619491270454
0.26616996585246 0.425722215841455 1.77641816778892 9.24439475260372 20.9794645456093 24.612586891392
8.05571199117528 10.8617249620345 19.3011933717687 37.7722362637053 50.9010527092728 61.1700894076545
3.96235517794331 6.22562016292243 11.633524734798 25.9791650794953 39.1367364248601 46.7240736611162
8.63922333593893 11.4762267240168 20.3321966804343 39.2803705417946 52.3350874437475 62.975235393979
1.45321862461694 2.76515272960826 5.86185632091704 16.2275414869687 28.7820758264292 34.2055831206709
3.41587063555017 5.53210744129231 10.5155032791589 24.1275593805084 37.1663980102188 44.3877255299921
10.2999759182954 13.1619218847215 23.2674257963679 43.4158298612136 56.0579211642773 67.8650715624791
3.92718101612684 5.75220082523581 12.2820510739691 27.5575439046661 38.535975573889 47.984183670397
6.36132140755989 9.03003686506903 16.2326563439822 33.2073865546287 46.4955092685296 55.6578556702975
9.68604759781578 12.543866176034 22.1900908620853 41.9063656516408 54.7070205943837 66.0856781715886
5.11108843650294 7.11093810395839 14.9174417851098 31.6796675494775 42.2449469992159 53.0363666928422
7.40252789542741 10.1691466532049 18.1266309800056 36.0542755769381 49.2773618146492 59.1084244410996
1.05142953909157 1.88117369048512 4.7515190553671 14.7627493416724 26.3660187551305 31.8282489275239
4.40159562015481 6.7641682766864 12.5166327081347 27.4028746712461 40.6126719295675 48.5057336835049
0.113169144679281 0.0498520124833986 0.951978111602786 7.58090926097798 19.38999728885 22.4306376187333
3.29749556680058 4.99231318364059 10.806556146961 25.1860033482924 36.3598585490006 45.0461769948725
0.0737843097035916 -0.0160667596196126 0.765508656333861 7.06322725433461 18.9845992459169 21.8289200513062
6.25692922720969 8.90493020219465 16.0543126953505 32.9030744402644 46.1465606831072 55.2793814127132
3.19030351729538 4.85891244734319 10.5471861725934 24.7627361253671 35.9675034532172 44.5186601103046
1.10205751095888 2.1466367187888 4.75340765670254 14.2817363130771 26.7140442950517 31.6128822415719
2.93734308271879 4.90651827896937 9.47998607990612 22.4122984017717 35.3629655174134 42.2094038988956
3.24256387441404 5.31281306919107 10.1421335003045 23.5283043125355 36.5580654940402 43.6322312834844
2.32590806533933 3.74650865403248 8.40246264348093 21.1737329924535 32.5708671450442 40.0195229833759
8.86361984215605 11.706628276474 20.7323372064605 39.8487290275323 52.8514078955832 63.6500643289306
0.472222437852101 0.857626496890403 2.67568553481955 10.9540547979784 22.6528283713173 26.8657828885873
3.42493367105374 5.14935600549371 11.1074782035808 25.6809902998454 36.8243188597703 45.6617873156807
2.70812479372639 4.60104519404336 8.9558203955738 21.5548899767659 34.4833815196653 41.116312461547
0.557664484752019 1.02205016793005 3.0127230329698 11.5868753958552 23.2729924498308 27.6951697741439
2.77174966872825 4.32930436279056 9.51566716223812 23.0676191069458 34.3898774136657 42.3995537469707
8.27071528008609 11.0910328770361 19.6775021914609 38.3320872149901 51.4474663326543 61.8427879988361
8.94793381135099 11.7959131257267 20.879020859774 40.0658244478017 53.0622611014772 63.9102830997271
2.05667079131256 3.68432908762185 7.4321448500127 18.9514167828779 31.6949280321781 37.7616285236594
0.0263026662139348 -0.215204885546794 0.357488177398711 6.32942260360565 18.2039341487427 20.7860873347796
6.81532847108282 9.51730409909423 17.0764393004989 34.4395281511462 47.6449248649283 57.1432009882574
0.410945308404877 0.880651514497442 2.50246347610651 10.231284717755 22.3524145926795 26.2002848617986
3.86393024744376 5.68286426195023 12.1327616996707 27.3503210652565 38.3776878551249 47.7324434837001
4.08685308620533 5.94274456593546 12.6434066533735 28.1469232764539 39.0884950510278 48.7124254654413
1.3921100149597 2.41910375775198 5.80101633186064 16.6748415379866 28.2563818405398 34.2921200154895
0.122005263072999 0.0870021015785084 0.965493052590918 7.46060274911901 19.3872346798775 22.3518740236618
8.46860106434155 11.2984550511712 20.0292615322262 38.8429221879079 51.9273136798509 62.4533916147048
3.31868544190611 5.40899743912217 10.3075459761595 23.7921229959986 36.8233843947027 43.9647203045427
0.190398340271037 0.363300574197604 1.52361318863811 8.44608791906399 20.4500391533852 23.7610792028746
2.52920855459001 4.01187874411818 8.92087698482756 22.0366840535809 33.380025470412 41.1042029927729
0.62698450179032 1.15188025130969 3.27898253658683 12.079799825176 23.7535571146681 28.3405520938472
3.72855853234353 5.516591403402 11.8204504522946 26.8283939852932 37.8782269838858 47.0839163836331
5.05693797428243 7.05026184972906 14.7996329382483 31.4981700719978 42.0836224815541 52.8151513208514
3.99489402086604 5.8335565720875 12.4355669059001 27.8099870151169 38.7745042739485 48.2965174967632
4.41160655505659 6.32034415531107 13.3760589882219 29.3010512924845 40.1323646826953 50.1310952486061
2.69383537775964 4.57738686442273 8.93199865393293 21.4935028019462 34.3916235030688 41.034571255195
9.02147483846623 11.8654937212985 21.0171179939823 40.2434788326376 53.1951685972265 64.1157960710619
0.331730388938875 0.573525895043582 2.08869001280039 9.83607078686948 21.5565777522566 25.3973519749709
5.14525816468727 7.15319314772912 14.9934125899814 31.8117609166956 42.3770591061635 53.2006729263801
4.74763324052702 6.70823875312686 14.1229006746479 30.480468639244 41.2051353824118 51.5783781810898
0.261428279569971 0.450538463676306 1.66532592374108 8.73376623847993 20.7449468154769 24.1082819636284
7.77572042455677 10.5682646534845 18.7952082165435 37.0422887401712 50.2257177448741 60.2972308272216
0.0927320970763306 -0.017668292727378 0.812919171448212 7.32691839557525 19.1269133128027 22.077416700394
0.669177997671607 1.2242542138169 3.41350342473153 12.3526454113586 24.0393135127118 28.6927996712536
5.21697430880399 7.23163508675809 15.1481717965633 32.0435022671962 42.576681937791 53.4815154905562
8.14136883390136 10.9549703726557 19.448110051604 37.9974315893487 51.1308327782622 61.4423348194561
0.38607460937578 0.680668557249936 2.30551296440144 10.2684769558283 21.9869810412772 25.9603556972191
1.43808857820234 2.48192530878933 5.94232644859523 16.8829568829804 28.422652375581 34.5568855907888
0.0411604810072371 -0.120215289267522 0.556454542817087 6.67501174272436 18.5773034681306 21.29061495813
7.09049359885299 9.82901440873105 17.5718041147268 35.2152440216315 48.4451548747648 58.0930136664662
2.99204329184608 4.60836347107456 10.0754930750781 23.9634775163107 35.1968485383501 43.5203133920626
1.5398653748832 2.90277920786288 6.09904796886286 16.643090813477 29.2277305124335 34.7514220666115
7.73288546005785 10.5209952617406 18.7215690443226 36.9278698828299 50.1071349193915 60.1583088339853
3.97122022909193 5.80567738755446 12.380061789534 27.7238895864399 38.6985188416991 48.1903499255445
5.33099912724417 7.86038712276605 14.3085631290175 30.237499649967 43.5166954135199 52.0176640661254
0.216278512494027 0.304303476215587 1.51768260443679 8.74957084348409 20.4959547484287 23.9534083941038
4.65605156633758 6.59880457344553 13.9209849859878 30.1431354070642 40.879688846572 51.1615611774298
5.10443041909913 7.59723629907836 13.8764026883714 29.5612227504245 42.8308553571966 51.1833130241554
0.924908287993438 1.87793158669101 4.31068935866017 13.4840592787251 25.837725053571 30.5750282512254
0.174815581134255 0.193035582228311 1.27786132256742 8.28608136336995 20.0428075462094 23.3331182133381
0.666686715533908 1.22838696416792 3.43789419692996 12.3728168946661 24.0371673279016 28.7251598979104
3.81269513714479 5.61654445212386 12.0184070373082 27.1383465808559 38.1545036900875 47.4667981762508
10.0172332898979 12.8848583841824 22.765673725782 42.734236423101 55.480137247005 67.0688142238552
4.59440639077715 6.53575543212715 13.783404031873 29.9621853981518 40.7509378568187 50.9458401880391
4.72511908306886 6.67843257972675 14.0734896982623 30.3849151878296 41.1008072155418 51.4581475747767
4.05031758841583 5.90368535028096 12.5574592084281 28.0316207386615 39.0048571267682 48.5731855919908
4.22425183806539 6.10764098282675 12.951691220957 28.6576080918359 39.5754752907665 49.3440451864116
9.21342953951912 12.0644761233801 21.3535329730525 40.7292151495511 53.649933997519 64.694066870517
4.89683628252261 6.87874324652141 14.4516776952202 30.9959059644758 41.6710860509021 52.2094528527881
0.033556888241287 -0.166517970080473 0.458918202654025 6.50202696741094 18.3926583524544 21.0405467160515
3.84719777947711 5.65762972818771 12.0984596580177 27.265692721434 38.270287839683 47.6241408321147
0.0272752839874307 -0.195114936584697 0.39976477141351 6.3955601017613 18.2796391390619 20.888855325219
0.150841134341252 0.150778443047244 1.18560945708098 8.07312598106053 19.8452837375307 23.0695638852112
0.0219459039551977 -0.264893084144589 0.259320877611969 6.19027396287732 18.0329563399171 20.5606582174478
1.36963200677866 2.37894749164701 5.73919251090059 16.5246836383196 28.0761678253025 34.0975034240079
2.91641112872975 4.51443431245146 9.88978868003321 23.6653806871424 34.9258391732184 43.1488195987681
2.82536059137707 4.75934464041499 9.22977267257457 22.0032148232872 34.9417995102187 41.6893717033442
0.0361125621589556 -0.232357130807335 0.343781237662822 6.41445667415673 18.2218736406324 20.8315104181242
1.64875785647187 2.79223475781181 6.52807058436854 17.9524323655771 29.4962187882263 35.9231387848765
4.26405243259133 6.15419038000625 13.0420167695364 28.8003378939235 39.7048709197361 49.519719978572
10.0697415629607 12.9345699869833 22.8607276781291 42.8582012879977 55.5769848028385 67.2119743016156
0.282012444853791 0.473580903910946 1.8815847830866 9.43029889347162 21.1598191445718 24.8680376409409
1.07355750314263 1.91693452409571 4.82367560895092 14.89090186627 26.4892615126501 31.9939620107055
0.507601171953561 0.92737626493125 2.81499400113112 11.2310272930014 22.9317269479063 27.2274643538321
9.68038772278998 12.541180823911 22.1762850759517 41.8964333661606 54.7129457727786 66.0767531692744
0.520861402876289 0.95342022991691 2.866322356479 11.3334217938262 23.0359783888426 27.3613364011074
0.0617636480965209 -0.142040455253662 0.546154263850312 6.83082648283395 18.6235718582783 21.3873687831684
9.14854650204459 11.9911595633193 21.2478237521735 40.5570252923894 53.4587797788719 64.4835983230092
6.99558487626118 9.72675321728059 17.3986231657157 34.9593218565074 48.2009700116574 57.7842467908041
3.72484075165347 5.51290821718688 11.8109573930968 26.8178595299602 37.8733107263609 47.0714134353605
10.3149158651655 13.1779493810422 23.2927895976963 43.4542035810113 56.0965856492142 67.9112388415393
0.711047583286398 1.29974172995409 3.56611676865541 12.6349827662522 24.3164304702549 29.0613897456944
9.44986140551283 12.3019301110754 21.7767371504959 41.3164052629221 54.1635824178652 65.3861549435609
1.17480938809832 2.27399198260891 4.97854272624753 14.6803930534776 27.1418782924219 32.143631875033
0.889578667359218 1.61410164164115 4.19923816991441 13.8005181474614 25.4595038501082 30.5799857343351
2.17455916714137 3.53275934871595 7.99494749015935 20.4520075708474 31.8607334196918 39.1021035072053
5.82197351883253 8.42325985906237 15.232878480167 31.6734314396449 44.9651865941776 53.7827017937633
0.0402871632651187 -0.221284127506781 0.370167438004138 6.47771467375057 18.2787888597491 20.9109912650151
0.094631959946283 0.0593990753070691 0.918419491313071 7.34205199697872 19.2796046833812 22.2206286282985
5.62559711046917 8.20105649546481 14.876597360802 31.1178732043345 44.3963397076344 53.1026151031911
0.082514404990878 -0.0722285376437784 0.700415550947128 7.1400449680293 18.9249897061833 21.8027357871996
6.11855334266609 8.75246070910445 15.8000560026399 32.5196848407632 45.7715683761771 54.8136201921932
10.2348846492062 13.1015227040587 23.1495907764314 43.2650669083878 55.9445119069288 67.6922335128937
4.35249516137977 6.25639150751351 13.2434093287816 29.1121960242812 39.9811369406106 49.9026405221895
0.836060619372956 1.52297983937529 4.0170582660687 13.4669804627167 25.1322462314463 30.1467246765418
9.8896676574456 12.7563883908116 22.5412730134131 42.4200488462156 55.1995071488256 66.6983707576106
0.0518759771279833 -0.170987357311148 0.480128233367001 6.68694505016097 18.4886489578019 21.2005034052853
0.194807151183971 0.272563402612288 1.44984189209669 8.58303835743938 20.3422363557206 23.7530996836211
3.93941396542979 5.77235069122281 12.3046559937708 27.6264795484928 38.6323200642751 48.0732690470307
0.0883702846927377 0.0644356863067838 0.934366006127158 7.36507431219578 19.3058074388732 22.2627867542875
3.44122971339105 5.17000548027783 11.1451611341008 25.7467263806676 36.8897229106365 45.7439045195792
0.0340521008728809 -0.153051461729796 0.488225180019886 6.55119787199725 18.4464771539795 21.1146782519053
0.0503518508177956 -0.0742422891810788 0.652454574201503 6.84824629809483 18.7607940389726 21.537963191778
0.0812044478592754 0.0408177518934236 0.886918507557508 7.27773133100959 19.2137422377998 22.1410745821724
0.112814409552033 0.152955692048545 1.1139559935216 7.69328654831667 19.6526161903346 22.7234810428514
0.16088471840435 0.297812953788305 1.40080955456233 8.21897597962284 20.2089600279709 23.4535710317732
0.223026218193292 0.464597094066164 1.72490603952475 8.81198374591465 20.8381428414658 24.2714126244276
0.307491665613586 0.666933909043243 2.10966815717323 9.51438687464733 21.5857227823217 25.2324584683194
0.401114949637015 0.876747443960791 2.50318948768086 10.2300857457613 22.3490197416823 26.2069551214983
0.520482297086564 1.13199768676167 2.97693733648496 11.0890495034617 23.2665955201148 27.3722132187461
0.697276769403895 1.46965777772895 3.58654347983904 12.186425038792 24.4430192336224 28.8451576556568
0.916941176054731 1.86754961965747 4.29564437187404 13.4551815724665 25.8041883875128 30.5387581840045
1.20380278149091 2.35849424197263 5.15856102540024 14.985860446271 27.4463731460801 32.5689441364828
1.54644369179266 2.91087100507064 6.11501301174315 16.6655090944242 29.2469676780897 34.7796442850815
1.94392727910924 3.51781930055695 7.1532620920397 18.4669294177234 31.1725024604996 37.1322253524408
2.40079663703801 4.17442520679111 8.260702067431 20.3594157264881 33.1870895965897 39.5796043790852
2.90795561099211 4.86797628964533 9.4173681744949 22.3072760727224 35.2507105920496 42.075926998635
3.46485047904324 5.59407065695962 10.6176782144606 24.2944819893829 37.3405720926418 44.5981784809686
4.06937837242994 6.34751967831375 11.8563843489818 26.3062626510174 39.4342224826668 47.1257845649064
4.70053608753992 7.11543633259516 13.1176391313925 28.3303879848707 41.5243293814122 49.6539711937827
5.36917482733343 7.88854837098944 14.3868144968284 30.3125137396143 43.5319613754995 52.0963250777656
6.04589366467949 8.66130619406411 15.6588067990568 32.2826814013232 45.5126214679453 54.5153528450224
6.72892740497801 9.4218577154881 16.9181049942637 34.199807270138 47.4090406459266 56.8517618335375
7.4043989185346 10.1558084468487 18.1432814377179 36.0314397001007 49.1873782993213 59.0670886801807
8.05645526241626 10.8511376173917 19.3128108876024 37.7544043416386 50.8333537249284 61.1383799359162
8.66960782679483 11.4948198696355 20.4032278299841 39.340587919835 52.3264893711798 63.0353162003028
9.19776169634254 12.041475422642 21.334734216911 40.6804187311191 53.5711920085638 64.62985100124
9.6462626607033 12.50046441575 22.1239200568401 41.803523609776 54.5992794397354 65.9613190354187
9.95806040228995 12.8168075849292 22.6707172879978 42.5758700943612 55.299256617329 66.8741845272476
10.1560131426743 13.0164292118574 23.0170443460891 43.0624923079905 55.7371578085914 67.4481075886392
10.2616660831671 13.1229510137202 23.201000644406 43.3213688117298 55.9710830580363 67.7533609881675
10.3248662341762 13.1871957076016 23.3106530771101 43.4771521371539 56.1140582826192 67.9375500183749
10.3315529246481 13.1954378768123 23.3212352596855 43.4962359437035 56.13756601635 67.9614781152659
10.3035764690672 13.1692564693775 23.2708423291369 43.4311176841914 56.0874868966818 67.8866073414117
10.2246325290285 13.0915988783541 23.1313113104658 43.2405739773003 55.9242733223785 67.6637390786469
10.0942901558243 12.9620811811793 22.9013345205414 42.9231936543559 55.6474999558055 67.2912320131968
9.90494110241337 12.7719814283083 22.5680165402514 42.45807367538 55.2343318134217 66.7434074108065
9.56873928752226 12.431446650651 21.9756538668729 41.6243958261293 54.4842003145188 65.7584598179148
9.12057483135871 11.9737669000198 21.1842532183365 40.5022659462456 53.4639027251578 64.4289263504411
8.58388467802841 11.4193339104582 20.2341765165728 39.1406096774235 52.2070878497019 62.8092559533869
7.97693196515472 10.7825459512578 19.1546897445127 37.5718129974979 50.7322118714537 60.9334809589441
7.32958809841693 10.0904998585959 17.9937443044145 35.8576099910498 49.0892500138951 58.8711048544603
6.65602695427669 9.35497308806682 16.7703326612369 34.0210624416009 47.2968960711719 56.6464325014595
5.97745241148934 8.60096688797681 15.5231361991857 32.1246768028626 45.42186867574 54.3368535412488
5.30491405483409 7.83182737882981 14.2594780900505 30.1648215070521 43.4478043860404 51.9295063218477
4.64959536463971 7.06078766879141 12.9959030158606 28.1713315007704 41.4119957310134 49.4613070135367
4.02048159848297 6.29723552279274 11.7450476261168 26.1645137241921 39.3376131987554 46.9563014543523
3.42370573754 5.54605296566013 10.5097281501544 24.149603096856 37.2346616651362 44.4188345161767
2.86717077050912 4.81556414909979 9.30083016327388 22.1445145569081 35.1240627920258 41.8701376947671
2.35583842030072 4.1124346924743 8.12840709829509 20.1670955514798 33.0259704743822 39.3329177757211
1.90107000421466 3.44384755392229 6.99753198937341 18.2229148827763 30.9489854352795 36.808378104425
1.49241227179702 2.80412157197211 5.89975103906736 16.3086776233543 28.8959048411161 34.2980715637806
1.13008649269688 2.19193645347303 4.83030664047315 14.4191644199014 26.8637592612298 31.7937376578477
0.809122420924289 1.59829762674345 3.77104345998288 12.5277550319563 24.8272493402156 29.2590091805707
0.472118637109287 0.908671338796245 2.51478447378203 10.2738630116106 22.3960653374146 26.2028117197252
0.235088798241677 0.363482485191018 1.50413683713555 8.47249583464479 20.4408417620967 23.7234906552101
0.148828480105413 0.149328747787714 1.12619099656962 7.85159183057458 19.7170757717855 22.8321718882359
0.157367541503897 0.180728667239085 1.23742247147996 8.1388968314057 19.9341321541493 23.1795090098043
0.217573100390046 0.329026246578913 1.57139852767907 8.81797331921755 20.5701849170071 24.0653132282615
0.324118196557986 0.562480759924414 2.06816721780114 9.78268298028898 21.5025522502302 25.3328184940226
0.463698150385943 0.84932226931648 2.66676679265346 10.9224945258606 22.6128857770195 26.8303452514219
0.651670432537748 1.19892570944337 3.3805054410265 12.2543361076594 23.9154984641332 28.5710159209182
0.874722605052042 1.58938113734428 4.16965326853059 13.704632118314 25.3316448563411 30.4583956898902
1.14092130919514 2.02452952178138 5.03865193198894 15.2750104453429 26.8613119892874 32.4898468581931
1.44675995391002 2.49609245786397 5.97109807188558 16.9339568568413 28.4715120963356 34.6229157008295
1.78745287332816 2.99443199617855 6.94796869907824 18.6460013367029 30.1257971237886 36.8103832334308
2.15721941415538 3.51028256424363 7.95184650871752 20.3792384421494 31.7912999963378 39.0107787716949
2.54711445761184 4.03450721242185 8.96788620406268 22.109264231155 33.442631312825 41.1950626389617
2.95270100504749 4.55777096770401 9.97813594921556 23.8002902834353 35.0421280613724 43.3157851907825
3.3627093398391 5.06951280266358 10.9656579881013 25.4257731842099 36.5629734886654 45.3423819802334
3.76713138349768 5.5607326058389 11.9137836421037 26.96342452184 37.9869087434597 47.2495679661009
4.14460006539595 6.00674400940014 12.7758011704822 28.3386511500596 39.2447856238737 48.9457520357836
4.48928970198772 6.4070278266662 13.5506877184442 29.5610064847919 40.3527318638286 50.4478062169209
4.76803003875952 6.72499964134544 14.1678122274266 30.5223386016685 41.2147539766805 51.6244236523316
4.97620104326466 6.95931667283781 14.6238137084489 31.2254352859391 41.8393751703784 52.4823326946337
5.09823788529019 7.09602794726358 14.8894183000784 31.6343747099527 42.2025692428313 52.9807391189101
5.16334493562965 7.16926254549919 15.0309213819603 31.853770644747 42.3990294799529 53.2483742549408
5.21228108955913 7.22490833052519 15.1374393860091 32.0213005740964 42.5513835835803 53.4532340532622
5.22157216103224 7.2367298230071 15.1581059502199 32.058645677391 42.5900005305845 53.4999236163069
5.20154621382105 7.21592821508366 15.1152532682812 31.9987855634698 42.5427977049505 53.4283296951835
5.15065962650631 7.16080638054664 15.005332905576 31.8366570114448 42.405727722243 53.2323024084521
5.0439126006115 7.04267744818836 14.7728885761143 31.4853098014528 42.1002774192206 52.8052791065541
4.91669168567952 6.90111078462636 14.4952372620051 31.0630476300906 41.7306992133012 52.291395543932
4.70909962053521 6.6666867252515 14.0376151958748 30.3581260776486 41.1058824507923 51.4305456911316
4.43038840478692 6.34759869376206 13.4168799957851 29.3913177525642 40.2400135983196 50.2461695561944
4.09282915485957 5.95396322608221 12.6538911424051 28.1865321562484 39.1477919800935 48.7642725805608
3.71610730032919 5.5045347242022 11.7846532330823 26.7936770441728 37.8700545934886 47.0428016121477
3.31962821189705 5.02289018714138 10.8536662189574 25.2861688778987 36.4763841194343 45.1728233386572
2.91386866553359 4.51249175286228 9.86828088173576 23.6589139650493 34.9506789865817 43.1409993438974
2.51522172435071 3.99079724970726 8.85883684170826 21.9612224840326 33.3413475067776 41.0066246684671
2.1285802019006 3.46843889502503 7.8453432867728 20.2341349467196 31.6924480787493 38.8242172988668
1.75945698642644 2.95267368800156 6.8411981232419 18.5008793384242 30.0271413681135 36.623082344409
1.41850593827553 2.45384516083852 5.86400422997734 16.7882827182225 28.3713647648572 34.4346102419946
1.11653022552098 1.98532306447184 4.93841941845249 15.1375140468586 26.7655259290914 32.3102378804972
0.849947699339452 1.547219335006 4.06510839937585 13.5566790771583 25.2213967927898 30.2634352354062
0.632238425158932 1.15759418998866 3.27831714311644 12.1036900826949 23.7956509795853 28.3676257837537
0.448028856623992 0.805121319704655 2.55910328426345 10.7574826882745 22.4721105744702 26.6020929071554
0.308620949289454 0.507977778503601 1.94229708367457 9.5810174429143 21.3146390302506 25.0486735772297
0.203879999917046 0.25936721672025 1.41723724400351 8.56459504186418 20.3162951781523 23.6992662972148
0.125872749320869 0.053811430268917 0.976651672233319 7.70039281946489 19.4687922568657 22.5470759011782
0.0757974526547973 -0.09859971415393 0.643636573086072 7.03681421862142 18.8203984275938 21.6585358745092
0.0465646446046047 -0.199180897485849 0.420145144209409 6.58305304981876 18.3795872477766 21.0506035894746
0.0292535920381417 -0.26211910712669 0.278407069689524 6.28787482394672 18.0956236269195 20.6573305830572
0.0165484430181826 -0.30763297312567 0.175030256889444 6.0669871324415 17.8855195886387 20.3656473554754
0.0102463145504612 -0.323960605963527 0.135784989491836 5.96991291266516 17.7996112537334 20.2449760741658
0.00638677295802728 -0.3266350612931 0.127370122683621 5.93371913868448 17.7740026637005 20.2081950477717
0.00557961872500497 -0.312931819204238 0.155047399641517 5.96760258558128 17.8190489529358 20.2686948209858
0.0118024838588659 -0.271511736384107 0.241041072036231 6.11270107724396 17.9782354838063 20.4832496771814
0.0223094914496443 -0.215196070430686 0.358288702631436 6.31913227295834 18.1995453182221 20.7814485359285
