0.876727909792476 1.49203041802866 2.51545867320064 4.1805787548626 5.38134661449526 5.87660931233135
1.14154965639504 1.64411012088322 2.83582998155746 4.50058432624337 5.53502425666979 6.14158237582483
-0.644198250123493 -0.183713998582452 1.07242580554247 2.73971808353182 3.70470352560252 4.35664611559857
-0.450514560267576 0.023268479376915 1.2621878955016 2.92901652512825 3.91082262352612 4.55086859546529
-1.78447656608679 -1.16390803703895 -0.152381670932459 1.51751612212351 2.72705970822509 3.21690042571907
1.0692195309637 1.69857745175591 2.70409191244429 4.36926040959162 5.58724499874507 6.07132743995265
-0.172006081529061 0.370777518654005 1.49955960711155 3.16799375616316 4.26098023390849 4.82833938952319
-1.0385961908149 -0.525402165242208 0.647397795768102 2.31481318929588 3.3632985972361 3.9610769193628
0.593586369325668 1.10261221541508 2.28627436034865 3.95122393000645 4.99200723366579 5.59341304942522
0.0507495467094572 0.598870676216755 1.72214264161464 3.38886618920791 4.48797727321228 5.052572943402
1.21319876086224 1.77828009898482 2.8798863529035 4.54476859044708 5.66662922022901 6.21466490843797
0.128790689028134 0.666434764519749 1.80643753845892 3.47263936744372 4.55480599107494 5.13019787413397
-0.35005899420081 0.140238455958095 1.35315439601834 3.02006156060269 4.02674845972173 4.64942112086328
-0.989583310342741 -0.555594125538712 0.740545537488432 2.40978947375321 3.3331893371502 4.01366648649485
0.183872167360494 0.712768632333775 1.86708410415468 3.53253988355113 4.60049738191406 5.18520063180738
-0.598561590084651 -0.130727059203435 1.11533550209592 2.78246155401353 3.75757385479975 4.40256372250924
-0.0790319949310112 0.493175560511936 1.58008797501542 3.24692969780667 4.38251795692949 4.92220672573645
1.29572735001182 1.73565005796213 3.02191274379878 4.68728986292526 5.62823951156664 6.29555121242451
-0.0357026050368279 0.528135680080563 1.62624719236168 3.29364639440764 4.41752278070934 4.96488432820171
0.146306149539258 0.68102271748174 1.82651268715717 3.49182644335161 4.56931824856565 5.14783943562804
0.564772518547397 1.16223846955126 2.20849896076428 3.87319429482229 5.0530036229793 5.56324774679857
0.77571414433241 1.27492059917902 2.47228639903981 4.13778207553886 5.16523302306351 5.77387957039229
0.186539484699059 0.740782043056231 1.85546059434186 3.52049184695474 4.63040078238654 5.18753644962973
-0.836098810220118 -0.405970275429835 0.893942979773534 2.56237395385229 3.48245498483832 4.1653139540031
0.719050520665817 1.22431687214168 2.41283129105215 4.07817093751866 5.11431969138818 5.71765296687747
0.456209869689257 1.06484702505143 2.09403225293684 3.75881739330052 4.95533116691606 5.45465690089318
1.55962934421079 1.96316857657039 3.30731519389975 4.97229839530468 5.85488499176161 6.56045356020416
-1.69969531580848 -1.10031072103167 -0.0562848907262569 1.61358175504123 2.79048143642451 3.30191096231992
-0.734682317354522 -0.140602955088209 0.915211614134374 2.58156900242319 3.74508770762607 4.26421104109753
-1.32779375652843 -0.682562162770664 0.292826433328613 1.96003659288178 3.20611258879687 3.67078943305369
-0.911758508218247 -0.398409772116948 0.775790678504437 2.44280749349445 3.48998652088184 4.08806735353667
-1.40718324672843 -0.759190787308542 0.21117738085176 1.87832942449381 3.12956870129761 3.59137783198437
-0.536505145534597 0.0306187471285102 1.1267659089114 2.79334867094199 3.91652753265808 4.46270127789358
0.449762800659185 1.00383107601591 2.11889495011358 3.78415185212548 4.89378789582062 5.45052678113082
-0.158803877437768 0.427238400161803 1.49242660233105 3.16113252978743 4.31773847918729 4.84209901383418
0.205829193423675 0.780737490048414 1.86532468879453 3.53047656372061 4.67069205880816 5.20777713540157
0.0505454669104744 0.600102219700875 1.71967946296819 3.3870344656543 4.48907169432175 5.05067175876477
-1.05520200471378 -0.488721751091078 0.605576093997278 2.27232911375174 3.39944292706119 3.94416540128514
-1.69058046355161 -1.07102734035101 -0.0590751505664167 1.60973280052321 2.81889113186851 3.31038787052506
-0.13668315142525 0.445343109661455 1.51457052202865 3.18386835771838 4.3358156349828 4.8627329822666
0.17592147444186 0.705926072935298 1.8589740965318 3.52339638773231 4.59351366674309 5.17665272104945
-0.0456118818711929 0.522038149997262 1.61578639388305 3.28196487577355 4.41095669411537 4.95555263404952
0.272762444143538 0.857126715355897 1.92741505516027 3.59278139707305 4.74730895138352 5.27512605927591
0.129482143576594 0.699140061409146 1.79036344071735 3.4553597905914 4.58863824938397 5.13044486421505
-0.744631875507071 -0.132338945487686 0.896300331864459 2.562403171668 3.75294870279814 4.25498312322481
0.330633326476174 0.871574450550847 2.00693441194869 3.671844855774 4.76109037364625 5.33163447046966
0.294892750699759 0.863004359646984 1.95816150916725 3.62336722663125 4.75302531945864 5.29694445043815
0.133777389149768 0.702410860230234 1.79519349654942 3.46019175753931 4.5919189822662 5.13473233999272
-0.38464430193744 0.0995377699896785 1.32192175349471 2.98882119624528 3.98647423912872 4.61539850041325
0.0501261729909504 0.598573966037601 1.71770897118707 3.38580306210714 4.48756091338303 5.04783577829529
-0.0477480085765526 0.507020852991371 1.62081672700978 3.28649473372988 4.39616517041779 4.95323253657765
-0.0128465535783488 0.552397387599095 1.64966361491041 3.31530293034249 4.44108877111247 4.98815224919314
0.449823585379663 1.07062814963769 2.08173612886537 3.74647917346903 4.96124190854051 5.44803847278377
0.87982380078044 1.46017095259468 2.53453265397549 4.19939881646953 5.35038756407074 5.87938098205629
-0.340141623197447 0.190281669035024 1.34088318737363 3.00808977935617 4.0769839744015 4.65888640984898
-0.144612839155866 0.440224754047624 1.51081371314426 3.17764631042827 4.330016461525 4.85838508174209
0.891763398421881 1.53781463918286 2.51647550696281 4.18164907070979 5.4265044255348 5.89245860750212
-0.165103335908739 0.383962043245473 1.50359193899899 3.17153050157768 4.27408194692487 4.83522308308878
0.0402332545179957 0.600380339198419 1.7074468477826 3.37283938583814 4.48998152028103 5.04247392933685
-1.97941820351984 -1.28732922083769 -0.38597120909076 1.28294098038895 2.60324026118536 3.0214685783291
-0.338679715639725 0.150038806065388 1.36534745654074 3.0322671455136 4.03652343612901 4.66077259792465
0.0966434295454923 0.637716347362491 1.77370906859548 3.43801858286363 4.52574478263014 5.09748293797606
0.039042833969368 0.588106586506143 1.70980331459457 3.37659646453131 4.47731734603044 5.04087757719005
-0.0533378602319743 0.514781902416309 1.60765404370454 3.27408804977638 4.4037917042265 4.94778829139783
1.15109810243245 1.62617887836632 2.85844428519644 4.52355465589236 5.51822800564363 6.15071758147384
-0.357223910415428 0.223835557280038 1.29777153605507 2.96346497754539 4.11154407590399 4.64234537422984
1.51410534474775 1.98768515814623 3.227590115545 4.89221810425274 5.87618684266392 6.51537896553601
-0.00105512520511021 0.556724922036492 1.66240726392713 3.33056277567136 4.44603700076876 4.99761011418535
0.480529243974676 1.04023762368093 2.14491200233961 3.81024826764052 4.93025268967969 5.48032231117367
-1.97855430278555 -1.30907707958404 -0.372471433447775 1.29748174990465 2.58221083238377 3.02235855456117
-0.48735405869475 0.100882723113825 1.16444863203409 2.83050488133982 3.98744424924463 4.51215324301974
-0.0405249096807781 0.525008349315263 1.62150188430563 3.28788997516467 4.41388606141211 4.9605102284475
0.277135066942887 0.866914250025872 1.92836699586618 3.5937830751877 4.75709574466637 5.27929276425782
-0.861524302439946 -0.432875542907992 0.869592128203232 2.53819899093135 3.45556195569175 4.14025556296452
-1.50175464566912 -0.923500576942593 0.151002709792143 1.81957637431716 2.96599593037752 3.49910778933581
0.230055395005109 0.813277878149484 1.88566908961286 3.55097620080968 4.70344447344858 5.23258605260046
-0.87888802074561 -0.320049660870066 0.78732209979564 2.45420648571972 3.5678916021567 4.12085400264927
-0.353155044557282 0.228535139359503 1.30159585810281 2.9671941226764 4.1162616389238 4.64646710351626
-0.10678577484575 0.432034399197491 1.56683607588856 3.23571249078702 4.32294373959109 4.89438115298827
-1.08982342324828 -0.636973728928635 0.630965139528633 2.30041529457618 3.25217810939829 3.91345713902481
1.82094673049782 2.25552452177651 3.55848590687742 5.22298815458527 6.14331680787576 6.824486457502
-0.348895057073603 0.180429751426949 1.33298348444723 3.00012628725003 4.06698999619115 4.65014398533768
-0.0688117805005145 0.489860353756514 1.59817418964547 3.26306843015228 4.37838670114181 4.93178750746705
-0.330761858487024 0.20290159247363 1.3481106044869 3.01542093598311 4.08988010914811 4.66828725750828
0.219706445670364 0.742495198515662 1.90629865474814 3.57144518189947 4.62963671079411 5.22060384686187
0.0608441937871937 0.608957530942129 1.73152657514518 3.39850438457746 4.49787470971482 5.06182951229788
-1.02443916592621 -0.398472329682033 0.607832926706829 2.27444601323259 3.48856694026659 3.97381520502259
0.516260742254627 1.15066258366201 2.14176546956743 3.80629319658167 5.04112662461222 5.51482975078658
0.222806229617109 0.745347335082079 1.90984223042396 3.57442201057983 4.6324813447604 5.22347346052765
-1.46742834770176 -0.810576302077799 0.145946559850602 1.81313933258394 3.07830926249629 3.53108852965756
0.250137722527363 0.806379213754821 1.91864470827656 3.58368974593836 4.69614181777444 5.25141363670737
-0.108793579653528 0.453464823781161 1.55618224226858 3.22118038776942 4.34199336773879 4.89165106226587
-0.208676112061683 0.33628790939508 1.46201906777271 3.13017769800618 4.22597980367701 4.79135072123288
0.0695063282381879 0.624937175326665 1.73913316585782 3.40447344799556 4.51470286662002 5.07183096221704
-0.0747344055246133 0.496064129004781 1.58361352285063 3.25151109132082 4.38579434133893 4.9255828177926
0.263465802720123 0.843955755476232 1.92040870257916 3.58572511720781 4.73411350775769 5.26588699997422
0.181572026286968 0.710470253035162 1.86416563966332 3.52992994649857 4.59813674048467 5.18252124793541
-1.06667614940039 -0.4454649864043 0.567578825454284 2.23439927152294 3.44215980190172 3.93180363404758
0.0342770655650616 0.581884020978105 1.70734306146523 3.37248066948778 4.47062312581991 5.03553331689837
-0.0553425080231157 0.514685064722994 1.60560366622431 3.2716851494216 4.403757946066 4.94620161965834
-0.384586753984564 0.0930282742702374 1.32575071840435 2.99262802536151 3.98013099917834 4.61593412645491
-0.878746555321078 -0.260929329627827 0.75882283652021 2.42511454075318 3.62487546447297 4.12003396951618
1.78694508910268 2.22590122190273 3.52171215405527 5.18621935898075 6.11371343731111 6.79016044458447
0.251665121343706 0.841068476934205 1.90372346426654 3.56912092337687 4.73128531158705 5.2541775836955
1.39573484772817 1.91808678029128 3.08487611678237 4.74961403529867 5.80618303048881 6.397547705638
0.697936358440652 1.33670603275267 2.32364661462065 3.98879114393291 5.226666884431 5.6972868935164
-0.0778363833639907 0.472672658770765 1.59126667710405 3.25871122630322 4.36299439142402 4.92330826796178
0.0130356620729974 0.579469957557878 1.67544721841486 3.34066837617647 4.46828046539036 5.01418224082643
0.261795042538683 0.852233315006194 1.91301283825734 3.57842490601389 4.74243783503602 5.26416122922068
-0.614912221396328 -0.118103017714726 1.08468265784503 2.75151328624367 3.76972727053025 4.38601824609471
0.559775620919371 1.22644315799543 2.17101570587762 3.83620297270137 5.11662633874004 5.55889765482429
-0.173607987254136 0.394305091845581 1.4882711765189 3.15345636163358 4.28280660708442 4.82665388808993
-0.958235831911982 -0.340953654488256 0.678812836039301 2.34532904874668 3.54575148325661 4.04006792967286
0.54068469603093 1.09685279938764 2.20580946840468 3.87110091708815 4.98697564801785 5.53958338229332
1.81523904514924 2.2656535887701 3.54553063474299 5.21018705729544 6.15368947445978 6.81976317837342
-0.951186138271403 -0.510474793632067 0.773965714219454 2.44274158755732 3.37806404585185 4.05105094784496
0.0907916762882916 0.632460059935009 1.76741170591388 3.43205880790261 4.52073992246364 5.09193497538635
-0.0144111719138029 0.533287456089486 1.65652488745448 3.3240759879731 4.42356784483887 4.98746728586573
1.89452962123285 2.3406816080909 3.62885296059799 5.29365254794747 6.22929128959368 6.9006057908673
-1.32378471528289 -0.704547290902263 0.308976374048959 1.97588662839456 3.18398165518763 3.67491652275207
0.666752346147614 1.28528824492898 2.30116367189915 3.96596093419529 5.1757305092529 5.66572307023042
0.471245898342569 1.06851743469514 2.11444279265125 3.77928501773061 4.95887137526004 5.46976707636073
-0.223412191124419 0.334745545526849 1.44140787937972 3.10849965592782 4.22397309082499 4.77643073140663
0.869497242415314 1.4436117521744 2.52691628446022 4.19170041902521 5.33405147779427 5.8689751855625
0.490264223820635 1.06216022562689 2.14649476793987 3.8117071904321 4.95223839126214 5.48915615650336
0.590574837318294 1.25918585191291 2.20127581766141 3.86656789673277 5.14921042177912 5.58985366973883
0.283524177825332 0.821267233982656 1.96103485693861 3.62588381354955 4.71060332245532 5.28435253607414
0.797173763362851 1.28523461440586 2.50077288746187 4.16608038620046 5.17505507688676 5.7956590793349
1.86373015512004 2.32068862172599 3.59262567785428 5.25749228711147 6.20951596887782 6.87013248339898
-0.770035607536322 -0.321322401916886 0.950457002350856 2.61822723379577 3.56717533155163 4.23058990600464
0.4852313089734 1.10342118892723 2.11845299126728 3.78307734452104 4.99402697643691 5.48350696594165
1.60078398757235 2.08388297991026 3.3115696115555 4.97619221479608 5.97173422286097 6.60346441665086
-1.13017182342885 -0.666802390662381 0.58489927499992 2.25435198339092 3.2224400698285 3.87293796970398
0.544051675900698 1.17321868217377 2.17226264614602 3.83679837519627 5.06370144630633 5.54270194890297
-0.344247580598059 0.171789079815985 1.34532208047541 3.01233769546394 4.0580135836622 4.65481889127467
0.522106507942602 1.09517936802173 2.17746060563426 3.84255672072502 4.98541103465605 5.52058187386575
-0.00503739142939308 0.543078716129685 1.66606013451069 3.33330036077504 4.43316570903808 4.9968083289096
-1.05762962909428 -0.50921386726191 0.611548698018631 2.27839982123792 3.37915569539336 3.94171704782192
-0.0502979012431557 0.516179829669786 1.60900777162973 3.27737032321423 4.40581899917972 4.94874981785946
1.11946361927789 1.58455502281548 2.83193169132487 4.49754853591585 5.47721788701709 6.11854988638056
-1.11536025727661 -0.548219121491593 0.54432780494191 2.21111560223089 3.34010030631583 3.88381410587502
0.0907236973492867 0.658339437000372 1.75236755690481 3.41729816941404 4.5475222598991 5.0915451889033
0.69693469945065 1.19557270611674 2.39506031772094 4.06016746238349 5.08510920310134 5.69601592771021
0.582983761334901 1.11717924010836 2.26116973648708 3.92648349298426 5.00717606068962 5.58230255820616
-0.748425188486848 -0.213192025695669 0.930531909407971 2.59739195465506 3.67459654074321 4.25166573123709
0.824684989366892 1.44806369845454 2.45902878416325 4.12417612362831 5.33755005184671 5.82440867265947
-0.337767588348301 0.218893320070042 1.3284321467578 2.99552381926243 4.10663580548443 4.66161425064198
-1.18885451059676 -0.619026722824817 0.468534854089822 2.135427583897 3.26951563791225 3.81015144244069
0.423234168603325 0.980760048075584 2.09093029430122 3.7561813167393 4.87072843846771 5.42432063693755
-0.379451784532085 0.178002227017435 1.28697095123652 2.95387955845821 4.06512784539107 4.61983191962392
-1.350459767739 -0.708566211468785 0.271508308959809 1.93864889231848 3.18009764655597 3.64814429799118
0.547347420433895 1.20868254019979 2.16083677577541 3.82589137295386 5.09896225222596 5.54632429239322
0.640900961689935 1.31424973427722 2.24985784258539 3.91525149629889 5.20391183341324 5.64039935822845
0.459835377719913 0.983935590027472 2.14490572465191 3.80972994116456 4.87323080074027 5.46050926813148
0.10222517762137 0.643112937649522 1.77602402099691 3.44305209581529 4.53157597235726 5.10202745726235
1.34785953865516 1.77148773017029 3.08277049063113 4.74840376984384 5.66450966636696 6.34764946345742
-0.102492701215523 0.47560628459725 1.55615200072139 3.22255381023798 4.36518690727453 4.90027180554741
-1.58168812082758 -0.948885942762413 0.0418405013091506 1.70936788011766 2.9407411515438 3.41744622331643
-1.19812830187739 -0.663346180569219 0.476311565094085 2.14398549272809 3.22559009153388 3.80164035664778
-0.856965744077413 -0.251319579421748 0.786533500451038 2.45292860114393 3.63485613768494 4.14146172968303
0.00941701975830798 0.565580633665534 1.67560465274218 3.34259019867789 4.45466002691739 5.01043445784611
0.562264184792959 1.22918675914578 2.17341902246191 3.8386178412482 5.11935746569077 5.56140152899973
0.703474451179675 1.21106717563735 2.39606768713659 4.0613832796903 5.10103232738111 5.70218363125732
-0.168522249119344 0.419414310537924 1.48285005634007 3.15115786712323 4.309806607203 4.83308873837709
-0.592462164377437 -0.101627526161335 1.11037586658679 2.77721329253633 3.7862153183064 4.40859671573017
-0.376700614687884 0.174233976282803 1.29318558995398 2.96020177755221 4.0612186856535 4.62246742293086
-1.0684690343656 -0.542478023260578 0.610987762067316 2.27824294500221 3.34619955310118 3.93099263427141
-1.06158481673437 -0.611976783942589 0.660392552861471 2.32972235088236 3.27702032749978 3.94159023156676
-0.98453539193207 -0.492341766676063 0.712314408199779 2.37997618275891 3.39635669422402 4.01548522240744
-1.19606726229 -0.679634778953517 0.488309161140046 2.15648601203418 3.20928324864373 3.8044764438919
0.640642270534216 1.1448870802652 2.33581791099244 4.00083489182157 5.03434052055801 5.64012908192103
1.26353826000012 1.78937320926039 2.94887433338281 4.61367868522845 5.67825454184771 6.26428388894268
-0.228941759669119 0.320651328393074 1.43972979417498 3.10752524828197 4.21001287441928 4.77095391154329
-1.69699107148397 -1.09685729416708 -0.0540478660474254 1.61577722736078 2.79385161299787 3.30478201689576
-1.75211644401914 -1.12222510277388 -0.125674045976546 1.54335633447813 2.76788086901036 3.24911513703275
-0.0283556448109805 0.534778551634923 1.63468295149276 3.30105164534973 4.42357238557305 4.97263765689811
0.533513233246462 1.17761662628114 2.1546362806334 3.81936165015622 5.06807186065182 5.53218182624581
0.0104159965583834 0.558515348704229 1.68225503877646 3.34887744348091 4.4482734666101 5.01217682303955
-0.647034745654182 -0.0415518938289448 0.996858450813359 2.66290815655005 3.84412965444803 4.35258727575749
-1.62241698977321 -1.04335722256507 0.0319050390565369 1.7017582906297 2.84731014159562 3.37921050311107
0.573643706537231 1.22259207216519 2.19308779734776 3.85802956766855 5.11293136297012 5.57256111549335
-0.386783363135126 0.190021840584475 1.27003456207196 2.93620670927717 4.07739858054011 4.61264148442562
-0.335368603481791 0.157727685120385 1.36635696538344 3.03328183365731 4.0440827582011 4.66393176083005
-0.026828485871842 0.534899859630918 1.63304631650297 3.30202369774045 4.42464465004849 4.97051210093668
0.868693365567575 1.41124803503479 2.54076034239969 4.20541237987828 5.30236033490563 5.86792165922048
-0.575744868126997 -0.114543986485298 1.14168941725498 2.80889527795145 3.77382875130313 4.42547784311674
0.308768511920325 0.844927468419688 1.98713414284948 3.65196117769882 4.73423980797149 5.30954562931227
0.686007896803849 1.29191340216444 2.32644213146381 3.99112692905213 5.18244478304188 5.68498009593587
-1.07228130966162 -0.559150232182455 0.61357590527171 2.28114422998132 3.32962374263884 3.92751466439895
0.480570448026307 1.08086957200194 2.12251966114714 3.7873546614381 4.97138704148101 5.47908248043374
-0.204131076945171 0.358866041606342 1.45886557643167 3.12529938613701 4.24796878039162 4.79580184234027
-0.941914645991715 -0.497911852347145 0.781160257528875 2.44981098103123 3.39063039178451 4.05995242732958
0.461408312465785 1.06215725372489 2.10288896360459 3.76770121868062 4.95250436806287 5.45993225672152
0.106078304347111 0.658304472061674 1.7769399946809 3.44216001319957 4.54796544405281 5.10801263417196
-0.171420047852025 0.393640960951558 1.49139952945705 3.15705223172429 4.28242572023473 4.82873176764071
-0.347189302991327 0.193808400662922 1.32767322432731 2.99489961042941 4.08084338808644 4.65186927419238
-0.832992296288457 -0.363676269153756 0.87652778982895 2.54411261800307 3.52488003406535 4.16732698834101
0.971948888566794 1.63799957238743 2.58785964177875 4.2533303744322 5.52720658550225 5.97408283784411
-1.96902145226257 -1.28173532012477 -0.372942214570416 1.29605130814289 2.60880646348088 3.03198316650064
-1.10740955453689 -0.628933893241448 0.597827278576168 2.26654711373574 3.25985635027919 3.8945482122889
-1.78887416136715 -1.11845414356928 -0.184940267650818 1.48305682498272 2.77173942949331 3.21065968225324
-1.9008032305799 -1.21283376476217 -0.305773000928178 1.36257272528058 2.67760012583481 3.09919088576407
1.12828573730502 1.69808485064314 2.79146410630296 4.45639120054768 5.5867881143041 6.12906565180475
-2.07060794228703 -1.37059405214251 -0.480494656118302 1.18911638632372 2.52038687631905 2.93059611799412
0.0325717755700081 0.584173055427438 1.69864318480306 3.36679369722328 4.47328449435342 5.03053968335257
-0.802447219543268 -0.341857252194596 0.911736989284724 2.57939106452194 3.54668020219126 4.19800761301691
0.0582508682043701 0.605545118560704 1.72688010476722 3.39475713450706 4.4944181134393 5.05640324101539
-0.0734683852488126 0.476226108893175 1.59597404456724 3.26354630289898 4.36663794538288 4.92774881629965
0.179056396426559 0.708730058022563 1.86177087329006 3.52730536610302 4.59651908570442 5.18039713657857
-0.339438705610861 0.158113630790338 1.35997239448662 3.02689547261262 4.04438916450536 4.659774450268
-0.74904689261432 -0.245978410300764 0.945740180990746 2.61260561004653 3.64215435819898 4.25147788067837
0.583466063425433 1.10590261245854 2.26889386932211 3.93401338420094 4.99558929146749 5.58325717367759
0.140345183816016 0.675533594786005 1.82059391266691 3.4850600044283 4.56342210436761 5.14125373663363
-1.0244967718634 -0.396207388842058 0.60664699648481 2.27322177855193 3.49072398509915 3.97374860878538
-1.90575123833383 -1.21850597409836 -0.310284904709063 1.35811699503667 2.67192817159665 3.09433190322381
1.36184570092144 1.9315253714476 3.02929400177763 4.69435409055116 5.8201910591491 6.36562944489178
-0.154747461441339 0.385557390775587 1.51797279723805 3.18662493575938 4.27599277983309 4.84577608574246
-0.323853575085937 0.186710176413446 1.36857950477673 3.03564656859235 4.07297427096919 4.67520880968434
-0.462384154737972 0.1170166298192 1.19364831517379 2.85995576806721 4.00363034715512 4.53707093816243
1.2279739227426 1.80372970999157 2.89009267046759 4.55499320716024 5.69198257390748 6.23002195910108
-0.521158135304944 0.0694005127780487 1.12967161918948 2.79579030375361 3.95568849560194 4.47839773730197
0.0543325363779839 0.600505295715018 1.72849424788917 3.3929394980895 4.48875412044487 5.05525385378523
1.77187244299327 2.183580054143 3.51916125395516 5.18360307528953 6.07218574128501 6.77362326628927
0.790330303487049 1.34912143692164 2.45396089298078 4.11855211883953 5.2400908767254 5.7894129029878
-1.18804230894751 -0.635429310263713 0.477473638316107 2.14466819072231 3.25335955677124 3.81116848572993
1.74931531115624 2.23667203463534 3.46209121378745 5.12710165540829 6.12576655402462 6.7556408442688
-0.671256424451366 -0.0638100841789199 0.971771668410101 2.63783274684444 3.82175983083525 4.32837769228546
1.69857632819745 2.14363186326855 3.42858969943692 5.09311576989018 6.03167444690644 6.70073949212035
0.107397293764174 0.674557762572463 1.76935870360444 3.43431078901183 4.56385242425206 5.10825017204595
-0.769206914708507 -0.153722913820869 0.870106782643536 2.53621150099539 3.73154357897865 4.23039581865229
-0.425584903839298 0.048472489350228 1.28694149830602 2.9537786941401 3.93588917601436 4.57559148918364
0.483522781565674 1.09210774124202 2.12160441408919 3.78638408246464 4.98273991947064 5.48193765153615
0.12310918022733 0.660873413763985 1.8021054893043 3.46618265158278 4.54862822249022 5.12369920085657
-0.0883913281719433 0.484948038488387 1.56784219315987 3.23638387095508 4.37489129923189 4.91115931247401
0.693605466081324 1.24777604396931 2.3592867793161 4.02443430467558 5.13912706395366 5.69223080116304
-0.000431090280742526 0.551432575916624 1.67039813829517 3.33514409481437 4.43991386151942 5.00043958711875
1.0591530948427 1.53567700001201 2.7655780037052 4.43116164887839 5.42819370269452 6.05810590817788
1.27828354001407 1.88214398702453 2.92838929457835 4.59381342926609 5.77169550859521 6.28250872009189
-1.7171002007342 -1.07798624047212 -0.0965967719134783 1.57169966115862 2.81192568805462 3.28293560504839
-0.734285673417626 -0.12270720377102 0.906988269035429 2.57308507205717 3.76259530523259 4.2653490833746
0.923516611767807 1.59178206312832 2.53780852365938 4.2031872255563 5.48072063540115 5.92510385387472
0.0880050203023781 0.629915572263172 1.76443319376844 3.42926208209384 4.51832196015361 5.08927912571524
-0.089344575896686 0.453490522625928 1.58256411754168 3.25113234827571 4.34440391580969 4.91191450005913
-1.67511794786554 -1.02505589963902 -0.0605985475814862 1.60713290071053 2.86482983306076 3.32416995820163
-0.137967330694592 0.444254319946542 1.51292026680168 3.18234394796183 4.33477695457371 4.86128557213731
-1.2962731819401 -0.703753974028649 0.349188149709879 2.0161072352243 3.18491851439577 3.70255396073251
0.00220971252865881 0.558675827740353 1.6647585356093 3.33350903305595 4.44818392863681 4.99936220694234
-0.0725807374384785 0.497397683885081 1.58295362090342 3.25238301926352 4.38754900834646 4.92493505232902
-0.131528833038104 0.449473835599106 1.51962446657982 3.18912983348263 4.33998462071923 4.86742595684601
-0.17430211039078 0.414449271443132 1.47421853575633 3.14362081115517 4.3052156503192 4.82593602298259
-0.192284898138981 0.399701793840322 1.45631792305306 3.12516975711584 4.29040153102791 4.80915022047762
-0.189370042299824 0.402403232598444 1.46098631845678 3.129043444671 4.2927632625582 4.81297497842184
-0.162245268619653 0.425355113465833 1.49145674973716 3.1586226736325 4.31530749564818 4.84066957081393
-0.122817051283573 0.458552458346672 1.5346209354705 3.20112652298196 4.34832753582629 4.88036325555646
-0.0679585452220297 0.504832926575104 1.59395911495229 3.25990317167011 4.39459137921091 4.93529134911976
0.0127850274945722 0.574928889866674 1.67947192122333 3.34502322756076 4.46473260346445 5.01553625301947
0.107351444969523 0.658419136960508 1.77892915067112 3.44414557058274 4.54813913408315 5.10940323698098
0.21827029804046 0.758297291058188 1.89493663772688 3.55987911017793 4.64774655782787 5.21954646669952
0.334999581310722 0.86494583922336 2.01666181751806 3.68144239599444 4.75415671152114 5.3356891714292
0.463942609496166 0.981970614019658 2.15197747248737 3.81672252975223 4.87109630760466 5.4643395373936
0.591774736482056 1.0976316137831 2.28616407389833 3.95104782421287 4.98691359817466 5.59161204313678
0.706837184351663 1.20238506831495 2.40674377607903 4.07182632548646 5.09185049353774 5.70591551496307
0.807062567054864 1.29395997995045 2.51126384872246 4.17659450359505 5.18383432997071 5.80550851339472
0.904761131204087 1.3818478153327 2.61348341229835 4.27915404861356 5.2726660043014 5.90274643409988
1.02163866346796 1.48353463028363 2.73797144159975 4.40389962342861 5.37529939746251 6.01947685812076
1.0981376684591 1.5532493077015 2.81730668303403 4.48321998266851 5.44562573107425 6.09648855196831
1.20732301681585 1.64830977067721 2.93323980352645 4.59913250712024 5.5412766555293 6.20629073172914
1.33475379230734 1.75950201577642 3.06905729559264 4.73473522029786 5.65256281812238 6.33445717942113
1.47853736927552 1.88805074680553 3.22204930675776 4.88730284460101 5.78044308264765 6.47899727753295
1.62440932219617 2.02220630873205 3.37595813626427 5.04078646737185 5.91342266523838 6.62544913186917
1.75574038800784 2.14808613327148 3.51203539755329 5.17656738814519 6.0378580333125 6.75711745475818
1.80206777931993 2.20927393152249 3.55212247673068 5.21653706329305 6.09779167510523 6.80397760418537
1.91816713370555 2.32224251262756 3.67210577005776 5.33647170044984 6.21003380466799 6.92140769512729
1.9791047023903 2.38680854667836 3.73293925573649 5.39739909720205 6.2745884850969 6.98371063522086
1.99713235242324 2.4121095154673 3.74809100678301 5.41269523771257 6.30023355894603 7.00270752012122
1.93176228673494 2.36908847040704 3.67098312585921 5.33574453205962 6.25764560603767 6.93792882366784
1.82672234395012 2.29470991416373 3.54989973160827 5.21482803466841 6.18370389185469 6.83328525420575
1.6514283877733 2.1653838816597 3.35017130913463 5.01531849592277 6.05475530655778 6.6575762202293
1.42695698719511 1.9972869425198 3.09540060335113 4.76076746877728 5.8869347802583 6.43213857408104
1.231740331608 1.84688334432154 2.87572694540423 4.54119493591559 5.73648025787383 6.2357228555466
1.03019297322076 1.68732346115139 2.65113726803451 4.31664738947408 5.57670897645263 6.03281573931732
0.9092713932958 1.58243363799211 2.52097871108404 4.18639210217357 5.47142225998489 5.9108274336617
0.798655796758553 1.47386268552395 2.40822128668622 4.07356838176162 5.36277121743159 5.79921744888721
0.666370559445861 1.34387591118409 2.27358208257605 3.93900127985264 5.23332418992247 5.66605532817684
0.569190478687355 1.23977840969767 2.17876668407592 3.84405549211337 5.12989009092675 5.5684142883832
0.517572155789214 1.1728948841822 2.13337005017064 3.79821507757018 5.06331457929183 5.51629939411369
0.497902506231176 1.13606738166545 2.12145357978243 3.78597968372431 5.02652496690513 5.49641799295177
0.466621535567363 1.09586556833302 2.09432055043881 3.758894880929 4.98639932241399 5.46488453032797
0.445153086368874 1.06580563276052 2.07713736924885 3.74189794751495 4.95641989288738 5.44336280792244
0.437615842108441 1.04783411933779 2.0744685522637 3.73922524285933 4.93820096227854 5.43608244937944
0.419285912315104 1.0214468115731 2.05948137705759 3.72431634488316 4.91149125105015 5.41798515623131
0.402000040843453 0.99582845556653 2.04647813926849 3.71156498528363 4.88576497370704 5.40120851006033
0.35509401870928 0.947444663196407 2.00161918466638 3.66693795244677 4.83743792174367 5.35537554987157
0.2887574432358 0.883302986109102 1.93639510138189 3.60182081608583 4.77343527878414 5.29043724465047
0.236411158138232 0.827666946383967 1.88768395311995 3.55308926782133 4.71790675981775 5.23907954626795
0.184770451134265 0.769332964071575 1.83947490499248 3.50472032306231 4.65940924920226 5.18715869041558
0.134511076247138 0.71139797470385 1.79210755800131 3.45716746524927 4.60107521591727 5.13591384236071
0.0863197093876569 0.656604990741572 1.74653478280832 3.41146686239353 4.5457878818779 5.0871379263275
0.0351181276036447 0.602534893223803 1.69672741348994 3.36176813788167 4.49134004939463 5.03601652294076
-0.00487123608267805 0.558963065610066 1.65825801245704 3.32391987045595 4.44766161880987 4.99614686839731
0.000257744370150009 0.557133644705449 1.6665182736482 3.33294256662154 4.44604724828228 5.00158119090639
0.00216201775213987 0.552051807423188 1.67196094544431 3.33918595383372 4.4417836356164 5.00398480234912
-0.041022683188191 0.503562493685011 1.63065331825043 3.29890044502817 4.39428177981149 4.9607758467266
-0.0956392796496444 0.443988189204253 1.57764165671959 3.2465035721239 4.33498758860319 4.90568082365685
-0.1517331628819 0.382751445506526 1.52401946923191 3.19287943990562 4.27310381687992 4.84877097602345
-0.198332349022793 0.329265435547884 1.48155699508815 3.1501373723045 4.21853790156434 4.80143241054549
-0.254174448974333 0.269319443893555 1.42929498286025 3.09719907777408 4.15715966614598 4.74509687356764
-0.2835449937868 0.230621081206454 1.40622534927223 3.07363238208265 4.1174134897812 4.71550582337218
-0.302947888515818 0.199556486502497 1.393773776251 3.06085847308517 4.08582686900959 4.6961178142776
-0.321583056117003 0.168172065994823 1.38186739398574 3.04880939932105 4.05453058814853 4.67770541508975
-0.355663064906045 0.12358215535333 1.35357824671072 3.02048765101338 4.01046833724928 4.64440745826516
-0.413976500661828 0.0585643625923559 1.29947408424531 2.96630253619353 3.94596274205372 4.58726414494583
-0.47170816975103 -0.00768166328897942 1.24605475781247 2.9129844017423 3.88023335707294 4.53000152467598
-0.55528086936391 -0.0962436830395314 1.16353783002119 2.83074718707706 3.79211849805172 4.44604287775469
-0.617247009622176 -0.168328801943295 1.10545488947946 2.77289186769833 3.72013806303131 4.38372452324429
-0.671081943526922 -0.234206317187146 1.05663264985262 2.72435327456515 3.65426492772348 4.32979174682131
-0.727142679933452 -0.30082434938458 1.00535256691449 2.67342039898819 3.5875704636 4.27391267030937
-0.792685567705248 -0.372693965721793 0.942994817459886 2.61147123825599 3.51567517759134 4.20885993307568
-0.854877594086645 -0.437527486261097 0.882917214927034 2.55175258379085 3.4508726880009 4.14754452975713
-0.909011433283139 -0.491264638379318 0.829558774645986 2.4986960743858 3.39728870803836 4.09421277003949
-1.02427239819846 -0.586121981561904 0.704196309233797 2.37357607135119 3.30282616786424 3.97916831488593
-1.18200728210451 -0.708689109490106 0.528232174250717 2.19778824136144 3.18076338452735 3.82101574357387
-1.40309346752067 -0.877730834873002 0.279799674326048 1.94952891329049 3.0123691898359 3.59917023978029
-1.62908318877165 -1.04854592242063 0.0244548030475505 1.69431412876014 2.84214767562352 3.372488009223
-1.81708441389504 -1.18932442120522 -0.188876462206426 1.48105386807166 2.70176536066397 3.1840626209975
-1.97417245363252 -1.30597451139728 -0.367429452537846 1.30252952928942 2.58531892405069 3.02672601002251
-2.0557046864932 -1.36425432379932 -0.461221524687615 1.20861919276703 2.52697033985232 2.94525861284678
-2.08538189412169 -1.38259615891919 -0.496767635400227 1.17289076810046 2.50844355335594 2.91579340623418
-2.05657439611376 -1.35317713620992 -0.46872711489399 1.2005609354846 2.53762849739604 2.94461740262504
-1.97828970412996 -1.28179926544288 -0.387368982744316 1.28136250416979 2.60878078976615 3.02232521380164
-1.85502791819862 -1.17153734555278 -0.257869628086554 1.41025092553801 2.7188107474637 3.14461778013607
-1.72418819983228 -1.05172727693549 -0.121310615271141 1.54630442354952 2.83815010417742 3.27480168726712
-1.61518672456146 -0.945754377865223 -0.00991539347897511 1.65731785449611 2.94351277223535 3.38333739749343
-1.45786722361356 -0.800190524897123 0.155279107491167 1.82249546390251 3.08868370268165 3.54064048514592
-1.32113190312278 -0.672348330933429 0.297748304276051 1.96495594370748 3.21626606912871 3.67736061267605
-1.19983872408054 -0.557896629326461 0.423199467936055 2.09020507420127 3.33017964155339 3.79846094928591
-1.08163594531522 -0.446756906300487 0.545757074498091 2.21244093630418 3.44051901851159 3.91650690086059
-0.97596790175237 -0.346526043433175 0.655098728506684 2.32148556472478 3.53976300828566 4.02250603982361
-0.864575741817009 -0.242451807327912 0.771002455100255 2.4372068762806 3.64308367389287 4.13457307319012
-0.758367844524931 -0.142679308307579 0.880828161098357 2.54691244221974 3.74256652040585 4.24130227368958
-0.635301243260476 -0.0295231775325155 1.00836452939542 2.67436635353108 3.85621727438352 4.36431478553838
-0.501743216694474 0.0925826718508393 1.14709479575103 2.81291871332827 3.97918019910934 4.49778139493371
-0.365496465444164 0.217832792453333 1.28849836037684 2.95406209896612 4.10546488404869 4.63413637674234
-0.237441863495021 0.336572019549238 1.42139267580592 3.08657314982717 4.22479215306018 4.76264737531853
-0.110555458327138 0.453079642413831 1.55397312498598 3.21863135096566 4.34139721722611 4.88985026622269
0.0041095442310635 0.556693139689679 1.6749188167451 3.33902681979127 4.44475572942437 5.00466294984187
0.0976580613410928 0.639026072325452 1.77474445066233 3.43868750644329 4.52682253983682 5.09819599527688
0.16599499730617 0.697625310661189 1.84829524506631 3.51244739594256 4.5851511179433 5.1665132736402
0.216283369693606 0.739943978967865 1.90275918028196 3.56719646138616 4.62712619814434 5.21684851610975
0.231812621573096 0.752723686973262 1.91965006568488 3.58443719455517 4.63971517566972 5.23253450608718
0.224393030634834 0.746260831001788 1.91132086372043 3.57655970439058 4.63330565001166 5.22511421290485
0.19168520500726 0.718396035114868 1.87477836186642 3.5407254021966 4.60585260211547 5.19185646463151
0.136018424211481 0.670994121787411 1.81282662617798 3.47970266674747 4.55906375883687 5.13510723492301
0.0716596062306789 0.616529220565502 1.7414469687105 3.40928724643232 4.50529436422743 5.06952939289536
