7.56837217027631 12.3389269009689 21.9562102914381 40.1497191150722 54.8751298146433 62.2947824033962
6.53800822623733 11.0464334526763 20.0765528144084 37.5485950693631 51.8850785030443 59.0559515272921
1.99732189754974 5.24878729757952 11.7565749486656 25.503158127525 37.3995718509627 43.396412043132
1.04458475184069 3.81846887809548 9.32246650313981 21.7483235176192 32.8345272354723 38.402591153582
3.78820772224669 7.82519089156594 16.0580567713184 31.8526787506274 44.8286773046371 51.5157092261883
8.43082702201765 13.41678803273 23.5558209524801 42.3135616127177 57.2751115703837 64.9190784833984
-0.987729791343571 0.330478742829706 2.93425508000045 11.3340531787813 19.7988302693515 23.977087633491
2.54560208501382 6.04715232678711 13.0881007770122 27.5120208125191 39.8078860955002 46.0184690793543
1.26806372972632 4.08717119912875 9.65679469367067 22.1447230516863 33.2393700639978 38.8265805222057
-1.23557435042412 -0.216151134057261 1.83573107781097 9.37322301173438 17.2318631912367 21.0513988323151
8.05811355004602 12.9472025617897 22.8656317171769 41.3789312726136 56.2295805656923 63.7868321051085
-1.31054605590984 -0.408100265038034 1.4238906098722 8.65738275756603 16.3242373740585 20.0085960732995
0.319899261034324 2.67292721926939 7.31640157909234 18.5695779309499 28.905553606296 34.0893938278848
3.65224543704654 7.62088802396196 15.7283576843204 31.3667532468552 44.2474643732732 50.9057249666363
-1.33061706417587 -0.47881783365147 1.25702060805994 8.37711234674621 15.9835180511043 19.6161451445253
1.70796591855563 4.82173773469763 11.0353720615076 24.4037298891381 36.0755212227854 41.9474908599933
-1.05683675303955 0.260880713098448 2.87733468997786 11.1012430360167 19.3465510880687 23.438672682809
5.68377783854632 9.96749494275083 18.5126651296071 35.3393506899421 49.2891292121864 56.2485398554418
-1.21334202302868 -0.109343337212057 2.10112349479663 9.79392701125523 17.7162206142372 21.5958712329966
-1.30612325129928 -0.427619487112805 1.35878905996203 8.5696223200446 16.2458852162323 19.9206751364695
4.99968004384128 9.09945061457262 17.2097133139551 33.5058840089479 47.1892160519551 53.934495834164
2.44184500835231 5.73193541370075 12.2285155113198 26.1253856213422 38.1911551213051 44.2163599375725
0.0451237625962746 2.24180265447843 6.57281816379357 17.2245944114156 27.0751546433488 32.0437489138455
3.15052953991704 6.9097857445196 14.539117061073 29.6453420160953 42.2797406751131 48.7444298917779
2.13954439259375 5.31530898704864 11.5861036024148 25.1429180457726 36.9773623091682 42.8971510039217
4.21057141325571 8.08207214191703 15.7132130422257 31.3395471651044 44.6036201386146 51.1295087401156
6.46686235931806 10.9555521098621 19.9644087656888 37.3735272416123 51.6402892192898 58.809452079066
3.79370530171319 7.83125029515718 16.0697351290096 31.8678416234578 44.8418833575972 51.5340457226711
-0.109655164022895 1.96226523853623 6.02031119227089 16.4996364622395 26.3729698116545 31.2571512658966
1.36944671237188 4.32232779605622 10.1589151736196 23.0759844239198 34.5226701859837 40.1927252702549
2.08478641969757 5.37818025340316 11.9665171215246 25.827979418615 37.8059048368325 43.8274984790062
1.6343120706263 4.72135143481185 10.8387434757281 24.1250766603375 35.7974529831923 41.588799905147
-0.371117523866506 1.50524730589096 5.18348510054666 15.1216059080721 24.6269640025354 29.3401056248773
1.57696893240761 4.52659175028446 10.3390005863107 23.225950567088 34.6225819008794 40.3161470434847
-1.2086276581696 -0.0250924570747528 2.325725187313 10.1648907783815 18.151027767796 22.0926794354453
0.558443607673487 3.03179669760763 7.90028346092741 19.3749416072563 29.8095401123791 35.0381932446319
-1.30362846223231 -0.350983320587875 1.5733212900381 8.89791434463161 16.6015402709481 20.3248326989112
1.71670028210849 4.83838866080966 11.048825520499 24.4377038058035 36.1500099943695 42.000892848381
3.30594935023075 7.14231228351441 14.9105996914506 30.2037860762299 42.9651460674017 49.4605321346917
-1.26755125454091 -0.176946488134373 1.99756954363634 9.60774419674526 17.4565645152741 21.3023214512562
-1.31418374057611 -0.463492236310787 1.2684351392656 8.41936403582938 16.0673187347687 19.7113214159782
-0.972199652956236 0.416065742070617 3.17016915481367 11.5946587767245 19.9761532385851 24.1426043567941
1.18200138141455 3.96012368411959 9.4250420358279 21.8020100474926 32.8624896136487 38.3801928596057
0.0608669799210026 2.24973925760221 6.56042490516792 17.2068421321182 27.072926161678 32.0255325089056
-0.380893472412016 1.48538449749466 5.13446785840862 15.0497690605702 24.5614706921337 29.2426603964506
0.485845748196851 2.93224279450183 7.7589810846921 19.1405596232242 29.485355275541 34.7038670235774
0.905936056070757 3.55527684770185 8.77292160308711 20.766273477683 31.5530233067429 36.9559228493192
0.0620344469881515 2.25206128371047 6.5654709473507 17.2147346038751 27.0817570854808 32.0362019992371
0.579745059094305 3.09201456577551 8.05861715547692 19.7557388013484 30.3782990401408 35.7088302446879
-1.33814952239542 -0.423328571661591 1.42522323306742 8.63755297331016 16.2651399402951 19.9374540275245
-1.2008453848819 -0.168769424192293 1.89878869293571 9.54315658877429 17.5214529885837 21.3836577016494
-0.837398569303186 0.662589979262148 3.63334858442119 12.3701866779972 20.9624499709399 25.24166137857
4.77820009033668 8.81671781285559 16.7908718587604 32.9074663012999 46.4873601182481 53.1676063576781
6.91488766193114 11.5209465511246 20.7574633914442 38.5013609781614 53.0017061092325 60.2562981148202
-0.444681990059995 1.37356722052542 4.94473565171816 14.7159994030567 24.0926543630222 28.7656242112329
-0.995749598456058 0.461558434668964 3.33462206621628 11.864549970107 20.2751288990638 24.490731658757
8.0797214055992 12.9790590730849 22.9007836807357 41.4342249624407 56.3129451359692 63.8621608728228
-1.03816362125179 0.217774529962674 2.70416487100114 10.9402880276025 19.3008298710565 23.4120515617557
-0.539998357922187 1.28194056555096 4.87519228623462 14.4353219676481 23.534087863839 28.129151481187
3.20043233116555 6.99902124858883 14.6636033890899 29.8515930314047 42.5784205606839 49.018186134641
0.30425474181033 2.64777612431315 7.27231832589727 18.4987489735682 28.8166472031347 33.9924144381198
-1.28090127816807 -0.379738839684693 1.44515859701883 8.74005410769071 16.4888821770681 20.1964640585464
-1.21864277163231 -0.176006566767437 1.91911962955173 9.5187451564558 17.4179860745012 21.2642620430481
-1.02520136694844 0.309298035981993 2.95979328491171 11.2418494532023 19.5316761072996 23.644356150645
5.74639871386904 10.0476747090902 18.6222602474572 35.5023707825459 49.4969624993674 56.4665451807052
-0.964675585940362 0.361140158411992 2.97348067256336 11.4155816081751 19.9395614151993 24.1041987650549
7.78019525699964 12.5979389604662 22.3622476603267 40.6895643088286 55.4396298291197 62.9385784126582
-1.309338144676 -0.338497407808759 1.61684353643567 8.96510293480507 16.6724845189593 20.405263596321
2.06174287465234 5.20751577204792 11.4028589994657 24.8744877988594 36.6763479860546 42.549439469405
3.75669183336773 7.78506644562832 15.9868934739081 31.7548173848984 44.7283812556108 51.3954788477254
-0.784508423493741 0.730064656051369 3.70153587222708 12.6549395943279 21.5207364105775 25.873203363588
-1.04904928026247 0.248719705349053 2.82967855545929 11.0250702134248 19.2647265383675 23.3432350088884
1.37276257564394 4.23637476377728 9.86711847852033 22.497982553612 33.736082870371 39.3319601842062
3.26348687069764 7.07010955690917 14.8070493312428 30.0356111458162 42.7291368991227 49.2378215202426
3.24689243644789 7.05528507398208 14.7684265719893 29.9937125068755 42.7154364669874 49.1942401306309
0.880694558923148 3.51714415760523 8.70376574239861 20.660500146956 31.4312047372233 36.8136883182673
1.17177282262356 4.01859561801139 9.65432759660688 22.2839562019221 33.5281063525963 39.1334110813151
-0.974951348903586 0.338783573229953 2.9278846816354 11.3374168492928 19.8403389970007 23.9915757686295
-1.05204895470672 0.198938483755757 2.67549546351252 10.8821942054647 19.2097862886456 23.3173147450379
3.73959347229475 7.74577077483432 15.9363757619628 31.6660906919707 44.5885401283939 51.27778877339
8.33911307296812 13.2937336088493 23.3984452409939 42.0867197099145 56.979992181936 64.6280366450211
-0.396645022411579 1.45921133321267 5.10455381872906 14.9797219494037 24.4248614181369 29.1337705917713
-1.19717080753487 -0.166160626476311 1.89724394192802 9.54429638934724 17.5313060175633 21.3885482093736
-0.52435564260397 1.22906055902533 4.67263733745508 14.2654189694404 23.5249334764136 28.1349383146682
-1.34597880664319 -0.52105659557084 1.16236156780276 8.21091169204245 15.7720727319464 19.3710470647525
-1.28376393029679 -0.314354951808278 1.64334522179057 9.02335593800551 16.7675420348169 20.5155538937184
0.464664159779077 2.90987457391267 7.70898142258532 19.221252098865 29.7762093211259 34.9899596168436
6.04459813996429 10.4300530927801 19.1482934007704 36.2675930425674 50.4507256368879 57.4657369882079
-1.33558429904966 -0.512936159029223 1.16640879456834 8.23092116356227 15.8154982914048 19.4206040058473
1.71012028096494 4.83538609448959 11.0311919213663 24.4211826069361 36.1579759466402 41.9809682892317
0.397259571083014 2.79092049036818 7.50907163707543 18.7416393641079 28.9950468086107 34.1556747487776
-1.17286340543244 -0.107586737477403 2.0187823023466 9.75860071454786 17.8088492566551 21.7032086916365
-0.94385377971596 0.419814750978499 3.10991729341166 11.6367227524465 20.1894383226175 24.4136211093383
-0.475140490058528 1.40763051769603 5.11826043775841 14.8329960159236 24.0253045861609 28.6780055114652
-1.21748670815634 -0.0970687731081961 2.14164236644543 9.85807919497658 17.7861729393646 21.6756464558065
1.01797008827633 3.72026162915534 9.03755433290442 21.1892544647455 32.0924454103372 37.5398269241426
-1.34105745290443 -0.492503789669325 1.23599972430789 8.33198532364419 15.9146075558156 19.536043953621
0.740771286432497 3.34833620607271 8.4787523555129 20.4416267591053 31.283088869258 36.6471000772636
-1.24813753398574 -0.289286833000751 1.64352054830748 9.08978723709849 16.9352070206123 20.7121765503122
-0.91765206531943 0.545643830900849 3.44269792633221 12.0503264376793 20.5409393407544 24.7793755690689
0.705267435051797 3.28885225485318 8.40243919440095 20.2979500199421 31.045591889442 36.442123079045
0.015502761516893 2.17487913605625 6.40116839305072 17.1224993161292 27.1637270588396 32.1177609040507
8.27938451328346 13.2192339500319 23.2873384593823 41.9373923845897 56.8160103708877 64.4483418165753
1.17627144243429 3.95222490280968 9.41093933973002 21.7812898679822 32.8398518643623 38.3527995374936
8.09499974676801 12.9912352161469 22.9370097957392 41.4722750262177 56.3228469483107 63.8964961344464
7.21381022607681 11.8975858610232 21.3007779682071 39.2559700524887 53.87697400141 61.1987537099554
-1.14896229192595 -0.0318797821416956 2.19506130948886 10.0543983875318 18.1629085760538 22.1230023024465
-0.622732589710802 1.07566380700766 4.42999242928354 13.6964762999458 22.6321212754094 27.1049901307485
1.27880573367377 4.1008409185364 9.6496851379341 22.156900323234 33.3101942715555 38.8663452487893
1.26678900454918 4.16004266981509 9.90602551764842 22.6647100799213 33.9691682031934 39.6365194660721
7.09793313561502 11.7543942707602 21.0850916814259 38.9624550579775 53.5531217305142 60.8389112096699
-1.13076545524558 -0.0075128255024268 2.22565765060505 10.1215991832865 18.2778259738262 22.2337465889714
0.358021001426334 2.73807820395507 7.40753482497176 18.739912932835 29.1764647570776 34.3345567447075
2.54693091696329 5.8723326010445 12.4225324543643 26.4288648420166 38.5941858814989 44.6334442336547
8.55735440232696 13.5665393104957 23.801720198841 42.6298302349987 57.5815993158473 65.2831116899399
3.39652961139353 7.25908934057194 15.1218020927397 30.4938856283498 43.257806416928 49.8164352275631
-1.27791380875405 -0.368936220378505 1.47152548410937 8.78463367632942 16.5427833330658 20.2600220148412
-1.18784328065844 -0.110379885764687 2.04445971059939 9.77322703201308 17.7787059945584 21.6874280759733
8.78664877108235 13.8542676767697 24.2308654104621 43.2033041346654 58.2081732403499 65.9666451250001
1.81647799233662 4.99019766543357 11.2982680941191 24.8257125349982 36.6353398633771 42.5155584330247
6.62389821591866 11.1581807812432 20.217481005385 37.7592247317544 52.1677130864542 59.3383243099031
3.80031841159303 7.54590253437502 14.9231178778878 30.1777068524321 43.1959819831947 49.6077129382773
-1.0127947422435 0.265980456978666 2.79434095965663 11.1004861613086 19.5170498175884 23.6475976319933
6.72018194658111 11.277098965243 20.4005657133031 38.007758831772 52.4371364110652 59.6418924962203
2.73039010263544 6.12252830733198 12.7992439739363 27.0041866183426 39.3116625078568 45.405913599877
7.27688214751876 11.9782907164958 21.4147470651516 39.415262242695 54.0655856608029 61.3982193706615
0.185602363932707 2.47432216662037 6.99057004719988 17.8982268879227 27.9092607105015 32.9737073701224
2.18200280918037 5.37386838692852 11.6811753870803 25.2830595583045 37.13965679359 43.0791112188712
8.83020189886979 13.9094351999442 24.3119232456578 43.3121547282114 58.3290861185287 66.0968699811652
2.63010177107086 6.16684871059362 13.2962853062602 27.8151679045282 40.1478995821885 46.4047017935909
5.08744284995386 9.21319016534344 17.3720766284018 33.7434721459059 47.4805429227307 54.2450209680394
8.26109918614061 13.1970201035532 23.2480269225736 41.888553896196 56.7734395336712 64.3956987100396
3.72972790809869 7.7321140699784 15.9128230064082 31.6331591874491 44.5531605836581 51.2376958968988
6.09496354701314 10.4935040995845 19.2421240492891 36.3993417229134 50.6026919339043 57.6321629975844
-0.184176101029811 1.83121459820339 5.7942736876748 16.1098330329886 25.840598268826 30.7041882291305
3.16579803265594 6.70774966642675 13.6817235311942 28.3327061202509 40.9420208417185 47.1734864491391
-1.20125323062031 -0.146932510476268 1.96514358670598 9.63657658935066 17.6074921089897 21.4905819522307
2.03112516503223 5.30143131460111 11.8326930546134 25.62980760456 37.5796071644292 43.5703415006182
-1.28436145527147 -0.259653981896935 1.79649640608006 9.26988557956449 17.0483973802342 20.8355744601646
4.97996333381811 9.07201628499297 17.1993072918133 33.4701744509737 47.0927395378127 53.861777016114
1.92787540451419 5.15040944609872 11.5754766115178 25.2407963558452 37.1176976753772 43.0595681796353
-0.177530663294301 1.85535228098885 5.86116706531894 16.0624388969159 25.625955144791 30.4266163078179
1.70264339150493 4.7060373173676 10.6407144660629 23.6803075111871 35.1530832554013 40.9165440255616
2.01204568238633 5.13877125136268 11.3048675049694 24.7185516454009 36.4684738521196 42.333984548153
1.08960405125438 3.89344913257804 9.44488535554104 21.9557376099818 33.1184300574065 38.6934196969918
7.48907150362493 12.2404170228591 21.8093631982703 39.9500143001317 54.6532874145588 62.050533421051
-0.787018897162487 0.726548750726092 3.70290518624486 12.6461271184432 21.4861201178115 25.8541821375028
2.15286549807605 5.48071935467394 12.1312599957306 26.0835881895961 38.1286275618954 44.1653529473427
1.47544357621677 4.38284644193364 10.1112951950394 22.8726501039025 34.1844636141577 39.8372464453275
-0.695770417881011 0.902943514630125 4.04319469207144 13.219305375858 22.2150243751859 26.6658634563217
1.52208425359417 4.55267322501221 10.5527713727759 23.6847509066334 35.2622917998976 41.0044721500688
6.9264563772403 11.5394817913998 20.7698962042897 38.5274415139171 53.0572084313775 60.2988382382489
7.56888840799778 12.3434346100679 21.9535137420527 40.1517952043278 54.8941411266916 62.3030192143725
0.809739397707733 3.42090501375008 8.57721778556743 20.444871425019 31.1164255065044 36.5008308924779
-1.3341304161081 -0.439298926183948 1.37511438596752 8.55887934513395 16.1793239794034 19.840087702086
5.51937140933813 9.75843076576349 18.2107398333728 34.906418471117 48.7717813004536 55.690840466624
-0.920221804983111 0.593050001367395 3.57922795349793 12.2759862697224 20.8012132079193 25.0796946266977
2.56944953015799 6.09114504293446 13.1486742577768 27.6172506262861 39.9666373344993 46.1624176188954
2.78087522741745 6.38686517709147 13.6541788242333 28.3550142123624 40.8046700797461 47.1058651290913
0.162525396523486 2.42118686042718 6.84844451982274 17.8446636203622 28.0603434611928 33.112272436534
-1.22112223481291 -0.151937396990302 1.99431123006478 9.62003497202488 17.512006761472 21.3640294340558
7.11490394550455 11.7756391356076 21.1163277543177 39.0054512166455 53.6019287571713 60.8921444292966
2.08648635205112 5.24175163436616 11.4716986862623 24.9676016918963 36.7611384142391 42.6615041740563
-1.16058174979249 0.0939331448678223 2.57901704946193 10.5928807303162 18.6842051365461 22.6968044229121
1.28756830275502 4.19125886464407 9.96021563171013 22.7477524576703 34.068249770321 39.746740791005
-0.622751070920282 1.04227053308084 4.31185176250945 13.6674335764032 22.7787006784994 27.2966884255138
2.44240404825813 5.89876041208861 12.8380603521767 27.1402537053923 39.3721442209154 45.5382267154342
3.68057520136165 7.66159072743443 15.7955115821932 31.4642536008816 44.3603712863632 51.0278572900421
2.69454643466409 6.26075393195082 13.4480588605516 28.0456878124131 40.4313203615461 46.7061449666751
3.08501147822198 6.82033520218341 14.381003746898 29.422179397203 42.041741104184 48.4670401915374
1.45689815030123 4.35769651936566 10.0892693695382 22.8217295401905 34.0839715872729 39.7497666046701
7.63679027382053 12.4202792017465 22.0915226478792 40.3248754051187 55.0446673143892 62.4979721133716
-0.940425247008628 0.422102217672637 3.110203445813 11.6375846688017 20.1944843697244 24.4149818147354
3.75982247915612 7.78317942342681 15.988739398247 31.752950125068 44.714126092405 51.3931202999872
3.39509257738425 7.26958898873198 15.1232131423392 30.5126436076746 43.3199289963614 49.8492556349437
-1.07029229408704 0.193969093941019 2.71138496991793 10.8282800375534 19.0229134684131 23.0703731643823
6.45347576328352 10.945462457268 19.9008819738539 37.3216933536451 51.673235731777 58.7937880611082
-1.22344796924131 -0.211100881276274 1.8226432366641 9.3955522608456 17.3108968304406 21.1498911083764
-0.578206128270011 1.12197660657536 4.44883688360088 13.9093795392185 23.1183642220789 27.6428677629019
3.82458695239045 7.87394931830964 16.143003602901 31.9702437359518 44.9522048135255 51.6586423894561
6.80318435754913 11.3844331024496 20.5440445883211 38.214673498735 52.6978110335138 59.9094287143872
-0.879534257105353 0.539039387705538 3.32945690446015 12.0210471348713 20.7069971084346 24.9697708705021
0.207128877594483 2.48890532643301 6.98832398685114 18.0428782161644 28.2501234571865 33.3679835591118
-1.32365308395768 -0.357979059293927 1.58405347497186 8.90556238306307 16.5906491750492 20.3112553541536
5.79243019581943 10.1082391919681 18.6964808235587 35.6207787662016 49.6658567469925 56.6342532823351
1.73651368208609 4.86396826422488 11.107681711026 24.5133157740714 36.205631106502 42.0913413138319
0.276037870179009 2.61485866640486 7.23044456443521 18.2867257804502 28.4002746857268 33.5147383649037
6.41183347524428 10.8912309963698 19.8288224660122 37.2166283364178 51.5392515562426 58.656822892141
2.67205005103202 6.22929975918364 13.3929898653069 27.9656313535318 40.3421574112811 46.6038450673312
4.0809229366242 7.91286231458526 15.4652286213098 30.9750667554881 44.1609818542723 50.6522026893632
-1.06943937902286 0.138518984084528 2.53270244063091 10.6519689877974 18.9492764381255 23.0026111984843
3.31227607507726 7.13981244244111 14.9221079423759 30.2046294665433 42.927175295306 49.452777125385
3.85855107611869 7.62243953830427 15.0357801883314 30.3444075486586 43.3993422682996 49.8269738169194
-0.370321814820445 1.57767675281226 5.41906354897163 15.33069427772 24.660758683526 29.382385043718
-1.11861929038533 0.0224839781477938 2.29052110487562 10.2329053023411 18.4166742168785 22.395010148211
-0.580936192139086 1.12409782315498 4.47234853551243 13.9344321263988 23.1111149269834 27.672301189424
2.52214423530181 6.01185306952748 13.0346066187417 27.4279677888003 39.6969741948805 45.9069664057905
8.56913691167432 13.5930653826476 23.8146458286703 42.6628503640368 57.6652162157143 65.3387424015
3.25216244838117 7.07212153757897 14.7866369892764 30.0302809787455 42.7824852729851 49.244038533959
3.37630171485229 7.23215696519196 15.0734105733942 30.4276328026354 43.190777439409 49.736395589326
2.74406196735139 6.34526740840131 13.5702992665624 28.2450016909785 40.7109267645833 46.9698249825823
2.9068183635159 6.57983856391865 13.9614817159902 28.8228963467155 41.3879205930317 47.7094579691134
7.81856991725254 12.6486694247299 22.4221530024672 40.7787041873955 55.5641422465733 63.0577397458136
3.53046492755253 7.46816167635072 15.4508610902119 30.9908014044363 43.8772003811779 50.4485729364956
-1.33003785837586 -0.398469393103342 1.48206022928103 8.73463700369692 16.3856156737825 20.0759256048096
2.55472810546064 6.05870009774738 13.1140896496335 27.5456440247397 39.8336969659293 46.0584126205354
-1.33668384846928 -0.424139491827485 1.42099164404109 8.63144190397821 16.2595928941242 19.9313191122941
-1.14935530714535 -0.0310308299591726 2.19832307322789 10.0588015646091 18.1662751397273 22.1277968218014
-1.32956906520277 -0.473961803414026 1.26911527520396 8.39700475823569 16.007055625098 19.6432991366046
0.13834758068821 2.37566878432977 6.78492450134364 17.7159741873523 27.844165137085 32.9197579571306
1.66431936338386 4.75816419205368 10.9229359659213 24.2374696474772 35.8874514050677 41.7325333717886
1.59182915181701 4.54965555596068 10.3881288700652 23.2954167447688 34.68909650619 40.4027814853312
-1.29953206847807 -0.425889565827405 1.34895691511276 8.56478734439402 16.2573708985853 19.9307450172994
0.417650127861326 2.83466371624022 7.57601420524999 19.0098583446084 29.5152531603756 34.7020684917983
2.94421968578013 6.6332419136539 14.0510160702588 28.9547293362361 41.5412223310089 47.8781787580052
8.61857811817106 13.6483115465097 23.9088368908782 42.7821820355064 57.7747872840005 65.4758933961287
-0.997006239993055 0.313307835951213 2.90198041798669 11.2770541178904 19.7224885596152 23.893158803096
-0.161846471071884 1.87010242239532 5.86686046915181 16.2271328762546 25.9847667015339 30.8657208915085
-0.748057260227479 0.802143274253299 3.84419194669521 12.8929879485112 21.8169988418329 26.2097405310575
8.25658621781029 13.1954906887455 23.2331957898912 41.8757835488887 56.781287036967 64.3887171214446
-0.733742391583589 0.830322337725337 3.89648000964198 12.9845185118403 21.9405041558114 26.3410665581766
-1.26181789581699 -0.329800857836172 1.5519649983628 8.9311478456783 16.7369225206509 20.4815599700736
7.75241853768251 12.5630999310408 22.3221027447928 40.6259892811705 55.3465702181473 62.8467672906476
5.70129644474903 9.99329253720105 18.5251924451589 35.3809114175525 49.3913422072819 56.3324283294066
2.43871019163703 5.89511557610879 12.8287423946491 27.1295329233404 39.3672616741521 45.52614359579
8.844290995767 13.9283260269523 24.3366285023545 43.3473653249122 58.3738586160745 66.141503996654
-0.534394365721292 1.20328475526189 4.60269111616293 14.1658617062104 23.4434054447553 28.0031990100679
8.03843963237517 12.9189562353004 22.8416716879696 41.3361002925955 56.1509611295789 63.7208364169699
-0.101345589778224 1.98306393291093 6.08995129464635 16.4369839520488 26.098196095345 30.9497067658235
-0.348797606656142 1.54275275202141 5.24063379288874 15.2252777896979 24.7838662025734 29.4874078888159
0.939129893629004 3.65442962045346 9.03821970366979 21.3008145929736 32.2827156952365 37.7983169431865
4.56161922654334 8.53674909876094 16.3822585661799 32.3135692363241 45.7726074643958 52.3961789640025
-1.29268452599195 -0.411649014272039 1.37522499251659 8.61596365339677 16.3294514423015 20.0122278100193
-1.26212516531498 -0.189940632866049 1.95435503265585 9.53726808162567 17.3779983206531 21.2119389108714
4.36878501487285 8.28809843440174 16.0305798100834 31.7988674101913 45.1381966719746 51.7226192908956
-1.23373090054975 -0.256940900324582 1.7073769056935 9.20722590409426 17.0936638692023 20.8905257654207
4.84610192804358 8.90139173858191 16.9475900898831 33.1117936848034 46.6730152408696 53.4043134989238
8.77018212667307 13.842116335978 24.1944277277846 43.1656731861868 58.2000828443649 65.9331319724069
3.02848312863561 6.74929982151385 14.2500731239006 29.2436840475368 41.8665195672744 48.2471695541543
-0.40390624003001 1.44395573391104 5.05714195631921 14.9219382267785 24.4001291052056 29.0641239570223
8.4510213355721 13.4449925716179 23.5929539782318 42.3663648426692 57.3419628262453 64.9847953349664
-1.2763717380667 -0.363089030462618 1.48580681308122 8.80867868215752 16.5716998444302 20.294082279412
-1.09828951310654 0.0959982708191099 2.46641632806521 10.5214696661084 18.749773640326 22.7962095101188
2.64011986844352 6.19417776132676 13.3193611285197 27.8716434705717 40.2688980349709 46.4897000149891
-1.27287840831622 -0.188260800192852 1.9742410496064 9.56766690749445 17.4056401782616 21.24414466443
2.16811678989927 5.50475903206559 12.1688856704317 26.143216969044 38.206708690449 44.2444932966909
-1.33123583147969 -0.387656522819888 1.51354460451438 8.78600962139416 16.4443795475337 20.1432615338012
-1.31470076533181 -0.316741829872495 1.68393595390132 9.07420332062674 16.795407404193 20.5461931463354
-1.28101912485482 -0.210361259936661 1.9256289116846 9.48485983730073 17.3025037421861 21.1263155561059
-1.2474717435512 -0.106297485780087 2.16035229741333 9.88269539556844 17.7934327936609 21.6863072223025
-1.19559144422999 0.0300865088186662 2.45577018647123 10.3828203107974 18.4151217329872 22.3923719687619
-1.12834286871333 0.188772350131919 2.78866314803474 10.9449200089152 19.117143229066 23.1864669138533
-1.03621724110313 0.383513950463585 3.18211190775799 11.6075184765003 19.949636545294 24.1244852361229
-0.934715778915569 0.586877789863478 3.58401257178934 12.281789794138 20.7982711690434 25.0777003632616
-0.80585053248862 0.835613015368233 4.0673511896444 13.0902741792056 21.8171056253278 26.2194360646856
-0.615424621274785 1.16976345114193 4.68632696098333 14.1185505808056 23.1195331796932 27.6709917800005
-0.380575529965125 1.56671167516265 5.40539826395941 15.3062753667739 24.6243245047133 29.3431858803332
-0.0776619061528904 2.06115431059491 6.28000643815416 16.73907908538 26.4370682063642 31.3503078581901
0.28073522377466 2.62358253957937 7.24776941939397 18.3098890161716 28.4218062425398 33.5402195824735
0.691962632494795 3.24824657512896 8.29697991136203 19.9943102174943 30.5420402262869 35.8733537024999
1.15924561207714 3.93297420661405 9.4138418982382 21.762987966193 32.7587436883089 38.3034661698698
1.67277722452977 4.66486025791214 10.5780863575737 23.5827518738005 35.0295809833012 40.7833575851424
2.23073371373425 5.44059849560075 11.7836241189936 25.4390113060728 37.3317932978786 43.2878827061417
2.83076872245081 6.2554247028497 13.0241158744931 27.3178039749907 39.6428239995755 45.7950702423179
3.45432449096759 7.09132932788943 14.2847724015931 29.2080049090158 41.9533124363191 48.3006820349466
4.10992125036235 7.94544227712463 15.5457478666906 31.0564656269484 44.1837544075116 50.7156014446964
4.77156870563834 8.80210843170114 16.8079939809355 32.8941555028656 46.388012801367 53.1043442324374
5.435539397095 9.65155188652554 18.0542079528971 34.6827780013534 48.5076678289637 55.4042922449393
6.08731588875193 10.477400452844 19.26410190523 36.3931731068932 50.5058766475751 57.5756159470152
6.71260222314741 11.2642636898989 20.4173816002044 38.0036608796509 52.3640693726176 59.5976934624019
7.29743650208792 11.9961204560968 21.4914280554742 39.4877136309278 54.0570769496776 61.4426757233816
7.79857783115302 12.6207278561511 22.4078555148744 40.7420553029161 55.4751073839864 62.987610075793
8.22083130490308 13.1467964420617 23.1850468603428 41.7961968969355 56.6508403744169 64.2717189042797
8.5123384440794 13.5107013718578 23.7238723327241 42.5222802473164 57.4545348640564 65.1484368093113
8.69639250656927 13.7409559600379 24.0653818932912 42.9803560656052 57.9588188163545 65.6978513311986
8.7946173017358 13.8641594249128 24.2465671986322 43.2236627230223 58.2287081128423 65.98995283807
8.85321153822158 13.9388236108092 24.3545174383942 43.3696970122275 58.394050929263 66.166085451128
8.8592032160372 13.9492191558611 24.3647189223781 43.386486911957 58.4219808761214 66.1889759500024
8.83319729897027 13.9200054527146 24.3146187797888 43.3235289337368 58.3650756821973 66.1177251347129
8.76057747152278 13.8309164455428 24.1763500383692 43.1422987245502 58.1770000071709 65.9058508670544
8.64028745832405 13.682054886035 23.9487862802039 42.8414769014263 57.8581366670126 65.5508957893976
8.4651489478796 13.4630556481604 23.619355811556 42.4021039426936 57.3821305267388 65.0278658511666
8.15181980888812 13.0716186167453 23.0347879409297 41.6167186304079 56.5206229279975 64.0834165946113
7.73157001354026 12.5469625646914 22.2543538566438 40.5614525650978 55.3526999585578 62.8037819977756
7.22469636581925 11.9132677022806 21.3181380713615 39.2839897387234 53.9195144271449 61.2379517074035
6.64639684326026 11.1885151689399 20.2549928830752 37.8161361452984 52.2457780591798 59.4147631830901
6.02467993449035 10.4050595989989 19.1109409564377 36.2153557812009 50.391089912965 57.3999698535395
5.37320462946924 9.57781542520017 17.9032773511863 34.5020706219243 48.3786133149446 55.2168182650669
4.71379879802811 8.73418148680743 16.6700218241414 32.7337585126795 46.2809935510579 52.9438771575511
4.05566114075579 7.88104139376562 15.4166978617739 30.9068803651582 44.0838217405691 50.5658187648569
3.41058742065764 7.03309031456339 14.159610437754 29.0482363170871 41.8265050912615 48.121746660562
2.7878670493053 6.20083232762062 12.9111303657866 27.1762830429368 39.5332655999508 45.6371853034205
2.19369557294017 5.39043126483264 11.6738542801289 25.2950592140513 37.2139119938777 43.1183083039594
1.63580203305671 4.61111202665654 10.4590564659841 23.4214343109024 34.8897047246347 40.5876304090575
1.11885895489172 3.86954676662544 9.27785115241689 21.5729648539547 32.5807588269666 38.0686445171206
0.653205431967102 3.17526025393902 8.13565813443218 19.7546127308342 30.2945632442367 35.5646697626961
0.230469823809457 2.5197099618721 7.02444694243673 17.962539689494 28.0328079589485 33.0790513929166
-0.148201552305954 1.90161459411958 5.93916944588423 16.1905257703213 25.7911524565289 30.6060469803797
-0.48703534901121 1.31197639137246 4.86139532542985 14.4118552654809 23.5414461504374 28.1119721637408
-0.843944164394437 0.639515664092952 3.57878391292592 12.2805330211988 20.8552212415495 25.1199053389129
-1.09175294741013 0.121641669346292 2.54187404809223 10.5565038871142 18.7032110093058 22.7114391082709
-1.17187011191785 -0.0649615535798757 2.14836151491906 9.92441071835805 17.9419877703268 21.8650471254059
-1.14789476627185 -0.0104367078503585 2.2546127842684 10.1407196578257 18.2473852090166 22.2244891009745
-1.07251970297878 0.155871938040723 2.58974405132952 10.7336921800524 19.0186286013437 23.1018737048598
-0.95172335818152 0.408134744009125 3.09107979661681 11.5968457623934 20.1255186065029 24.3474094046827
-0.798992785608839 0.715899254483118 3.69577076452012 12.6249098471933 21.4352026598078 25.8150051081786
-0.599373893772507 1.09206843892142 4.41546856042105 13.8313686495223 22.9660400490569 27.5187675069422
-0.366637672839725 1.5139751681698 5.20997564268928 15.1485689846802 24.6275788107983 29.3645258654085
-0.0935310760162076 1.98740061119934 6.08283065644781 16.577681290239 26.4204466239886 31.3496671966272
0.215887637611288 2.50425186715992 7.01729756921655 18.089631949989 28.3072085672726 33.4323430091367
0.556465612435476 3.05476600568774 7.99400286788117 19.6516001525154 30.246549754576 35.565993187844
0.922219726865877 3.62904954279947 8.99541872114753 21.2343614228343 32.2009832196287 37.7095456925903
1.30448019017015 4.21630261508548 10.0071909418176 22.8159946188014 34.1409936866073 39.8342106373339
1.69826858495664 4.806794510117 11.0110266900367 24.3640904329561 36.0234378258846 41.8927449294088
2.09248704302694 5.38756447268102 11.9911394080083 25.8553825133856 37.8164859431194 43.8547286999798
2.47798797386496 5.94767282549324 12.9314820923723 27.2690935338434 39.4982605430721 45.696188677168
2.8341323918839 6.45864868862194 13.7862703389113 28.5370333883307 40.987261328186 47.3281305815496
3.15689233259693 6.9186246264779 14.5548588437835 29.6665823131491 42.3009900762364 48.7692572170684
3.41532705001679 7.28520127671228 15.1675368121062 30.5576384285156 43.3252826067589 49.8939265963596
3.60667695831413 7.55598610786367 15.6207505392316 31.2111765715691 44.0687867020025 50.7112179692406
3.71808065016223 7.71452927560865 15.8849561872075 31.5915364440002 44.5021352255896 51.1848515864937
3.77682666383093 7.8000165051434 16.0259714624788 31.7954825492018 44.7375600885789 51.4382829571075
3.82062571606218 7.86540208433308 16.1322473362113 31.9507978221327 44.9208418717185 51.6319105157778
3.82865036667793 7.87991814927083 16.1529420159489 31.9844150333595 44.9682216668687 51.675938153013
3.80981470713668 7.85665321069989 16.1105318105745 31.9275844754141 44.9132834746226 51.607492798793
3.76282820585921 7.79363387135665 16.0014276523706 31.7754303347396 44.7511655824435 51.4209076967353
3.66486163886255 7.65756374341934 15.770409701478 31.4473111735377 44.388189556444 51.0147520592981
3.54849414801023 7.49411068041898 15.4942609752044 31.0533289584076 43.9483516447863 50.5263402074032
3.35755424463259 7.22354252833566 15.0394329625081 30.3977361109098 43.2051406163365 49.7060636390229
3.09944856360629 6.8557632875685 14.4229933630766 29.5011426834871 42.1763007474399 48.5743823337825
2.78365291941063 6.40329791866886 13.6661322789823 28.3877650303213 40.8808263975677 47.1530445584402
2.42732640183793 5.88875986909313 12.8044824130615 27.1046977612162 39.3686583638993 45.495537223088
2.04964222729062 5.33920583691837 11.8815268840333 25.7184617649022 37.7220195341483 43.6906750593433
1.65929358341952 4.76000704240943 10.9034486763354 24.2261136847688 35.9231136126323 41.7233356791279
1.27141760801106 4.17226413082546 9.89996718862588 22.6723304327463 34.0297923230168 39.6507279325543
0.892160908018276 3.58708300679925 8.8909568583688 21.0935119007393 32.0926040101811 37.5278350250061
0.527605784570844 3.0124840144566 7.88923285964048 19.5103443884914 30.1381197122289 35.3842209938386
0.187566215411268 2.46083388709543 6.91205952836162 17.947537048391 28.1966177596273 33.2503837302909
-0.117201456529616 1.94703036570969 5.98376393111702 16.4428213969828 26.3144938520423 31.177093195383
-0.389623676869585 1.47022839098983 5.10576428957988 15.0033312619495 24.5048684241365 29.1781135586529
-0.616944517538056 1.05027174819708 4.31272850704342 13.6830418508442 22.83278769888 27.3249715024953
-0.812893123077541 0.672752892761432 3.58681388584159 12.4618999855927 21.2791943696727 25.5981730369836
-0.966030742421777 0.356972672138893 2.96320433296946 11.3977559248791 19.9181328683392 24.0774662287955
-1.08566338008155 0.0943412017536351 2.43226078175777 10.4811581639382 18.7420256975326 22.7550077213446
-1.17857294959462 -0.121885893335162 1.98676347661033 9.70417877545736 17.7418078883419 21.6245718010791
-1.24254150598017 -0.281658796922596 1.65048960243068 9.11038889218523 16.974626387166 20.7510299216833
-1.28318513655942 -0.38757335605211 1.42538775800043 8.70760692541536 16.4507681571763 20.1511779824912
-1.30975884099593 -0.454983237565811 1.28345292767486 8.44946053645209 16.1106381829849 19.7604329638366
-1.33103023464801 -0.504846248288914 1.18082245400399 8.25970817263976 15.8568189116898 19.4680413380995
-1.34385151558426 -0.526164454535961 1.14340034450405 8.18407719931422 15.7470218621091 19.3416466874524
-1.35305901741932 -0.533947557278344 1.13729406283841 8.16398230070146 15.7078650921566 19.2968694627005
-1.35784101445117 -0.525976933618073 1.16784992160172 8.20844321654039 15.7506568014089 19.3464560975477
-1.35330471895019 -0.49161556091056 1.25754427556457 8.35592282703312 15.9241601954806 19.5458930243139
-1.34294434040198 -0.442588502731432 1.37886513645467 8.55916362806549 16.1694505664595 19.8275015443436
