425.486289019104 313.488575444699 503.201604730269 467.672343202125 497.754473625632 459.704878345329 432.426401783401 467.991839652396 442.989174917984 473.548338790084 469.985066556933 149.602014423553 732.316176914942 -116.781622888345 326.462491837216
267.907233478734 537.589443423644 210.869626870605 353.872324293337 301.522294627881 354.478093327046 325.490220473766 367.069471836336 385.13158384981 425.0883347923 377.673134997177 463.979742610316 301.812944910797 620.803477428276 422.224929984442
270.076921647633 266.951690974969 266.134184908287 303.115270323007 316.602024171525 374.2262261727 328.480250411033 324.216718813473 379.242580781806 396.128718705486 337.314375707487 443.483310412699 265.936318122677 566.375057026386 378.372069150334
344.629047535922 295.015604549732 242.672913546623 360.688675422368 295.89287456002 405.147560351532 299.829703183687 392.17674393753 358.6900570232 352.264204468512 325.878924545994 403.065569652446 253.938704264963 491.026803905257 346.62357275533
1133.87740638977 55.3688696901529 2030.33779428717 758.46437633853 1601.7398902063 1136.43511637996 1388.57681886608 1296.65105688687 1351.32631999406 1289.57452747323 1390.33527888139 1693.60307058443 603.388350328908 2349.84151968443 1315.42984169077
436.417350571375 893.030498240947 101.954429243549 741.861749206793 296.049947662286 436.710324117786 335.987359058187 456.201909912115 361.184071035467 421.396377525424 387.2402819051 431.401629814735 396.562103038235 442.43440559283 397.270015659258
289.88666065754 260.258885841357 120.037599012054 253.452031687637 235.960070943684 255.303765585198 268.102361653271 297.741508118466 292.862803833547 332.338869825373 334.772548159456 400.373945420252 323.758066149295 398.663452038051 336.738682410902
736.671603036518 528.457283303407 938.967588860265 760.963585421361 320.631853160961 821.244888668329 440.025341117473 662.884301228687 547.144577970764 580.8370869983 570.428475807296 507.20707833703 655.47126082839 534.620715065274 565.902268691635
409.533508173258 24.8452937614489 705.804130552965 311.267454718353 569.554285611902 347.357978474849 412.651586981809 433.359401184964 293.669353980901 286.760242994086 323.806318508746 380.094203972335 230.805319500339 507.374210338942 300.23654361504
436.549225504229 -110.291037477978 800.751940741263 279.94294049649 345.589878038891 421.730679971353 315.61775165362 451.884777346959 394.038455966525 457.78334377082 387.196528666688 505.134032006284 301.053511501371 639.89158075768 392.937111658547
408.275620065856 553.244976570293 280.446032223556 580.99333606686 388.387040030322 517.473958427278 444.642628259605 490.200870130873 492.990664569042 545.985710695598 238.594711864302 610.196240119065 90.325679969022 845.859374921879 375.928491443448
424.832693842764 344.948723325833 397.536678860771 541.626996351718 476.605186327403 566.393613570658 485.106924112354 599.796339752222 555.836095648881 611.67044118101 540.815553435718 649.489249555283 418.729451257104 785.133047929404 533.094825440152
573.622656648293 1053.10835788623 144.000800174639 851.963881799164 746.083753386116 544.863123783056 543.650981018176 657.042148812743 509.004588383031 566.535497124921 578.837142169725 643.657714062009 416.840688413536 813.092918801029 533.290383399869
321.61032394088 439.78793022946 314.743251936427 412.601730978965 283.512735748472 458.135112204515 320.203508540104 394.92771048027 396.434639920357 371.605325060179 406.090127920954 401.735374568305 326.030229761791 448.301231066811 372.51656800087
396.948567467411 953.535233369102 -9.90931378140099 676.612135126973 229.675754822291 373.105281743581 325.071537599055 396.549829038844 398.158632901832 430.040791782045 448.488404871097 446.316390273594 389.067248297294 599.484155237548 443.559469357533
415.217757234905 371.260915831865 453.812977499351 439.966301372101 501.075646418949 480.386656422994 413.115011096623 558.789336491386 516.261127699737 574.240180770871 576.527499582725 448.355285375629 649.718235882218 372.982794182037 479.858637499785
433.341079849795 209.47910563228 397.758486621469 350.167824799692 387.182878695226 517.61805507722 318.100567660715 428.897024532426 471.856958677737 430.881395685082 424.245099274862 520.457529547858 291.686187681326 693.130087383939 428.10335557055
411.688036432225 199.628547935418 581.37076688333 373.088312567262 506.236394908562 470.25437582035 487.446668977978 570.798322151565 549.370039853864 502.866444812688 324.577452257086 527.491537168513 311.1965268591 601.824548260875 414.794368348861
1399.22459662659 1126.91361189567 1231.57965356051 1464.59378042012 1299.26868353893 1550.21117975273 1382.61877715253 1597.74322387116 1041.46386250653 1662.60489026399 1075.74983350624 1697.56217314277 348.422863898243 2264.12456654896 1190.161237124
439.418089929393 493.939252931936 432.242229634721 513.756523964043 500.63095283604 652.327686887517 437.13524834602 641.933200592142 700.264993468445 689.770464145406 664.127723700582 640.682912928946 447.43601984833 810.182142813916 542.60470113045
410.982467027499 584.821939872586 238.826088537006 492.1089639336 430.474637009492 552.56552348555 447.191287983633 564.737491209663 501.251973770358 575.189914820099 438.904357361588 622.958614680898 317.160459069046 795.913798413176 506.057906182654
294.564395046382 -351.142431503384 795.330341634814 55.1951510222446 616.603745185698 88.8181547844071 754.074578505715 390.22216365305 495.092072250684 473.314843441045 520.374006734498 556.275355869418 513.658210668739 622.541210065037 508.222457358224
410.33257327993 412.765498299595 391.1642605974 530.288337970735 507.634427553574 612.726582752972 494.280018990672 573.799695082514 537.560891630695 608.69205169898 507.052439720573 595.921496419235 424.954584113762 731.004574852626 508.077502784053
416.15205697039 505.696845817543 319.373405990732 553.431520345361 474.640468224993 588.172331250965 479.894497489383 601.36049006627 568.098987731646 604.293926957231 566.751519604834 614.533330805189 565.501464196949 695.80979632466 553.582389428704
456.581871015254 654.929975394793 232.433046066529 395.927379291834 387.525172635071 395.959252880985 378.732555772971 442.890935572797 413.590623688765 445.285606318712 405.2765807822 445.538859569504 343.300154981261 560.155235973212 414.396972839512
416.077074366917 478.589793581085 324.177524873334 498.966617277229 440.465151909272 548.889056135415 470.672888315643 504.276929624439 521.051992070637 589.251716842906 489.465605397319 626.711104074723 398.508566424377 785.761111031954 503.775512927027
381.828787226092 74.567609730625 644.18732202659 364.118181655909 350.712463712902 469.165449835575 382.178892771983 536.432932874956 441.086853432729 517.801133446556 518.643736721277 563.785782181808 406.280972404362 681.629342100239 477.448765608157
374.994417782875 483.388646820825 283.919720102961 502.873834171285 334.73029573249 479.633913760728 362.268735514923 447.867077384512 370.64547717384 404.837697406445 376.176000837635 432.999557488025 352.650997316854 533.307637008648 401.710963171633
410.799294831556 357.517401435717 451.436602217656 463.011395565812 450.266659026289 496.897653792978 477.404312160249 525.789433452548 523.102980584303 531.531241791399 549.899961105778 510.664618860514 304.912554513577 645.194843027554 429.505503002088
411.770509797906 396.533061354793 424.481561802897 469.880413658344 435.920072158734 506.672043692012 303.346407659392 447.874031534351 459.670907181874 327.233386802436 410.570201222287 332.105963601679 420.594927795289 323.820192444205 348.519688254198
370.592438305122 396.086793627957 511.351767599324 668.049412072928 694.959951592412 643.68279610553 535.137723224544 661.185444674587 610.072957808106 675.313282624791 612.337260662096 827.845646942407 -41.8683503980909 1059.633927785 458.476224886077
360.07723933851 814.87726836516 67.6658267593224 560.733290204492 303.519580790783 295.25782360072 248.094036371921 292.456717814017 343.864495073871 284.960873876314 318.284498992611 335.029918078912 328.130020998385 361.006560955165 319.884200540369
515.015696658276 723.773193926144 352.638853846565 613.571884165864 470.679769052727 659.167132993447 459.722910762024 565.572597248022 475.960368955002 516.266001314572 502.913260219061 535.357990454587 431.922728400813 630.245139772249 485.998302185246
1277.10611777172 1803.36071401964 1120.44794494944 1651.35325069223 1755.04275662454 1750.3812439854 1910.06019879224 1484.55821704016 1625.12280185316 1608.26623150312 1815.77181609277 1579.00376509077 1687.56675245026 1480.71665825386 1491.59661833898
426.291773139349 501.657532436189 241.405800080316 663.349728313373 372.941442596657 585.21650177728 462.616447694757 547.334711739639 546.675645654907 577.331685843618 549.576966233038 608.208757758466 479.205319577806 603.00621271059 489.269088303443
406.815247060336 632.709176457678 219.884149631226 599.117392163921 313.891633187698 701.811839751632 384.031105802521 500.856699588148 481.564491184161 505.690576506576 319.74895839893 434.851489835553 279.046973084034 548.172240030806 338.984744317806
367.420881986054 403.299961963428 317.473204438666 521.633743538483 387.728836004601 541.79152313987 428.551079957303 492.600604651647 510.869599259489 520.547811101782 534.946144105212 529.365116008353 504.792097164697 634.616739041642 519.250451040186
401.886364554379 412.592594302134 339.120647966678 553.831836511911 456.5555499093 505.089698114047 449.061113765136 522.301384726919 494.729882687655 535.680014384577 445.365011516077 538.828188414273 321.59143230057 691.136711093998 446.233691125134
454.022209615669 848.843758493224 324.070425440257 634.771409731628 242.127474503971 410.034027467725 281.659214154141 413.990395144959 371.975807623405 396.309132947321 351.396858903478 434.222879183038 308.467690930529 484.220256205788 349.145492916103
428.84289844691 66.462421870737 681.888161493879 316.168463885549 562.180192411589 414.131699339993 665.960968482966 618.598216090413 571.473520432514 238.502411129341 369.617650322676 327.237070397276 330.414076022119 308.270527822557 306.318018424355
337.846113725242 -1450.6412657708 1804.50998338356 -478.124077875518 750.864273425443 617.552828567476 559.359768815957 510.678791923622 823.351672539719 109.471553419395 601.163785461114 184.44997325454 784.643977543868 -54.3324313277555 349.222667856996
592.134290511391 185.247900743806 1002.48755636346 515.909183278916 883.272841198836 647.321817003212 690.7444508453 710.279917104005 705.833090221022 787.051573419747 768.93931339392 763.784702702158 618.512511316974 823.884769157925 665.395330950685
436.823069021643 557.515039428659 230.266479293674 311.423659127982 320.917315231494 448.246543618262 403.783962939023 424.359354775462 425.428707093231 476.635908761528 395.580216299238 498.543711284876 318.420251212445 594.769099185904 424.177993466578
592.191347986054 852.052707616337 470.839656810767 838.037660030001 610.55371259581 939.764068422469 1180.11074093031 1124.76680420845 1119.0232720408 1625.93727415763 1323.87916402253 1370.40569668075 1325.60699205561 1048.71851625242 1341.97213570455
592.149937768335 181.636010760683 1005.16387811725 514.569352446038 884.014066374967 646.916623677132 690.946202186238 710.202503954639 705.825096137665 787.143164492495 768.736249424843 764.172446957388 617.722930698725 824.958596661676 665.390245549187
592.140929671684 183.431661410831 1003.84107843017 515.226292104107 883.653567520902 647.112730038963 690.848809362098 710.239398150287 705.830496292688 787.09530310242 768.841842432703 763.970956033079 618.13406392519 824.39807067186 665.393159663129
592.110482136681 191.175670702777 998.087836516695 518.116465318701 882.048937516367 647.992868043579 690.410458626092 710.408264978087 705.846726952434 786.900330273874 769.273394564973 763.147409476206 619.808520550357 822.126238282258 665.403283486419
592.1334945289 185.516596347169 1002.28788558871 516.009628879416 883.217191723691 647.352906992292 690.729113603803 710.285813148082 705.834210806574 787.043941885669 768.955820015675 763.753606421375 618.575482897801 823.800492639705 665.395693793997
405.876902613015 2.1797734648149 728.032749863853 298.507920401967 580.25538585525 344.556990374956 430.666984676076 446.792718064821 301.911333493858 329.657629691293 331.127095494079 405.438636163335 239.124383982668 534.932015901561 317.384249496583
411.178524740677 224.160883057925 562.034567430721 378.446999988085 491.982189252033 494.863493566133 517.039481178423 606.948481424245 616.936362322846 507.116179444913 273.521335268892 544.933747361925 303.535167670037 597.757747136884 422.180962481949
430.4037318799 91.7562900744697 683.353969699831 327.909404104597 585.773307488118 422.385590674519 676.917742889946 621.997745550188 563.808671763517 232.029366555757 408.775898302234 303.175512665197 398.806992223279 255.477314931595 298.770113637346
634.10174663882 585.800044780187 710.953290099537 689.730996396963 873.219470841554 784.424655337446 950.515533676269 803.342447931425 795.305561289185 607.491550096742 800.066288124917 585.827176545931 817.883180407127 516.622227636688 513.832715663445
822.967136705088 968.821946937675 794.519020639214 986.26988206893 1126.83237740059 1075.40088241219 1233.51704437469 988.088541718617 1032.19123511513 900.521708118698 1095.23183470011 865.926437336845 1077.53944201635 793.956457176142 767.350053761011
972.54458661717 1299.22304456835 862.489929140547 1231.02921561693 1334.20668070693 1314.83639807956 1452.88271784143 1142.40686771463 1230.68475814388 1162.82789066701 1352.75790584001 1109.42960560999 1310.01721207407 1025.94074205885 1007.9686348212
1382.85717152386 1960.56337710381 1213.40705094612 1790.0361789489 1899.73663747426 1897.08604888044 2071.6086353628 1600.53844573913 1757.28885024648 1746.83903323957 1967.32274807285 1729.09438392071 1810.63446877789 1627.06476404702 1640.37482263778
1887.69401208717 2204.26824998509 1799.84686185959 2228.06213992008 2438.73123602393 2420.74200694322 2623.05422589247 2120.22400243615 2245.28326768452 2248.76848125644 2483.37102362022 2325.56353499421 2191.56511596439 2252.15444831014 2233.38335681879
2304.2524968417 2426.74099336269 2279.86455363238 2612.11854852276 2863.19529021646 2889.24968599886 3046.09619695265 2593.2962143254 2648.66316000538 2667.77520969818 2886.94731182926 2778.63242323454 2593.56114567027 2667.98207431838 2721.41415319487
2479.17929247029 2512.57818625834 2490.44685535924 2776.05387918572 3029.34419929397 3096.9293887777 3195.25031097713 2812.55198806612 2814.92492132006 2849.46191606677 3036.97487039799 2956.50015626265 2782.37646599131 2844.15825622597 2906.04000343413
2265.13360291508 2204.45667879838 2378.65806398287 2471.75198856236 2813.86752490733 2776.53042047399 2921.66003974414 2558.5379790053 2588.55617207741 2651.94702098202 2855.49031661037 2795.87119286212 2477.10398653205 2754.67352929792 2739.87286643812
1852.31707441426 1480.54697873833 2167.2702508125 1829.7193103984 2339.9785884265 2109.30133207154 2298.52556157992 2041.55794614908 2099.92707310105 2240.07497106881 2432.37785404032 2441.39398515974 1824.66287443615 2629.23498983078 2317.40966774895
1460.56377736512 437.472930167624 1969.0784953701 1104.59195711774 1720.43356461585 1336.0258986465 1542.98771275244 1480.24756755484 1490.3943897887 1637.50093905076 1645.47448912271 1991.96539189422 786.280337676241 2676.90184780836 1593.40335072441
604.930737759683 -553.613220193792 2186.07434202547 201.028040493498 1456.41792623335 856.208270014005 1169.66663033957 1031.28411105737 1166.36464340812 753.217584978811 1043.09386814369 1217.16226816827 418.777115134522 1749.30985876537 928.322322236464
322.070231777375 60.7226081178052 1425.09427485675 369.985116727127 1247.69434576625 721.328503300189 854.545306116481 823.241114253675 897.007541155847 453.65678591995 944.101993442668 730.029825105227 710.279665324281 803.136817664901 779.951617543079
755.617541448357 1083.16608608928 650.268943255887 1128.35100865585 1083.87226558241 951.49336928394 856.583828594809 989.901110896575 749.474657938703 837.692077662998 843.865547905896 984.456006179769 509.495926001168 1179.10708565762 853.907300479048
1671.2073849564 1332.38331034507 1664.01725348328 1798.98857441251 1583.26470502634 2031.8805081421 1790.66434589197 2008.1757269793 1340.44687943857 2113.8094062343 1376.05125237884 2114.07145598024 581.697705393764 2491.42296249319 1741.70289803902
1085.11404610281 1381.15432048505 1093.10395016831 1464.86368839875 1194.42319393589 1634.02478235464 1789.40328771448 1691.15539739079 1496.40850393888 2120.94021361973 1636.69177769083 1799.73721494567 1545.61428716625 1507.2060926843 1967.92995680758
133.266506897031 293.04861333057 -109.485379797266 212.679402042306 44.8426692662782 263.962930728899 566.834898662937 575.83785255322 742.010850513747 1127.58040370964 1006.60582507683 961.09439839014 1060.17122414473 635.70044171199 710.804664226214
72.3188149694536 39.9997527999566 -167.435739880679 8.9131324630098 -73.1762243708232 104.494996060788 369.970118474874 456.522841112679 651.922089270417 958.125758032149 922.798489225681 886.068878388656 889.620734797558 612.18986609371 520.83513405839
73.4075010502801 32.3562071204715 -168.72938159412 5.7357467298043 -75.9877190148186 101.155349974062 366.332335678729 453.823606268049 649.435236206617 955.274227504611 920.514153589373 884.221248285341 885.580134804695 614.470709000042 514.593254560236
139.861239756151 216.943633917565 -106.317814300586 170.278285354225 25.0088410912256 235.15597247383 523.89799353233 555.297633803966 723.103978921751 1090.40733782102 987.688902742062 950.185717161987 1008.11301666363 655.896947328373 659.985562911774
368.281558843955 589.446406443923 181.687040435905 541.357209677221 334.474943543144 611.609952560089 887.481089337449 856.950292729492 934.830652039052 1388.95159964335 1169.27789896607 1168.88661217734 1204.53056571469 846.930816651863 1034.7011523442
789.306214639941 1089.97769310104 721.427850019775 1105.26813051369 854.436631899051 1230.44857972925 1446.2918521101 1361.44344823823 1286.89528185008 1841.3146627216 1466.7390931485 1545.95192360697 1449.9373710152 1223.10388046227 1617.15522837722
1334.18675648286 1417.12637980745 1364.59907810091 1633.34472045403 1392.53470651962 1841.7613634536 1866.44109181218 1859.87140168069 1501.21298105576 2173.39229904276 1596.12882000779 1946.30197795867 1276.70271400302 1857.0161210904 1985.57783437498
1538.77012447179 1325.94299449333 1557.43264165478 1693.03360743464 1497.42030022765 1928.33682476724 1788.78436562086 1927.20641180798 1375.99243551325 2097.98421380021 1422.69100269974 2024.48742508427 796.095942084434 2237.60899533387 1802.81811032529
1316.9153741077 1051.00999963389 1248.73968601729 1311.67328967715 1228.71014257941 1472.08162650917 1385.49925155842 1538.94015203326 1068.49498024743 1645.4546911688 1081.82934557082 1635.22332740944 471.324245876304 2011.88183887349 1301.70820877789
793.930683751695 617.258496899535 737.091255344081 532.556862285708 710.955973232586 661.391634962295 808.207546029712 848.103255940604 687.801795093441 941.020642272837 636.261673249613 920.92354939834 339.407745160451 1113.11916088961 813.436751613797
365.097760417607 606.834712752548 187.394804070221 271.563951750752 387.944816925769 134.852817809745 487.549602743965 361.171311704771 447.518435113191 449.107291682826 403.077416271234 448.647294596347 357.468028709783 485.079772764716 531.212909725938
176.611575569211 -80.6388021034678 671.341524499437 84.8644937522573 625.680252413043 142.87664260826 691.446430574501 429.883285198984 495.956341524765 494.539940099725 488.400360748689 589.585107508177 344.728242958866 578.621598741991 554.758520868306
176.269771391929 145.306575472721 654.732998637057 458.423473186763 758.507459793736 477.498509519392 659.622058717477 606.236488973834 559.757777217777 621.999087689122 574.420075123367 810.022215784944 29.6019318625119 859.060893795503 551.151516160049
426.106764400398 482.876573095927 448.325403051073 566.357612759299 546.185706746941 649.069358152995 461.97222601877 642.474838454385 684.382290317205 687.697446608308 663.433291334171 675.118412511483 381.689588906094 757.047709442182 583.189595451158
414.074076619951 444.957716862931 436.868639166061 440.012830373353 460.801709811937 578.673373995426 459.274443222045 602.508077354013 691.230997946159 664.395320576232 653.508701398853 569.961504628524 610.228271715848 621.165372953321 605.09257432514
398.250109905469 409.313838840492 428.956686991961 423.224691910296 444.017495706451 530.483990663631 474.195906022952 571.29125577313 651.808422818918 632.100019933254 609.400024888318 533.971500347729 620.654785653726 577.883713137828 594.392265589591
405.132018489282 460.446785630561 509.399608554889 506.163745032236 549.099741149363 574.132113377125 555.264508121159 613.801433796919 670.833012011268 676.335675755001 660.070958693384 612.176914310398 641.898898976677 622.719996977338 635.378750240401
421.63927649943 467.393524998639 648.288434273871 553.72884576692 677.125357661072 616.322123019722 625.495503508062 656.894692052948 688.774719585916 723.183921447107 710.055032534423 684.815661058303 651.619808244453 675.27083098624 673.640596632117
518.299956451056 307.147741231011 933.323226879843 534.875551509703 861.034143387051 651.746277760213 688.180804868259 706.724025184591 707.004697974096 782.037246418965 766.223800294114 759.14730838845 634.807151761044 781.629682062982 688.103677199154
588.871347434889 189.987314664342 1001.06292687571 515.801946477015 883.21980538919 647.318105505073 690.718424210663 710.257517568889 705.832301880997 787.036527018589 768.918884238783 763.811721580694 618.944386792377 822.321111755496 666.448849593632
605.876833931334 159.620128439865 1020.29202167277 508.405835283076 889.540843936965 645.02572821529 690.896924279828 710.943991957114 705.100145611998 788.318818597745 769.336741981456 764.882838308632 614.016321684517 832.515577984012 660.863668959418
587.363281077332 198.103382313969 995.860729138051 518.252182462911 881.881786806773 648.111590280219 690.41265979583 710.381535371351 705.902263337702 786.886653614469 769.280654046224 763.20012299078 620.509490304304 819.864600255765 666.983223762702
588.189371765517 197.006578622075 996.097328863007 518.314444866505 881.843984627147 648.114614697116 690.40746658136 710.381636413591 705.897546581059 786.875183987093 769.277438492957 763.172814906556 620.42301152877 820.22126647366 666.707279446696
589.975520510156 194.473070836605 996.824077266119 518.329415324112 881.855182765248 648.088205008575 690.403643206127 710.387588770619 705.881066119461 786.869745422417 769.272751706611 763.139945895774 620.184945979656 821.046774213752 666.11245524055
589.547642766631 195.152023644481 996.535903731648 518.398851439297 881.797827588128 648.115277784616 690.401856382849 710.381724278034 705.890649126706 786.860655294073 769.272840972476 763.134605853272 620.268581849096 820.824336008623 666.255290141137
584.738874093904 202.584955922989 993.648611899292 518.928727713386 881.332489215692 648.346335176627 690.387646346313 710.331767887823 705.97528169614 786.78942107296 769.274233740654 763.114073774664 621.126434160913 818.391778362475 667.856019520661
584.316029750744 203.236220886707 993.398333216746 518.973133814643 881.29326671572 648.366043516938 690.386489326996 710.327512279079 705.982570026573 786.783498627591 769.274414749373 763.112688587683 621.201033521289 818.178689210849 667.996779895646
583.82134439187 203.99713411869 993.105252391348 519.02692563085 881.24665502482 648.389772131497 690.385260475028 710.322421207885 705.991465998498 786.776661283483 769.274882263092 763.111094838279 621.288425968954 817.929830719924 668.161679495368
581.770171272948 207.153930691661 991.895026537955 519.240079496869 881.058207382163 648.484758497711 690.379743266481 710.30193353882 706.02666814918 786.748316096291 769.275858794539 763.104819385529 621.649424894891 816.89702837196 668.844505844507
581.880285158647 206.967026333691 991.98653746255 519.212691794093 881.080692593831 648.475224820128 690.380745662546 710.304010435196 706.02368756557 786.7523372177 769.276222418933 763.108263722911 621.623895303204 816.958518394329 668.807907593783
585.56541658408 201.239878141785 994.243969729672 518.780843167446 881.457545411978 648.291063029237 690.392974162724 710.343780848086 705.957263329729 786.811132034938 769.275878790036 763.129325301507 620.956063296766 818.833347272436 667.5814716263
588.237940676592 196.976855143496 996.047442151378 518.364334850493 881.808791567843 648.128336808523 690.406189648898 710.378636012832 705.901635510481 786.868883334616 769.277190704182 763.164089942183 620.432791738076 820.230346392014 666.691974587165
587.382599473707 198.06156330942 995.888367558407 518.240740389459 881.890687729964 648.10804912177 690.41324179595 710.382174447324 705.901369442037 786.888339563611 769.280734076449 763.202140970947 620.502202376869 819.878356806307 666.97685829288
605.973312353075 159.456846740599 1020.38648699494 508.36659910007 889.566731525845 645.009448281507 690.893799717374 710.945278650943 705.093962455848 788.323656785024 769.337529878277 764.884428189718 613.988171201144 832.567941524893 660.829338366539
602.167692910366 166.824704101945 1014.65206528211 510.831237549667 887.315867192595 645.655353944727 690.76109706236 710.660859049195 705.283775985986 787.852557470808 769.154696586431 764.430989512635 615.316740748713 830.005780123381 662.021883113545
588.9304040625 190.330244131331 1000.45739379699 516.244534589086 882.882172883959 647.415425172666 690.673421035666 710.220867829614 705.85545201251 786.98673480996 768.934634612275 763.712670951141 619.068376966766 822.191279891383 666.426443990056
572.528590953243 218.844294621289 984.316159442237 522.091956512349 878.199494446845 649.413687094748 690.626818808774 709.786294969905 706.515862964424 786.089246469519 768.73965829436 763.015072746059 623.456550253369 812.778672573183 671.918915287738
538.208592049687 286.766936853064 935.433696732486 544.420056457739 861.493654571967 657.023166436954 690.869629485895 708.496922800988 708.999297823079 782.775687096579 768.023426619063 760.319086976934 636.561081362221 790.428201692036 683.742839391776
442.198640658179 535.417697744042 692.978608339172 677.716819970436 767.443922581661 702.985035417291 694.466633171056 702.616609556877 723.884170472505 763.59843874036 763.998070397513 744.589662067657 701.294260713278 709.401952664344 719.41068742272
440.200190488679 550.374147563028 670.884071659098 691.347619673744 757.673299576784 707.696814133282 695.037152446358 702.218792896876 725.4492118457 761.554431766551 763.477709348719 742.860934479655 707.06491675691 704.62815933337 720.613382833436
439.929633856632 564.324078997514 646.941195995364 706.594985361961 746.770887953338 712.960226377422 695.70644291212 701.7974472759 727.194204742048 759.253796244397 762.873697357187 740.912278307348 713.28333918087 700.202553559621 721.318854274447
439.845966728073 535.360230351855 697.58302906753 674.366543022556 769.995379967829 701.81184084364 694.227295456591 702.610331176262 723.466125909771 764.14884656942 764.183536022013 745.078494305368 700.149329260099 709.345006212258 719.97732373395
496.568618119057 374.634654007243 859.578826241982 586.005037134593 834.487709502116 670.976366097962 691.020594735258 705.489680553508 713.117860966561 777.276993214347 767.255263653678 756.072558762786 657.030132553437 761.157870594868 697.800057626439
593.86981636842 173.779729945104 1013.13595782419 510.916296794274 887.514855051427 645.302557320302 690.278476432802 709.808418784236 705.06708256182 787.831740976844 769.034092013467 764.704161686655 615.504584682689 827.1715093437 664.217353307337
524.966028207504 348.438203134119 869.424922353091 576.474046787789 832.513278752253 671.218532742298 696.666576774917 711.526508083157 715.527643534887 777.015302783252 765.58934938869 756.253139471962 655.154267316198 773.193985381997 693.13409906003
476.667613579579 478.490739271424 753.017069119827 632.959452949233 786.981544979157 692.75416746058 701.106445137537 711.893556483484 723.64318011335 767.773619307514 762.773299382553 748.998334932093 686.8357138892 732.539404691488 713.273337008031
466.837484220379 511.973285222617 718.167247996312 650.886015020391 772.540089917075 699.566474719258 702.585047532993 712.052553808095 726.178438086898 764.7676098126 761.802288780928 746.633320664843 696.216407083692 722.17068795601 717.848572445471
459.29782214817 551.094033947342 671.748727646504 674.357817220499 752.389681506675 708.965844095916 705.223812879907 712.797563772992 729.695755188891 760.291992268059 760.032374180975 743.358053064627 708.656584548841 710.341237624483 722.431248550474
500.135665542696 559.114397394746 612.120034527635 687.634647779415 718.799145151155 722.993462402722 718.347418430892 722.018518335171 735.217513142275 748.512829811107 750.693026001966 738.852582218715 724.53256454681 711.653968646418 715.970919985929
510.152929055399 562.347160856185 595.456547227105 692.141677533096 709.607849951634 726.887793619977 721.66425609267 724.291690848798 736.749747698517 745.43649128283 748.347435693493 737.583417342538 728.967181632554 711.607362578601 714.482910429088
503.433005640646 559.134634074761 609.307046220604 686.421108853275 717.073659607274 723.599141254165 719.603522829326 723.02706549741 735.467762578909 747.607807969054 749.774863385319 738.717273409085 725.316131141332 711.999589167283 715.468178932008
502.757702659371 527.109825428322 659.299188459942 659.047896132238 740.416613953193 712.708713971485 716.343600563545 721.976728318907 731.288287274666 752.767605521394 751.86577346738 742.59153700416 712.044307025775 721.231416173968 713.084568140773
527.492447561281 438.334596809389 748.669223534115 618.53715787967 777.401959375264 695.5581405177 710.812069519138 719.937353281653 724.707560561823 761.158010226656 755.51058377482 748.288367792769 687.771737081456 748.197191473014 700.685302655328
567.797249406799 323.961718862837 846.521160529298 580.233839201672 815.408718918385 678.092657761575 704.386439393444 717.121495475577 717.951425862294 770.124446486628 759.809513885015 753.785495228931 660.845954967371 783.246316936301 682.723268554219
595.600596475019 184.471546563629 997.176073775498 518.526755298961 879.962642357284 648.759741830482 691.730473945155 710.746673565024 706.484733971488 786.112875263347 768.257564047369 763.379236636908 619.87343515032 824.360311848014 664.824679828072
572.083253771799 122.943446704869 1117.67947737094 463.633712360589 939.742963934695 621.89153613606 678.45920086148 703.441483924913 695.87936604117 801.589214024737 777.075255601989 772.683151195865 587.814656606951 839.871235037534 663.776699059
577.181566454733 134.167325974942 1094.47400899274 474.276245414659 928.129455605177 627.108188469379 681.053241222448 704.874940582338 697.939513591777 798.575800146179 775.352152116134 770.871006134106 593.979255676617 837.100864632371 663.813001659128
597.751964868507 212.520568892626 955.197830322564 536.905245795831 860.213852139006 657.6688099075 695.94172376289 713.003797109466 709.989847628276 781.074867746134 765.45522664148 760.354237925461 631.136063457942 816.661588327283 666.943171390739
544.495656372039 393.931647268379 784.916902417093 604.21936256945 791.127156438933 689.214008068312 708.683909422441 719.098774571647 722.267523348366 764.311316497558 756.932436180717 750.274875114796 677.778739284564 761.925243130329 693.477890075524
514.208708000086 479.443074781285 710.552107216687 635.064084039752 762.123697064556 702.638943119247 713.103316663695 720.78981401129 727.424396211094 757.686356526224 753.99394714209 745.980494466525 698.179069147969 735.609818289335 706.817891267623
501.08980140382 544.526882250919 635.967829651741 671.071703679208 729.888948540759 717.605895522118 717.871420878911 722.506480950781 733.167832305066 750.408554244023 750.874930831095 740.883665569211 718.282588235658 716.110365952103 714.829881608841
503.93576277771 560.389057954038 605.979468532048 688.953324406896 715.410111446091 724.408725000928 719.673289723435 722.951355211454 735.776089051356 747.325023194671 749.75017387296 738.403075269663 726.174692860257 711.636035956657 715.426471814039
502.24958796718 559.489016719461 609.077675023081 688.318116251647 717.079908815992 723.711611027852 719.01844850043 722.489823962925 735.500254073898 747.910385220213 750.215624327525 738.621523788033 725.342076679584 711.732757535259 715.632255772901
458.687438883418 551.930248926121 671.304455836481 674.741956321634 752.279841990207 709.033462657488 705.151046591497 712.721995124362 729.718386412586 760.310768939279 760.086526699859 743.331182740377 708.777404786542 710.049832786419 722.608896898019
457.200152250908 557.160228476266 665.811911951218 677.541622301584 749.994434766895 710.109290555604 705.398001890876 712.759268471397 730.119795117457 759.829416139879 759.92397667688 742.958477077237 710.256247045061 708.435443050469 723.316235951104
499.008167005725 412.250738991926 816.550278323294 601.30838524085 812.521144723136 680.692775558982 698.549592750321 711.651805640124 719.137749682971 773.041249395958 764.438376061824 753.121062401571 669.638316621822 753.171106704359 703.556814873823
593.042762915993 183.34692930708 1002.39007288838 515.62972754476 882.447698233851 647.604642120644 691.510485557412 710.671867290373 706.264258055725 786.841657587216 768.527612499678 763.955973421695 618.535525894434 824.723205565949 665.586742057067
534.425435402696 290.316720921347 929.002075136331 551.10130830013 859.646156259108 658.863137510962 690.224105655755 707.067601830654 709.165530448592 782.311885211809 768.252497695604 760.211682089045 638.314114987754 788.643892816204 684.2663312323
452.644241780784 489.67353404325 750.218778137345 644.339782740175 791.960769800623 691.33823254502 692.992090368261 703.454887744757 719.92731887482 768.662421356057 765.304795166424 748.892490744987 686.248714548427 723.977861578376 714.489851174907
444.241975529061 528.661515353608 700.671594744623 673.276050443626 770.608543479818 701.450858746015 694.314318096899 702.77924400676 723.38009394238 764.251015537763 764.149604590514 745.133390406999 699.259642402294 711.587035561825 718.580746701133
535.315571181475 293.779337597732 929.003824334775 547.855022589898 859.057339279068 658.20947210965 690.957181783796 708.341059539588 709.384246780073 782.281434779856 767.920945537623 759.915751665257 638.283401853501 788.140799238923 684.798521102276
546.518955786455 270.426239692753 946.958587522039 539.184257622014 865.340701665399 655.19832412115 690.782998393759 708.774326285961 708.399946418783 783.535023990552 768.173658149048 760.918868140493 633.426593870899 795.77938778914 680.862657961824
613.22717275193 147.226411303406 1026.45349539503 506.38342175144 890.990745796378 644.216736177321 690.840525676248 711.031281984663 704.820063856918 788.576923603911 769.348461588474 765.028498892908 612.205479856271 836.52889994861 658.352703954756
607.299089869182 159.477025189016 1017.05626281974 511.063613230361 887.683094120339 645.855110216713 690.961112908442 710.812649723095 705.370912021603 787.943362135098 769.250468227189 764.526119404944 614.766367083671 832.546420584973 660.469579197675
536.588877588675 276.525081446465 955.919748349868 529.798853491112 870.57581849372 651.655404202522 690.064772807658 708.709819486647 707.23415212094 784.604139075734 768.199866046239 761.835118098017 630.808497502267 793.405958435378 683.53485088656
514.636163020215 312.267236869638 937.375199666255 534.826383858592 865.247491001232 653.045495659246 689.560456340263 707.928661112266 707.654134450386 783.488908085416 767.707227701329 760.859930548848 635.479613000201 781.270145235606 690.512334904856
493.053008482175 347.406013538806 918.966818820033 539.767198851993 859.867158451532 654.369417829078 689.013608886713 707.118725173022 708.04638525184 782.345585804582 767.175577658752 759.842594826323 640.063347469213 769.293802205269 697.331904044181
501.646679487533 333.637133422798 924.035246569154 538.016689394385 860.362271635899 653.483283666505 688.725252944148 707.000958856176 707.700576840657 782.266270021553 766.871088345066 759.615857515881 638.259837552062 773.522060352865 694.202021781045
514.836115699342 312.81358099377 927.445498860372 535.601286456216 857.853579452779 651.354564781756 687.210195808264 705.921372248701 706.777012503437 781.073258222828 765.35578387366 757.964978773055 635.4846862181 778.943060064815 688.541705050381
424.01255881519 464.141644141694 657.326156324401 554.288854930642 683.758562775765 617.96594540174 628.293187249364 658.863088281388 689.541473109257 725.426016902336 712.303236992901 687.918784360949 651.462330293886 678.627830743285 674.765664804961
405.611674187286 461.814688042382 514.122082996269 509.068182858734 554.177175756571 576.026079768784 558.58800824287 615.681563565311 671.653707244203 678.33361036208 662.285793950935 615.49103706628 642.602305039038 624.835895535663 637.130605155589
397.954102665606 408.293301880274 428.306610279568 423.016865856431 443.348025488623 529.477918463695 473.856788784659 570.395553363844 650.624339628974 631.068768340249 607.965290043961 533.027687679444 619.416612183465 577.119220391491 593.735497100444
391.069295901381 388.589966441454 424.056599654475 430.17603226566 442.149437570777 509.3424147157 477.345036909806 553.006524393073 621.729645328996 610.308398357427 577.302520667765 519.907533407752 589.213949461417 563.69602878269 582.519750617002
386.685997938715 366.367780362238 417.112921803112 470.173210893394 451.899234317535 486.943701024368 476.191876249336 523.876034395865 569.724279056017 574.206597092844 527.495004895976 507.775153866125 503.349528744458 557.014043076418 552.712653137828
387.346378038749 376.931566647421 417.552156773589 479.150414469306 460.941348538147 488.455674068913 473.981917454317 509.770879028456 552.377713665109 564.60194792677 513.663910353844 504.665827750396 482.029122587803 552.879799076771 550.917370214782
388.240629748658 389.229201255899 418.281829997453 489.343171435369 471.56724698745 490.5328943833 471.505434063064 493.858139873273 532.715096889406 553.745218698591 498.075661592425 501.242557923944 458.082225057404 547.542317403142 549.610907719906
393.382278353883 408.132993935549 413.797014144606 505.000169684893 483.213699269503 499.447016223187 464.271436647334 474.606911065993 505.32122229512 542.160343085976 474.188267364178 502.39442238559 412.05425238512 568.37182420343 534.909540918973
392.058041564995 458.496219759984 374.987233013101 465.408747255929 451.360428949399 476.924568395275 440.100872155358 455.937504792435 484.600275482556 532.264121794084 466.022874716138 507.712129140489 413.079276297198 584.325369377933 546.547190315657
382.142352150083 530.48873141752 310.751351946191 409.781723860614 399.255855669449 444.088629982589 402.127793910596 431.26732801437 452.05555371454 514.610253053785 449.29909283545 512.795521259374 403.404434571013 620.460611028745 542.290048455654
453.870151054788 515.277911922373 352.93615002471 398.491181907025 398.656475580577 422.508780988622 403.525230078856 428.10426960878 472.406217918085 539.052989982913 489.667645779423 545.660390257649 464.06816520015 637.08899519132 625.761126018048
520.074837281483 510.584188101156 391.547585253924 386.984796859898 390.974318386933 391.239131204785 400.699499114601 421.915877038261 489.776926078763 559.26534863791 528.704936855335 578.18456539512 521.259331916689 660.326373712035 701.026463197776
511.765514970469 540.129873248047 386.441398631342 385.688650430431 384.2888195072 378.585656917819 396.261017885312 416.660100328623 488.550060929265 558.637139943106 529.74393273956 583.894663895526 516.959688725032 677.763632691001 696.969078007694
533.203316206547 607.237817745692 418.287833786306 443.89312817517 396.660133905109 394.690331658558 403.899606304299 429.077933783216 477.184816589378 531.040814337617 510.593936155125 558.097833657845 498.921609667315 645.97664548861 622.996959604516
643.083984526543 631.036037398437 528.306451394701 522.577355633751 444.694581903181 440.624075357332 437.040289802144 463.835419100557 486.895573335525 518.205368427397 516.47820129606 537.467636219109 532.591475873834 578.803192441492 590.533266104351
672.373231910148 641.775590914016 585.090975156987 544.885930512309 464.207893447311 466.687197012479 453.379309572176 480.867347822547 496.983737681151 519.768411692696 523.660352530642 534.170963724921 547.453706846412 567.823400757871 581.397555283781
684.422651638627 646.99103377527 608.867935806185 557.403227048062 471.230892863797 480.283273868808 459.877490770011 489.141719754107 500.587825776761 519.847942966691 525.477406320316 531.507418316206 552.376290658946 561.397308898719 575.065751273178
704.804005454111 655.696919954039 646.897343297452 591.158771651318 476.967635394766 513.267396784514 468.370095069389 507.199430292415 503.557802227395 517.551029824749 523.449206270978 521.807842056292 555.267775992972 542.622343583162 555.145335641714
721.28016058586 655.976305494071 711.031358629597 621.906212785532 480.762927733752 563.24118253725 480.884812441936 533.723842875383 515.594023245073 525.299918717954 529.247291256648 518.143794490745 564.651756659625 537.865706433222 543.380916068991
717.641892438013 635.564740053793 816.278644115738 685.887886032046 441.985911326451 673.22402108959 484.822012604278 593.876169633032 539.578711679522 554.18735109962 550.483636466366 520.424587168926 600.482543036066 542.872114768372 551.186451847861
737.934212213116 524.376520434258 942.607669896434 763.023336676363 317.002192895763 825.425098590302 438.560270723363 664.763595090275 547.245831476738 581.513296582923 570.943849149118 506.754650316226 657.061315351502 534.13813386783 566.402261036591
730.24980688621 518.765449599238 961.603823646868 777.171036721283 293.124398966893 853.383992087057 430.092925689723 677.952827611431 548.72719695252 586.669536555634 574.675060378839 504.13628490026 666.895703006376 535.759683403964 567.158815171734
700.785084126427 678.76154068851 828.029460792195 703.76510177274 480.285948171349 681.424954109664 517.235802524357 607.998989243975 557.915111538803 566.410473996555 558.591903558613 533.062498582781 600.00408775019 553.687965025575 553.216730102882
693.858880800315 716.58116400235 800.250332097854 692.700850146237 528.662588518671 645.262935204379 542.973935353298 595.988986488891 563.92059516795 565.062334530618 557.134615331272 542.610855605972 585.858397797282 559.48942721797 552.294826273945
695.142352040128 729.03867400992 783.53012672248 684.484939019381 544.578114493405 626.284010043384 548.497058835305 586.71598817779 562.047258847604 560.544172773829 553.386587225142 543.132491697198 577.485246005655 558.309530296714 548.623746230694
708.044122442158 710.768813351046 772.504498181993 678.853147000008 518.767643794433 624.173474990244 526.580372813664 577.735996807586 547.692328316966 549.550910001804 544.68027873102 530.619776791007 574.071137687052 546.935844749662 539.168423211752
720.077169632076 703.77531984169 750.132033614328 671.14120832857 512.666396333898 608.317755055078 515.94617462545 565.132242142595 536.644011660603 539.098030929389 536.168083670328 522.882858234407 565.84235875361 538.054438469426 530.985247906317
742.964197324374 705.229070397996 691.953493174138 657.513025685695 515.595186369963 566.293930672574 503.297041905539 536.912286951629 515.89127844622 517.156934210168 517.595992833484 509.313561415126 543.628570665315 520.512715911199 511.85449525152
770.85510642939 703.525193640374 610.77470345333 656.627915812269 506.583073900555 523.724397088516 483.43130609261 507.57901065258 488.974050015583 491.435967791096 494.435411368968 490.802898265962 518.65588440191 495.969510167076 488.421093167493
796.634449608747 713.110824320027 498.193814117343 674.457573267971 485.382932107272 481.843479673477 457.126357363329 478.220134452874 455.427650334988 461.59649541996 465.633121323064 466.609523765952 489.59609088091 462.935599924164 458.464901689537
771.541531987291 789.197035980694 333.114594749948 733.354769345511 435.944235144872 459.176585390407 423.056442093489 461.617857564109 418.71740428816 435.891102345962 435.522924811472 440.152422823131 462.484256784651 429.208089705147 425.967016724606
775.235786522765 792.399273464494 259.456704953603 761.730590797303 408.841260301024 448.401681376176 404.66178342274 453.004290757302 399.91575241565 422.289749508759 419.862360460354 425.268583078809 448.671092000064 411.206114360777 408.819094214782
711.374247277196 796.451328668072 159.117841408228 783.772443244826 357.494399766361 435.165607433686 372.642674159691 445.202924067469 374.524713619006 409.208170845964 398.849754648285 411.740891348014 427.39955134879 395.943304888561 394.434462852026
587.211726612746 808.582176394029 119.454582338022 765.03870596751 320.868577648654 429.87823248478 350.62851156285 445.564628732392 363.793307562898 409.966500412854 389.363191760469 414.931065402349 412.020511968879 403.654077929759 397.124615891426
453.143910137162 710.421507739109 185.822307364702 675.416147545503 305.518565443038 422.258148683255 336.105828020341 444.266982911524 365.043319598959 417.387191287656 386.305333696418 428.803000149803 394.889758119262 427.654768737526 411.484989779204
360.400216001936 457.566012904471 376.264501948567 516.331439451343 315.812104871118 412.01201782411 329.185760418218 439.845055672482 376.860195101395 429.069939351192 387.8871897809 451.226762723714 371.71655059866 473.299510326532 427.398465101447
293.639990917868 246.738713114018 545.790051860867 378.15174153935 334.574414991464 401.529593685616 329.551930554806 433.665177107173 390.629268965671 438.172622879104 392.52336489852 468.662239541544 360.152505834967 499.280529566045 449.146922506647
184.96513917473 209.238621212697 601.909178008057 298.037635525584 346.964014515936 388.916546734552 334.913778808001 424.915541314175 401.720789977515 441.295099011585 399.127640250991 473.636134714551 369.461318332858 481.454211793293 484.151295488027
156.341184989465 200.788438539492 616.367008641186 277.50593823602 350.218115143488 385.8507216776 336.421000241017 422.833751901605 404.732317860663 442.307591826298 401.016374328644 475.104677113076 371.76902946111 478.118755371065 492.724630848924
189.988420300117 32.9597131088248 745.674406432968 211.660695810553 357.420004055644 392.059986390999 329.989398062941 428.943259351223 407.801651546409 451.422449684195 398.661264835453 492.907706679367 345.624081312205 534.351136508023 476.267494273129
308.476420988308 -95.3544465126833 813.720594220109 216.585244342167 354.718272461263 405.324609081233 321.502339008343 439.501040326058 402.660886831511 456.21256999859 392.504781455295 502.85946822357 317.731797145808 595.943623974626 435.36969494893
449.644754449644 -77.2309730507081 780.413084758565 299.883560942363 344.715751525868 424.286119761502 316.739102253732 453.656565835612 393.209902531927 457.549490077933 387.733292055408 503.982397341836 304.332103881287 636.482349577307 391.781419965659
469.472749112202 219.943458370545 607.377298603327 429.691721330571 341.368207488316 434.14916716206 329.492205832639 459.730727265325 391.004905389191 453.572435361374 395.158697819012 491.1686392202 343.114579146529 576.598466629958 409.374879352176
503.731807204926 548.170210819338 429.552472561817 567.340695255161 353.325638599547 442.403417964678 356.475958290025 463.70041494801 398.748997222129 451.451593234778 413.963281748076 476.392778679783 402.862573035907 505.79376535031 441.501552595324
613.358066229963 724.218357125819 398.507661373455 641.785841957052 403.527783004423 454.798574012721 403.547096024254 470.219029547938 429.46548618953 463.178748131657 451.829747572968 477.731125285209 472.558610950156 478.097459843424 482.549871003045
692.283475117481 664.333183692053 550.441840286166 599.42586900168 456.698332301871 474.965070371542 444.436915777391 484.651635967407 474.436132847669 494.507348753873 497.185932188117 506.400252249795 526.169193983714 514.055467076426 535.109524660823
452.13550637911 589.151574594953 349.960434363706 378.955854435741 366.79261860727 360.651352184096 383.42263099533 403.793737066924 474.115427113108 542.800773092644 510.216164609947 576.141350610611 477.815750950854 702.191822927815 649.637425820689
237.147842423442 400.27691468416 240.381530478721 345.550325829898 294.22448270521 340.398191256801 314.376098046853 323.039470194618 369.998672255273 399.065737578848 345.853073977429 443.275984292606 275.709953733531 581.166159869185 384.716305415082
310.493874743791 169.042065500984 275.997637260247 229.817422912671 355.968627736464 416.289786217988 375.899653842672 339.552053965798 407.768283311939 430.182028407429 352.345663671572 472.77855266622 278.035493959076 586.123746740809 408.226376924601
429.216103453969 537.987037497486 184.844742502528 248.93677023914 324.380370047114 437.656497894934 438.495327412719 422.758505833394 422.155914175068 493.744854544745 392.970037130191 501.644394251429 322.864447616597 587.364669075453 436.680778382272
510.332275209869 990.171166909075 337.921945358797 722.294834786 230.415504257525 396.133610721703 270.069697999011 427.453441547442 372.098817603607 412.713540296793 340.925220870021 454.499867860831 306.661672789415 502.442464749829 346.970010447749
370.701643911231 616.336390047554 297.468371690621 550.795070421887 261.301286756268 423.011079944337 284.828223266909 386.616538402349 323.585686773349 330.935500591483 327.802081217487 361.295908413539 308.43986998222 419.830736467102 338.046946856521
417.619696887181 497.76335104498 239.280454636596 601.5806674935 300.811743947103 473.385632763446 349.062165744671 424.499707569003 370.587889592024 386.784320218287 377.663707211467 416.078642595413 357.572301328816 428.83551631138 381.828609325963
444.600202862887 466.715717087946 254.900935984774 698.005584660976 374.38084616117 607.86680221704 482.019696709534 567.331048996364 569.519855858235 602.730876088368 575.945828540232 632.000437742759 494.349348961081 588.58033129544 508.925157423033
446.932433691846 404.158570361969 382.298120139615 524.835945218654 486.266995185118 647.756298368517 556.143915949011 600.680795208564 602.207259133948 710.976178073299 565.819930710428 748.588006709711 440.258230651532 887.723880852711 584.633229441819
380.54073180131 301.297816691482 412.592132635004 487.478423044875 442.041673845204 604.934135812901 496.813718950765 541.702074976808 559.82526486492 609.146519070124 580.584609074923 612.462352918046 533.187716733805 755.20603067264 578.184705344423
378.065007483857 338.067479337128 357.782433996992 519.113430614198 422.717411091648 640.645036917267 495.315230276824 602.470874723314 577.004278500659 616.220773311994 604.69063634345 621.320929874883 561.195633933897 715.430732752145 617.003222136635
433.062314339221 499.839171391442 308.896566135574 457.650484158377 469.651547338178 634.688267188267 516.317133930633 654.997640893225 575.499492771279 676.20193924639 507.943571820929 708.298300242162 394.3640405071 860.305287225172 615.316488408377
424.316648429719 411.156967910877 383.94586697023 420.998215950035 462.211996483736 591.782468965101 512.635641007981 640.849441999647 623.363365673403 679.157195262113 545.488350119577 642.874394916584 485.671482857684 762.487336803445 615.806660524971
413.031423295359 439.661917075934 422.916163595933 390.663894688102 437.125987301209 584.829831355477 461.563899113901 615.756948324805 692.539658880456 674.295793132404 636.316183724085 569.238897233321 636.198533277474 671.13806746247 600.148530688869
457.674840952529 525.026383718326 435.702354114251 608.9944121613 551.742087271048 696.44472426889 429.774055325592 661.549461709632 694.556973534455 699.274064917501 671.489596629875 701.401139811077 287.180655963134 921.674743186788 500.118588808446
435.400280993177 528.146925316571 446.19378025878 779.892704850039 677.973852119777 736.407674102627 482.247972695775 696.829181159149 634.848377628491 705.987578078703 633.892250053613 849.708333258563 -86.4309834661189 1139.85077407586 434.012016607542
145.131895713307 -78.8065710279069 742.94393490975 239.728129974059 734.737099790685 304.416312553474 715.500804713319 527.236141507529 530.756883363289 563.988955433989 540.790034862208 725.12972346409 176.939950746261 740.763749694432 553.996174286448
245.041381876344 -570.161849881897 958.027850986526 -46.7795230717558 706.329971440269 75.3573437519118 826.338487798198 414.799459962114 518.867149956494 495.881726043597 538.511819891391 601.244767083058 494.837759627863 642.809435402048 526.282242003719
344.360505821409 92.0106988418876 504.493208983296 270.91335231032 472.247099413844 164.083346933006 609.380129817992 378.495529781102 457.778255880257 452.861808768333 494.259518061639 510.07648588842 487.35280782863 614.451237458179 482.390869784152
346.338510439977 372.18446653541 284.768410144657 400.500829555298 203.154130204822 253.636832631724 284.708608725739 395.109413681638 375.283817037973 439.104505795727 440.265948553827 469.311700997359 349.548059902684 618.171146598921 428.804816711504
382.533558390238 -336.659697949192 1135.0492809241 346.695435867353 526.976659660297 764.184021073092 514.842242261485 733.227529495494 525.204672775909 641.3392897536 646.253001922044 722.036356363916 503.4444532868 773.790754252433 577.194955166748
362.356531838761 404.049392003331 204.230643045761 454.531307124515 316.999106207263 467.328314203552 352.683309441722 419.636086555348 340.141880730594 432.01696970438 425.614415484847 508.61385671712 384.246083079251 510.683836581972 423.246177471878
330.747345389981 30.8229581569001 495.724325877692 202.944340912263 339.780929248455 500.852373551729 362.866754626665 411.042931485714 478.116871592325 351.763488220742 353.973347852929 380.852804632441 344.565829285833 410.874359788746 328.520221561664
428.249668600155 733.752989503299 163.090338219855 675.052907021196 328.796480142046 667.668645733297 410.485439788759 504.437790741354 438.530924899534 562.862065717413 335.387797806713 382.910637030951 351.922476137817 434.965155605235 330.389576266857
441.075957336613 383.189889572643 456.03852383763 527.851269937433 489.209649974707 486.012298362727 492.319622060339 487.377209338661 412.806668473272 561.635498714925 458.888312807547 139.494300180254 738.068493757963 -125.090699215283 308.647088025393
414.049830673956 265.689663488895 533.65318657996 423.878517474395 499.083382565779 447.696418918614 384.73848591697 454.281347504661 467.094351160024 404.962605061613 474.767644247527 169.013957480159 708.010092648305 -80.0027359166784 339.216886122863
405.246281302075 210.487746858638 554.378755820625 386.730298375031 497.993353767442 404.184494114275 324.236608834506 411.273917968357 330.165626259342 217.487350511147 283.574640879912 360.928679348657 222.629359385445 471.444810042689 292.235874613712
403.907645829918 -53.4864843624138 772.654063864185 274.337426293434 601.212820691275 321.836019629797 446.367171460966 442.617863003805 276.228537673244 318.956156183074 321.127825814062 398.963174254894 225.398568463637 534.97170503868 307.318119975381
