-14.1767961867337 2.79875052239472 36.6706320391825 97.0299908980061 146.189767985116 170.957982609176
-15.8800760932107 0.89226872040656 34.3780201122635 93.8898026252802 142.18748863712 166.54745194465
-20.4858411236833 -4.88220858177758 26.1541841509747 82.2204574549945 128.333455679431 151.447684250118
-21.8617393541073 -6.61859167722236 23.7202605073184 78.4135227794553 123.319423604885 145.856478310134
-18.3163822831567 -1.03252375496964 33.4491920266925 92.4704083831587 138.408963509928 161.485342242024
-13.0601273371535 4.72997720588251 40.2314262010444 101.745550519341 150.339633906595 174.784073765469
-23.4209882466938 -9.83833902578818 17.2045320127447 67.1927093228478 109.205451271608 130.350781335794
-19.5260316646506 -3.8423601482089 27.4576082085509 84.1381669050521 131.014341046495 154.664973555054
-22.0383900962589 -6.52102299453831 24.4074973564078 79.3715892344121 123.939524862664 146.341187210741
-23.2138271611119 -10.1434252406133 15.9034866868071 64.5312545935388 105.909520374409 126.761720183866
-13.3757847558018 3.99221126989284 38.7085481265583 99.6904645198463 148.682165287774 173.42821831715
-23.3133821130568 -10.3387552132692 15.5719297927287 63.6964178309043 104.379033809869 124.947573145156
-22.6969369866413 -7.82257011336076 21.813011191899 75.2776137460382 119.221228545975 141.324715758123
-18.1553680774042 -1.1256836167323 32.8370036249134 91.6188994750544 137.98296377001 161.26848041109
-23.4414458140545 -10.4292951172108 15.5155368971405 63.4761362012853 103.721176694158 124.003579281371
-20.9308746152828 -5.44547302177531 25.3686815641691 81.0223337507409 126.785903526753 149.74489118248
-23.6136400449125 -9.86928993694267 17.6124195587846 67.5680171413598 109.063557939893 130.082506507492
-17.4559083160529 -0.549906388437965 33.1563302766879 92.1780238453057 139.201093857877 162.833059170228
-23.4030972862396 -10.114637607222 16.4504518830272 65.4429659129577 106.732544618473 127.64626372455
-23.2598362681037 -10.3554942030987 15.4205473545182 63.4382889384723 104.108959767507 124.683006187533
-18.3101019590103 -1.9632338850578 30.6226826655861 88.7513698403916 135.993237868832 159.75346916807
-21.1931279114852 -5.15879854562614 26.8044136763646 83.0588031200379 128.135858531704 150.789138070597
-23.0714785024963 -8.23393261610934 21.4250239596589 74.5053491896702 117.839199985908 139.762247544411
-18.6941951992761 -2.35778688987385 30.1773503712362 87.9869714788216 134.844549398392 158.356216737548
-21.3424443325726 -5.50728722648279 26.097710192234 81.9952902842725 127.073447969721 149.789598736785
-19.4166949394196 -3.16825676969267 29.1860725893077 86.7079459795299 133.246115973554 156.5950929241
-16.3096827263015 0.928813973973921 35.2149527467267 95.0104290243387 142.418263968568 166.112720051574
-18.2563540579835 -0.986060798797866 33.4897916448072 92.5170898337471 138.492738900458 161.618107996869
-23.1985446302378 -8.75756069926143 20.0644792101825 72.4413341958186 115.776010123836 137.649352884019
-21.8396537658764 -6.49512985001871 24.0165650903297 79.0064801379662 124.001011746751 146.536616075366
-20.2636145286067 -4.79763107627728 26.0605590197871 82.0881819206575 128.505897984973 151.92086512561
-21.4435853372723 -6.00980073356807 24.6771049421342 80.0495483326418 125.423875567968 148.14789991528
-23.2456608637853 -9.05160850412052 19.3014692044535 71.0887209833194 114.196794705656 136.001565603256
-21.6353787839147 -6.27792584529849 24.4233081261773 79.5124129982189 124.672613591809 147.517613819432
-24.1008631277817 -10.2076264420578 17.500941739762 67.1143055336917 107.545975139614 127.909443074033
-22.5730430203452 -7.61690579009408 22.1933498399934 75.9712037892387 120.190727837923 142.437092872299
-23.4248880762799 -10.319274207911 15.8568399389732 64.2202534218589 104.935856922599 125.521061256578
-20.9373940403532 -5.63115457227024 24.9188347694298 80.3755714388119 126.27459091448 149.443668916931
-18.6699789797608 -2.29010739607446 30.4232868484145 88.3341709786005 135.13046424542 158.740941686238
-24.0382044802837 -10.3153595032915 17.0067089018399 66.2039056721561 106.486113774544 126.707228472715
-23.489713477443 -10.4355902131131 15.5295325649732 63.5199632644161 103.710223985023 123.871996170194
-23.5394500508798 -9.72685091706937 17.8437021773955 68.0548312712083 109.817229688782 130.902215790889
-22.0849998348059 -6.86443641292597 23.46643315487 78.0783049531358 122.888741066129 145.418240149602
-23.0283003877613 -8.27428088961089 21.1057741718299 74.084491312056 117.584291818813 139.430083832887
-23.4387139149835 -9.20672755015054 19.1219078612584 70.8247888150833 113.722357014819 135.262268374703
-22.6572957850796 -7.59063069134174 22.506373162283 76.3383925102559 120.290713035915 142.493504198733
-22.1956473203376 -7.13709003130208 22.9492404714113 77.1969988339966 121.857665880154 144.430304606683
-23.0147760668441 -8.26767999342024 21.1153915361609 74.0947444546269 117.602691993641 139.477452819458
-22.4087224929141 -7.40038812488976 22.506069503305 76.4331940244237 120.743498432618 143.035494243322
-23.7663295482303 -10.4509760357737 16.0209396912412 64.3613903411433 104.415401626366 124.474020341699
-23.2304999931417 -10.184671261718 15.8511264018877 64.5348725316266 105.934857246899 126.860190208373
-23.4900511454705 -9.52499057133653 18.2690134699249 68.8983217256163 110.958434355322 132.072739323681
-18.6880646120921 -2.36123880707721 30.120804094197 88.0707818250938 135.128539869734 158.701710157146
-15.2106432554742 1.49435669686767 34.8402551210426 94.5578072310961 143.428969528928 168.08133317594
-23.3328013305396 -9.06481240269538 19.3574141050277 71.1077966284952 114.004686892316 135.589006321056
-24.5732001138412 -9.89882202403287 19.3006236925018 70.249222080638 110.550135553282 130.728176764557
-13.5136714628011 3.88117655293336 38.5508299365165 99.5471982365383 148.531542737401 173.133572659041
-23.3036849036599 -9.90970147929308 16.8093647954978 66.4754129208049 108.497228259212 129.728841815929
-23.8334337600776 -9.09609100503938 20.3500901846471 72.4009345620245 114.302764161108 135.477560383374
-19.0561932451372 -2.6946733986611 29.8752566598057 87.6234059666505 134.247223954327 157.6184299582
-22.7204581325787 -7.84267389475088 21.7882646576535 75.2339959624245 119.150455543979 141.22299733621
-23.3983365420128 -10.3634567985947 15.5810037414487 63.7602781627072 104.340652738082 124.73237667777
-23.2335790628494 -10.1123910371884 16.00868088875 64.7529478100665 106.200109774772 127.047991273663
-23.5275747202623 -9.80778918402115 17.5897097385169 67.581213008533 109.254563509564 130.314282901967
-17.2410005163414 -0.505059943759243 32.9105913674196 91.8535069206563 139.241196419768 163.138240608396
-23.4948004443328 -9.94104741342685 17.0044155152238 66.8847365293205 108.807507966888 129.831335818237
-13.8134885551091 3.51442634588985 38.1237234498207 98.9010258120718 147.68918507832 172.291303195521
-23.6175932123715 -10.3572496828025 16.1064972637745 64.6177154444077 105.100915962081 125.528623393453
-21.347230307774 -5.74105117824591 25.4154960269959 81.0574975890897 126.390214658746 149.257230214126
-18.4972929027398 -1.19767121889023 33.2481675244948 92.2243362813268 138.082553014747 161.023218432854
-23.4512896363883 -9.69837879018036 17.6848914745277 68.2123109420409 110.607333821678 131.925473438668
-23.4642685055688 -9.8377582759908 17.3540363124633 67.1757159884559 108.876866044127 129.924995029243
-22.0022645056825 -6.65968580954179 23.8728824975399 78.7371284708698 123.621425992937 146.12465147441
-18.5487838211251 -2.08618950547534 30.7086659617988 88.7185763120155 135.531697924312 159.025170241956
-18.645735232358 -2.3632861398734 30.1699009104447 87.9718450629451 134.885294800853 158.580407902752
-22.3290453607512 -7.2330493968054 22.8361551795062 77.0607803692835 121.616395413372 144.000442117229
-21.7602957403335 -6.61234100009299 23.6246793051398 78.3313682808476 123.427457176727 146.19287699409
-23.5306393260371 -9.96266317427039 16.9837923886028 66.8331254521998 108.679476749055 129.623264242841
-23.5407142227532 -9.92207264066933 17.0943482504455 66.9231481114256 108.621135701883 129.460230913575
-18.1338972978358 -0.925618996062448 33.3803054627748 92.359633756833 138.525062802373 161.681711703673
-13.046534162825 4.84267006334221 40.5549577397838 102.109966798981 150.510937429056 174.860178159842
-23.3026652209299 -8.99298562910493 19.517706640872 71.3885058861326 114.356125167906 135.982727771319
-23.3764452184542 -10.2264813335738 15.9414002162718 64.6635944703488 105.837905506622 126.530314859747
-23.3743293421493 -9.18614845924578 19.0697024755451 70.6029014017119 113.384155160141 134.901737588064
-23.6656666143964 -10.5046497370467 15.6345566510127 63.5716916301161 103.355115381659 123.249405634169
-23.303612644986 -10.2571953663297 15.8088946386722 64.2052132365051 105.184355684077 125.921040942296
-22.8977428765773 -7.97704031323422 21.7077009808773 75.229395643653 119.063598982542 141.039348367593
-16.7823548808788 -0.294998817850293 32.4914580056536 91.4266382591938 139.687158529754 163.854988933027
-23.6227966171958 -10.4942724435067 15.5786656949561 63.4951979940208 103.338369758042 123.260353110729
-21.3865952986212 -5.890289565758 24.8891191396837 80.385882152113 125.801774716219 148.49843928644
-22.6858645687048 -7.75828399707817 22.0742315675131 75.6768108626946 119.638137480677 141.869498474192
-23.4054891521826 -10.1989874397586 16.069493550193 64.9397118369554 106.197966741683 126.91455368382
-23.3843680830229 -9.78145422837894 17.3295609049031 67.4508526582556 109.615227033803 130.876776574922
-24.1306739842211 -9.02241922018256 21.0306065363649 73.4690839572586 114.996368816362 135.771704713362
-23.5814578090877 -10.1506049533431 16.7001530046001 65.8278841585823 106.876581775658 127.663613191376
-22.1801612658517 -7.04826877963124 23.1266087504508 77.5227488782794 122.233743361022 144.745564329252
-23.5604126381933 -10.4612346227918 15.6142093701246 63.6038609074609 103.656896840151 123.7769046607
-22.5635840068732 -7.51468609437348 22.4405699901512 76.4376249831277 120.662273780369 142.857585454897
-23.2444283100685 -10.2660265352354 15.633391083626 64.0076863454828 105.078632731282 125.828419075779
-23.6651742299407 -9.65490842051666 18.3386656681782 68.9012481214327 110.598535467533 131.686557227708
-22.2730739577235 -7.18118702207759 22.8648571627762 77.0161876465317 121.476601056489 143.8029334874
-23.2598379616673 -8.64783628079413 20.4286441207031 73.0809919491411 116.417570724984 138.157135180979
-13.1152864204368 4.69913928466468 40.2706761991821 101.733834005762 150.201129107883 174.600178021464
-22.141938431568 -6.8933245900103 23.4540718889693 78.0730368225949 122.834165997202 145.28032098797
-13.2827464821123 4.14893007130963 39.0125186534926 100.073391577984 148.995496507753 173.729070944467
-14.7985976715743 1.98610604459031 35.4389767607653 95.4131753754357 144.49929792355 169.186499483259
-23.2192905336624 -10.0575746157889 16.2033193460238 65.2800532782654 107.027520511023 128.129598434651
-23.4870170915565 -9.21987399426124 19.1862901060254 70.5719344504967 112.929106055661 134.200475405945
-22.0772568767342 -6.77467610141299 23.6731978994288 78.4233559510297 123.242551755827 145.706454725683
-21.5486952062082 -6.29443067983509 24.1161164958466 79.070450305754 124.319961110961 147.105755278369
-15.072903486445 1.6820768726062 35.0171936678386 94.8826910179858 143.896643737385 168.465531421976
-23.4621668051782 -10.1522657347268 16.2950927992305 65.4151558454722 106.798797397817 127.537215225428
-22.9326298652283 -8.11836806007202 21.3991381053007 74.7130721577578 118.490929409331 140.506526395377
-21.0050859904796 -5.16964406535688 26.4358920781617 82.5904735143786 128.061782888192 150.981337960835
-12.7557590521747 5.32511962508095 41.4531203754226 103.285746233538 151.528156297136 175.834054795695
-18.3592672429521 -1.77987299595855 31.2989159212173 89.5188004363261 136.29230086448 159.83206032508
-23.308575123434 -10.336869785275 15.5322528669476 63.7086211248745 104.452972733221 125.005213050441
-23.2849459713813 -10.0868023760538 16.1569004531876 65.1280756076487 106.68855363406 127.55869593729
-12.5999355665092 5.86579416543704 42.7088505093155 104.947827316908 152.731762143967 176.709316873053
-20.9942345030345 -5.57921157725585 25.1228777157752 80.7228909728798 126.542500071357 149.572315944039
-15.7537443849852 0.828741972631636 33.8805389175382 93.3001034143894 142.047098586478 166.571763092883
-19.8922539231091 -3.71062619586455 28.5275861516373 85.7384979849187 131.935053436391 155.134856906883
-23.2885336631431 -9.90552034349185 16.8089074155121 66.505348152749 108.598009011084 129.886094229027
-15.5440107419988 1.11224233507979 34.3560898998258 93.9029765694931 142.628319956832 167.201036587483
-20.9261388182324 -5.00476658922692 26.7217230544037 83.0500416298022 128.575672872157 151.448226434947
-14.7863468339427 2.05336706452879 35.558936747125 95.608768553222 144.683434738892 169.281434699211
-23.1281877122626 -7.99721915193638 22.1666370933124 75.6716739097284 118.91539013396 140.663875833054
-21.4159561669528 -5.41958947355839 26.4294528441616 82.4736051970641 127.376536663439 149.884461573935
-12.5783819913782 5.95168633298138 42.9167752357555 105.223923182591 152.927746661045 176.852844998328
-19.4747879267362 -3.56137681292237 28.0950908584729 85.065206879268 131.79084840392 155.207397726642
-18.231404679255 -1.87563347267613 30.6773138911832 88.8611091297974 136.215583827953 159.960463326273
-13.0587587029839 4.59169346607265 39.8956471894674 101.22993662226 149.935264866051 174.550197965483
-18.1235331034928 -0.964964444524386 33.2753505135375 92.2121515594994 138.416602681284 161.643667177513
-16.6803219132863 -0.194194527307254 32.6111722687873 91.5837513283872 139.894267323527 164.118956375655
-23.1635167077759 -8.65019179165616 20.2663072269863 72.6721530717896 115.923750857611 137.687609541535
-20.5208510942173 -4.47759119715911 27.520324372939 84.2327250911209 129.988542047301 153.016954897029
-23.2299561526384 -10.1117308362351 16.0128317072509 64.8477818869503 106.38772528816 127.307374507096
-20.3901078692266 -4.97731258972262 25.7834151526156 81.6859649300055 128.043256625392 151.441131932974
-23.6414602306935 -10.2995407627887 16.3486950999429 65.0956130360864 105.740864950207 126.282619556213
-18.5063653601833 -1.75258919560424 31.6530621297594 90.0873833199857 136.562888188871 159.924411868419
-20.5971175449787 -5.22214285588632 25.460669913684 81.2047629845414 127.397952188336 150.709160660057
-23.207332353876 -8.59712448556381 20.4949127108069 72.9925306770435 116.126288028178 137.787412809773
-21.6976278600164 -5.98394955719666 25.3400570962838 80.8198128223834 125.636608138215 148.165047373343
-21.3466012605187 -5.72082858356622 25.5092935807791 81.1501314210438 126.409692909123 149.287857261598
-21.8274932026386 -6.69723878993455 23.5076933905101 78.1291349213802 123.146527902072 145.877076775896
-14.3211674532072 2.60990217973682 36.380240475292 96.651610741324 145.799727005155 170.546471083652
-23.302085430261 -9.59221072568022 17.7845550837845 68.3477528683807 110.905499515059 132.435541148212
-20.2348759146309 -4.77782842402497 26.0657835686722 82.1179075295525 128.599346554257 152.050859368511
-21.7061308647209 -6.4065390621722 24.1809892164228 79.1430830817642 124.265954819005 147.096169036289
-23.3058121898126 -9.47213451898008 18.1480717630657 69.0123731074359 111.699963629685 133.28535264897
-21.5748874600133 -6.20369699012381 24.3805119298452 79.5812271529145 124.840397324366 147.539368742103
-15.3497073809995 1.34263484499001 34.5503250911477 94.2511947695324 143.176964303874 167.699419823945
-14.3496174312352 2.67424533736468 36.5325030588188 96.9112354163157 146.009951852589 170.589465331928
-22.3946612989765 -7.12035881065827 23.3554868886461 77.7070627161853 121.955654143896 144.249964962956
-23.5559230624526 -10.4194309806657 15.7622715703217 63.934545412432 104.207869186264 124.483364328191
-17.7986956840683 -0.800643945087594 33.039786396613 92.0110064358423 138.701789735387 162.088007460592
-24.2446726053443 -9.73112701628099 19.2374972519905 70.2619522573744 111.136273888995 131.745367210578
-19.7831828585766 -4.0478717134383 27.2955064184801 83.9624606870978 130.653829755872 154.121299979192
-19.1813085254281 -3.36616635609099 28.2171561141681 85.2275913077304 132.254089443229 156.005279200599
-23.0551155569055 -8.38939985230411 20.8644657884142 73.8132495349544 117.417261840623 139.396021265413
-23.3012452181759 -10.1180064995112 16.2024090461674 65.0255077383752 106.381071484527 127.282747406449
-15.0453304955033 1.71670698745883 35.0662596173178 94.948625005471 143.969915543719 168.542769208348
-21.3668770127076 -5.57184081315666 25.9604857336062 81.7898342057755 126.873978466793 149.605088551142
-24.2417624161697 -10.1392630364393 17.9753896972105 67.9455802077184 108.335138008934 128.655816746763
-21.520850390406 -6.24467750088069 24.1993416525543 79.1986710889597 124.467269039424 147.247296680046
-23.3117917639986 -9.35691520903957 18.4948287112791 69.6213325245543 112.386417861807 133.992939565374
-19.6936184845769 -4.08557373226128 27.0671459848276 83.5749431812038 130.384141300467 154.009047602454
-18.1246203329137 -1.07366092737095 32.9645110209655 91.7867178141532 138.114885484759 161.428333926544
-19.288672114682 -3.48482288091898 28.0480676497822 84.9857885208583 131.937840276827 155.61202467473
-18.7344496180106 -2.6382556716162 29.5236170999263 87.0585505574602 134.108387392383 157.882810449983
-21.8854406558907 -6.28400668977043 24.8129715696091 80.0055673093966 124.696086353413 147.158785407893
-13.9944356905486 3.12106097294461 37.3246506902557 97.8453863848304 146.836903685574 171.5819740945
-23.3359113998973 -9.78435038207703 17.2493011359661 67.3182813290959 109.538402134679 130.865241253643
-18.2432352252184 -1.08110111493583 33.2125126251996 92.1365990355566 138.229995493826 161.468681135843
-18.5964716110989 -2.08425959926369 30.8931408960989 88.9835112196725 135.674898053185 159.225207293054
-23.4178994824879 -9.86678372924515 17.1511660484728 66.8238370166476 108.532026417157 129.551816516854
-16.1110094268917 0.442951910558498 33.3737674003456 92.6447684276423 141.262121887704 165.629294423012
-23.1623890767673 -10.1637612563425 15.7788122427092 64.3855305963315 105.842923747357 126.803822193013
-23.4992706258655 -9.46578738217144 18.4410230256916 69.6024120275946 112.225994101552 133.595244415391
-18.2529620493899 -0.870815366768791 33.7802482770426 92.9143025421068 138.79242016052 161.793777089709
-15.5188751148409 1.11866009748817 34.238425212516 93.8170439542731 142.68766114363 167.214658902371
-23.3779456800875 -9.78938678619758 17.3047796302557 67.4865409426577 109.776701820414 131.106720351437
-22.8201740733065 -8.00349869561837 21.5080024769263 74.7657482600231 118.547411797959 140.556718414536
-23.8517802011645 -10.4176756639416 16.2922882291451 64.8817244298649 105.024121668046 125.125374791752
-17.0682211794732 -0.555645963875158 32.425759504614 91.2294601260904 139.078386207233 163.239301934897
-20.9112234537718 -5.38093139350204 25.4961698020378 81.2168468871837 126.979233123784 149.897051198614
-23.0076996824655 -7.86601966762495 22.3253416837908 75.9588668970452 119.387230984332 141.238652235054
-16.0913482741918 0.449578085751059 33.4274966428163 92.6702870281214 141.236674427157 165.682247689051
-19.3286783972579 -3.56784241836644 27.8924444930917 84.7625542368169 131.724586116565 155.424614824
-19.5591739954738 -3.33246583625509 29.0001513276196 86.4269867794126 132.846153618512 156.165790490337
-23.2876375129019 -10.0059757482137 16.4985353882831 65.9004410015282 107.799503038528 128.976065254679
-18.4542113400441 -1.99041295778765 30.85603210639 88.9118764724476 135.757123122746 159.337434144718
-19.8378801533308 -3.64062983870553 28.6169886836332 85.8739839857048 132.112564137328 155.316542477175
-23.8088422453898 -8.83761880360924 21.0223362011423 73.557675237711 115.6070140671 136.77222731738
-23.3539882251539 -10.1053734091689 16.2894193715022 65.4428962062484 107.032171526334 127.982135931432
-23.3433691872238 -9.27829152259322 18.7677295581034 70.0883646016652 112.862075530395 134.432842782995
-19.5913280649488 -3.82271712617803 27.5946802911424 84.3395770765905 131.087033313759 154.593740424258
-13.0688755943453 4.98509851644823 40.9280723921093 102.702367292082 150.972541078202 175.121089140292
-18.9672247965849 -2.55647116201224 30.1253627920253 87.9650035306648 134.588180086816 157.976276326483
-18.3546485865313 -1.88509613062928 31.0339509917441 89.1456742810361 136.015463876424 159.695416137605
-19.6649866838909 -3.73864750707798 27.9434403748706 84.9110053339774 131.538226018937 154.903269971575
-19.4817954463828 -3.39593697242831 28.5926099408587 85.8370878333086 132.455003129069 155.790970795535
-13.7288123100268 3.44337351578684 37.7545447876639 98.4334296481081 147.521904153724 172.307565509091
-18.7457511855304 -1.8635530565815 31.7276829526576 90.1729277992622 136.413433700857 159.539318065467
-23.7123312792077 -10.4230972321346 16.0376277420356 64.424556060857 104.617877241283 124.807273507404
-19.5608081084285 -3.74110955913932 27.7579960572501 84.5780752549952 131.310807357452 154.77840232157
-23.7081357210628 -10.4414804150579 15.9618662559042 64.2680951835154 104.390545274745 124.527018755298
-23.2289536911433 -10.0541177461625 16.2247288776215 65.3177321098635 107.059851072247 128.147403977088
-23.4305633198801 -10.422609756912 15.5183859747853 63.4903288803051 103.770380296749 124.077546868427
-22.8844761033695 -8.12045051508901 21.2947869161891 74.4102844528747 118.100391873094 140.077627296817
-20.935462185679 -5.59148225953615 25.0186783213945 80.4984418292837 126.344843610172 149.465037862411
-21.6580510442475 -6.16729569770183 24.7910125010128 80.0156809851645 125.019449377565 147.766566650432
-23.3994680464098 -10.3937392594654 15.5118658543287 63.5676447628792 104.004108747853 124.34843929783
-22.9712574489699 -8.05985359389293 21.5883480922952 75.0320990858098 118.781739469337 140.687951850594
-19.4115833884755 -3.30606559274862 28.733897636941 86.0339182395041 132.678393864253 156.044582543557
-12.7627556915637 5.27469241310286 41.3253857942373 103.148817560589 151.463478911252 175.828673645433
-23.4759820444747 -9.85001626350546 17.2443400327039 67.2455181574876 109.167089776762 130.213486066594
-23.1753503141128 -8.60501553936587 20.3959802113154 72.8846322774063 116.131928921694 137.848449348306
-23.3733432266492 -9.61344460067737 17.8319153735101 68.4791237959158 111.029410497214 132.500096896708
-13.1285216162275 4.42677916855655 39.5207944449544 100.767202067181 149.617156936644 174.287371534503
-23.4381002179295 -9.63271879798048 17.8684274945089 68.560407122975 111.062392234487 132.452420647491
-23.3587511537505 -10.3232043402734 15.6341013660748 63.9324445078164 104.715979362017 125.231289226454
-14.067452135487 3.54959138556496 38.6187237149291 99.5794885415237 147.86448892092 172.026768008369
-17.2077285049797 -0.7447047932935 32.1312105629545 90.8335747612691 138.665032050044 162.809563882119
-19.7396864725115 -4.14731487557502 26.9737524352034 83.4481227250362 130.244884495075 153.863179055433
-12.5760447577899 5.93628659686264 42.8812828086853 105.182454731442 152.902534012268 176.860236715265
-23.4875249581353 -9.40975230032999 18.5918144345226 69.8751509340526 112.560566624261 133.969039695998
-13.4507055250588 4.14018993220662 39.2685447101257 100.412468396408 149.018052046997 173.503645903891
-23.148668409832 -8.48914074368297 20.7130438665841 73.3736460163997 116.619899667498 138.354352919187
-23.4496193225451 -9.1712660912519 19.2339385908204 71.0226330853831 113.936487132608 135.459736061566
-21.992553321721 -6.79242003884668 23.4612794222916 77.9908317393058 122.75646555951 145.223824649695
-18.9437779549268 -2.6577283877314 29.7877142169746 87.572793631488 134.427370845596 157.961817329546
-23.4966311513039 -10.4016567467978 15.6058676685189 63.7386442582987 104.090423480952 124.279721829504
-23.7460038004745 -10.2656239106843 16.6522611690984 65.6445486115693 106.289666937739 126.819390980818
-19.1937962722434 -2.84530137438444 29.7958922992216 87.5212142733772 134.003084477332 157.446113886769
-23.3253608532353 -10.2700459780489 15.739741267483 64.2169602875933 105.243690996089 125.905571151541
-18.6824754048578 -1.9866744236106 31.3112893586685 89.6137426895616 136.034817840695 159.382183724528
-12.82615222876 5.56677705262112 42.20227229904 104.348220223084 152.203529132449 176.144374921413
-19.0710316054079 -3.00664533472572 29.0454818381872 86.4362125582955 133.324452690267 156.952170898587
-23.4450325126595 -9.23732762794391 19.0430010598934 70.6855559374591 113.556051751069 135.083085244615
-13.1678766086233 4.70295879022248 40.2872843837854 101.858006003848 150.350306773368 174.629727073004
-23.2725624361646 -10.3238780334054 15.5172400168672 63.6984341919098 104.516283498178 125.133691683583
-23.4205185274371 -9.97851031671409 16.7403566138671 66.276624875414 107.994200510449 128.929536599045
-19.7453038901336 -3.92845855189358 27.5571873785825 84.3471291269219 131.00207611193 154.417891777644
-24.0857912948366 -10.3321539158689 17.0229629265468 66.2162707748483 106.417585395902 126.554935257112
-20.2826926755806 -4.80084213186641 26.0742861051003 82.1436927226352 128.579064650045 151.979807723881
-23.8237905467357 -10.4347906374647 16.1783712734102 64.6628580232816 104.75977788588 124.828777274528
-23.9720351917506 -10.4079296374729 16.5330554378829 65.3109891877392 105.40816177064 125.442595828101
-24.0929221594721 -10.3495882797124 16.9653712661446 66.1032369834213 106.257348393454 126.341985531945
-24.3209691153256 -10.3093576807333 17.5032655310939 67.0388005510693 107.073176180414 127.035982478797
-24.5203987228011 -10.2369327675275 18.0982323014905 68.0746316639331 108.028934162161 127.915711541633
-24.6742048030908 -10.1378984234427 18.6996260300446 69.1218803507107 109.038389500685 128.896297773308
-24.6925989678713 -9.98194022970541 19.2301877398617 70.0797944640744 110.152987493197 130.125581851694
-24.6886485169736 -9.80901764946113 19.741669967449 71.0030959874824 111.254378045353 131.315031880795
-24.6587942807159 -9.58973883669618 20.321304128626 72.0531055761639 112.5417983083 132.692340852617
-24.3742034602805 -9.26117440324179 20.770447260386 72.9396716211803 114.015217607621 134.513526827189
-24.0096319043907 -8.86698810355132 21.2486714295999 73.883347176719 115.651495716312 136.540068502433
-23.6428337508928 -8.39076482292946 21.9068322708316 75.1082567081308 117.560370622742 138.741013971453
-23.1903788427808 -7.85583800243036 22.5941967327854 76.3542330716717 119.533291615264 141.064529438763
-22.7209601889615 -7.26864849230444 23.4116771450693 77.7514116798392 121.578331469225 143.429222061256
-22.2254994997657 -6.64571267668342 24.3253703609448 79.233414621775 123.602342487266 145.779386485848
-21.7609229129771 -6.01048614957476 25.3474807904854 80.8281392665843 125.57910904095 148.014752017735
-21.3895288308203 -5.36176599169637 26.5427683134807 82.6431800993142 127.547892685524 150.045513819329
-21.0328285768333 -4.65919597853592 27.8696625927382 84.6194137876345 129.570403829311 151.98799156364
-20.6142233133163 -3.89493634792063 29.2577115275361 86.6600671976346 131.66819176494 154.010925212263
-19.809310298774 -2.98459985540647 30.4110187502056 88.3145170011328 133.811930205345 156.449940957425
-18.9386081841174 -2.01348944540023 31.6213163149081 90.0310957145078 136.043314194926 158.998050612499
-17.9322776666552 -0.939591298306541 32.8826778913377 91.7923745959656 138.401329439541 161.735073531753
-16.9205552972161 0.216540727571358 34.3159843131993 93.7763706475524 140.899593305063 164.475171091507
-15.9225751287444 1.40961539668607 35.8612301026183 95.8929337802315 143.444290212835 167.177003501702
-14.9344032963491 2.5981485318976 37.4317816772428 98.0128309501386 145.935797267762 169.822678708577
-14.0161158729695 3.65798503390826 38.8241304470458 99.8552664194851 148.102143296867 172.218031198831
-13.3482548763012 4.61112776420686 40.3446942200378 101.861910406495 150.091941488969 174.181859789813
-12.9550373243587 5.27923102213545 41.5564760839602 103.454699805728 151.504984433563 175.483327327577
-12.7419948708249 5.69921584814606 42.4049186428614 104.564504168348 152.40045438506 176.281182760804
-12.6095840915501 5.89806113754626 42.7995461626782 105.070301420562 152.810041283296 176.727263499012
-12.570459075113 5.98896674995281 43.009939663652 105.34871189839 153.015844854897 176.917677230181
-12.653751923162 5.92677543510733 42.9471104983578 105.290568377558 152.930132855435 176.760585650671
-12.7761037494902 5.77047749050832 42.6829150053032 104.973439984765 152.645967424582 176.442626700757
-12.8681530300736 5.52413644557106 42.1376931150943 104.272742469544 152.128789654136 176.041609870227
-13.0131365394818 5.16784660354703 41.3532360837615 103.260669613127 151.375318784304 175.422822986523
-13.1709645204265 4.72716683544581 40.3550895300999 101.952318330787 150.412558526115 174.659137678297
-13.5563813225314 3.98923481621507 38.8751517820507 100.012501175758 148.831500240317 173.221615223678
-14.1316064617956 3.02503348003188 37.1287952862309 97.7093894783604 146.769036424482 171.293561460019
-14.870785728153 1.93350675062297 35.3660023474882 95.354916541965 144.431141141824 169.028536373086
-15.8158571383949 0.787058654511049 33.8012571620416 93.2405254780453 142.004941249471 166.425906023297
-16.8327223288155 -0.339260601196348 32.4403775855894 91.3632882699981 139.60114022584 163.729422494066
-17.840598819132 -1.42939737952336 31.1902320628949 89.6028227038218 137.220601292124 161.03618607496
-18.7811646028821 -2.4616423884328 30.0055417896372 87.9062616176653 134.903045072079 158.444489477769
-19.6365465858718 -3.39381504845128 28.923414101602 86.333601622602 132.727852162535 155.965529651236
-20.4238110862127 -4.24716221761306 27.8805870028522 84.8141333336012 130.656897453831 153.529634138833
-21.0639551871515 -5.01396471006298 26.8184804569208 83.2429492748541 128.658955415502 151.254473993203
-21.5525226685713 -5.7213394239761 25.6670304584439 81.5151901389758 126.646133832894 149.09050427342
-21.9061747544832 -6.37487090215468 24.4623842075854 79.6702322423448 124.606183237972 147.026845994279
-22.2121954605115 -6.97039445552392 23.3380664917339 77.8957750329487 122.597066772319 144.975940537367
-22.6072300415565 -7.53610128163599 22.3908447574939 76.3349110933177 120.5778963372 142.668366608777
-22.9768092953036 -8.0745627488338 21.496866586834 74.7969430892089 118.4836115295 140.268159918797
-23.2525904341203 -8.57152981580544 20.5738143862097 73.1478896687214 116.279243931516 137.808171319219
-23.4488777190388 -9.03572066657905 19.5734998277404 71.3161028682513 113.90097794866 135.154941655045
-23.4788149195331 -9.53648449561088 18.1729547337817 68.7363182874897 110.793210008538 131.849228397518
-23.3767952056478 -9.90080059413747 16.8646804642421 66.3492694392002 108.054834276894 128.927839213636
-23.3543578703409 -10.0425934641531 16.3617275575372 65.4643936211095 107.007214947186 127.760482366466
-23.4575137676512 -10.0347831976039 16.5591508147274 65.887924350443 107.42775525668 128.138905041313
-23.5330474975358 -9.94858345729715 16.9956131939047 66.7351847682563 108.393588509209 129.207457834216
-23.6117372322481 -9.78933382157186 17.6096256848214 67.8836652745027 109.728577015384 130.598888510416
-23.6841989774252 -9.57557418008113 18.3474664478941 69.2331020324991 111.286097952065 132.179831487618
-23.5884147648568 -9.28362951447301 19.0586255143403 70.5240569475735 112.950229471932 134.066328692504
-23.4251578248343 -8.92215759242394 19.8492852786441 71.9221845681801 114.756582773313 136.123273068888
-23.1576313243312 -8.48413516639295 20.6796157741189 73.3583763303033 116.662604772184 138.340575872917
-22.8287820952809 -7.98182485842672 21.5673733833588 74.8622285954889 118.643541290665 140.617898585925
-22.4532092315224 -7.42423404590233 22.4918696079091 76.4028830931468 120.663131263577 142.882164418297
-22.0221067755369 -6.81836796187994 23.4342235658603 77.9472297105992 122.685003742964 145.125589378612
-21.5567566310452 -6.15960502889054 24.4342686685086 79.5547177062255 124.750758666548 147.355121100325
-20.9828297267304 -5.44654623201909 25.4261729631341 81.1068953493447 126.800941791211 149.6593202817
-20.3929728474402 -4.6738281755906 26.5363208874946 82.7904620550327 128.919913126932 151.954858314814
-19.7978321967717 -3.86964743158638 27.7361203857576 84.5586258037113 131.044359267052 154.221254288226
-19.2345054800729 -3.07662073170684 29.0063969444355 86.3651634462665 133.065573891451 156.368072759931
-18.7361347392831 -2.32762968254566 30.2980170592403 88.1633217540602 134.94667830811 158.339664927254
-18.4045649974943 -1.69997799348531 31.5401427426221 89.8659178228742 136.52906963207 159.878885415458
-18.2160872467604 -1.22054198527136 32.6196034379772 91.3336113055852 137.75079869634 160.987279341084
-18.1367028787252 -0.962210991236145 33.2656352116616 92.2050970516974 138.421168766872 161.589839563874
-18.1636044896815 -0.854692973573084 33.6235590922148 92.6955801920121 138.742241200031 161.793348149491
-18.2229444366287 -0.807409110172398 33.865281882886 93.0308013438622 138.924439494182 161.867219966082
-18.2648288435925 -0.861122367074261 33.8189491226634 92.9688744010788 138.825433367874 161.794904995149
-18.3600898115852 -0.981638360778333 33.6387521634922 92.7356609443099 138.572579850716 161.521649252666
-18.4912205287916 -1.17846519574523 33.2925087031723 92.28406685297 138.130766432242 161.0633796183
-18.6452240575432 -1.48636424716763 32.6405327954138 91.4140947328871 137.387143825042 160.33979242796
-18.7564235664494 -1.82151647909101 31.8556854152268 90.3521413550479 136.53704444289 159.604731075541
-18.9384346693808 -2.32025097524726 30.7266086846958 88.8069665440418 135.248130296675 158.463754482833
-19.2186940646208 -2.95308729169457 29.4025538012196 86.9740551954679 133.601802990624 156.946633778237
-19.6689689478823 -3.67775684070938 28.1057123290436 85.1523403432999 131.731762404255 155.029020753617
-20.2774924445305 -4.45455917731604 26.9359271878064 83.4694752874797 129.726397408 152.783479993714
-20.9252696932978 -5.25366592696104 25.8123548219758 81.8130830031628 127.620394592653 150.42066874831
-21.4772191662972 -5.99244105711444 24.7609361047952 80.1884999553765 125.520709610704 148.170413050937
-22.0275492953228 -6.68050851230616 23.7980309852356 78.6561891731969 123.456371135418 145.836535241434
-22.5405630614281 -7.32423385778922 22.8718227283284 77.1534198432276 121.415847717292 143.491022936218
-22.923656671975 -7.90734167365932 21.9117857380887 75.5725999786934 119.395303613515 141.280652577584
-23.2216930860981 -8.42427996426009 20.9589685791255 73.9804053293973 117.418223087479 139.112302666852
-23.3926419828105 -8.85721651195501 20.018252924835 72.379020267646 115.508960655612 137.073730672205
-23.480975124145 -9.23090545618261 19.102299035383 70.7923609355005 113.643293631961 135.112316195826
-23.5424026233172 -9.52397542810962 18.321527478918 69.3852266575235 111.919414671777 133.197538805213
-23.5888304840829 -9.76974613098838 17.6390118039485 68.1084546976104 110.287364598322 131.335287391449
-23.5657864654693 -9.9581960731978 17.0395502284569 66.9340717820321 108.760655890335 129.652218628999
-23.5604327758823 -10.1119701356776 16.5501503274756 65.9210421393887 107.355150245612 128.02465882079
-23.5404997866859 -10.2320502221842 16.1402187546833 65.0317770534652 106.092022100728 126.558721639529
-23.5355591369863 -10.3242117810729 15.8490910805369 64.3471190397502 105.040683866199 125.311945399857
-23.5269989780074 -10.3901615845323 15.6650748645717 63.8769450467858 104.270782476336 124.430100082713
-23.5516884513327 -10.4388793358038 15.586738698335 63.6244776647182 103.765252296043 123.819619385273
-23.6245473525613 -10.487459945048 15.5850647268106 63.5205378561556 103.390638114245 123.301727652409
-23.6953653802336 -10.5145825281108 15.6349266244685 63.5569669178728 103.267986984038 123.082469493087
-23.7764744813381 -10.531845025237 15.7141622284786 63.6724249910289 103.277587166472 122.994482002707
-23.8386519093318 -10.5334042792206 15.8026331342997 63.8375573628214 103.433773286212 123.101972126507
-23.825208186071 -10.5060071164275 15.8846833609727 64.0339359949705 103.790378537285 123.575781384978
-23.782599408188 -10.4669537342073 15.9818724912728 64.2696952946115 104.243541552082 124.228310828344
