3.43690465697961 3.63670198204365 -0.61238670804072 -5.32548086177681 -0.795118837536628 0.951121036440391
3.03805627938831 3.3608700731 -0.676364352991845 -4.83498129762841 -0.692583568892512 0.848185233912099
-2.83449293873509 -3.13038785765284 0.595912839870675 4.35630362613858 0.717123496376192 -0.827144483393487
-2.41438870084305 -2.611527335571 0.493890100052055 3.64922934111011 0.584456007824112 -0.717418770326993
-4.04825756811619 -4.42567051689997 0.818156345956624 6.18114450186562 0.943073729001703 -1.17685711381377
3.79023197191261 4.09250986922428 -0.839518450967408 -5.78673302304652 -0.973728019502632 1.07245111899682
-1.25062058707833 -1.29797106013646 0.218508114085166 1.87682176056603 0.305216139452787 -0.344751383642233
-3.11538990016471 -3.37078123554319 0.62264537395525 4.85009990687591 0.774836205141562 -0.91840708824867
1.64409223637922 1.86644433565495 -0.362634266227098 -2.67888303390205 -0.386507888263381 0.464194425777495
-0.347158994414897 -0.336802319925335 0.00656268449227699 0.447593710428481 0.0451278583350185 -0.0955473510941745
3.56499937417373 3.81137744815946 -0.708895331156029 -5.53058335196916 -0.873416686032924 0.984447975771582
-0.316880486833084 -0.269915479482365 0.0377088235937579 0.376945879962354 0.0614865304386374 -0.0656506629886908
-2.10139018103088 -2.17845969729036 0.352312706186201 3.2325615860308 0.544016665435549 -0.622076066150993
-3.75866005435504 -4.06291795584736 0.79973693466788 5.71281763184909 1.01297453426415 -1.03833151806038
-0.420220215002394 -0.327966227291043 0.0513633516917532 0.496838644185067 0.153692928315944 -0.0906708510213628
-2.67341649110685 -2.94078269318531 0.621971214752257 4.10614860301593 0.686971527923948 -0.782120872019244
0.448673963081482 0.431611042193895 -0.0766441535682403 -0.652513763736748 -0.0643044506490682 0.0909463552001496
2.90788901576234 3.16737825856299 -0.638881217708295 -4.60617876727248 -0.717344417474864 0.81421257163061
0.116996577949089 0.149827338800167 -0.0162311539921713 -0.154884639861632 -0.0373835891016162 0.0160758243963951
-0.50616116363384 -0.562512212535116 0.096067806601344 0.71441858235886 0.119870705611748 -0.121848536618958
2.7044400588937 2.88557944350897 -0.479049449408119 -4.30103312800769 -0.629802963843587 0.750009129162614
2.03478834671349 2.2282203456386 -0.383307032236689 -3.16083945608636 -0.663699887121484 0.605076698499465
1.14995527373739 1.26931914003675 -0.204806328931928 -1.85927810845165 -0.287700165963514 0.338757710271554
-3.37379230151974 -3.62541751325117 0.630349595540269 5.20229660965283 0.846632604984675 -0.922707616600921
1.96948741845427 2.13632134429289 -0.388256725182491 -3.00514384946229 -0.570529285194348 0.589533867344245
2.59694712580232 2.7101623287133 -0.400292602935317 -4.01953622740656 -0.639285882178512 0.741978615412658
3.12554645587788 3.51882764853009 -0.710840989177373 -4.93527205275322 -0.835949055031578 0.782972053851076
-4.05173422565297 -4.41772204134344 0.842873639065678 6.16973173643521 0.925934643763833 -1.17171967283321
-1.95725182593653 -2.02541431579228 0.411054303453028 2.94507759664827 0.476644937234203 -0.594411327488456
-2.56547745420853 -2.79668732877091 0.522358875952308 3.90520414293084 0.561917848186317 -0.750056969010322
-2.94478651308824 -3.1954481709864 0.613668633875899 4.49878525298069 0.745757910823019 -0.849985119062782
-2.65836690553929 -2.92574864498608 0.525814432022507 4.08910069532928 0.572544029937029 -0.770969684255469
-1.83894302943385 -1.92287248716167 0.365169900967285 2.71454024275857 0.374752608259231 -0.557031200263632
1.74839576565558 1.83701635812935 -0.324001612846706 -2.73731583770577 -0.440232533006791 0.509755437647975
0.375797891353863 0.269188694610922 -0.0217315759339903 -0.534803683875349 -0.112203481254497 0.0398178199776589
1.49919281977356 1.50518669442807 -0.325942042020924 -2.20658187001052 -0.387324297623512 0.412895193796359
-0.121308390863485 -0.0573239398053696 -0.0347721341859275 0.133148507268236 0.0520226849734936 -0.0719978736040066
-2.78864537867846 -3.01682480235614 0.528003349363152 4.20464633558426 0.757914501980619 -0.794693919188568
-3.57991005775107 -3.81693218370308 0.677524061975902 5.46332745491122 0.898114117716894 -1.02867269381039
0.309165701409657 0.223956591915731 -0.0473919945835739 -0.436567997442236 -0.135881855904921 0.0941441387791757
-0.509408273764352 -0.548115187537721 0.0694913653281943 0.797014877147022 0.0784806876586713 -0.13334758045544
0.529355727103985 0.537121285150224 -0.134047647977053 -0.794521231587364 -0.120130952711773 0.152562762485268
1.73197406334792 1.79773741538606 -0.37683076340171 -2.62129447418278 -0.470740358594371 0.494899885269126
1.28241278509107 1.26581217187834 -0.280311357667723 -1.89752295136826 -0.351143509842795 0.31640723225303
-1.68060133452944 -1.83791094743513 0.334365156831645 2.59240272849778 0.408780576245447 -0.506817693733778
1.40039229004985 1.442486474754 -0.266734521459975 -2.21279294020858 -0.313639088156976 0.37829751720641
1.55754447596056 1.61663909763732 -0.318107068847036 -2.4306117046134 -0.401402421501685 0.474563890411717
1.27340914592028 1.2652372351203 -0.274904818718354 -1.89769829446724 -0.346698499625204 0.319740936253702
-2.2127369330895 -2.3511934095213 0.343328817108188 3.41466367512946 0.607451437507585 -0.638746068349489
0.0769017566189068 0.0876678870608092 -0.0754790099780711 -0.069710514873426 0.0210619871563681 -0.00631544660547945
-0.878873239398981 -0.928874773866082 0.170574879429243 1.29942839758068 0.217937557997724 -0.251009372879879
0.744195601916428 0.733622351783428 -0.225987075089767 -1.08425360011661 -0.21819753863654 0.214171903818245
2.78828014106978 2.91795403924655 -0.497371310323794 -4.34693260261148 -0.663878263274796 0.750637092187179
3.17284559491044 3.45425988126273 -0.630757876648315 -5.03137029979017 -0.719118068422597 0.87705714289433
-1.7069322816289 -1.85766073479477 0.339602467156633 2.64581496885536 0.345954036361152 -0.475127718437694
0.678236124580046 0.589293991007107 -0.137224279077633 -1.01770037492934 -0.142132350112519 0.116031895142463
3.64563066237565 3.8784250845544 -0.707640460281716 -5.59434065747377 -0.880252294975851 0.995593265368969
-1.2128310127977 -1.27736066989778 0.234375638874597 1.78927305799412 0.295060626299353 -0.318336705017243
0.848354996084551 1.01800085504603 -0.174893719142634 -1.44293964079287 -0.245424616645335 0.259854828706798
-3.41593807335153 -3.66698353610996 0.666752032058559 5.26688814168638 0.832846257630567 -0.941997564466142
-2.09027880333684 -2.16618654279351 0.351367304458525 3.21404504301705 0.5350617518605 -0.627038743558325
-0.608449306868078 -0.655596139140125 0.109393907026415 0.9632076881389 0.108211268706322 -0.187418487996043
-0.36019470071407 -0.359639065269308 -0.00520310170217765 0.478022768862605 0.0563781782410701 -0.104722437555403
0.444676589824935 0.45685128016676 -0.112072434047356 -0.672387459938025 -0.0899458566934523 0.129862810352257
2.85724790574439 3.10844810698666 -0.610263400892079 -4.55020686519393 -0.650951343563698 0.802736575578049
-1.19455211366201 -1.3323759978002 0.200754169876438 1.92373122931095 0.330094828903051 -0.328570564116435
3.44204699535114 3.73150037286779 -0.703026359299539 -5.3973442438529 -0.830833544599732 0.997931389683105
0.0271580362908452 0.0790429465557679 -0.0581235790620099 -0.0607360091498911 0.00445100297199985 0.011868741424737
1.89153356820614 2.00295065338153 -0.325106542447929 -2.98596010313524 -0.522944913994753 0.569556650898396
-3.99084740796654 -4.35482471491204 0.760920170698267 6.09642714326039 1.00093307344237 -1.14232962492006
-1.44927580870645 -1.5571391849604 0.219288445804907 2.23095725723724 0.345562067948927 -0.37403698721214
0.373977630522087 0.403342825401456 -0.117077584163157 -0.577092951881127 -0.090052834354068 0.133074659520113
1.79970456323537 1.90345766547835 -0.363112077146583 -2.7491828216446 -0.533589410302726 0.512434829936767
-3.46154049107748 -3.68338967206485 0.678598191455888 5.32180920916744 0.882259525822162 -0.963885965529861
-3.5398137428012 -3.76585643153656 0.644365857872267 5.39026937968291 0.864531140709618 -0.997184235710618
1.62466188468785 1.68084084310045 -0.378737661439074 -2.43134813805747 -0.430641013318392 0.463283462067581
-2.54421426472657 -2.74063752232357 0.492055988278417 3.87921608691591 0.700059697464332 -0.70780046796359
-1.16014461799655 -1.31003500157305 0.199401216263084 1.88403280109926 0.321791268090269 -0.319425580287638
-1.05523554101488 -1.12112384776002 0.166974142031577 1.6100279931937 0.230499198610892 -0.26398020605993
-3.8435923333674 -4.16698353520096 0.893910879235781 5.86600274439411 1.00034484982954 -1.07672257937391
3.73016462580841 3.9639031394765 -0.754459997820623 -5.78215108456306 -0.894586734618364 1.05529760358656
-1.72980978508787 -1.88338282120778 0.340332178130362 2.67481646319451 0.350314065620215 -0.48333294734312
-0.836042705468978 -0.847908401762166 0.176799751138405 1.26610972734639 0.158632009767836 -0.280013221706869
-1.66143390701934 -1.81549244580793 0.32121907978347 2.58788322249346 0.342697354949837 -0.457141161624176
-0.394302604696703 -0.260332801012546 -0.00568792053690412 0.445975515112644 0.198219114147419 -0.118258152004237
-0.1555109345232 -0.108164968444835 -0.000415391417917147 0.195513549188084 0.026792674068517 -0.0415867345238489
-2.15935648392427 -2.30304120863505 0.462566746232436 3.27762619071464 0.565505730239915 -0.652427432174903
3.07247035897246 3.27352162472292 -0.575973685992207 -4.77363199435405 -0.703506138139563 0.851765165788339
-0.427985018565435 -0.379713850444067 0.0614800091585531 0.649702667784934 0.0853832761696232 -0.110322831203034
-2.66899342050033 -2.95909951203 0.51958002068398 4.13285744498275 0.544624939182757 -0.766684040865426
1.36105503892919 1.40363673579482 -0.263405506782508 -2.11681327337135 -0.323471128301473 0.376185594220264
-0.887428117294613 -0.907325273346809 0.17775846876741 1.32922142577523 0.168279100780054 -0.294731206417066
-1.31095860675637 -1.41347985969715 0.197376660170064 1.993863630215 0.316780608507043 -0.363515948444374
1.05597539766338 1.17432600914525 -0.261218777814841 -1.67078015332915 -0.225812055871113 0.255906879244984
0.177490645134162 0.197324920068242 -0.0149358763029428 -0.261076540620339 -0.0451879096029549 0.0248835385120463
1.65263152038391 1.7110050435407 -0.373329498810664 -2.51656190624279 -0.43529237143369 0.485629119695403
-0.343072073210467 -0.248085021948716 0.0116958801978309 0.395344752166658 0.178499113681435 -0.112680053695724
-2.34892728492064 -2.46517211216097 0.476818188083761 3.50312934021844 0.598900913786727 -0.683631829639602
-0.736401424023779 -0.812455690905852 0.138231458572104 1.12944818245478 0.161934368432292 -0.189906428894094
0.629585131562883 0.603526257019504 -0.105819304223803 -0.915056855069526 -0.130976189417727 0.138542588357379
-2.26358713864558 -2.41980093033389 0.367642504604308 3.45305616503062 0.592893746490472 -0.665034205585041
-1.93600857336699 -2.08165940046373 0.456688883849088 3.02779748692388 0.523531151572993 -0.602512793373142
3.69527135303984 3.93507337448816 -0.747296048946837 -5.7373992810561 -0.889639082441534 1.05201593860027
1.75664105013443 1.83890576629612 -0.38524195079107 -2.6419126613496 -0.503218279424426 0.486585362395008
3.57741746404358 3.82143790502894 -0.710910901356656 -5.5376997131387 -0.871254234974987 0.985162245813222
3.36610812641244 3.55063953985694 -0.612800904496618 -5.24738942468445 -0.769554060576591 0.956280959777846
-0.953051057208168 -1.06795364449531 0.220287974095617 1.47473997961253 0.262813583224817 -0.248636274311493
0.961761480203925 0.955148543358094 -0.258341158466248 -1.43747835168334 -0.302815414371629 0.260856309860757
1.78577037341084 1.88067818767364 -0.376757068511579 -2.70563107508109 -0.526923678140349 0.498443647257127
-2.55188808864275 -2.73245229094239 0.559320627679404 3.83522971160009 0.639606974643751 -0.742211326736902
3.41518142738524 3.5340963598552 -0.638668503537641 -5.30660382571779 -0.791311870921343 1.00294049085585
-0.953177991862933 -1.01326011198918 0.186158703530461 1.44592811952562 0.194724172335104 -0.300158148927499
-2.14229218363899 -2.24179085168298 0.454552143869124 3.26609154686111 0.595714143609659 -0.628673940353551
2.01872754726141 2.11994320343526 -0.360275749179555 -3.19335500216723 -0.550820020453368 0.574086895872307
3.80139701199849 4.12316864376192 -0.775776193224263 -5.94417464637268 -0.943565084981143 1.07237868293139
-3.59172786960739 -3.79819798654743 0.708255229699551 5.45340129933682 0.908612032514926 -1.02731747668272
-0.657340002370204 -0.719128238628471 0.100166434947353 0.989237711438826 0.138103925290353 -0.179919114114127
-0.781359480927473 -0.804495623809258 0.151414191050324 1.18054236071169 0.202667173957497 -0.264043526381169
4.03413565050614 4.41277035559854 -0.889373574214339 -6.26333106008721 -1.06485325884389 1.1759915891186
-2.77982823935595 -3.02027835372891 0.569922861669501 4.25020217944038 0.65471615108174 -0.790752526098659
3.15601997530501 3.36714038645007 -0.641963326260107 -4.94419637170229 -0.694995270900093 0.88024551929206
2.43036655247626 2.5537890585505 -0.367511357092778 -3.83128864458323 -0.619367022857842 0.66256745577064
-1.27863058242207 -1.3500528281931 0.209008109893435 1.87945958053181 0.292482304842959 -0.364627673883589
3.13381932407244 3.39196249342521 -0.641447543343374 -4.94192517204327 -0.699919201578512 0.857902264009374
2.04406023931668 2.15800550392241 -0.380096442214019 -3.3172117933323 -0.54958360783991 0.570789333013185
3.48168189850976 3.57338293225284 -0.635354026052344 -5.37978234350072 -0.816876172365425 1.00397530117596
1.3015501475979 1.33375760867614 -0.272434203730275 -2.03782253487932 -0.289631371636232 0.397929262198637
2.03052002279405 2.28232775528891 -0.442794751788537 -3.16001490788805 -0.639502507415642 0.603823440625218
4.09632243235528 4.4720656441841 -0.912338486985098 -6.31280719572318 -1.10276570002014 1.20793167418907
-3.10957383624646 -3.37622174289896 0.552217705056204 4.7937229695665 0.745263875844346 -0.915101592798563
2.77500694299061 2.96733746858185 -0.5000224328258 -4.40756996839596 -0.645078891166099 0.777884553625519
3.63739449660451 3.89942196099507 -0.741229781851017 -5.67527833633618 -0.899633611108429 1.0333807010661
-3.86787509016076 -4.1822655872741 0.860619900691653 5.86149668370833 0.99010150378346 -1.06609868793413
3.06942279747381 3.27001897384608 -0.578191624706351 -4.77148889696891 -0.700163600015189 0.843518187102865
-1.80834989181395 -1.98127526411084 0.327306456216519 2.81200079635162 0.381313024981075 -0.51255983901033
2.18910218872078 2.2943176084647 -0.349781120019923 -3.49103102727409 -0.579581921533739 0.576141257376511
-0.75574626854823 -0.819014118439217 0.159489695953179 1.1669854516507 0.188655374640808 -0.256301223715558
-2.92701025406572 -3.16536703031378 0.605334986835243 4.46556276488313 0.759613701689903 -0.844388229591587
0.0749566181667517 0.115141970277664 -0.0322031148381795 -0.142365511731095 -0.0398669585462028 0.0148346383980439
2.75774756375874 2.83365972286784 -0.512957519282022 -4.23959785779045 -0.642273661306165 0.757114696473802
-2.88248736900899 -3.10986064859034 0.582750076260145 4.38011247145914 0.760350593866933 -0.832701234030844
1.14194703083024 1.20223286881554 -0.261450754266468 -1.77043372588345 -0.345043052994479 0.314460424457319
1.84646961809028 2.07593828638898 -0.4300778480108 -2.90860540628813 -0.48294672485857 0.514396035786339
1.90665384190312 2.00576008622659 -0.354791071423954 -2.93348085706576 -0.520271713130936 0.567335219722949
-2.50086917374883 -2.67637137502829 0.489549583979126 3.81204354196876 0.689734084746265 -0.681802667824235
3.42623204564655 3.61456698077163 -0.610741796753545 -5.30830658107305 -0.789142228223696 0.949481897307309
-1.48973194757937 -1.63946404542431 0.241364611741658 2.31020237963113 0.317992007513361 -0.416903882578242
-2.97829816753426 -3.22081610530004 0.613152552564388 4.56895899049617 0.758427034926586 -0.84457546978289
1.71723001658527 1.80323517053696 -0.319848994216168 -2.69175733894162 -0.425955261959106 0.500356948602401
-1.56056325417221 -1.71429607118149 0.272676176775101 2.4226611567773 0.325880519032526 -0.44767642983711
-2.62672620918276 -2.87925669691366 0.525024311328084 4.0216651374823 0.594181847049567 -0.769928175224463
3.33916996353806 3.49308288570382 -0.638197987710424 -5.2029637542597 -0.761161244867458 0.964112905937969
3.57931677097757 3.63390930234775 -0.639359774787974 -5.45808288494238 -0.850286120319289 0.968500864003427
1.50112531680926 1.60087900245159 -0.301176082590157 -2.43312873922729 -0.331351811322751 0.401057572761217
-0.182644287129291 -0.106214184044039 -0.0482938232686045 0.1638893378602 0.084262303370307 -0.108465940902749
2.96918208541172 3.12585277776443 -0.675742161373553 -4.5898324485525 -0.717993317849256 0.858694515185666
0.648891656358169 0.64506616312695 -0.0944369454923278 -1.01320264038638 -0.124177578685029 0.149122469069551
-3.12263502869121 -3.41369002962522 0.555199891725095 4.84512730338441 0.718002989201082 -0.851697516177385
-3.21835301209617 -3.50392759660581 0.604877802327998 5.03032697111856 0.793057160217067 -0.898869398089577
-2.07968704538558 -2.13135955103443 0.432877390158498 3.17462840804279 0.596722950097077 -0.608073890133483
-0.00714829654702044 0.0175876940575624 -0.0430510065687522 0.00521117325756233 -0.0146454338748007 -0.00657204406433729
3.42205320809783 3.53799803401662 -0.638483734169286 -5.31518555990568 -0.794114861099949 1.00483081023183
1.95363700571117 2.11207545559794 -0.385730039315066 -2.97523452226733 -0.552950789110079 0.583091356857849
0.474381436406042 0.353879160956179 -0.0199709670935663 -0.674159410882267 -0.135851730470354 0.0718438475192907
-2.55536694236441 -2.73739902870148 0.570052594149622 3.83564090163753 0.631990353869965 -0.751408998574192
-1.61300541803723 -1.76761342334275 0.291661399902198 2.50142971601834 0.332406621119481 -0.45941450154124
-3.08754610565098 -3.33097682260457 0.638297623226455 4.79269982892681 0.769563645975236 -0.907413707876522
-3.80865765782974 -4.11185592277035 0.816925343264579 5.76689166056113 0.996493767314324 -1.05101294442652
-3.1656330469414 -3.43362357658225 0.586281391996494 4.91872724665543 0.785930776929145 -0.918432304770289
-3.38659872078396 -3.65255663022695 0.617333341978974 5.23208145880089 0.816667379988852 -0.939489032279444
1.72550906275773 1.96286041720237 -0.396008045606221 -2.78476959176336 -0.423517217904903 0.487169807332477
3.38958262161859 3.66152245062137 -0.654245515770213 -5.32438623828138 -0.810204829095506 0.973245592904035
-1.33213225206972 -1.4376857656407 0.203686703860908 2.00961713774393 0.311303425510286 -0.375728021885548
-3.95487644504346 -4.33917415209418 0.824015046318544 6.07914091213484 0.926091094856641 -1.13232674366715
-3.62999844158377 -3.89240929447976 0.713075901491221 5.56903267417424 0.930767466237906 -1.07578564906054
0.308835335316557 0.344422910806476 -0.126121246825836 -0.486966617156847 -0.0881351527633807 0.12559535691529
3.16126966384589 3.37116360579831 -0.626512982662312 -4.93551437093756 -0.715143508859963 0.86158514215637
-0.778901040540549 -0.894443444681654 0.180142541798627 1.20756618038722 0.18027997836011 -0.228793854678642
-1.529256283356 -1.6865954460352 0.258120410668924 2.39341911292829 0.38312371245967 -0.397353357855296
-4.12846113713735 -4.46634107618466 0.897180604021221 6.23751267625426 0.917776459781302 -1.19818118231555
3.257494433223 3.44974713659168 -0.634052281112775 -5.09363096684473 -0.725184659505003 0.92932551662633
-1.39652890095087 -1.50182849440211 0.204971760994652 2.14489205854328 0.315494975326624 -0.383078703052909
-2.04352008687031 -2.11127048261998 0.360724376695383 3.14512755500029 0.504600701864929 -0.611986201647489
0.200136484972047 0.11738544248849 -0.0961408965922385 -0.261832753805356 -0.0947429274357587 0.103924008050703
2.86355425432032 3.0423392689209 -0.572602385241862 -4.50247904959717 -0.612233830369926 0.780364037709845
-2.65739248999995 -2.95374947849936 0.616300791935035 4.11873178927133 0.690321904557227 -0.781473602670047
1.33670125160853 1.36534295184684 -0.273402587618728 -2.09807473559717 -0.297149973526246 0.395243920751933
3.10147469700039 3.29679023270788 -0.61900260528281 -4.82885515124378 -0.681331301131551 0.848310130438313
-3.16154759893404 -3.43249368620025 0.608189423333878 4.93526643094411 0.786471608804555 -0.910313374094026
2.52267539522099 2.63939079607373 -0.385240319253625 -3.95098215384841 -0.637239094615094 0.699579001960019
-1.14497246563958 -1.2375188043452 0.198369874163369 1.73233625017589 0.305553569384817 -0.343137374323593
-3.5197588374322 -3.74276061087217 0.676480810325466 5.37954204069527 0.882691227576021 -1.00238117923775
2.46279645323274 2.58300315837923 -0.368112534418744 -3.85971979826382 -0.624614275457284 0.67821392034803
1.03737695481935 1.13958826156102 -0.251547560022202 -1.65674909835472 -0.248020370267408 0.266944093564606
-1.02606490591398 -1.07849159702866 0.182497496410466 1.53474960918661 0.255835998622845 -0.316433165812522
-1.63093474291522 -1.79374225049302 0.301278178802378 2.54900567886323 0.337548095690058 -0.452561058173473
-3.09568183507135 -3.34999060331687 0.573709818218799 4.77661805875438 0.754160322953276 -0.940804678286544
3.96167687423523 4.33128590390916 -0.892358532331345 -5.96998888085575 -1.09962423212249 1.13501765624926
-3.46022580459669 -3.72052589002729 0.680819801691171 5.3323628891177 0.863907020120066 -0.943591394409354
-3.61371110139735 -3.82472962091527 0.680894748431686 5.4573812436463 0.864948294406807 -1.04316953945386
-3.16231389725563 -3.4162699897899 0.559432904389925 4.92117382611305 0.713603557098126 -0.915629218231719
-3.2307133524131 -3.47178171396722 0.587875598986123 5.01820198077489 0.736264819549661 -0.932925678955168
3.47661133477551 3.71402196669513 -0.65880729748945 -5.41670612506182 -0.833213416485208 0.975939851167596
-3.62217960118641 -3.99819640610781 0.717957788023483 5.6704927833211 1.01257237206718 -1.03060913035814
0.0639881145938066 0.0722391589190589 -0.0829343562436259 -0.0748399836568981 0.0105254966077031 0.02293515066424
-3.09901552531888 -3.35636748662268 0.561751290156837 4.77718029128013 0.749136430932128 -0.93363893487643
0.0150291526743003 0.0480576765968695 -0.0837213154187355 -0.0269599938158746 0.0383068127401999 -0.00618812145849092
-0.950975451652918 -1.05495798999674 0.22128693025333 1.46609498463231 0.258106071057807 -0.248968668850201
-0.410100322189718 -0.321899452917934 0.0500302312930622 0.483388916177298 0.147929981131471 -0.0891564852996127
-2.01308157194368 -2.07832644689825 0.361583407234794 3.09354880471122 0.483731610212476 -0.596297480814588
-2.6960648841613 -2.94200555159028 0.589997181490927 4.10926136869392 0.704977350758434 -0.777181641281659
1.77307561808999 1.8996418757027 -0.357508988238965 -2.73540444335946 -0.430417383673917 0.50924564912173
-0.569725743001586 -0.630318642414953 0.0751407610734185 0.872758034447522 0.105112040205594 -0.179057114293764
-2.11401737975874 -2.27693011158843 0.465124731308915 3.22804747055659 0.549572085259275 -0.645663057911626
-3.25607295456472 -3.49503318492924 0.593732604927636 5.04828684266505 0.748048687977945 -0.937242711055332
3.84108403225325 4.20348991751391 -0.848802611930966 -5.92612427125734 -1.0167044894764 1.10922855408362
-1.22081201944031 -1.24851139090958 0.217705786720365 1.83431475527985 0.297291917364366 -0.334382774036771
-1.80298747281125 -1.98200382032105 0.320899555953743 2.82046152909167 0.396805589391528 -0.509333839497455
-1.52206004456335 -1.63322309172334 0.241851992702055 2.32255242352069 0.339110553131849 -0.419819768369205
3.6497171539682 3.91859080810241 -0.760783931390914 -5.63531153923895 -0.908187778720283 1.00210357811404
-1.49964030176035 -1.60554380624701 0.230950157506203 2.28763378598088 0.351962873535858 -0.390148655420067
-0.660715025327391 -0.716729216044936 0.119323146030725 1.04323449910001 0.124681746594036 -0.191039886779821
3.50545634141107 3.79362662585958 -0.749821753154162 -5.47219468590198 -0.902722274568589 1.02856933875274
2.83426489529916 3.00803594329625 -0.549101964585506 -4.46466412059932 -0.61108026461255 0.765413769222446
-3.09759158519424 -3.33475607627873 0.633948505742913 4.79005905849593 0.759139191245288 -0.890419691983682
4.07616720868478 4.46280050734635 -0.926881873694198 -6.2838425948557 -1.11676734346015 1.18196973022787
-1.55914494157544 -1.71945039184067 0.274024315255725 2.43359223974935 0.386444047519126 -0.419904697635223
3.57039923139815 3.84771387474997 -0.720811067535044 -5.57665695275596 -0.874254117506558 1.03576532008286
1.17822907252276 1.22314678684338 -0.260834391827028 -1.80897399870025 -0.341931923209357 0.31701581721221
-1.68827575405303 -1.85943689557626 0.350721746192919 2.6233723900435 0.415349547634315 -0.522423998985206
-2.36883800682537 -2.55095559782859 0.453575784930977 3.58317490764079 0.582606042836312 -0.701258981913845
2.65784077737771 2.79979281564403 -0.443038807135252 -4.16546945692841 -0.640909746110286 0.739908637245398
-0.547157323566696 -0.581080711409734 0.115557713767188 0.913422226312303 0.0913640698670461 -0.176180324708638
0.159097815505179 0.165611446857653 -0.0162192846196017 -0.24991936325181 -0.073558767844074 0.0190100640236984
2.48333246455165 2.60908614360214 -0.386629947596556 -3.98530094039316 -0.624241238241177 0.661033155179128
-0.737459562009257 -0.781711267492054 0.151558064404632 1.16271818793882 0.154825239823073 -0.214595654974624
2.7080880539713 2.76783881451634 -0.472483967475059 -4.15476314930854 -0.624790853038372 0.72851164084952
4.10106016117338 4.45964847811271 -0.960436139684786 -6.19885930443683 -1.18898805816439 1.17563438388886
-3.37276452604833 -3.6302153634158 0.573569929529519 5.17323149746847 0.803157563776643 -0.946472981264655
-1.66386808110036 -1.82084291523529 0.325861450088165 2.56747285045011 0.404649911765956 -0.495762401064587
3.85109484862288 4.18144124608644 -0.843856823833474 -5.86383750683298 -1.05335422009736 1.0902042965074
-0.673512037673175 -0.739058814806685 0.105589332981214 1.00086220670143 0.150725233619979 -0.174571002147061
-1.04754450264442 -1.04976915548957 0.217941580295951 1.5516387776586 0.244185924341671 -0.260614430547169
-3.13519617271443 -3.41555087269385 0.54847578203246 4.86783745955331 0.709015984694118 -0.876013711296498
0.326635764435146 0.223460332492973 -0.0696575240651812 -0.466092797467296 -0.146684516858193 0.105185795223487
-2.9724361144585 -3.23131488619383 0.599413006083088 4.57144365988802 0.739252706948047 -0.831760340599385
0.183512821636304 0.115202968582163 -0.0885742183400201 -0.206096167099112 -0.0629192649604684 0.070480362658153
0.268913350809758 0.146492929236273 -0.106043984746506 -0.3789354459818 -0.149473963210594 0.145594331015843
0.32717129512222 0.214009827642407 -0.0876971786528536 -0.471234898084558 -0.153277177418746 0.115474160579047
0.409149051545296 0.264976759254685 -0.064465834937109 -0.575981984287654 -0.155957939140592 0.0890982913622353
0.498927845605692 0.330529858692737 -0.0456867940311772 -0.700985280704142 -0.16748053620405 0.0771441068756476
0.595314826596979 0.427115324047928 -0.078547770959182 -0.846039906852522 -0.172909734842005 0.0880605304788302
0.672295611235183 0.546986464076037 -0.138618572661717 -0.990370465436742 -0.154241248911894 0.103148353594116
0.751128460002897 0.706178982572949 -0.177166197608268 -1.14981601702091 -0.148528621511271 0.135561901302863
0.841921667733553 0.912372538142761 -0.201394864154762 -1.34266946706767 -0.158243396317442 0.187748250631718
0.974722198173425 1.1012855269274 -0.237108720625937 -1.55868563522833 -0.201600149240828 0.233441149058326
1.11818799440162 1.21782714999805 -0.280498279043916 -1.74906017112081 -0.237847422844914 0.272895581581868
1.2520684403904 1.28641489354037 -0.305222062919576 -1.93028938212272 -0.266824552017768 0.356492488490565
1.36134884157886 1.40206302030648 -0.301245505747123 -2.14188706250411 -0.295517715576386 0.413704105158144
1.47452584649912 1.5890543192579 -0.318774712723491 -2.40329464509542 -0.323557791911331 0.416134137939956
1.59855264495287 1.84950559770335 -0.36258245976548 -2.65884232009696 -0.368388258209991 0.454248025162995
1.83792977116533 2.09872443252588 -0.442978568376298 -2.93621325279981 -0.486818160371415 0.5103193983496
2.04575209412689 2.29684826209951 -0.442188948469141 -3.18220650269317 -0.650475237588885 0.609302414248139
2.17465236887467 2.37612279337319 -0.400924921966753 -3.37362091112691 -0.730271191160588 0.639079638067105
2.34836004445645 2.4774820290309 -0.385810531126465 -3.60157046191596 -0.749686501285737 0.65990874750975
2.56392263408686 2.6270914687756 -0.445605288402576 -3.87902708201338 -0.700045126652438 0.714193453296221
2.79032910499965 2.81611037674452 -0.550168597237126 -4.20408688259114 -0.675925178288047 0.795942211151342
2.95653214750785 3.091465526092 -0.668290431698199 -4.5529075439812 -0.711317606855553 0.859395775233829
3.05206386620852 3.38581267229317 -0.697241842438085 -4.80796123751398 -0.798292839154619 0.795971305281295
3.19163692415628 3.59558551287299 -0.725017562822309 -5.0274993858573 -0.862735060831699 0.798789365180186
3.35907218623448 3.72057916492751 -0.759357391913179 -5.26400388106741 -0.900719903323331 0.922224495905181
3.53373126153961 3.80855781323782 -0.75566626223549 -5.5058226319001 -0.909110728678361 1.0398507113586
3.72396451055184 3.92747122786777 -0.76245650893684 -5.74749842254844 -0.900764700343954 1.07762459038878
3.85441886354615 4.08840177191058 -0.782688487569996 -5.95837848989819 -0.920076846178377 1.08151993122809
3.96018405243341 4.2898701159536 -0.834960442453368 -6.1665764136521 -0.991831632497702 1.13210305038165
4.05836488634744 4.43202564798245 -0.892682362133243 -6.29080042910904 -1.06874187983108 1.19273291742725
4.12367633678252 4.4984526012001 -0.925492217326063 -6.33003173991308 -1.12447331171777 1.21818733346938
4.12925215897953 4.50151472604378 -0.957291099098602 -6.31630331379931 -1.16292107715635 1.19266583781233
4.1525210301472 4.50643477583064 -0.981897665196137 -6.29350042844558 -1.20975504676422 1.18781828584356
4.11227555166159 4.47036733072822 -0.963947357545782 -6.19721874507573 -1.1959994747712 1.17764514918935
4.03123722426653 4.41094863408268 -0.921478985187613 -6.05059643154999 -1.13526137053164 1.15748962044144
3.86714216788413 4.20827562150209 -0.848278979132773 -5.87956982105809 -1.06696829472659 1.09685363826863
3.72324708605458 3.95155909212548 -0.734661836295605 -5.69045528161105 -0.956223340057219 1.01297950684309
3.63206466330212 3.69228099419978 -0.655050752453218 -5.51675011097008 -0.874760195880998 0.961615967873294
3.47380557593841 3.56117291048956 -0.638229534157178 -5.38021421929498 -0.813809791199771 1.02326482307936
3.22704532572003 3.4306794321509 -0.638002366962445 -5.04530887973976 -0.724663576138907 0.895908281461033
3.07744410834944 3.27930980459449 -0.577724709572377 -4.77856857184393 -0.706923996484505 0.852683876993808
2.88826731467422 3.08373302472725 -0.529707706044097 -4.55310463398981 -0.668240706525883 0.812088659410423
2.78483985187685 2.90400984011579 -0.494035614166255 -4.32706888768591 -0.665227171182236 0.747431892838911
2.56961061346946 2.6772748794493 -0.380369068060909 -3.95484290853859 -0.634920227442675 0.741110715450128
2.32065937370686 2.44755741988552 -0.364042995205603 -3.68177191893262 -0.596216212578323 0.62876936502973
2.08712838793518 2.220921812156 -0.392074120773082 -3.41115803924203 -0.564336954854882 0.577924846793004
1.93809266033996 2.08725471553576 -0.380988010760189 -3.16040676445264 -0.575208089303298 0.566542605628376
1.86082277126159 1.99614990203876 -0.361273019353836 -2.90679129058132 -0.580664141955899 0.538058585221091
1.75454569602703 1.83865463345476 -0.394364589272094 -2.6201985434714 -0.509634479805347 0.475050884586161
1.57356076297779 1.59706234034063 -0.374344781655427 -2.28459191767316 -0.421400646094533 0.417010446819696
1.40497777726324 1.35813524920392 -0.323163931333981 -2.00416019707792 -0.380395346174762 0.333118808319758
1.19776107137653 1.20871872565435 -0.286064352332385 -1.79682599920619 -0.356248060945161 0.303372319074357
1.05481144046593 1.05615671607284 -0.28831358925079 -1.58237138342669 -0.335252473676905 0.285045851616308
0.691769314671773 0.678997070717374 -0.23040677860141 -1.00899847221082 -0.212873097450094 0.200387588918076
0.0789177501505469 0.0923453488520782 -0.127364962869691 -0.150913015345737 -0.0458725875889479 0.0474514761694015
-0.477550041334548 -0.465951718251095 0.0185588636550041 0.675235791888129 0.110647529814834 -0.150851182918537
-0.853685512724414 -0.844103077964738 0.142233405920091 1.26139215131874 0.201393691022254 -0.245936422175756
-1.01493022363296 -1.08191452966126 0.157420326647808 1.54694744967663 0.216974959829585 -0.24997435052879
-1.22644452639025 -1.28685961518881 0.20394930640163 1.88201428005064 0.28908953214241 -0.327555014731213
-1.40677521924854 -1.51735855813307 0.234689113026476 2.20020745378743 0.33378651777773 -0.373139174953002
-1.57208764194187 -1.7160906880588 0.29849920127956 2.46475046873774 0.346299566158617 -0.419491391475218
-1.68642726787731 -1.87285236783314 0.318644525223539 2.65915839675929 0.370267240977235 -0.459040488051102
-1.83208155952444 -1.99271516884136 0.324953212313219 2.8725466079659 0.422790904519301 -0.52625111457242
-2.04121555873513 -2.10879913109131 0.361619019151536 3.14786152121466 0.505678831010171 -0.621535083374254
-2.1951060236005 -2.33148820771549 0.322927847446304 3.36524463984012 0.59234095969667 -0.649803552347401
-2.36135889700478 -2.54137133664403 0.44197317032291 3.5625178602811 0.576763353577046 -0.69912067195892
-2.49846889655418 -2.72911124272312 0.585532531765615 3.79425837130779 0.600669019227219 -0.758059651563432
-2.62705368122455 -2.92997623341844 0.612516174380057 4.08330184957392 0.682581002017445 -0.777043565932536
-2.84755414654903 -3.16110110529844 0.581955675583102 4.40101473309343 0.717540939906013 -0.831672541902793
-3.02785152648267 -3.3129295133874 0.542344323602662 4.66084377366087 0.722646177483053 -0.891143042769062
-3.18308056089169 -3.45257192291213 0.566903585177448 4.91013524406562 0.766334214379827 -0.893769006261638
-3.37077462892755 -3.60915693438481 0.648329887626439 5.20587225318207 0.854567950061463 -0.918747953716957
-3.56893078735775 -3.78102680612291 0.733654487625963 5.46038688261207 0.944489534981049 -0.998762075851288
-3.703161994177 -3.99118129319604 0.775386108177201 5.64259693751716 1.02181128271228 -1.02166503614492
-3.79208046063844 -4.12184003929102 0.875907186185517 5.80868258104618 1.01697579842291 -1.06326738804138
-3.9223384734412 -4.24038563460496 0.932461219715471 5.9688092848296 0.978237151613268 -1.10593060915308
-4.07080751148537 -4.38681616301645 0.94318899850404 6.14833367055138 0.93830137804869 -1.16184857842928
-4.14254159065853 -4.47789700086837 0.902830282886418 6.25465171075159 0.915377920380575 -1.20577145387749
-4.11846278059319 -4.48973776373519 0.825674374710627 6.26184181237272 0.945962977413281 -1.21206385554296
-4.00500991410013 -4.36678332500072 0.762910464994099 6.11108536014448 0.999613699247976 -1.14744425620658
-3.82824356274821 -4.19895743553959 0.731894980074864 5.90718826187214 1.02468263434128 -1.09135286224501
-3.63815464610795 -4.01958065081287 0.716677461696593 5.69283130011754 1.02062276331322 -1.0337783840092
-3.49419589660247 -3.80216066027515 0.700567287312793 5.42992740992122 0.914986567272563 -0.951912553359595
-3.33885372604191 -3.57625450878636 0.638841370737969 5.15866900544778 0.784213082373479 -0.939082752193268
-3.16167444878478 -3.40814623511447 0.562756301219379 4.92989101546499 0.706372511043157 -0.924156205113235
-2.98792818414055 -3.28435750375002 0.528962617738869 4.67279353278441 0.625991206468265 -0.841227575639138
-2.80395438443431 -3.12314187900527 0.52711668308948 4.38659927101468 0.558282125479417 -0.774560994236292
-2.64399231664274 -2.93441291179693 0.514740653593093 4.09122288880485 0.533590892017272 -0.763613107620265
-2.51823929853943 -2.73822678049443 0.516039760071598 3.81793314162544 0.539167526427428 -0.738000129135752
-2.38186410413312 -2.5325352088533 0.492049976785906 3.54280131160783 0.543396814045059 -0.705549434854693
-2.16126718865808 -2.33281319794727 0.467181842385213 3.26385839331752 0.534566071502819 -0.665751105397983
-1.96218714050105 -2.16612088528927 0.476509512776216 3.08075635416869 0.51747720370178 -0.618007685430187
-1.81969296718731 -2.00664754036236 0.433764369167025 2.87237995713253 0.476521020639913 -0.583215183128269
-1.64506693540885 -1.82642418759004 0.331973240972128 2.56901750625602 0.404129411801713 -0.499400349950661
-1.48204248648902 -1.64732882983813 0.238385470306287 2.34651394419869 0.38452733072396 -0.361547288731375
-1.33990402040327 -1.4862110043318 0.204039875344494 2.14490323279234 0.363423768520425 -0.319269183017237
-1.15585522365264 -1.31510897712441 0.19842997050739 1.88791578769205 0.323202293010016 -0.31366838745334
-0.988683548182963 -1.09755669185938 0.192751470182465 1.55761470538713 0.216942786211102 -0.298708625321566
-0.841149643618829 -0.861142291117782 0.183995238034156 1.27897025741724 0.122535941825098 -0.296014641182898
-0.670198193513498 -0.682161858283962 0.16112824309901 1.09118310422227 0.0976879371819837 -0.240436185564899
-0.557775279327729 -0.583048983138132 0.13416608705908 0.947443509799619 0.0896675814750301 -0.192049665393843
-0.502401955502926 -0.532357212499238 0.0945124664491495 0.83992072219808 0.0734017655919041 -0.135220149873536
-0.440179887429568 -0.421497195406865 0.0720468499652716 0.707838806816026 0.0602453443993129 -0.108278069121822
-0.403878476315603 -0.299697469453465 0.0192783662324586 0.535834111116814 0.142975883754305 -0.11913914535946
-0.369698169724086 -0.223262933584319 -0.033654667448469 0.393146059593809 0.234521510831888 -0.134149720724446
-0.282991892620805 -0.165699363738353 -0.0396380275344439 0.297525453144804 0.218065398719741 -0.153283462242573
-0.146150043638371 -0.0545899275030147 -0.0662110615135745 0.137901273771186 0.138236737086622 -0.119437089198603
0.0399731813070847 0.0775579580500456 -0.069974525726062 -0.023905254274611 0.052648606812608 -0.0399078236728981
