8.480746012396 12.2973270387186 21.0710994394211 39.4394654253001 55.6746475218197 64.3638798885877
8.1373741798621 11.734748659075 20.5571602011263 38.9191686111231 54.3881147767639 63.4321357491122
3.61232131833045 6.1607312621976 12.8648636974862 28.1171670185213 41.3639257995864 49.4339031638926
2.37663801991637 4.55727237771118 10.4105326851996 24.5114702817158 36.9615949569765 44.6276130601832
7.0287175872742 10.494302554211 18.7149611139903 36.3883289153191 51.6760445626774 60.2933466311957
10.6250598000129 14.9347629240651 24.2868103903628 43.8671600312833 61.1136550065391 69.988510955316
0.0164053525306998 0.735121390890674 3.40317507612666 12.8997038934593 22.3700166424289 28.4232382749199
3.84471940501861 6.51429151382719 13.2728102571887 28.5953951273337 42.3336107579975 50.2169225167207
2.71984929077528 5.00231497675465 11.0926672504235 25.5456620525265 38.1516886878451 45.9801608343925
0.170608995319444 0.273753079638296 1.73414695411108 9.23754108930058 17.5773519139628 22.9699382189985
10.3349715401206 14.4862765838263 23.8992223450696 43.3723903315911 60.1562559903846 69.2430378807173
0.614901431233275 0.276007519605874 1.00615842789744 7.16809329850234 14.9122360095305 19.7684659388329
1.46412405059638 3.30209446925648 8.34736241741824 21.3312526167574 33.0707930480336 40.3266579674711
8.04713971764595 11.5636331306068 20.4302553447833 38.8865714614514 53.9215079047972 63.2221294629865
0.926256552422443 0.331542873475916 0.684312930224076 6.1659564503418 13.6534324470012 18.1711459025606
3.1862265248022 5.61005193430188 12.039263186365 26.9037257598324 39.8953687149011 47.8282377112502
-0.00337806440796518 0.548001891229306 2.87374442324521 11.7472242543086 21.1655867515951 26.8557683636558
7.98154096088318 11.4416650044936 20.3371477293524 38.7276035596107 53.6478753740243 62.9882420144603
0.115942423730692 0.284307723738334 1.89429421946347 9.57109362964448 18.1984843203133 23.5563776366536
0.717040779100806 0.294702223677707 0.882206139905096 6.80378274104019 14.4529388294088 19.1913498278646
4.65540459220199 7.61008232361241 14.7160325053925 30.5745624090663 45.1320799427045 52.9715004614092
3.82837742830297 6.43443090264381 13.2477871130888 28.7120427802686 42.0121015631934 50.1819661331619
0.85196240250288 2.38650386935471 6.77638582761364 18.6484022001823 30.1140376478129 36.7965781557946
5.93325507766442 9.10603034562236 16.9474730209723 33.9856544967614 48.5152015910045 57.103292920363
3.4650173320357 5.9765637663321 12.5511053427167 27.6824997622772 40.8197577165515 48.8426981818731
3.58183039135155 6.28406831502383 12.7628400590986 27.7332962500138 41.9134776417989 49.3245773012874
9.72567726066896 13.4541617319851 23.1109859427894 42.5267130536001 57.875569634117 67.7112529850043
7.30227400839176 10.7870075172633 19.1814914919158 37.0471140333388 52.295313035349 61.0800861489574
0.271841500077407 1.35699011182133 4.87507941040653 15.2547170012509 26.0593387647718 32.1454559937899
1.1317542044369 2.87574217769493 7.59596115307169 19.7465795559374 32.1288433994892 38.6090381727222
3.16995799020428 5.62611821851795 11.9951295952637 26.7364334064525 40.0134536110264 47.7387599930798
1.39481024545795 3.26323759205652 8.24053848043779 20.7718137798751 33.4083485430407 40.0188913697982
0.249360959835162 1.30950334942222 4.75101412660187 15.1370707414791 25.6742922809659 31.8661236117395
2.05634311404278 4.16818711979531 9.68506378187491 23.1828547205692 35.8954890134352 43.0681256641026
0.0513216885268588 0.376115478317683 2.26685310965556 10.4386279885822 19.4451582876552 24.8968071243492
0.819085190813699 2.36940383039484 6.74217182957505 18.4173727573059 30.2427197504729 36.6743349748314
0.49045171562632 0.236420977589687 1.1324684424567 7.55533600230334 15.5164410113151 20.4199192291395
2.21147518617705 4.37035134121972 10.0419986959051 23.7066621027923 36.563475997057 43.7981627368099
4.62471769915867 7.6128836297689 14.6332223413898 30.4624680179785 45.1029659280096 52.8551141829601
0.19089602801289 0.241097481919403 1.64494878434777 8.98976263324811 17.6203681808626 22.7119631345092
1.06256897535443 0.348218610611714 0.544204392310757 5.74604798630987 13.2250960017257 17.5162298363864
0.00807782638221483 0.634225453548359 3.10814067568861 12.2092249379881 21.8139768936479 27.5504080513349
1.18144490489583 2.95238022182961 7.69512385435994 19.949011441516 32.303878435546 38.8418883702325
0.467858670564881 1.7722284746645 5.63638417386691 16.6181156457431 27.9716811432104 34.1360665804596
0.0326173180930756 0.741533218795792 3.55930546790203 12.7829475561568 23.0534084343349 28.6453438320438
1.46071292956603 3.29328760685767 8.33997388774125 21.197290770194 33.132563319466 40.246590133653
1.25401682567992 3.03109437142062 7.86872029921824 20.2746498868056 32.4326652525514 39.1829493076743
0.492701076191957 1.81123948985285 5.70715604152252 16.7427789181261 28.1040438896032 34.2993820189381
1.77678941995542 3.74908030352749 9.09665428754647 22.5115569575647 34.5364508486493 41.9398740483507
0.79518724688504 0.237321611741202 0.707018897322237 6.37596619593759 14.1620705941897 18.5853898739618
0.273051101601252 0.235805889363539 1.47097820321404 8.54593097780127 16.901296173821 21.980789807386
0.0177347093946162 0.728112169956539 3.3638004351769 12.6954109064201 22.5767200692034 28.3179957569435
4.02093439379414 6.85757218111321 13.5765030528346 28.914904396243 43.3887442040996 50.8975557628103
7.69083227568568 11.2824629860523 19.8434021358971 37.803832381613 53.4841392632781 62.1891986776477
0.41568608028175 1.66225450884581 5.42754034791866 16.496527984391 27.1175642359278 33.6624565469465
0.137263822656718 1.05138072772968 4.13440018648652 14.2167181834816 24.1273438978012 30.3687447463491
9.26607325845347 13.3317509589226 22.2514507662937 41.0566767725224 57.883817352491 66.5045522800668
0.00661342155583123 0.559507061414075 2.89115151546828 11.848864670471 21.1084355527067 26.9101793558535
0.53363453995214 1.85150834297629 5.80953528633059 17.1560153650276 27.9297215927909 34.5727988608169
3.61845959299359 6.3810898251059 12.8171626324368 27.734413102531 42.1901760072958 49.437842308331
1.46243139960297 3.30168741957736 8.3490795788918 21.3423693293335 33.0715187572368 40.3371471320891
0.789943230172616 0.27554078189405 0.754835159625656 6.46653881513533 14.1894006019062 18.7057099812505
0.12201998902157 0.289256923760153 1.86521974023908 9.57674711890886 18.0242470923496 23.4867853358779
-9.57441431617015e-05 0.559229070360487 2.90229714972924 11.7986860863903 21.2444437373351 26.934038273151
7.44448775215077 10.8628029370526 19.4515427316266 37.4622599982822 52.4523625458047 61.4908975750985
0.0706119046859154 0.267056759088971 2.03517855667581 9.7934964403754 18.9294352688394 24.0680715257334
10.8850267767013 15.003087613845 24.7689292506851 44.6490760011043 61.1413673160125 70.6512692339976
0.509180306986208 0.221429938008413 1.087668370097 7.44816377552814 15.4951435546147 20.2814436033057
2.35420126939241 4.59653894668336 10.3391740894236 24.1818846466336 37.206321183157 44.4466272844741
6.28550142015686 9.67794963751986 17.43831186515 34.5669978217582 49.9125389385104 58.0980960363386
-0.0019976573085022 0.444283916171674 2.709153158563 11.1892925175876 20.7722718887285 26.1931615925027
0.00211944259269368 0.504597091566555 2.73852908226735 11.459477204641 20.7751466361061 26.4220346377569
1.23621201183513 3.04908031875823 7.83360417012462 20.1668391106634 32.6711305351708 39.1746883870705
6.29110849981848 9.54141177474819 17.5384564036566 34.8260256139013 49.5001978537081 58.1747954197822
4.79935510984666 7.80283136875204 14.9474205355356 30.9517488903528 45.5281243762548 53.4276448854584
0.948915590759558 2.59310269842652 7.11483285512054 19.0041794205182 31.0982603080137 37.5376837409478
1.66822263143965 3.61212530690458 8.80873488094224 21.8307163547575 34.2327230008278 41.2333542197059
0.0854694789532116 0.245110660819677 1.94849404151411 9.59859947880976 18.6914668398832 23.7783715970783
0.0156133946871993 0.750042018917008 3.45779365734723 13.0234289552325 22.3037460030169 28.5320252483724
8.46784034577052 12.0248457893862 21.1366145935842 39.8430953288962 54.891477268359 64.3919355189572
13.113378215563 17.5393192092517 28.0745481368764 49.1203981394942 66.112450036189 76.1192989915843
0.467354250858134 1.74990653250053 5.59329197810854 16.7709266539502 27.4662927233816 34.0496942904471
0.374109612149694 0.19861439273212 1.22814598189826 7.8910994668325 16.1608708844505 21.0182097710823
0.327199303082474 1.50009093637768 5.11097656419297 15.9548036574418 26.4362349813269 32.897801152528
1.19331964456818 0.380815395073866 0.450606407925018 5.42244605769298 12.763927643355 16.9712203464956
0.388364498624721 0.244552585635017 1.3042743005218 8.03769721453111 16.0877888261343 21.15376270768
0.465909766999877 1.75807376452708 5.63197348350367 16.5088039442188 27.9573072724917 34.0515564265126
5.50688946973592 8.69161028554012 16.227981881802 32.6957714159185 47.7966782164773 55.7873983498177
1.26238999794648 0.398491821087372 0.399832803140102 5.24857174890626 12.5813718657797 16.6920815967944
1.40121180061804 3.28036893366997 8.26991292414943 20.8118754461679 33.5104997233513 40.0979122488793
1.06648662498885 2.72413609545116 7.36461580507122 19.5470120400407 31.326536426872 38.0876047644204
0.32440486117513 0.191836957356516 1.30620186388302 8.10001374965116 16.4861988642945 21.3644934526389
0.0214099464639314 0.750772010655523 3.44221158778554 12.9551775396832 22.5332795486345 28.5394195426448
0.829950229381937 2.32595749530783 6.77848170665425 18.7857933907404 29.6274103509376 36.744053042054
0.115383989163381 0.294522012337714 1.92746654548707 9.63810628145442 18.3418805012428 23.6734122533075
1.11790318390305 2.84804004485593 7.54087368287947 19.7062394940947 31.9272257277543 38.4837834129212
0.969852196441783 0.328180277806148 0.621712675481406 5.9881036049415 13.4469841878503 17.8986709118745
0.736276446045159 2.21555496831968 6.44316209132458 17.8765618613962 29.6532723689142 35.9490327482553
0.473097305610283 0.246764815794448 1.15967528990521 7.66504159257373 15.6929852268192 20.5874539069403
0.0427355613795849 0.800142802886922 3.53472773691983 13.0542594517827 22.9113681342665 28.7847061370754
1.97997632994305 4.02285204267337 9.54987936425175 23.212888768552 35.3582218939315 42.8732232568089
0.205774335414941 1.23348798153424 4.63919173318951 14.7763645111508 25.661431489274 31.5565326297547
12.8317820506736 17.2269755452673 27.6567134764113 48.559617819948 65.5105152264001 75.4414960618186
1.08243146787082 2.81416474620211 7.45577601442391 19.5548894857977 31.9016255340112 38.3345287411545
10.9977529261983 15.2178635101206 24.9020369411185 44.7784126085776 61.6062659397956 70.9244228645334
7.43106588113848 11.0449479239033 19.4091392211675 37.1292757822576 53.0442485814202 61.4696883391098
0.0589273456151343 0.37467778430776 2.22888073851893 10.4370642394956 19.237846379531 24.7918018439773
0.101190886887599 1.01160391687983 4.04789221812143 13.9583718216261 24.3496772513761 30.2140071576025
1.14740956094054 2.91586668532555 7.61665864297072 19.8151006826496 32.244631699741 38.6974942917743
2.36885405165775 4.552411339671 10.3580275905145 24.3575923675868 36.9683809100909 44.4907322129033
6.79089083088021 10.3136324400847 18.352237922117 35.6519456623538 51.517185344059 59.6608398988271
0.25078977869035 0.185540176230584 1.43579864652058 8.43535236902257 17.0085308838667 21.9183934408321
0.449960582267386 1.71967891309684 5.56554211045392 16.4049222969093 27.7466762826435 33.8732504691782
2.85263069366343 5.26181938425232 11.3671152042551 25.7577665430057 39.0690365309321 46.5291915650219
13.8073732422206 18.3099188862942 29.0980246425679 50.4568473648104 67.5802505010467 77.7490353937125
6.63454700596491 9.95857123398608 18.088300620926 35.594855258659 50.4334823517942 59.1621887863017
0.691745758286489 0.269116353356908 0.873971029846335 6.81629718826786 14.5909756688602 19.2511543117698
0.0411696187407214 0.369236315613928 2.24151689386884 10.5049759452159 19.1844535093808 24.8516226454737
15.3167234626548 19.8670568513223 31.394214439082 53.4453547393367 70.4569499700603 81.263534722347
1.86488884220697 3.91001862681972 9.30209824972696 22.4621236911453 35.3026116969805 42.2391888422339
6.65556246588442 10.0666007323156 18.1646925415778 35.4284970540915 50.8776687136379 59.2401286968252
3.33782234889121 5.95500811831161 12.3098063370261 27.0767667861373 41.0376721419025 48.4277065351964
0.0270326392812605 0.46963091273143 2.61650245122289 11.1874124667187 20.4158864447441 25.999913451164
7.4351989757148 10.9641968229587 19.4341448229705 37.2514237695811 52.7896605877214 61.468172937361
2.72936530267775 5.12404830492931 11.1284601641361 25.3563133139439 38.7535734320815 46.0664581013012
7.10764698063919 10.7081522626862 18.8618103918153 36.3581945191137 52.3788751906619 60.5715260121505
1.37016602843639 3.15805262628754 8.16033550659824 20.9948822768024 32.677572264993 39.8941875949752
3.90062118612301 6.49312234082401 13.4083153810453 28.9830492956441 42.1061594459078 50.4613145848945
15.4622797993166 20.0128637636284 31.6204240965333 53.7222183986413 70.7169826600766 81.5907864988318
4.63955084107813 7.48265193112879 14.7307735053315 30.8078961137659 44.6959847335556 52.9878149971763
4.4435482905025 7.37602822342297 14.352568798296 30.0347503752885 44.6400789199421 52.332600777392
12.0700839394484 16.4173331466052 26.5038775327612 46.9769081935344 63.9580995305194 73.5796849890553
8.26960585267753 11.8151060355871 20.8015999840434 39.3807692595722 54.4585583605528 63.8403754883855
5.65680929495711 8.86790352957356 16.4857295364312 33.0658056465438 48.1921663717239 56.2483502168386
0.762906260835522 2.24256819861582 6.50294959794189 18.3092734462867 29.3556314143734 36.1830446822387
3.1179200705132 5.63717783894771 11.9035084217873 26.517765270073 40.1459387846606 47.6060183573691
0.086366524509183 0.331589187782023 2.04614437718465 10.036624370323 18.607994288569 24.1577409849338
2.76993967726956 5.11400049251627 11.204961272902 25.4888184746794 38.6532547567115 46.1518616161767
0.328584221968426 0.223417854109837 1.37723765581345 8.24636901636433 16.5441335623737 21.5381882363452
6.7010254010624 9.94920283206524 18.234605175982 35.7999066000931 50.3765489621955 59.3236539263159
2.46887500197371 4.71799275377641 10.5890807855071 24.5258456097781 37.5622765993849 44.9017449589542
0.313075889463512 1.48643547067725 5.06636180983096 15.6815479762288 26.7613553273677 32.7871495757923
3.28689472766042 5.72765340327581 12.2249108744222 27.2447887946988 40.1197874450895 48.2051743947737
2.78542224903058 5.13814977900477 11.2140491952528 25.5991595531229 38.6419901397378 46.2173349847585
1.79550982084146 3.78639474247862 9.10389309527075 22.3541288661564 34.7434832112129 41.8850697386633
8.20379096266594 11.9701528111918 20.6348373764227 38.8318542414174 54.993367400197 63.6079168343408
0.0572329150925534 0.811467972156519 3.58949071794225 13.1025213971985 22.9335122663447 28.850009819532
2.7399295502187 5.08555795570687 11.1577621247816 25.3711195807798 38.6056317538002 46.0421838098286
1.90906425574604 3.96672715680749 9.36573560023775 22.673618570922 35.3069293473355 42.398177057597
0.103260483666822 0.937288134979977 3.88804053207933 13.6327359030699 23.6416178138009 29.634489872542
1.32395540973868 3.1564655564362 8.06528181142157 20.4993758337029 33.0349560800303 39.6305217342865
6.55967612672237 10.0189465470713 17.9807501131003 35.1371699289338 50.8566285422852 58.9848123679339
7.64846100759105 11.3872862186309 19.7235586228883 37.5483986429051 53.845001548325 62.1082793238807
2.04853112650408 4.11477517991087 9.68634660795061 23.3729743613384 35.6364636756022 43.1230292456038
0.753525729309024 0.261595237926254 0.790518775329254 6.55625249970244 14.2348766264683 18.8440773463564
8.08917547456066 11.5340565363214 20.5367529667342 39.0282992250478 53.8210562936959 63.308412085692
0.163710475491118 1.12579414797856 4.30165110711396 14.5282193647588 24.5875029178815 30.8349546878604
2.80953211381942 5.22036891600888 11.3382725945426 25.5387608482936 39.1011108765227 46.3997750454622
4.06284101502455 6.81905696514944 13.6723807177009 29.1409636486468 43.1219640890194 50.9872713495069
0.388500296213298 1.59406448491013 5.33622985175496 16.0302496418642 27.1674649936528 33.3007622273172
0.154763006759244 0.275382098171195 1.79315014033049 9.33302239644216 17.8210218258061 23.1647103196392
6.81877297067276 10.3484889042311 18.3971206299143 35.7142179789502 51.5939527814596 59.7414481045948
3.37459866261971 5.86363401964487 12.3749776103937 27.4171887706651 40.5251265555305 48.5016363047121
0.0209749340620845 0.512339152275817 2.71933195254444 11.4203231995928 20.6935727558093 26.3491686358163
2.45339740095212 4.66331950279433 10.5404198032777 24.6473108418414 37.2839772569533 44.8647178760015
0.170743703495349 1.12742001302815 4.31759848669544 14.4541344769041 24.6506204855157 30.8026980603383
3.55803043702902 6.14749040243005 12.7398815533211 27.795083941854 41.4025067622611 49.1820872247289
8.06075570590186 11.5840868571034 20.4495660176051 38.9053789392267 53.9701038705036 63.2560191653028
4.29263510205673 7.08355858515049 14.0951305203471 29.8260697319569 43.7583880713934 51.803087417068
4.90537486437173 7.89344780835479 15.1522872554164 31.3151015866255 45.718826791115 53.8045368720625
2.97146382528133 5.32629716278975 11.600447178149 26.3119963306546 39.039802804467 46.985282021964
9.83425296909355 13.8189809720414 23.1634300767732 42.4103739087505 58.7612228634049 67.9408470829589
0.0220856249064798 0.688218484557186 3.26125529324031 12.5559046750353 22.088322612729 27.9809645644449
7.00261623272724 10.4552436528401 18.6678131723664 36.3281828889731 51.5824193585584 60.2057308464456
4.84066582227841 7.89639729681498 15.0016553407439 31.0049990764082 45.7883885728742 53.5684254254882
0.00712184337451919 0.458399759432143 2.593349156504 11.1568526574299 20.3535082280062 25.9630792605842
6.00402536348759 9.30856694350412 17.0751501692048 33.8807923069328 49.2319209229581 57.3263397538792
0.190236015174227 0.2816350806219 1.71207733805854 9.19889427040521 17.5671804525959 22.9054900930055
-0.00878924082303808 0.536012984613722 3.02896181092991 11.7794494528474 21.7062439540654 27.1459902047586
7.81217856192298 11.337939760655 20.0540103726 38.2678583793032 53.4615955991925 62.5475353616909
6.52551866840784 9.95293059448055 17.9378107080362 35.0831566320588 50.6829140643271 58.8778359708387
0.0179073173691201 0.438330656823796 2.61405965204219 11.0445461985429 20.4729032763468 25.914683105896
1.32760633351127 3.10613156473917 8.0166123680608 20.808310636216 32.4177692748556 39.6096797707341
0.596372192817925 0.199641739425445 0.912536308440237 7.02719684578901 15.0733068747393 19.6444670667257
6.45689713905647 9.75347891493882 17.8205702860044 35.0687263945317 50.0548460689841 58.6098744181637
3.29843212530679 5.74961915837577 12.2653650865789 27.2469560603669 40.2614048157062 48.2660261250825
1.45034741515737 3.27558480305359 8.34929178771529 21.2890754109653 33.0651398067057 40.3040304014314
6.48961019118783 9.85107418597363 17.8888601390907 35.0601438671498 50.3730954455871 58.7405000437567
4.06030949615359 6.79810866576348 13.6699753566644 29.1743148417846 43.0564250023056 50.9857914349777
3.57883156274488 6.26625827726269 12.7557403826902 27.7284270599118 41.835215537689 49.2896367994439
0.077848105766342 0.326090096879341 2.11268592878746 10.0662557032108 19.025229224854 24.3523113478039
6.28188086628613 9.54297982327685 17.5077986312193 34.7699886055908 49.5098116641379 58.1280552578799
3.33993616391761 5.96308452311344 12.3126681315384 27.077032526514 41.0702703525987 48.4404539584104
0.838610609128714 2.34612340050034 6.77118010653833 18.7692898978599 29.7810337382029 36.774545283211
0.187820082444934 0.233562115177537 1.6647682111047 8.99677482081301 17.6764924280862 22.7491717768507
0.240426945733087 1.3155734701396 4.73162541583224 15.2602349144533 25.6073518132529 31.9304287321281
4.2403443172019 6.98941858164114 14.0090183696758 29.7420017165587 43.5010618145848 51.6311326780058
10.6086444167386 14.9854173667536 24.2274823073143 43.7884186910911 61.2634313735998 69.9711347720938
3.80980410270751 6.62987449991322 13.1670378342223 28.260301083006 42.8003817971861 50.1171451580374
6.15371656688361 9.41091418842203 17.2685813033561 34.3989225137892 49.2183206760203 57.7032209614307
2.78549354006959 5.22499887465032 11.2758221321647 25.4139673351496 39.1830461363148 46.3184866746734
2.95017155144807 5.47284937345112 11.5757651957755 25.8648280815626 39.8712540615889 46.9609595620935
9.6602407902242 13.6737179955355 22.886917204233 41.9808054561955 58.4962280421757 67.494342346038
4.70453063742811 7.80346335979826 14.7267100703764 30.6051769432582 45.653456761382 53.168509874092
0.703966283862062 0.229663009764738 0.820130873314713 6.69875804359596 14.5635359048221 19.0991297465846
4.38445531481377 7.16670912214037 14.2727693046521 30.1352495553435 43.9342095666763 52.129331551835
0.775864883171193 0.241396254651795 0.737665049428236 6.44746610124678 14.2178925776418 18.6944763410096
0.0493416763504466 0.387995607150102 2.28409950515738 10.569506569104 19.3855922258047 24.9812284794371
0.897389923700658 0.325472224473161 0.710059204275149 6.24860120106605 13.7550979114013 18.3044461027872
1.22202663804923 2.94974196309407 7.74829801056428 20.3695537431712 31.8860717382513 39.0133247067957
2.74474414818975 5.06035023537883 11.1463476949446 25.5170834533682 38.4506087310163 46.0778255604953
2.67850659801623 4.97535281920781 10.9970902832362 25.3333638275267 38.142486998001 45.7919784740833
0.901353981120195 0.31113705457367 0.675558145511311 6.18167082099833 13.7774667686738 18.2277591728514
0.410130880446021 1.66079011396104 5.454951288578 16.2045017902844 27.5910619607565 33.632025351985
3.03464817451614 5.58731967235982 11.7379215167372 26.1096778691147 40.168438075921 47.2844557902609
12.2975417396706 16.7554134312045 26.8159175790072 47.3150699053396 64.635280098019 74.1055375636701
0.0200931019070732 0.770523149125522 3.50381793619776 13.1101963186058 22.5694785299188 28.7066446427413
0.822750638018425 2.34835629181501 6.69924715790661 18.6603800702137 29.7630697567563 36.659760071054
0.0184153012661861 0.600470303181098 3.10590267234499 12.0157612682971 21.7504920761761 27.3693912107234
10.7752823361924 15.0292493643142 24.5490699158604 44.2532240172855 61.2616713846928 70.3669748028616
-0.0097569735839909 0.490551794807285 2.86568357966278 11.503391659028 21.1953159390295 26.6709297223018
0.643793356018265 0.245958001890004 0.898698284965025 6.91833984629923 14.7845039585514 19.4379524603872
11.879566334808 16.0578566269503 26.3190048225038 46.7937184452316 63.1930748981983 73.1705066896559
6.09644762416357 9.33361406526913 17.2176698331548 34.1944166786582 49.1201685082525 57.5299947946177
3.30903875837148 5.83536830888934 12.2719641080801 27.0548776230754 40.6097144120565 48.25399848974
14.9946202945141 19.5525612976878 30.9044015742774 52.7681260346029 69.8765767903756 80.500351845975
-0.00270202602224657 0.576228462378015 3.13779204836983 11.9862015991791 21.9893622880778 27.4581051244341
11.9875916468814 16.2635215982122 26.4156293855059 46.8945357249836 63.6332071061189 73.3987500106926
0.389081374395828 1.62088706302586 5.32926533676018 16.1244781968185 27.3023353796299 33.4078777973703
0.0299960925601445 0.747703220774891 3.5830157512814 12.8243352051846 23.1366334069652 28.7206033554305
2.26368805676735 4.40503743179753 10.1685302560435 24.1492214485617 36.5058699701636 44.1358121214737
3.97183831487115 6.77529205944444 13.483750610445 28.7839960079864 43.1342449601749 50.688839249917
0.933195188808601 0.298196358587087 0.609517167565358 6.02120350912573 13.6428650830193 17.9920665530141
0.216302895973393 0.246974810183288 1.62341086590864 8.89233403648078 17.4098712202998 22.542457027636
4.59879641831485 7.48548106952827 14.6095058435312 30.4858450979494 44.7266215082925 52.7328856112464
0.483035346124629 0.222397562145392 1.09479703382408 7.50201961513488 15.5688755772775 20.372898934253
6.35395173912274 9.5479047682029 17.6527286523819 34.9704948542703 49.4845203790888 58.2959184110443
12.5941749528481 17.110599661059 27.2525637643714 47.8784863902888 65.332940727067 74.8257313712366
3.65871726741006 6.37136352956679 12.9269688892182 27.9086424033561 42.0857740132924 49.5587368836114
0.0261079738769095 0.717053120022078 3.50008843056765 12.6723391182747 22.9051907062853 28.4809772370529
10.1015606509365 14.3983112422364 23.4687498717087 42.7479357252204 60.0954864508384 68.6904645415252
0.645321411406079 0.266778449614751 0.934002237950251 6.99289238555839 14.7969963961707 19.5245780558944
-0.0018005149188842 0.603404217567404 3.03624237614244 12.1951877870362 21.3099052930208 27.3359533387331
2.78353329738359 5.19997502730347 11.2805838449484 25.433712885516 39.0727666476306 46.296929101869
0.212150035142777 0.233805033122813 1.591087245333 8.85988230606481 17.4687201661973 22.5139219454485
2.5612374612085 4.85557132029503 10.8061514869369 24.7977751412954 38.0003943237407 45.3222378833524
0.692436045924848 0.209941279527225 0.797911995358487 6.68745163937166 14.6239344186684 19.0993479324187
0.480666381940293 0.187070678649657 1.05236534819106 7.4512594918877 15.6627117040942 20.3266950293205
0.252048721996177 0.220905930619843 1.49277980115441 8.61503481730459 17.164155814371 22.1380032764734
0.105046974565853 0.299966503929573 1.95082235103426 9.73295295129613 18.5905700798283 23.8440262997872
0.0294288799701307 0.458144665584317 2.54084117687418 11.0464064064842 20.2316659871871 25.7980645342755
0.0363350626012546 0.684075868230351 3.20294844813629 12.4124096347413 21.9100017059157 27.7836068945793
0.112276332771139 0.965498669444296 3.92048185906567 13.8048120117557 23.6073026064795 29.7750954044212
0.249490422747132 1.28882656594319 4.66955826890812 15.1768493671585 25.2386910018623 31.7037830321614
0.447834329993753 1.68666888219389 5.541685279582 16.7216039231871 27.0605039810951 33.8561750116613
0.682053893218722 2.08535044139457 6.33250299469862 18.0476943553213 28.6822725800449 35.7065982126942
0.942623200592657 2.5044861643185 7.10481238325282 19.3245907537491 30.3003367442136 37.4934168777111
1.26146826659432 2.99306327757165 7.93690223605883 20.683226769136 32.0679109876291 39.3916567651397
1.62489921411085 3.51913233807817 8.77963933540916 22.012550404364 33.8048462153668 41.2321184939646
2.11993266379598 4.20701511723106 9.8698969871792 23.7144275294315 35.9029271333068 43.5282046567821
2.71216752821258 4.99125605123913 11.096818159323 25.5832483653377 38.1268349352628 46.0067527472675
3.3409353785962 5.79027116714584 12.338764966707 27.4246304352089 40.2759865522849 48.4230328149288
3.9622125872798 6.56959910435599 13.5231764432411 29.1510649788505 42.2997075837816 50.678627656168
4.58207522378718 7.35164857455894 14.6444641452141 30.7842668542978 44.2762711894896 52.8124265171027
5.34491584897959 8.2963510171987 16.0137449865868 32.7772879303995 46.6023575255168 55.3836977454143
6.05398210980192 9.15167720162025 17.1963207880329 34.4213126855849 48.56674716051 57.4979813308686
6.93911441130668 10.1950422352376 18.6630195953404 36.4558141853767 50.9046004409462 60.0749560608749
7.97226495079453 11.396102163765 20.3493902572489 38.7726624247175 53.5217658890458 62.984433720374
9.0794544889936 12.690943395744 22.106232601694 41.1683029664483 56.2758576774926 65.995141942539
10.2031799534894 14.0147929648894 23.8482056562162 43.5214090255409 59.0343103052397 68.9613739319578
11.2706456527486 15.290030797339 25.459050248573 45.6788428043658 61.6473369444725 71.6995594676796
12.0736747257742 16.2760479037797 26.6093035811921 47.1849211509967 63.6188246775002 73.6463700950197
13.2152403019716 17.6120165053268 28.2625915458198 49.398131584176 66.2420847075351 76.4015042990886
14.2724924197066 18.7847619383443 29.8136278759615 51.4452626230374 68.4793614577967 78.8870414087147
15.1806004979858 19.7340036751732 31.1813804576779 53.215892584193 70.2359454154741 80.9852708658883
15.5325239943523 20.0830307539516 31.7248753223632 53.881362822169 70.852520098918 81.7668202155689
15.4442574043866 19.9957897395972 31.5944827739331 53.6757444200109 70.6825552109141 81.5425242265731
14.6673003653216 19.2247119828036 30.4075879501233 52.0940282061393 69.2682005848197 79.7268274835758
13.5466175932804 18.0921988952215 28.7021887033161 49.8143429418234 67.169258220388 77.0885462501136
12.3605334355359 16.8688925921499 26.8953472898626 47.3969918697488 64.8778308357968 74.2633016272112
11.0723338137835 15.4971516564195 24.9291293653616 44.7415949354394 62.2583194545859 71.1187244124724
10.0706244509653 14.3750976314134 23.4165051047269 42.6793344987271 60.05954499938 68.6195298627351
9.06082615365451 13.1478157618003 21.9054464770367 40.5794466996185 57.5484187384529 65.9785403720967
7.95298644051055 11.7756171756204 20.1986919605918 38.2061915673746 54.6779843519569 62.9615467156887
6.96155602844469 10.5315953972392 18.6262875989539 36.0320433532301 52.0062785340725 60.1604776781639
6.14987893743691 9.50390152717994 17.3164730055796 34.213312053387 49.7040877132924 57.7824481019186
5.42175570162125 8.59244949096771 16.0827627238295 32.4872395795667 47.5782048622872 55.5296576274662
4.65285378929728 7.64543606814837 14.7276726045978 30.5624357488035 45.3165601849941 53.039236164443
3.9428178937703 6.76086719682771 13.433076321489 28.7083345037272 43.153344524241 50.6311447345056
3.38719512205131 6.03995085340297 12.4014332706534 27.201934559839 41.3061650223631 48.6382313717771
2.85799435011071 5.34234779954958 11.3923553963481 25.7027114481803 39.4589678415768 46.6429847649729
2.39243034598609 4.70817912243826 10.4471983259736 24.2753191484475 37.6900850636058 44.7241943259287
1.8746943587002 3.98639826524994 9.32102260893712 22.5250471216328 35.5884871675824 42.3813401992799
1.36425785280573 3.25238817066663 8.14861338948447 20.666626836683 33.3596928325422 39.8831141890046
0.999668277823965 2.69240299117693 7.25231193206422 19.2218766978449 31.5213713806898 37.8908858011785
0.715343507620588 2.22817073949803 6.48945635589888 17.9713228954715 29.8549004652669 36.1286700763389
0.467528291879565 1.79813217363248 5.70682088187479 16.6967826079213 28.1923476619963 34.3130830682551
0.272539915804088 1.4236037355254 4.95513763739155 15.4709461828299 26.5601725023512 32.5236612778716
0.114095246948684 1.06792811282823 4.18826558062138 14.1772540660918 24.7647012640005 30.5946056140066
0.0168022465559742 0.699231090967734 3.27824245826208 12.5209027883703 22.3380073477383 28.0570125283437
0.00779571483898481 0.415513799284103 2.45416345854509 10.8977464582201 19.928711489316 25.545207467993
0.0209135790217137 0.370436894452164 2.28823039619668 10.598884191489 19.3415014471548 25.0181788582742
-0.00763542912686384 0.509326303889315 2.76256244172303 11.6400573228108 20.5551350220295 26.5098190298723
0.00763829243059293 0.713788143461868 3.36449645604731 12.8421576816133 22.0539385454453 28.2625447405831
0.0609703357866142 0.931237608945654 3.90983744346695 13.8973542781724 23.5002543295807 29.8264222596635
0.156309999726372 1.21198184588265 4.55587596274818 15.1119729698897 25.140481632533 31.6106679561097
0.32809959139968 1.54150507003409 5.21539140703983 16.2285595442072 26.6405389967726 33.2317184555976
0.59513903045308 2.00262468048957 6.08565718525127 17.6869022875667 28.5045340923455 35.2922025427272
0.949704575462462 2.55511671674581 7.07120813555563 19.2986647289205 30.5256605851456 37.5309185489254
1.36327398270299 3.16342085933865 8.11844587524437 20.9866290332621 32.6217971010422 39.8483004451153
1.80642090418449 3.7883078006428 9.16803657685137 22.6360123446297 34.6462143085949 42.0920968270757
2.26324282331843 4.40436412091887 10.1732870300312 24.1619309110049 36.5057243293678 44.1484259060576
2.76916677469282 5.06727663178268 11.2232789088419 25.7328589438641 38.4030112103134 46.2436456542811
3.28080163101093 5.72463481783345 12.2335228805109 27.2061125661305 40.1888584138431 48.2034902475953
3.87405583659198 6.48836652837163 13.3584604940489 28.8496018178339 42.1914351422173 50.3753536526356
4.53401471678608 7.33351216373014 14.5612798692 30.5932137569989 44.3247092090748 52.6680485041933
5.27778063551766 8.2736886600587 15.8471407811138 32.4286967484415 46.5670554167438 55.0626976125945
6.07309535551336 9.26782297866001 17.1883522079655 34.3376793929752 48.8765003893369 57.5348693820129
6.97899858114189 10.3480508708523 18.6768723263935 36.4444895189786 51.2900519804853 60.1973648373968
7.92562366518783 11.4273037158765 20.2341626306629 38.6276575781385 53.633821922547 62.8978426754625
8.46125270054386 12.0145011505971 21.1241974517747 39.8351043972234 54.8672103179541 64.3745430476235
8.55143828233901 12.1184074902455 21.2832663713691 40.0297857393864 55.0890548167494 64.6268372865421
8.36538880239583 11.9267418718891 20.9834399623494 39.5833679036381 54.6944344764844 64.1118656895264
7.8382099183832 11.3664231856896 20.1003397706069 38.3309756977516 53.522294985631 62.6243825008644
7.13660484704224 10.619598000581 18.9035787785377 36.6527740722567 51.9531671188681 60.621861699626
6.33842222714185 9.73935367223042 17.5293896035276 34.6989041225425 50.0499977003819 58.2607577749035
5.51846025735132 8.78238010505555 16.1211226191283 32.65058484284 47.8967680052516 55.7295696273346
4.76156620480238 7.87697573782733 14.8224132702457 30.7470879742099 45.8279151835396 53.3525607428159
4.00659981527266 6.90935813898862 13.5050876983798 28.7733891126268 43.5084267407672 50.8145720737857
3.30249878296507 5.96377175826974 12.2341276917268 26.8583111853941 41.1544416259348 48.2969929319222
2.73275295621661 5.16958011113267 11.1642109765222 25.2423362752594 39.069354198422 46.1232808881663
2.23572390465826 4.46473406155592 10.1577986856408 23.7039481551945 37.0828218262165 44.0331864467292
1.7053857405756 3.72493521474293 9.01629824287034 21.9597259967401 34.9456542784993 41.6841020363347
1.33295721795762 3.18277175920001 8.10624326956967 20.5546438657768 33.2068375284607 39.7508798631317
1.0034603092781 2.6807790524214 7.26372786732822 19.2031526232626 31.4786345674113 37.8706967712866
0.696281879240762 2.18529444481572 6.40699436384442 17.8026168434614 29.6955095784239 35.9147326668122
0.439780663523451 1.73250978169034 5.59266934147937 16.4417554270736 27.9478230027097 33.9932531422599
0.234327875703011 1.32149840912012 4.8185550327367 15.0911239091077 26.1785642969869 32.0575714298882
0.106391679710514 0.991147972933552 4.13229075533154 13.8406656198573 24.5029521841536 30.2248420672472
0.0116964690096491 0.686052254540072 3.44061783945421 12.5557424040261 22.7973729403524 28.3307401258491
-0.0173315474942305 0.475699618943028 2.87198249503468 11.4693616203807 21.3165921112845 26.6924830683721
0.00405946631209374 0.330109023901668 2.38387397704318 10.4986091101219 19.9640942830965 25.1998936059894
0.0853623255195869 0.238707931694 1.93652355883854 9.56569185558445 18.6693404801408 23.7384468376351
0.210648504651025 0.178652688157128 1.51116515970616 8.60634220507925 17.3227190454714 22.2228941418271
0.380964629356011 0.170230076338798 1.16412289687643 7.73424327720566 16.0594609091805 20.8176391488353
0.614015850641794 0.206675249366317 0.86217549144767 6.86688477732523 14.8256451160941 19.4061085897933
0.874821171049109 0.273591454394197 0.634564562355527 6.13290952999006 13.8170722496831 18.1902528206743
1.0838271539375 0.341176410451474 0.502779856785946 5.64558480478623 13.1410973588953 17.367436220246
1.25716337785129 0.394986394314789 0.39877925689348 5.2523685839693 12.6027972448801 16.7035438481485
1.2925937352424 0.404751584875591 0.378538710514588 5.1788357481727 12.4841248925626 16.5731597161982
1.24065123698311 0.384129204172598 0.394619337749261 5.25869397496928 12.5656110443225 16.7129356644686
1.12940117735545 0.340903021836517 0.438315280184216 5.44655179340801 12.809176465427 17.0457885946351
0.9956777900667 0.293082394694453 0.527350949944415 5.77190395743274 13.2833233402443 17.5940467503755
0.858053516569361 0.25020377245783 0.644045089033443 6.17665345693743 13.8890325743475 18.2615742127875
