5.76263975122611 11.3579138619289 22.5478343544229 40.5781793849363 53.4307692985461 59.8579869308169
5.41415104528874 10.9468517812523 22.0065474222122 39.8335496299116 52.5425401852213 58.8928141562799
0.741918838411262 5.32164913345009 14.4959420417958 29.1590133186079 39.5375480330047 44.7355207513929
-0.506258209347256 3.68458750218383 12.0801686197138 25.5533132181018 35.1236698196657 39.9172423086014
4.15114993173287 9.56081356391615 20.3905748007615 37.5473021430388 49.5926631902259 55.6202821351593
7.84566769252309 13.866425100477 25.9127196973391 45.121868107739 58.6848745018773 65.467702145644
-2.75185592586705 -0.172958792054776 4.99043221486409 13.8501623120086 20.5007763315985 23.8293013926151
1.1481588831155 5.67245855025998 14.7138599406362 29.5714742314272 40.3403514148109 45.7209424652462
-0.127773626773461 4.15406755886491 12.7302905910623 26.5356640104409 36.3682460795388 41.292335767713
-2.57290346026352 -0.627585537300303 3.2676405286433 10.2479215678788 15.6627051210639 18.3737572388034
7.64068051215158 13.5571420195026 25.38308416367 44.4252081284018 57.9892805194405 64.7679124835886
-2.04911828905815 -0.566951788158937 2.38715054212269 8.15814052872942 12.9028408259155 15.2720053698573
-1.33226386361129 2.42269444278021 9.94490673979764 22.2878148261615 31.2239057650675 35.69861605401
5.1526577848042 10.7882898917039 22.0706314669556 39.841364589151 52.2549019542109 58.4682532242932
-1.81478241644462 -0.504593353614202 2.11706932900865 7.26912571356672 11.5173332807144 13.6427557382077
0.33626725727474 4.76817780078328 13.6488167856072 27.9189595228238 38.066938944139 43.1507104699572
-2.66493270242028 -0.333608141405714 4.31792213986301 12.6716521219326 19.1579386712349 22.3954200644608
5.15407447332849 10.7207001038863 21.8638917855575 39.5786039951435 52.0573308281124 58.3026218955018
-2.55538661294399 -0.591129092824052 3.32935451067747 10.5322664791001 16.2180035745138 19.0575647929036
-1.93278740228163 -0.538826276114348 2.23641645470769 7.78460402861118 12.4116395917588 14.7215001713249
1.88809745735145 6.67120562621703 16.2410043892891 31.7562065047509 42.8743596540134 48.4359663554256
0.996723574040504 5.61013269938435 14.8467145928459 29.6839825761527 40.2318597698553 45.5115181492863
-1.79862746496679 1.5311258178921 8.1783198486632 19.5626462055022 28.093897801724 32.3531401597983
3.06705397859766 8.23952856678047 18.6007048531381 35.048761317977 46.6195123717129 52.4145069655471
0.710932617430095 5.16080197071745 14.0637080315923 28.5777469563052 39.0284839746868 44.255662928318
0.715948533069211 5.28331469735213 14.4186976188707 29.0865002934024 39.5058572056434 44.7144848341438
6.70133201944074 12.7394754637895 24.8288903570818 43.5273403190719 56.3716252951109 62.8024482121677
4.48404014084055 9.90682071834057 20.76529521905 38.0861931648309 50.3225784440201 56.4476688869674
-2.40881817419794 0.487913493896269 6.27390159121883 16.3040049758967 23.8928342631071 27.6841120016369
-1.7565424642477 1.9030008816363 9.23147105586436 21.1438805048496 29.697318495258 33.9778628126216
0.472012592491362 4.79442641468831 13.4330406041895 27.6888211477222 38.0579840686421 43.2388463425785
-1.48178498517504 2.29512490698563 9.85951233367929 22.1558493826058 30.9842944329399 35.4020965515922
-2.39003411459887 0.45471436884526 6.13083591956121 16.0674586509876 23.6424741736388 27.4240441510789
-0.613304077616051 3.29634356795217 11.1046277792209 24.1777093896968 33.8007296733185 38.6071576901515
-2.73262420245725 -0.544365461350768 3.837258549652 11.5187576754695 17.3801142201491 20.3136139582923
-1.97996750299723 1.44132784515063 8.28956986840907 19.652481421634 27.9554247096123 32.109903763984
-2.19520704914917 -0.614822097996173 2.53734406038215 8.57223565465875 13.4700534296965 15.9164858737337
-0.471627546460221 3.50810241883174 11.4580468350281 24.7247833952128 34.4636775196119 39.3286856333553
1.91804778931426 6.65332172154611 16.1182857643672 31.6067311296369 42.7924160207843 48.3826040303735
-2.68962245424979 -0.696391894500605 3.30775049375986 10.223799814363 15.4406065008124 18.057130020586
-1.82865322393311 -0.512712611577828 2.13027759693631 7.03940422874324 10.9404192979707 12.895303941237
-2.72853060662147 -0.271498028700808 4.64288296182443 13.2278833781835 19.7594997551718 23.0252499317557
-1.60438420469523 2.00455801489464 9.23030389516451 21.2028613484359 29.9377605411661 34.3077610862252
-2.37516541899917 0.829956706234325 7.24665056695424 17.8885095872843 25.659334171822 29.5467523716458
-2.79631224979157 -0.163834008641707 5.11108993529337 14.0665752785689 20.7301157212178 24.0658289161241
-1.23594268325139 2.4448115286908 9.8008064887671 22.1236861669155 31.1998768172608 35.7355327651648
-1.41998110832924 2.14799082373509 9.27464237641134 21.3221919311424 30.259856975803 34.7248629178956
-2.30857257542647 0.88144206758181 7.26812879841116 17.9552411782401 25.8163079356455 29.7489902125637
-1.02028779399849 2.8782223777848 10.6861210101618 23.4638362806901 32.6940800971737 37.3147229395984
-2.17181533348972 -0.650159850819611 2.39507972373606 7.75300435048163 11.8482321319787 13.8940341769546
-2.39608535010045 -0.630774208954626 2.88960918699385 9.5249472204419 14.8527244500558 17.5123101419804
-2.88049806281738 -0.227395797250379 5.08804195894961 13.933004572759 20.4092412165918 23.6508803859633
1.09109725723232 5.83354865960665 15.3086773515442 30.3566336598308 40.9428203743768 46.2291243608323
5.0029071033742 10.4245571307386 21.2608378509408 38.8243250874518 51.4085502606918 57.6980729602563
-2.36400887523039 0.762362939757949 7.02037036820951 17.4949238395423 25.2044211905203 29.0624394843949
-2.82187605430642 0.0892474610474932 5.93303431652764 15.3995356793357 22.1786712164586 25.5803593467259
6.42363011625394 12.256119887255 23.9320889434842 42.4276533689607 55.41205148782 61.9097034407809
-2.68037156267976 -0.32522142286016 4.3784393793593 12.7435510386308 19.1932570192703 22.4142365208126
-2.15860747956185 0.990801153711193 7.28371724464298 18.0238957129316 26.0499354192237 30.0589886700636
0.729498097790192 5.31992741668241 14.5069411937881 29.2055999131255 39.614318530581 44.8202470447712
-1.38195393347315 2.4129278344206 10.0047495014659 22.3511655379955 31.222194140355 35.6595412398285
-2.03309447815999 -0.594104619477069 2.29320542187907 7.67915596031958 11.9719698136931 14.1218969755781
-2.68165950603178 -0.63037955583013 3.4776427540847 10.6476725947907 16.1020097351065 18.8331888985226
-2.71812486929655 -0.339772929522045 4.41382434925561 12.7934321849924 19.2123920436758 22.4203730191887
4.7319720038787 10.1138718526779 20.8754296444599 38.2814505459405 50.7282381552189 56.9498286474481
-2.79130837061922 -0.652286095744717 3.6418650154746 11.0592441667268 16.6531868194489 19.4565276345483
8.1457773353278 14.1838196886118 26.2590042094635 45.5784649246847 59.2625162762915 66.1034773205787
-2.21886288405498 -0.637166747601386 2.52599497981383 8.52185672251342 13.3541254245476 15.7712352324453
-0.382493619117734 3.69353740613139 11.8439910928155 25.2798934311177 35.0440144605097 39.9257831533714
3.25836142120028 8.6149687213627 19.3330627454296 36.0211318863202 47.5520847691757 53.3189604767698
-2.80654270919077 -0.456091576855342 4.24934006301834 12.3916863549692 18.542816690207 21.6207396233702
-2.75015643304182 -0.404149031251386 4.28957783455153 12.4957805325529 18.7439368271617 21.8691680531771
-1.63836175320454 2.06445187956786 9.48104901336156 21.5515978404056 30.2258969100085 34.5664054400082
3.40830916428656 8.67351530385633 19.2165634129953 35.9026799728325 47.6083162134123 53.4687139349983
2.11437675738238 6.88126512197082 16.4049746931811 32.022002385215 43.3205947243126 48.964844966898
-1.88243349116901 1.64217919218708 8.69762444420324 20.3100614792795 28.7367078476148 32.952465599085
-1.01178386225396 2.73949950662141 10.2326336927686 22.8280348453692 32.1278149952677 36.7729607941448
-2.85438459295412 -0.690972979508181 3.64430010424198 10.9621272638709 16.3820220191314 19.0943188865147
-2.93900473251048 -0.205131903300402 5.26638014613604 14.1421879880699 20.5096484682238 23.6984582507971
5.50858917749274 11.2737640530625 22.8162190612563 40.8264666582436 53.3008876397656 59.5474358208931
10.2842751553696 16.7437458165039 29.6705706144317 50.0682918725667 64.337800936054 71.4767432554603
-2.29861094387245 0.85486080700406 7.16727440257282 17.752913527516 25.5563866207641 29.4615594850278
-2.43619183882534 -0.696955577464799 2.78796085175115 9.07798553666581 13.9794642640807 16.432997124426
-2.47595893287496 0.592250154982808 6.73420496855466 16.9848672523582 24.5113404402019 28.2779860038042
-1.79249449360877 -0.487945475033387 2.13898610583189 6.82740416831106 10.4483373632843 12.2641345576516
-2.27676317651674 -0.612762173272722 2.70623673657048 9.01311978014555 14.1072032152153 16.6510739894708
-2.4131829474649 0.807324404469284 7.26068149276822 17.8751516498145 25.5725016076419 29.4255685327646
2.60723054055829 7.70741995027898 17.9106004692179 34.0822860487072 45.4404442068023 51.1199143975635
-1.74211387162284 -0.468456348964054 2.09701711895985 6.67749784713272 10.2160350890441 11.9908576784179
-1.56386585705147 2.28724265526215 9.99236492256677 22.3156491666043 31.0389561035087 35.3997830442541
-1.60030371361948 1.86172447439452 8.77482298939024 20.5172661353322 29.2616062119244 33.6287845183336
-2.50574263356382 -0.710963316684048 2.88771168748769 9.31286436209637 14.280069292955 16.7672902700463
-2.71739715461214 -0.147704862836218 4.99117218833594 13.8943253993868 20.6261380387033 23.9914465700582
-2.17533441462141 1.41189437358215 8.60037926075204 19.938291623097 27.8708542911735 31.8477666255371
-2.5551629108023 -0.581145341424065 3.35724415682225 10.6032305832541 16.3280089650252 19.1863379920712
-1.63760810075909 1.91985185307219 9.03672542256775 20.9062129393807 29.6137803051612 33.9682424705681
-1.86143266400307 -0.524958858618678 2.15726833973437 7.20817847420118 11.2604530700821 13.2910837770506
-2.10170197710171 1.27164021838896 8.02822684262993 19.1818474004391 27.2959420903716 31.3578356695172
-2.20473156252262 -0.610446151049671 2.56931999559948 8.67077853633332 13.6286606366293 16.1043431137111
-2.64456874065263 -0.0890043240729871 5.01444599803154 14.0008801604064 20.8777491099974 24.3117900785195
-0.904601943104857 3.14226739444088 11.2343968562089 24.2536836548451 33.5222853866754 38.156907770974
-2.69031733557309 0.29740148276691 6.28284632830554 16.1491472752237 23.3182619996168 26.9069360213385
10.0287605196166 16.4256234905612 29.2255662645411 49.4922921580862 63.7141303953012 70.8283122634787
-1.79532296854116 1.83481025602883 9.09858713887584 20.9402141022884 29.4619112719255 33.7223082327443
8.32086692864451 14.3377200968083 26.3605240422251 45.740974464616 59.5585798713754 66.461316322779
4.69661036321204 10.0958673700092 20.8969908237953 38.3168486328906 50.7432618186564 56.9588827256524
-2.61760282043044 -0.507527413866034 3.70368737174807 11.3424877607456 17.3167549461159 20.2992328441234
-2.75456895182097 0.0643860989507973 5.71376444650639 15.1695344676041 22.1249167412855 25.606643343871
-1.74217808438309 1.92895312491675 9.27760686594308 21.2196095447902 29.7901895199197 34.0763490730858
-0.387826303743759 3.69923120100564 11.8745842943783 25.3136231744148 35.0569106269452 39.9287948519868
3.95677616838436 9.29727061510303 19.9757633437685 37.0193488227686 49.0623920044374 55.0807050706137
-2.64309393231318 -0.736185204889453 3.08991745771981 9.7292271145816 14.7536593418079 17.27025579775
-2.31594104992656 0.806984086905335 7.05773984860207 17.6137660783969 25.4365933885222 29.3501666660259
0.127716259151735 4.36954949566007 12.8524347094738 26.8150833564243 36.9485146538722 42.0146915005721
11.0399827642411 17.5596002540961 30.6008964280334 51.3068588055272 65.8730969182824 73.1561892940654
3.83663523891652 9.11283104484896 19.67023813018 36.5739541453235 48.554067266681 54.5461983963562
-2.02597240290821 -0.582186864566243 2.3017970992985 7.89088237127374 12.4608434263052 14.7450221578483
-2.79212997650632 -0.561339511421126 3.91058215625088 11.5641576835442 17.2979826881282 20.1711470368648
12.3824782452226 19.2366280099434 32.9712351271798 54.3168458502934 69.0474214878784 76.4292069632782
-0.914948680194879 2.99244968286371 10.8122246315243 23.682276440297 33.0216872643436 37.6939447090652
3.92588778939772 9.16112398807472 19.6325425295152 36.5637958573699 48.6689104365226 54.7229832569799
0.522759517388413 4.98038580510174 13.9036829048843 28.3501465784522 38.6865687841412 43.8575879443489
-2.65073446603912 -0.40751469698981 4.06867598425282 12.129942408761 18.4018944994603 21.5328478587722
4.73938584609411 10.1144193461246 20.8582746735778 38.2669047453692 50.736551156789 56.9689681837718
-0.0937716720982766 4.18005451277446 12.7348660217642 26.5897429011332 36.5072276626994 41.4687656033388
4.26530707289421 9.67800756210773 20.5006231440434 37.7426527401693 49.9063165116358 55.9850967405025
-1.44870824739505 2.29010704569322 9.77821141886815 22.0051118794922 30.8211048976392 35.2353797760081
0.94433898240865 5.67225331856604 15.1312987507107 30.0253638402208 40.4291962865035 45.6354147436419
12.4840501892515 19.3923691303208 33.2233178459773 54.6249386614622 69.3342692187267 76.6998440890169
1.75364924003951 6.62751379245491 16.3893441069942 31.8975025052279 42.8141375976188 48.2810543903199
1.57231718594875 6.38137388555397 16.0091434780122 31.3876145590185 42.2641978341985 47.7067992202716
9.38841788122826 15.5819422042613 27.9585133493394 47.8650940986331 62.0296920558224 69.105836236226
5.42863903727742 11.0659275286796 22.3576679835338 40.2560478968994 52.8317180340059 59.129478266263
2.8189256823159 7.90567407530868 18.0933894164224 34.3670085838209 45.8768592222675 51.6381257144226
-2.00672844293663 1.35231708111731 8.07928226032153 19.2738339527898 27.4750527730449 31.5811093886122
0.3762419977505 4.71876414890513 13.4041678055222 27.640968456106 37.9370579619921 43.0851949824178
-2.66587822792526 -0.57522185716915 3.61111083560985 11.0198142924233 16.713146281154 19.563180981613
0.0772400232803559 4.26514390517081 12.6329420185589 26.4949301373457 36.6099525409153 41.6633011779744
-2.37508760576002 -0.644617653757262 2.80996669996463 9.27847392517174 14.4509951199783 17.0357072140665
3.88295859482717 9.18020608030189 19.7841707792946 36.7106921975918 48.6769546730649 54.6656660643123
-0.225298738930346 3.85725091426895 12.0150414441562 25.5621553756922 35.4674540836745 40.4167897266344
-2.52346479812563 0.542254056139955 6.68119682172776 16.9286420636887 24.4498623432271 28.2125167818667
0.436447898553195 4.90257888574836 13.8467205095507 28.2001897350682 38.3966458054198 43.5024734991176
0.105542849708322 4.29086152756227 12.6518830222843 26.5279003746734 36.6679944114792 41.7327609432039
-0.882312320962476 2.92566346426165 10.5315573090475 23.2991111983956 32.7158152489208 37.4185458244532
5.47480091871774 11.0241146822872 22.1226563379132 39.9945939678359 52.7271040278014 59.0944959592743
-2.61781272492726 -0.062882082492671 5.03693802908226 14.0366422119273 20.9365325210325 24.3814602223606
0.0375646542295889 4.22378198614717 12.5902263805006 26.425786906737 36.507514767394 41.5458689828451
-0.752747947641452 3.09278833985171 10.7729900460407 23.6725815034552 33.1924252919928 37.9474270853785
-2.57938181816486 0.0634501065257991 5.33983591961539 14.5845867815277 21.6351337582944 25.1558816672394
-1.49998363877289 2.20377929260786 9.62303145450659 21.8110149824362 30.6406343919703 35.0605653371197
3.71276985016722 9.01507164804075 19.6128365484606 36.5055611451806 48.4288140476599 54.3854760733362
4.73167933888068 10.3092639549591 21.4673452733083 39.0416674156264 51.313680442817 57.4495273028659
-0.723596090577651 3.26440022298078 11.2446166281238 24.326283459333 33.7895679411778 38.5236592204485
-2.02267632006594 -0.591613525637173 2.27431119210105 7.70679474024004 12.0858289324641 14.2783936089603
5.11829492673757 10.8141853770601 22.2115951814794 39.9885157790609 52.2973604032618 58.4572602119696
-2.5940579858999 0.223971433362296 5.86310678465523 15.4814794070743 22.666357978988 26.2600833969547
0.0320606734003926 4.29983360549721 12.8405068795339 26.7761085759559 36.8177354215556 41.8419373106153
1.38471520657201 5.95936673191662 15.098832461788 30.141926115111 41.0600905761447 46.51440579381
-2.31353519896874 0.710447206429757 6.75313429850203 17.1342222389273 24.9331300335825 28.8302487767773
-2.55855565208641 -0.611601400378432 3.27957943309494 10.3363045582102 15.8567557910924 18.6165015132375
3.98506989175174 9.3311014814346 20.0206462502394 37.0819270633059 49.1374947610025 55.1620674819012
0.634211992760538 5.04702545747748 13.8733730404735 28.3049531879981 38.7221222710179 43.9310369496493
-2.79141064514797 -0.419203556128307 4.33348607193272 12.5080697600439 18.6558042148472 21.7340018277221
-0.324838336354425 3.80954125137905 12.0811367788747 25.6154265125645 35.3896522385662 40.2778876120545
-2.52570581483597 0.249457699790816 5.79365181795875 15.4033876546774 22.6729006876608 26.3046347013946
0.867864080711724 5.30469950408004 14.1701633821193 28.7788722580771 39.3918477945153 44.6940362154608
5.26483787396683 10.8288665989188 21.9697689769182 39.7481555583071 52.3136789463157 58.6031091703743
1.58728214810468 6.24297304002149 15.5515037021033 30.7873914817088 41.7935626796307 47.2949394659004
2.2302513966759 7.0217293199172 16.5946901070574 32.297243273004 43.6602724810369 49.3362510218911
0.12068307453368 4.48746836026368 13.2337078139856 27.2881693341908 37.2833146397144 42.2887998166372
7.1455201581789 12.9679305517023 24.6044159519983 43.3723973933776 56.7607031197157 63.4505243445119
-2.68197706187122 -0.199102425363495 4.76116163623847 13.4808018259281 20.1463358230912 23.4759511090351
4.28513256250209 9.57391385864472 20.1490422110043 37.2860985638487 49.559229066454 55.6931969799105
2.12478476185479 6.92036285482334 16.5074664361978 32.164389459054 43.4517060137941 49.0927921168189
-2.79079002979238 -0.46275965851919 4.19793311207152 12.2476643589845 18.3206407839581 21.3599725587524
3.1500289310962 8.33315800276979 18.7034854947031 35.2220489417624 46.8755934310571 52.7036373636588
-2.46794234074346 -0.592214014946959 3.14932185849734 10.1078099742002 15.6465490687849 18.4115932081059
-2.90850616880404 -0.384825654051214 4.66616985540935 13.13627142769 19.3765923601954 22.4969742380364
4.83508630491543 10.4810511491282 21.7891828713188 39.4150757052392 51.6102814897556 57.7186115892908
3.73293762505323 8.98509012392732 19.4960283035368 36.3584089450699 48.3298575625133 54.3185683791735
-2.70226402406308 -0.443499431199207 4.07083377543906 12.1116328252674 18.3186227562937 21.4210745356685
-1.50197444824879 2.21684219015782 9.65726749746765 21.805920756936 30.564667717171 34.9461629832783
-2.39591621351591 -0.716121040681008 2.65065361209753 8.42578702495066 12.7568851598586 14.9242748116679
3.77975103531411 8.93137051258548 19.2239942781157 36.0072659738617 48.0932670893327 54.1315451259103
0.373888048677229 4.89946879800879 13.9582404503578 28.334294650293 38.4457320736355 43.5070856455844
-1.35355444710899 2.41110870819837 9.94947823208043 22.2876260826473 31.2018090897769 35.6643488467549
3.76440917410922 8.95936704424606 19.3495164676558 36.1685436229764 48.2051261654074 54.2244679582362
1.36798789881257 5.95138082566633 15.1106280392714 30.1529562077009 41.0502229182055 46.4948758390414
0.780014850413755 5.29334792734162 14.328420267261 28.9824252445449 39.4839731149554 44.7378474006939
-2.60344637686823 -0.548558411563085 3.55171559355137 11.0498318229812 16.9469351557351 19.8912568649443
3.50750011089253 8.69046254290535 19.0634035526469 35.7408226335813 47.6040201336245 53.5390924536284
0.488820271667904 4.97464643611248 13.9511046737726 28.4024868266117 38.6922767740055 43.8382547675125
-1.96444794489737 1.47546716003142 8.36544992953896 19.7239613409089 27.9804212012386 32.1147023180843
-2.55416981451139 -0.652396450539104 3.15241100988126 10.0836795036962 15.5195591698083 18.2379840289769
-2.49503358902877 0.425333318421092 6.26676315873767 16.226914038337 23.6663901240273 27.386604302512
1.47507350821284 6.15640073137922 15.5246657271314 30.7170317436088 41.6061691526522 47.0538675375825
7.62564857839399 13.7900635650315 26.1255720507149 45.3449225061419 58.6318544419855 65.2764160432277
0.944227989757244 5.5711289054795 14.8366566065094 29.6965632377816 40.2421142540486 45.5193594353964
3.48859632731008 8.56477374527408 18.7045741288173 35.2891601249817 47.2603409163613 53.2379537986892
-0.0784644894881945 4.24073703286833 12.8879501047937 26.8160434769477 36.737863351396 41.7021168216431
0.0308061975194922 4.44464098045064 13.2679358226494 27.3630608006553 37.3298574503434 42.3089582775243
6.96580941963305 12.763090005821 24.3511824131779 43.0314451740012 56.3518579584925 63.0093443646423
1.70025324656736 6.66503787663473 16.6099216977919 32.1943116518788 43.0259301289455 48.4465821147454
-2.1476813957829 -0.642301202386411 2.38177850665763 7.93402151041799 12.3106419185282 14.5041854185434
1.57509446867655 6.32682409335174 15.8399016347584 31.1488946876285 42.0487821101993 47.5042807119935
-2.09621277131162 -0.629151086773575 2.31825702427795 7.71239126133849 11.9547187640343 14.0809945437194
-2.63551432681013 -0.497834224890339 3.77158019847237 11.4753072013707 17.4780373043273 20.476255152016
-1.83511941459934 -0.510670152439755 2.13631072611178 7.34021696119295 11.6326499158972 13.7790199824246
-1.56685437941874 2.06591576198735 9.34153173343363 21.3266158831437 30.0322501799187 34.3906595726183
0.0418810120681645 4.22765461252195 12.5936874330295 26.4374578223106 36.5294788235685 41.5718537362463
-0.00489223830555879 4.14558702764958 12.4398377823994 26.2059415050425 36.2667640029297 41.293235110055
-1.88581147261472 -0.540133899679383 2.15809507680038 7.34753369402954 11.5685212214027 13.6823687144827
-2.52695454943076 0.696564189183691 7.15156052188024 17.6461391305812 25.1818506577854 28.9516374770376
0.152161433252411 4.56174347714826 13.3912655847425 27.5657951824185 37.6324459973783 42.6684887713842
9.58746226677813 15.8306865285676 28.3125655674063 48.3239218945593 62.5215788719074 69.6168436817874
-2.8081237053777 -0.15395214639574 5.16462852497369 14.1120650965234 20.7253620141794 24.0383427204848
-2.03079271266597 1.43745252395033 8.3823624620565 19.7147815230333 27.8812846623488 31.9700076299417
-2.69450334632179 -0.276858961181913 4.55401223997033 13.0767610309369 19.6103864221806 22.8757324158276
8.08222024839417 14.0731249945673 26.0464497659763 45.3207574063802 59.0457640695663 65.90390475218
-2.78059062242947 -0.400689221953151 4.36463720144106 12.6682730201875 18.9744534076735 22.1306570612386
-2.1492928872758 -0.627511440859056 2.41904806192292 8.0911643886809 12.6076205887743 14.867622059053
8.8810323211416 15.2681318309018 28.0599069242611 47.8728630048319 61.5003370792949 68.3252865620485
3.41799109065083 8.48971945650762 18.6255932993347 35.1706739393127 47.0962356980892 53.05630758256
0.618073812294999 4.97997480829061 13.6970463966903 28.0798637066355 38.540414445999 43.7675267658962
12.0840641322319 18.8711595068279 32.4676640474745 53.6722311618665 68.351624559425 75.7038736458142
-2.88113258819043 -0.340383721466787 4.74921287880271 13.321523165754 19.6594349515811 22.8307232644356
9.22056260391808 15.4577739349915 27.9375239592218 47.8044128490333 61.8141034741454 68.821555079973
-2.42413712395934 0.686133831865104 6.91327061204394 17.3401265253582 25.0127892250163 28.8508673345685
-2.85261929603037 -0.170971133990237 5.19690834925231 14.1797030267946 20.7866561919859 24.0911597105821
-0.624714288183886 3.5301871852876 11.8473416612161 25.1932474502043 34.6726078991047 39.4174653845945
1.1700408425243 5.79692442269622 15.0580860769239 30.04766614549 40.7713128804447 46.1363905377149
-2.04586502865541 -0.595947122586447 2.3160905313706 7.42832495051136 11.329528662608 13.2828270002355
-2.49801922202373 -0.636280776364073 3.08506284552455 9.92568815723087 15.3271041602558 18.0278386851821
1.92101418746334 6.62252739152575 16.0178215480398 31.4629917677923 42.6635518696722 48.2612557590559
-2.26996196414921 -0.652679581213957 2.58360201398382 8.61768241144391 13.4275139789258 15.8337202403479
3.55862249600015 8.76520574913406 19.1841131349386 35.8863702928737 47.7386918332992 53.6684239523064
9.57777427708047 16.0806058355984 29.1066015832863 49.2586295151225 63.1015687122392 70.0331193329327
0.951767968896397 5.42702623020706 14.3761674097615 29.0858657812157 39.7502460776439 45.0830321279544
-2.79811943957726 -0.187098711109205 5.04627579247333 13.9491571151024 20.5840369594465 23.9060649057665
7.15051589790005 13.2081075911717 25.3289224827648 44.2903655309258 57.4480769957533 64.0272419320502
-2.04005615252761 -0.579889227583014 2.33114007228474 8.02234051109512 12.7025227864716 15.0394747805514
-2.82306767591779 -0.3223890220857 4.69106896230532 13.1826221587626 19.4940632264545 22.6568726679657
-0.0331108118840659 4.25218454295078 12.8307654658684 26.745216104446 36.7195741804969 41.7108689388338
-2.75123370596379 -0.720546031400035 3.34834151180134 10.1944540215532 15.2527355671878 17.7846868938028
-0.164277348942992 3.97681983128061 12.2563978867884 25.9123251004613 35.8418320660257 40.8062974886638
-2.32152584604839 -0.693495844817185 2.54456625752574 8.11023874165194 12.2891847634549 14.3684952927681
-2.6072508851261 -0.760519392662764 2.9147016848273 8.95493756580207 13.3313203831703 15.5099779263287
-2.77995845239476 -0.740115590008224 3.32098408763072 10.0315828191555 14.916412822498 17.3491286654331
-3.03618914426455 -0.705816228059406 3.94004332849994 11.2614307235095 16.3767099090345 18.9268138059578
-3.17771173734688 -0.57161246082997 4.63005706141008 12.6212639471954 18.0745926311428 20.7959951116884
-3.17397943445098 -0.345923246277122 5.30148553301948 13.9462765227621 19.8256281875868 22.7609393960307
-3.03202559259512 -0.0382689234983841 5.93625422728278 15.2138654275482 21.6103038198661 24.8021194059199
-2.89620479008747 0.299656544421222 6.67971699128391 16.5466650640542 23.3232888540293 26.7058767013151
-2.75824799029586 0.702920715112012 7.61553935642071 18.1244812738488 25.224243255064 28.7690432391105
-2.42020554896324 1.14474539408669 8.2680779217538 19.3093414148853 26.9112498146114 30.7100339074896
-2.08668744083853 1.595897687955 8.95039600607718 20.5004210176488 28.5503822236713 32.5713997096557
-1.87070257605928 2.06590562851022 9.9230792976714 22.0068127330185 30.2622328388405 34.3817581111665
-1.52367968197987 2.58776819189473 10.7978950674496 23.381278881816 31.9493533635148 36.2270447973332
-1.04262369193376 3.277883339523 11.9059338249627 25.0933255841048 34.0485281248617 38.5196005544406
-0.369218853691019 4.09880383539349 13.0152233986024 26.8298268110573 36.3339658955452 41.0763375698569
0.354129627051987 4.94915319312918 14.1123400925104 28.5177823172509 38.5644764440354 43.5746169287703
0.984946876390875 5.74796781714111 15.2683885818102 30.2140762027757 40.6255408818073 45.8305253031011
1.45438789706698 6.50169110820346 16.580845205645 32.0362197927934 42.5655424704444 47.8224756278142
2.08209887121 7.42846764191034 18.1185671758976 34.1770641332305 44.8981352810026 50.2573272490795
2.84992508264292 8.30892177260752 19.2185160140665 35.7468046571784 46.8748337542987 52.4345816598744
3.79945345297636 9.3981526742356 20.5794447463961 37.668807138824 49.2743007318909 55.0689559325903
4.97618321495905 10.6706827140169 22.0548713073743 39.7628778532472 51.9931924205183 58.1078866069756
6.07019633596712 11.9862964334901 23.8030962698592 42.1441553116431 54.7855906312041 61.0994286074224
7.12092659428862 13.2916150672082 25.6286158390632 44.584590229015 57.5247139034032 63.9935981658408
8.11870282912796 14.529248736747 27.3358341686218 46.8530549965139 60.0709703846554 66.6727160227641
9.01756640832507 15.4852450784766 28.4109292686323 48.3171082336441 61.9356315539057 68.7410106981385
10.0854662461994 16.7914827758236 30.1862675848697 50.6371165510495 64.5108747314911 71.4391748114947
11.0908825418706 17.9948892042608 31.7910899275191 52.7148423265646 66.8164803062852 73.861373367408
12.0092534492777 19.0367616194081 33.0791039810004 54.3853632211228 68.7524481964692 75.9295778013332
12.503764335519 19.469820911731 33.3885298779222 54.8257985897276 69.4952151566319 76.8243522387326
12.4374341514534 19.3695698199128 33.2213196993138 54.6127900235598 69.2881411494183 76.6210887060661
11.5609322861544 18.4538624012973 32.219612795136 53.2814377713838 67.5995330036895 74.7484035259352
10.3837864526625 17.1480257413414 30.6641127139452 51.2387105227174 65.1554813895791 72.1076818501612
9.27506268724975 15.8018636787921 28.8382569490254 48.8840132873086 62.5749827436007 69.4119866586812
8.0265291928498 14.318453658535 26.8844853637318 46.3280404143158 59.6840222120722 66.3524697317024
7.08149425281938 13.16824223417 25.323702898048 44.2736900320424 57.3808590583428 63.9243308940789
5.97672810272539 11.9585175321109 23.8982091388266 42.296632189453 54.8869330092099 61.1701321436059
4.94392382419258 10.6570517843738 22.0626406208391 39.8214355232975 52.0919851977824 58.2164349673484
4.12071806079941 9.5058217423384 20.2595746322141 37.4148049015559 49.5306922770507 55.5788664174184
3.24527383467874 8.50824031799865 19.0065495673028 35.6319857767904 47.2988804135817 53.1178977240859
2.45291972872198 7.59239849916469 17.8450834341343 33.960280367144 45.1931778761597 50.7960978389122
1.65233743046029 6.62201696243615 16.5346524490655 32.0797866836289 42.8929593653515 48.2858856172197
1.00651033753428 5.73392435656014 15.1731584122992 30.1594080462653 40.6987477234442 45.9588323833114
0.415371456801179 5.01473919664117 14.183602776444 28.6887765038907 38.857657065708 43.9268192825333
-0.261557472295633 4.28570646476849 13.3609371341129 27.3747872871562 36.9836431574547 41.7784137105188
-0.818025366586031 3.63429068938204 12.5294920401503 26.058198619948 35.201021021099 39.7676931356726
-1.34418814372329 2.9100422182625 11.4082865169193 24.3316893136197 33.0645244697768 37.4259031493091
-1.71209073524799 2.21328224015394 10.0435912665204 22.3096471634149 30.8318379286851 35.0824767285691
-1.96602532917913 1.69608098051856 8.99293307612819 20.7160778385108 29.0463331323532 33.197074123203
-2.39837981475711 1.21112537864949 8.40868048169789 19.6316412079956 27.3979034184212 31.2703684795632
-2.68706688490107 0.775407972946133 7.6837128219675 18.3856543823006 25.746476278451 29.418524784894
-2.84153588382497 0.412470590513916 6.8994526464558 17.0731819551219 24.1500871854772 27.6779956552124
-3.01149286632714 0.0551184942768027 6.16733894359227 15.7488749523961 22.4109418285902 25.7315014511274
-3.00050874084792 -0.279171267801859 5.14045072062284 13.8974592278772 20.1525890076775 23.2684083743114
-3.03354796905525 -0.562706194229728 4.35365941074229 12.259710553688 17.885347891282 20.6855883177194
-3.04056539278837 -0.611942249003441 4.22404179870711 11.9402251583822 17.3931196128183 20.1090251560597
-3.09480872116478 -0.47784346581436 4.73592834812332 12.9510602301228 18.6919405799107 21.5521843159805
-2.95952222717367 -0.241725646045332 5.18458827480711 13.9716055434359 20.2665187653952 23.4114511197483
-2.99240308489136 -0.0423998784272814 5.84131128482713 15.1418111846717 21.661392639343 24.9136052147579
-3.04410896376267 0.200643614323849 6.68099740299368 16.5529354496811 23.2350228193763 26.5713844415658
-2.83213919717813 0.545071681213937 7.28788464430527 17.6446949896902 24.7110776621812 28.23851024616
-2.51447232537893 1.02624855775565 8.09095028717475 19.043960018244 26.5838357274004 30.345457686534
-2.06939920133003 1.61342020177629 8.95332237259897 20.5330784505412 28.6336818321741 32.6712335051719
-1.56732081563213 2.25765787063959 9.87802460203026 22.0938714733704 30.762170079571 35.0818471721827
-1.11888885345362 2.89811527826913 10.9055105805062 23.722105242266 32.8049419731071 37.3335161507243
-0.661959053854297 3.52844867352851 11.8897736077255 25.2390670146429 34.6793803048214 39.3906212433116
-0.275089715066118 4.18098026408446 13.0676618917365 26.9475837971558 36.5686939383656 41.3665398354847
0.292352190227169 4.86692751074583 13.9973105109199 28.3575263825169 38.3765262111423 43.3774223571622
0.822464346033467 5.62169272567051 15.1978397072756 30.0854738271604 40.3612326230614 45.4880872742802
1.42123871215565 6.44706793535425 16.4802257927093 31.9138740982128 42.4596737623675 47.7233634226225
2.18378841758494 7.37954268149841 17.7519181520493 33.7361594974208 44.6772334686724 50.1383357649469
3.02991982300874 8.37584649025284 19.0450254976075 35.5884425577765 46.9784697045124 52.6623141114996
3.90983169154637 9.47017437669355 20.5684935629767 37.6963789456519 49.4354650914686 55.2938885861483
4.85770408318186 10.6087933633947 22.0899526885115 39.7946250030261 51.9205855335719 57.9731434987538
5.45794963759379 11.2619727259004 22.8536021175525 40.8605058556693 53.282048857534 59.4858826571233
5.48594876166309 11.3538536857379 23.0739511448605 41.1322025353068 53.4929012520532 59.666108204961
5.23758442216363 11.1155508376574 22.8559367466826 40.8072008650877 53.0040907641885 59.0948418630094
4.80186816141125 10.5052242694866 21.8978057589833 39.5396776724797 51.6724422032424 57.7326883639703
4.06667012446422 9.6523699181733 20.8003390569209 38.0279018733519 49.8501845041333 55.7496402176973
3.30012795781959 8.68001685487604 19.4340317115518 36.1579828528782 47.7008239207065 53.4686670720714
2.40555897280912 7.65275365308434 18.1290073161058 34.2907771017918 45.3616998913126 50.8879806340798
1.67997978332172 6.7241416911531 16.7948734588495 32.4217166415102 43.1840594582163 48.5558931957341
0.959184175442995 5.78358818849174 15.406750870481 30.4379417309671 40.8542749599367 46.0494805647947
0.358507009192231 4.90488759585323 13.971663786631 28.3974258682225 38.5614780467804 43.6297133948806
-0.223527029671663 4.15365895392141 12.8861692770083 26.7725561072801 36.5517498393773 41.4293667903711
-0.87957064044192 3.4396358290673 12.0568758685014 25.4063679543979 34.5879801452403 39.1682690098802
-1.45678578034302 2.69028116047922 10.9704099960112 23.7169483183978 32.4313200069091 36.7812873515927
-1.65122641205261 2.1880896663649 9.84693448617199 22.0785355038432 30.7251755508754 35.0374333804076
-2.03557007489402 1.67690345793328 9.07539706557781 20.7854977292869 28.9994633126201 33.0931716217084
-2.43843732362836 1.16161415680159 8.34103234461899 19.500262357215 27.1997264361684 31.039194625649
-2.62298277510632 0.737049378851561 7.43630321613417 18.0430936354422 25.4838103753141 29.1932868166171
-2.84668272865596 0.335241180640832 6.67868618304527 16.7080645264617 23.7351971953069 27.2382400146895
-2.94752028610057 0.0275588251906422 5.9530631753562 15.4121077530671 22.0974126503008 25.427617581138
-2.93489087708241 -0.238868569890759 5.12295932736772 13.983012627145 20.4319996601735 23.6410374794835
-3.02024712432961 -0.463892627947531 4.62616746488891 12.949560926858 18.9547406016629 21.9453253520446
-3.11142131690159 -0.639528759195811 4.28132826891664 12.0976408222449 17.597874528757 20.3365930783879
-2.95503435446067 -0.714337883703431 3.74554986499875 11.0509657339298 16.3295619715833 18.9576067011309
-2.87680459337767 -0.782775001857254 3.38296194977762 10.1412761679845 14.9846491744629 17.3949835521503
-2.74192889912665 -0.793235128403224 3.08508669482566 9.3140933545802 13.7402084243375 15.9436583083812
-2.54534684619751 -0.751611187317278 2.81840892235527 8.49834062966927 12.5012833405145 14.4941628871801
-2.20815215472613 -0.643683714290503 2.46773236038073 7.66512871627413 11.4797856165639 13.3775520316941
-1.9871354893502 -0.552135396915925 2.29451751185882 7.15412363899718 10.7837792937715 12.5864707928369
-1.82587007009351 -0.482123866412782 2.18278492124241 6.7695968091761 10.2172822305342 11.9294375437703
-1.80406554157214 -0.470673340376459 2.17621751220236 6.70857101817575 10.100539520981 11.7859347655915
-1.9206409982096 -0.513860088116335 2.28469810068783 6.87419605277289 10.1917512140134 11.8426110617961
-2.11279719101718 -0.589243773085979 2.44828411552055 7.17587330770837 10.4418060575286 12.0700751883235
-2.1991278658042 -0.632656165769811 2.48552068801247 7.44055988678423 10.9286768815243 12.6654572684526
-2.17787203493046 -0.643515232391773 2.40740463208041 7.63745498182274 11.5560671200181 13.5051464701682
