7.55949537686712 12.0182587279749 20.9447557854868 39.0377589164462 54.2341681790543 61.8376624787837
6.95032976741432 11.3245364113474 20.0914004420759 37.8557668380091 52.7799589027411 60.24967521244
2.53800378048632 5.95352373174605 12.8306572470001 27.5582547444965 40.3246815233465 46.7312331447483
1.27650531596009 4.31139576242598 10.4397387625064 23.9982441326877 35.9444931733681 41.9452089871762
5.79692294102254 10.049598437065 18.6201892456086 35.7696178664026 50.0601265926498 57.2371605589233
9.5662970727741 14.3607922284198 23.9536894330533 43.1149200075827 59.0689087009912 67.0497247731604
-0.999467488389048 0.391945314704324 3.18570421490735 12.0644000995132 21.1095858818385 25.6375277959887
2.76968210356112 6.1678204555062 12.9792599751294 27.8247810022993 40.8091336294874 47.3089662128881
1.64103978454185 4.7682406333015 11.0666917998663 24.9487683428314 37.1600711159415 43.2901516440989
-0.846230929406853 -0.0844034577154198 1.44586322188644 8.49870437997594 16.3656964897274 20.3016377688879
9.29571124884354 14.0846288695987 23.6751673489375 42.7157965033259 58.520981622862 66.4301108910888
-0.489659077837649 -0.0913809709304861 0.718153020415178 6.58463943497146 13.603102420281 17.1178720006398
0.518846974521417 3.01609541693706 8.01367640706403 20.3778493943181 31.8645554440446 37.6074154496459
6.85456137679405 11.4105748767579 20.6119972828245 38.4615693798789 53.0582055460109 60.4027513730927
-0.0851746303594393 0.0460236812427169 0.310856351249897 5.51508485185799 12.1819056568388 15.5170936938771
2.2342738536433 5.43342853042654 11.8516119327343 26.1951777359977 38.8968984040181 45.2544951840593
-1.0313809910234 0.192036155177249 2.6505852670213 11.0071416369516 19.6816487195612 24.0243153501159
6.937566173983 11.3187089606199 20.104677155122 37.8727270195407 52.7793282197115 60.2425983314186
-0.921497807296719 -0.0688374713418526 1.64930100417264 8.89222923131457 16.8313301004355 20.8064839775909
-0.391112665174726 -0.0609231884644147 0.610212778107537 6.28575674271158 13.184947118043 16.6409709327326
3.6634839196426 7.28380338609942 14.5344414875849 30.0772892591124 43.5616495685121 50.3096734282634
2.72723243682353 6.1871785939752 13.1498469043278 28.0348590628794 40.9229147647509 47.3878274384599
-0.170635534075117 2.03907588656968 6.45964424577772 17.8307477583741 28.5692926151607 33.9398762247568
4.93221843035235 8.925502276106 16.9475248858316 33.4776446896429 47.4910001721476 54.5151661586347
2.4455024254172 5.70442939989091 12.2315038773949 26.7490871558358 39.586465854708 46.0095924706355
2.19285047542139 5.65596302957756 12.6576207466629 27.2283879448708 39.6542780749148 45.9040155557499
8.42196459864675 13.4920125187455 23.7856059775451 42.6660282322595 57.5451737958074 65.0623882021541
6.33107623588555 10.5050435512892 18.8533278398298 36.1926829372127 50.9593520926045 58.3405367281522
-0.72102153471295 1.04613776129146 4.57942787497356 14.6371412833608 24.5210495132874 29.4630157453675
-0.111422942358983 2.40011086908607 7.49305545799337 19.3558730423015 30.0812868762255 35.4773872634151
2.11047080597832 5.28241228671913 11.6323948066015 25.8584738138039 38.4795686214332 44.7924369043528
0.245869187680453 2.78174877729379 7.89079838319037 20.083324239109 31.2360988182221 36.832908728287
-0.770531640075032 0.987284494403004 4.50826589979316 14.4763771999662 24.2552399605533 29.1475316875971
0.994075913856008 3.80829340393139 9.45292090687204 22.5449774261218 34.3607734946246 40.2767041369864
-1.01089462118898 0.00450672325723867 2.05209411668297 9.7473665913984 17.9656120871378 22.082889429119
-0.24010615212639 2.01009881790798 6.53304201364565 17.8948219960596 28.5312615417739 33.8619663693896
-0.613684564980767 -0.120637824882805 0.880782583411663 6.9985473614285 14.1595955978268 17.7488836477803
1.1601094198908 4.03512318958122 9.80002319172152 23.0787772245437 35.020132287848 40.9985108318117
3.58986038953935 7.19408067206397 14.41267895835 29.9053835431403 43.3464669030189 50.0723427465706
-0.838881525249938 -0.118864546847334 1.35060617665424 8.23089739288693 15.9357150142906 19.8042998134792
-0.065130491509185 0.0626902542460879 0.36818987140469 5.20462444158237 11.3502096064807 14.4486787259484
-0.991791203921104 0.282391585311715 2.83579950678391 11.4064243120056 20.2822287744919 24.7232555589214
0.215395117799805 2.5692111735755 7.27227732673875 19.194502887259 30.3814693790779 35.9727429978436
-0.708355399592298 1.33632323000725 5.46780966696192 16.0429877171976 26.0166007898759 31.0229294668931
-0.997917035845937 0.404690776291834 3.22763636846791 12.1318051172737 21.1822596205118 25.7180842963765
0.421697631439623 2.96510209122941 8.05957678233804 20.3924494094065 31.7483492827908 37.4299339340784
0.245071005213207 2.70768656492348 7.64200412224549 19.7302630021446 30.9107924661218 36.5056484989149
-0.528587745608927 1.43231736300359 5.36367951521831 15.9922366914441 26.2369081091079 31.3644411255659
0.790405330786457 3.45177710620493 8.77708112434443 21.5619971011461 33.277400599487 39.133036633827
-0.60152776819703 -0.148469271081525 0.884266502828655 6.01703026868402 11.8259277011464 14.787739341166
-0.786944366979561 -0.123419114237484 1.21309062707598 7.8919116424413 15.4593871679371 19.24778720789
-1.25364805564993 0.255236801041673 3.35256618875942 12.1383224938998 20.752407629391 25.0978612087867
2.26811783617715 6.00674507071598 13.5569548738979 28.4247938954595 40.6990985288324 46.8699642500264
6.68931073743769 11.0125343594532 19.6780033884121 37.2832597254296 52.0990446254042 59.5157002807417
-0.650769910048035 1.31642339530093 5.27286728373501 15.7821993711473 25.8384957529689 30.8773816065941
-1.11651760930938 0.63055182053466 4.19986621430158 13.7370326343765 22.8861866720464 27.4998319099116
8.17134630918752 12.8278603009754 22.185697459261 40.6862275962463 55.9902765032077 63.6637398639377
-1.02322326302691 0.190410744910398 2.62728227059849 10.9679260892205 19.6517707986399 23.997902183738
-0.509023097662697 1.48147974051487 5.46721473263499 16.1605530431811 26.4304303864833 31.5668656623545
2.28749588401135 5.73519480869789 12.6990411787869 27.3041954532997 39.8138620066007 46.1018663529727
0.179450817208112 2.93062606291425 8.51380543053151 20.9150705657448 31.8670385656754 37.3858021942005
-0.216575928102146 -0.00626080929923034 0.430166838814156 5.76004680863123 12.4277524306561 15.7707247058224
-1.07174093691647 -0.126557546455119 1.81685298161718 9.05704166788176 16.7663851295452 20.6486971247506
-1.03148426853309 0.203153217428487 2.68283654808441 11.0646782349633 19.7590351054824 24.1117271273254
6.37171229316054 10.5606557636812 18.9318866796281 36.2940171962953 51.0721039508718 58.4582102128493
-0.894270897901432 -0.0502683884596323 1.64937890153423 8.98629718482254 17.0768321164339 21.1299028228007
9.78243367249972 14.643894736474 24.3747182427117 43.6638157894549 59.651876450113 67.6486425683799
-0.499761038716396 -0.0802894714830044 0.751413545086781 6.81355679274223 14.060768271829 17.6808789637718
1.30937285688572 4.25173370172017 10.1581784215039 23.615357471712 35.6533994696391 41.6845593738031
4.5622577537824 8.87836552962159 17.6348953570811 34.231793431933 47.6030992451326 54.3508327511918
-1.11972982240246 0.0890430193144396 2.54307458564313 10.6910560501391 19.0969495786673 23.3166480499392
-1.03894041050416 0.143236510102811 2.52647602614491 10.7486975352595 19.3274159632218 23.6251627910582
0.0584225051596949 2.53785248957861 7.53886995256911 19.4940949662385 30.4371083631521 35.9303804942672
5.14966313255422 9.30686463986109 17.6988568599357 34.4580935800614 48.4091013877526 55.425592331249
3.71174406377105 7.37275308851148 14.7143052322944 30.3279933440555 43.8069056665635 50.5556549982763
-0.194942250933832 2.16714952802904 6.93763506640551 18.5099344756951 29.1725697303574 34.5266058923192
0.625549540695392 3.25054817907777 8.50623182869547 21.1000985694443 32.6342255633868 38.4055367403073
-1.27904957025237 -0.216521022062452 2.00852981952668 9.19718147262805 16.560624409916 20.2894890399973
-1.50128648763312 0.322597502699339 4.09884296160269 13.2470441386036 21.6721540556578 25.952325814987
7.38045175730323 12.2072622337344 22.0089615396098 40.2769124787609 54.8341051145716 62.1918967720861
12.0005965245635 17.3098312475132 27.9745160981406 48.393351343258 64.9494059248867 73.2510468735563
-0.549821259282941 1.42000594121368 5.36992436151677 15.9898729393917 26.2004604122964 31.3101711045669
-0.706988133952385 -0.142127460611565 1.01713808032725 7.28129752850594 14.4767381875521 18.0897604669541
-0.807913072601013 1.13370764572735 5.06341567740614 15.3531626320387 25.1434480359466 30.0631588295448
0.0348807377334444 0.123878763759756 0.39481270102343 4.86583718629529 10.5479423034154 13.4336338460055
-0.684959295333421 -0.12046278161194 1.01961043103679 7.39839240611568 14.7634134965373 18.4507126726662
-0.674215348512582 1.30777542513849 5.31381238096132 15.8372905857008 25.8586672799613 30.8897469808964
4.01560091257264 8.05805568960636 16.2378576277645 32.3322142456761 45.6143218978942 52.3007571072304
0.0948798427329198 0.157219436302376 0.380132653485699 4.74505097972449 10.3477434352904 13.1967810266591
-0.193612597124296 2.57888456534844 8.24428493550217 20.3896380235252 30.920463580813 36.243591125704
0.0292256275694397 2.38845123178905 7.11584208652621 18.8801804549934 29.8405174544768 35.3259663024108
-0.734183642276027 -0.143084490981235 1.06623551656444 7.44120213964439 14.7336698809116 18.3930805861274
-1.03278569055479 0.383730289294723 3.23297330096611 12.1216343478941 21.1241324038116 25.6329995114914
-0.594376522508403 2.04748833206512 7.48278342923537 19.1037150820411 29.1675696370274 34.2788673188294
-0.944567014831068 -0.0677041664065132 1.70259163834369 8.99305293267752 16.9399785861269 20.9209261856547
0.114621755006909 2.49318185640918 7.25325615924644 19.116338850821 30.1681841359645 35.6961913081269
-0.10119023558399 0.045021026951707 0.364644128706738 5.40784118816371 11.8102294329833 15.0255608803547
-0.354966893298591 1.82406478135364 6.20460924137746 17.3450486230841 27.8272063605861 33.080918586815
-0.596927146788331 -0.108555156381448 0.879242733461304 7.03678929739981 14.2614509250627 17.8794745559795
-0.979019711867789 0.439847440196578 3.28485506528703 12.2416812986487 21.3384103772401 25.8911610607002
0.595499963173994 3.67828330628057 9.96067192581173 23.0742996648514 34.2779374792799 39.9400386779649
-1.05423283612279 0.779216226582572 4.5224512164269 14.3262499464995 23.6578805341032 28.3623431253003
11.7559039059363 16.9843681934156 27.4676770442428 47.7468527100731 64.2985613697368 72.588223412619
-0.253271352078312 2.23126115060977 7.27354349421233 18.9832484889826 29.5480613128236 34.8639121346401
9.88390961413713 14.7809136153136 24.5902127120595 43.9395421251414 59.934656798624 67.9396452512865
6.52498901846756 10.7664005862915 19.2552634196881 36.7253937805955 51.5392807957 58.9514079143805
-1.00668579549783 -0.0101662697056348 1.99928965705894 9.63014001020029 17.7976282230644 21.8893663681502
-0.984711221230423 0.608053248916835 3.82281089780719 13.1912744752484 22.4684126511508 27.121573591694
-0.16716901745533 2.33599661334352 7.41317252845903 19.2168525008819 29.8766925089468 35.2412877226697
1.29435726132205 4.19827991200396 10.0183587167824 23.4361832779233 35.5072398437699 41.5491936762343
5.45448723222382 9.62652484056041 18.0248309210031 34.9501917358903 49.1172664336511 56.2268887549526
-0.910551572871209 -0.19369049987791 1.30352156737869 7.84261233972186 15.0612188844627 18.7016658046906
-0.504627050761484 1.40012822122601 5.20039941093496 15.7474629481839 26.0139923158057 31.1451198624479
1.85540280950863 4.9234880457131 11.0606829530467 25.0198654070666 37.4928847457333 43.7295005752984
12.6333223012824 17.9470155648669 28.5783026025448 49.2223520462292 66.1196534053821 74.5693675075153
5.4872297815247 9.59173715848336 17.8313401976571 34.7173934909699 48.9893791839661 56.1398344506534
-0.359954034970453 -0.0531595014927307 0.567103659740717 6.19992344722047 13.0971171853333 16.5509789164331
-1.13321211623063 -0.0377700820871313 2.20842920711017 9.92694685297136 17.9680159039843 22.0163686120723
14.5065003122544 20.1995382851119 31.6409105915272 53.1686568406761 70.436149602988 79.0968135481293
0.845642473254768 3.56957781649977 9.02952003048442 21.9083992136173 33.6150102080965 39.4754316283254
5.72645972238649 9.81718981815916 18.0057372827046 34.9876480288381 49.4467204896078 56.6798342574104
2.26707453694952 5.49945082917961 11.9826875466536 26.3758116895503 39.076579447905 45.4368276372624
-1.03989806063131 0.0968603750286711 2.38901372892433 10.4587410005479 18.9214327410021 23.1618143885543
6.41831166853032 10.6818961645727 19.2249602788328 36.6638096351674 51.3797514758587 58.7461159295588
1.57471850948093 4.67419448263623 10.9138563823969 24.7368414472978 36.9196895845287 43.0297867996692
5.7599907886874 10.0174836041126 18.574174441798 35.7017366891638 49.9841514344818 57.1475793914007
0.304070319177791 2.88136163783284 8.07005294521747 20.347740131102 31.5309817447052 37.140356636635
2.61607575293871 6.42180609593816 14.1329896417081 29.2599875683802 41.7179905108813 47.9990816249175
14.5523270774055 20.5298962527498 32.6316643287872 54.3227547839907 71.1460013212538 79.6364689959699
3.52362233904741 7.28364944452235 14.8778905870038 30.4800897931066 43.6839471477741 50.3248937449818
3.24421695757556 6.87965725985329 14.212564307135 29.5474012753664 42.6715987167403 49.2666210142845
10.931945663329 15.985162255767 26.0978791234643 45.9525726752362 62.3170960575184 70.5029453140728
7.32715384086827 11.7390318143805 20.5679460188959 38.5284876060105 53.650570810173 61.2101580384662
4.64861007170702 8.4563398224595 16.0900917131393 32.3252341405583 46.342421862397 53.3625307429865
-0.193324962868206 1.94176772468054 6.20428442181422 17.443393216117 28.1671923309972 33.5235694377368
2.11446030446529 5.29179292550966 11.6553807849471 25.8907622245861 38.5065406667892 44.8189517681573
-0.929498334822229 -0.0287590793941222 1.77960818966291 9.23572041200539 17.3639453500399 21.4304566176859
1.70371894052611 4.77115590457716 10.9235765087601 24.782645799345 37.1065878931811 43.276659730225
-0.763642908262705 -0.131344236769965 1.15092176450779 7.70495578752204 15.1595437970828 18.8952066726967
5.63951752206781 9.76507283860257 18.0494424712523 35.0241509409362 49.3692680676977 56.5579750519262
1.42786825843298 4.39069803849071 10.3305670127974 23.8945349448837 36.0392956966356 42.1188077187901
-0.803055009471407 1.06421300817898 4.82883030495097 14.9900826325324 24.7727675758652 29.6792482237602
2.22217967959178 5.54475870611653 12.2388759763975 26.6882334260191 39.2582983399832 45.5670217275482
1.70321686086575 4.77156213899613 10.9243292563886 24.7858172177095 37.1101823917578 43.2795990930775
0.721497369300313 3.40061589014109 8.76795294308594 21.5047140539202 33.118717336026 38.9294402413694
7.25978447659798 11.6755605623805 20.5200507028745 38.4498500709947 53.511347248698 61.0490587662909
-0.99963733344024 0.440749375801146 3.33352136228348 12.3308855393808 21.4348982921504 25.9935200354526
1.70397100010275 4.76970888866592 10.9159225782293 24.7760371348876 37.1103270106065 43.2849673367686
0.878528456034951 3.61845753819139 9.10591034095133 22.0295367049742 33.7788796241475 39.6573656469141
-0.970611587483906 0.56136548354319 3.64321385859428 12.8960726525778 22.1504188737391 26.7864412946695
0.340440160770182 2.7948742517628 7.70105304245862 19.8546896914956 31.1578102732832 36.8097596680011
5.06855888319285 9.32131088756453 17.8985262153236 34.6890358254423 48.4972278766203 55.434116636267
6.13153321336232 10.6015244359575 19.6461552601669 37.1120171465378 51.3496210386516 58.5196794915519
0.983648364649987 3.80446586865616 9.46453758193653 22.5621859429301 34.3642237602066 40.2744675923694
-0.31800263181313 -0.0411433944853502 0.529583199413798 6.01942396340259 12.7684953304556 16.1524958340473
6.87693199892622 11.6470647275859 21.3001311701837 39.3138216392993 53.6758827413971 60.9151776135136
-0.870419812174557 0.760310937964117 4.02833855568396 13.6380873192569 23.17795958271 27.9499662706452
1.8146656498828 4.92218787146117 11.1552956278626 25.1279441808778 37.5321623753511 43.7436167020432
2.99940262367981 6.46825997274411 13.4243174220941 28.4702921318897 41.5780939892544 48.1421234047091
-0.611136816851571 1.27293851513088 5.03778642203976 15.4276380151354 25.5228983298938 30.5694894978386
-0.912866251596865 -0.0940970960192985 1.56072447632112 8.65758191373906 16.4704260950976 20.3861925431985
5.48520912836403 9.66156599357925 18.0653099418957 35.007940909578 49.1929511891475 56.3102585850226
2.3294624346047 5.5712188250613 12.0553191220785 26.4800479308256 39.2353684217382 45.6126375182272
-1.06365120919291 0.120289523218893 2.50834899214699 10.6887951696905 19.2134364767809 23.4856765724527
1.33761969204998 4.30922598452902 10.2706522628891 23.7916780244956 35.8583226106808 41.8999602119427
-0.87887485051025 0.763412642116236 4.05958873475549 13.6761854913446 23.2002061955374 27.9668402296775
2.48307615289949 5.79932675256167 12.4479351822535 27.0459685276483 39.8652716648523 46.2832184127239
7.10014769955814 11.3973821443378 19.976617773381 37.7560286811644 52.8814457713093 60.4340031832997
3.28757946936668 6.76907173312847 13.7296377615622 28.9521502705025 42.2863067584855 48.9506141608687
3.81827834840867 7.48246058000815 14.8221296686486 30.4991140241396 44.0559005117048 50.8401497936698
1.89641306998777 5.11246078041359 11.5877567309095 25.7254879541781 38.1010977136232 44.310338899693
8.74899355541288 13.4468425586961 22.856552412545 41.6134531186201 57.2178453507985 65.0277245134217
-1.02492322004368 0.317483779629196 3.01586002113163 11.7200989565367 20.6250118977409 25.0834506720529
5.91961698212872 10.0019467730119 18.1498697523002 35.2174424242779 49.8290511572095 57.1272943056192
3.80385714282558 7.44003600167229 14.7208142999876 30.3584346734837 43.9269877132391 50.7150731970908
-1.1311340249315 0.0610541582983267 2.48687105928481 10.5637903421761 18.9103052907496 23.1053448758365
4.72875044064443 8.77717503998196 16.9404231616519 33.4072747606887 47.2034356562818 54.1343937781171
-0.866294600296683 -0.0967270830794733 1.45054796793504 8.44460713909607 16.220870886722 20.1125458050445
-1.36226830010773 0.0667444849467817 3.00908728252878 11.3666389680912 19.5643424867931 23.7025325709268
6.63815578926926 11.2749788691233 20.6777231929211 38.487666261734 52.8318981204295 60.0716656245448
5.4992334841002 9.54891821689976 17.6770511784514 34.5209410026035 48.8556988745968 56.0395996777709
-0.999310620771732 0.114127165138261 2.34358873281327 10.4105800433504 18.9394198903239 23.205905368464
0.082866281757468 2.73963576784555 8.11806804033953 20.3181727731201 31.2018039266539 36.6787180193027
-0.842910749752879 -0.244598173895536 1.08896465936945 6.71478566189326 12.8839802451118 16.0372210085641
5.3934783280046 9.45704278858986 17.6012643053595 34.4141451096791 48.6831317086374 55.827115940218
2.00763575466438 5.53722810704707 12.70785475109 27.2217740250342 39.4010835389416 45.5490845408338
0.407880527531569 2.9986910397862 8.20303280454087 20.5838395362101 31.8902158237998 37.5553231908322
5.54690580243877 9.59582126801481 17.6986154661754 34.5675359512333 48.955206953275 56.1519100856867
2.99180420338529 6.4503239839253 13.3814284057024 28.4128632436636 41.5245469985122 48.087579993365
2.57638226190333 5.84115822160587 12.3733858774095 26.9834379339386 39.9284617242177 46.4026852201528
-0.975885962858285 -0.0257322233173444 1.89003875719295 9.41436863646698 17.5316595258693 21.5976064827503
5.28302322551185 9.24241553073935 17.1573240576194 33.8338074099181 48.1477273633398 55.3016336868638
2.06145831038845 5.41217339745613 12.1740108284758 26.552887192462 38.9574748678841 45.1879549701156
-0.194395052452921 2.05439557363308 6.57162300973318 17.9827630700885 28.6737747461683 34.0271305927049
-0.791593074422087 -0.0804478516911695 1.33472118391683 8.26141598123776 16.0844663411325 19.9936432329373
-0.774786797697384 0.972381150012493 4.47548493197642 14.4420024657562 24.2296534802307 29.1266768453386
3.25720432317997 6.7402528552589 13.7053266403997 28.9136302273933 42.2255686123225 48.8800050874162
8.93552572237033 13.9659536800209 24.1451611228971 43.2098762317552 58.4486035568713 66.1259160944924
2.66599815388764 6.06376785014592 12.898534068018 27.6924172785026 40.5800485146293 47.0431997250603
4.99037471157121 8.92212597335962 16.7907910763331 33.2897662282461 47.4220722565615 54.4905442966313
1.60174298490843 4.73118893789294 11.0362764967269 24.902176357856 37.0814364636624 43.1951971661214
1.31223915475855 4.69812042893349 11.5604680302488 25.4933497421697 37.2069141102337 43.1049294992743
8.64111180253082 13.3225489458923 22.699809614273 41.4017054732687 56.9669684357494 64.7565587662956
3.13658332372133 6.91532312633476 14.5861336040939 29.9944599588032 42.8699075126805 49.3636464204614
-0.267559254434304 -0.0274973245896942 0.464685269859304 5.95092965642589 12.7753322903953 16.1960796362207
3.37041460436079 6.9409489969235 14.1046381672859 29.457198341497 42.7592832366497 49.4199779428315
-0.252842980325322 -0.0214257941569724 0.467570732575784 5.77567975404833 12.3694261142076 15.6820756340098
-0.978397196251136 0.0144698883224211 2.00743869833726 9.7020713532295 17.9704421604733 22.1078091219035
-0.176080510737745 0.0166913910479222 0.406339385506873 5.6738812417093 12.3018645629647 15.6187437878225
0.237015235465326 2.64428971360882 7.46419668401919 19.4828508073128 30.6773538218036 36.2743278019814
1.68148225544397 4.70664498187053 10.7603495756954 24.5604857993241 36.9071862034032 43.0816007168038
1.63349534995055 4.6257498814219 10.6103057808585 24.3514754849629 36.6823730214331 42.8468201354059
-0.0773499439375631 0.0508516213094083 0.300293822051479 5.48493129144865 12.1627369946632 15.5004056340925
-1.02780989192726 1.08490690345074 5.41588005682526 15.7769441952521 25.2567458326939 30.0460992876803
1.82978226050114 4.97378538087237 11.3204072145405 25.360718995547 37.7357303549808 43.9549030966154
11.1878492066786 16.2398712886414 26.3372607734758 46.2905746547702 62.7932520908398 71.0404240390808
-1.08604629754123 0.412852143261076 3.45356350421418 12.4692999775452 21.4509220728052 25.9622606785863
-0.412754491945482 1.97861386128002 6.8420832688463 18.252877860843 28.6019587540489 33.8191406963521
-1.01095668747565 0.273954026636949 2.85166840980941 11.4088372314451 20.2441090443593 24.6659149310205
9.70479377866851 14.5791324406225 24.343109074067 43.6043386277832 59.5257842118974 67.4945503490358
-0.97788999190806 0.19717188797246 2.5492757635316 10.8680072283637 19.6116384014905 23.9878563997979
-0.473027111380203 -0.0940980331523794 0.696305124928462 6.37042496421308 13.1470596146877 16.5531129117664
10.7560937784507 16.1300686583408 27.0177122786211 47.0117605586137 62.7810560867162 70.7368252768675
5.12094577498562 9.08177261463134 17.0080289295474 33.6053908435072 47.806426988011 54.9102639832633
2.27557206827492 5.50900485116522 11.9874934282093 26.3875548977842 39.1076636295533 45.4724173542856
13.974333007627 19.5510651537591 30.7369012753818 52.0209290917863 69.2082995426555 77.8149803266322
-1.18884549730416 0.162546172750129 2.93476831805886 11.4059480475695 19.9276613495788 24.2232799010049
10.9699320579756 15.9927109968571 26.0339920320216 45.8932856877158 62.329733679229 70.5441190924495
-0.671772977550205 1.22133319562349 5.02755773302178 15.3803683095598 25.3770110814388 30.3841655546513
-1.28039113121197 0.298128518984247 3.54096819081559 12.4529753283863 21.0857940021995 25.4415123153821
1.06605301506622 4.14196669808322 10.370001312271 23.8147232077016 35.5139408973639 41.4036913739453
2.96354619635194 6.36532136539329 13.1793978772783 28.1384442396668 41.278236156438 47.8565497700883
-0.355278315120997 -0.0530019794146633 0.674449391443683 5.56694926350695 11.3554727903762 14.3067926846387
-0.800724651029751 -0.0894101854596513 1.33024251640544 8.22150317808292 15.9969409716269 19.8841868662666
3.62225131578729 7.21546389728072 14.4043231604758 29.9067244217979 43.395581326732 50.1416670951234
-0.554526144446081 -0.10465540920024 0.80476148054977 6.86151269939329 14.0278752212486 17.6167692655665
5.27219885846681 9.32045801350379 17.4392135790853 34.1736461143883 48.3689014713061 55.4784562004288
11.1675538973639 16.5277857432632 27.3629764334181 47.5063426439368 63.5313562709183 71.6022253108724
2.75543257672655 6.08414943421275 12.7362535390422 27.5084850844731 40.5536378534779 47.0752486441852
-0.957423766909927 0.400435681407567 3.11968727643091 11.9701338832528 21.0548386647352 25.6011283339793
8.47326479347075 13.3820221513121 23.3029014306668 42.1015842143516 57.2429567287555 64.8627870343957
-0.45455316490403 -0.0827792256333075 0.676935918577002 6.43648004222499 13.3623881041331 16.832981434853
-1.0653349328435 0.24475959044546 2.88812163694168 11.4487575727587 20.2190207942716 24.611886859215
1.7223975087672 4.83435069121004 11.088720539862 25.0079992950179 37.3127469172044 43.480198952759
-1.2696231212251 -0.286609357996475 1.79502698848279 8.56608069581777 15.5111999488679 19.039910327382
1.54354979408143 4.56210816561012 10.6147162978026 24.320225925423 36.5394823144108 42.6571323954443
-1.25756253117659 -0.279398005759548 1.56745401359254 6.90693353427303 12.1781460337494 14.7587271267105
-2.01750338268614 -0.506058254860605 2.45088653065093 8.34088126596291 13.2375234997518 15.6528239354049
-2.0478005005797 -0.468973052958912 2.60538238988367 9.20765685618396 14.9345521632954 17.7561700733693
-2.78479800133481 -0.554226432604569 3.87888072222739 11.1388133438862 16.3851921738288 18.9943464634488
-3.14344786835718 -0.473735455240479 4.86686962700482 12.8447399241637 18.1414254965215 20.7903462840687
-3.08036886251004 -0.220462187426786 5.49391686190649 14.1725650076865 20.0299080252697 22.9558550637521
-2.77683339135164 0.155966157011223 5.99148964276768 15.3498174780354 21.9923132076584 25.2985253969758
-2.59860463595061 0.563121306363673 6.85758305633523 16.8974654880485 23.9898982872553 27.5216248204464
-2.6762256174066 0.981523714228208 8.30350923242462 19.1001277473297 26.1731649239703 29.7129072437916
-1.65444176242611 1.64958614679712 8.19183334431254 19.5698960719212 28.2009587924997 32.483671864447
-1.1555479934375 2.11667092168828 8.56936593270195 20.3820832027388 29.6821679547177 34.2864570051089
-1.72573336048092 2.32016010668152 10.4042079378904 22.6365642155481 30.8619513729269 34.9707608983708
-1.31904466063428 2.83959063290104 11.1459971262881 23.8303398494683 32.4366813527671 36.734419807638
-0.906808288529182 3.49374669329598 12.2910087245479 25.554702876444 34.4421259855772 38.8839140755711
-0.0683401439031796 4.3949444733217 13.2924768508529 27.2212259291258 36.8959148603958 41.7187579454031
0.880362429519886 5.34974993430139 14.2279692652654 28.7804678454551 39.3051078742517 44.5371569641763
2.41700827165794 6.48961002209851 14.5475198202717 29.7333635109952 41.923637583794 47.9757567293973
1.80516255226487 6.85429983720952 16.9240652204475 32.5351220523319 43.2800662981368 48.6382558911181
2.23530995159253 7.69398092870081 18.6213389749887 34.8093657332113 45.4660689019588 50.7994170275534
3.06903425786996 8.60396367651143 19.670973028875 36.3212319797167 47.454921271048 53.0203324105749
4.16314651347542 9.8294089528225 21.1428413278384 38.4101300349069 50.1191601689261 55.9641271061845
6.44856356650318 11.4928679901167 21.494382922602 39.447565901576 53.382076465023 60.306382869943
7.14677684106408 12.6287724981429 23.4964505174149 42.0275972532757 55.8679924325635 62.7401085237705
8.33594661201934 14.0207921022462 25.3016093726777 44.4619954107733 58.7279242276311 65.8165649522995
8.72681206310119 15.1641916102507 28.0127148617642 47.758043282448 61.2365264779543 67.962660791143
10.2218159955447 16.2764733592552 28.2943280645696 48.4055001419027 63.2022935065077 70.5550814982833
10.5606001582532 17.3131701744657 30.7981445385901 51.4070482604322 65.4002740868448 72.3868262314349
11.3981151156843 18.3808266197743 32.3422309908892 53.37397818677 67.4546703362895 74.4930317038445
12.4081770491565 19.5297999199909 33.7661380103052 55.226785891766 69.6048538411131 76.7903822078805
13.7936062162589 20.4502279349024 33.679686345756 55.3992352763022 71.1314648719528 78.9558190579057
13.9088909647467 20.4307594996982 33.3792556189677 55.0723853911325 71.0508621730238 78.9928472309275
11.8124526003297 18.73177059174 32.5462021768099 53.6896841804821 68.0655592516417 75.2413558966631
10.6278594684469 17.3295180970994 30.7078297726871 51.3126921441401 65.4080726553538 72.4432743175611
9.74068945071345 16.0011525413666 28.4555605767996 48.4887084130072 62.7461591124893 69.8416248292858
8.55730499386343 14.3854481589954 25.9531441414889 45.2721704926241 59.4625560654641 66.5134073452059
7.76177018063205 13.1904027920402 23.9305502471476 42.6928651467527 56.967479093526 64.0461114490149
5.96188829791756 11.8990142181671 23.7466685203132 42.0258180108191 54.5499833036174 60.7987634961154
5.44761707024997 10.7469787250874 21.2628293549936 38.9014020663476 51.9009969637444 58.359414849243
5.37694488866882 9.79776086370862 18.4871234069489 35.5056437404595 49.507019147156 56.4314616083373
3.93673884178985 8.68832404816592 18.0911591618829 34.6218085084255 47.2576722544943 53.5251084543165
2.95087154875866 7.69772995738027 17.1079411607666 33.1171322514945 45.0520455803664 50.9774722131579
2.00208416526068 6.70406999065314 16.046665355069 31.4878536983581 42.7341158203037 48.3263557721105
2.04957166839051 5.88491790175284 13.4708011558557 28.2576702565413 40.3863087307742 46.4070588628788
0.788457888831527 5.08512438388787 13.6050845776662 27.9740093039896 38.6114863466637 43.8934292411988
-0.196506191780238 4.32288881355167 13.3428759452525 27.2464911233695 36.7642741357016 41.5137742211385
-0.799647437179241 3.6442953747598 12.5279768116893 25.9402466059648 34.9392816701971 39.4367040209405
-1.35970434002521 2.92159688866662 11.4858001734645 24.2899392156711 32.7974176789913 37.0519740690468
-1.38799533464641 2.33195050692881 9.72097378283835 21.8444905351308 30.6214848128481 34.9845058382806
-1.39238868134496 1.84393630981012 8.22523728144008 19.7748145316925 28.7899657491486 33.251808134186
-2.31417275614018 1.3114887429326 8.5470202079374 19.6945080294596 27.3232387939829 31.1296849714426
-2.58224078291153 0.880393118268346 7.79365759323927 18.4167449477758 25.667764034867 29.2872129291131
-2.69082660702217 0.53615030761125 6.96899450642179 17.0470599953392 24.051556033248 27.5432401071499
-2.90367799792313 0.184327588366913 6.34699240068503 15.8366659386835 22.3270535553018 25.5655860742589
-2.51533951856575 -0.0545646926797079 4.79935719807035 13.5021768422698 20.2506951000742 23.5911330483921
-2.88962486519515 -0.420286998528577 4.48904632040851 12.4374400673525 18.1271983975443 20.9573963806511
-2.88406876507384 -0.448062419092657 4.39814422055234 12.2083834467291 17.7762285475409 20.5472728687076
-3.01173925488108 -0.308323273443364 5.08094659587921 13.4487072704154 19.2159911720311 22.0908198243302
-1.83301779907401 0.26527574393861 4.35618348628684 13.4328692729006 21.4479167862385 25.4030230862914
-2.50769145899052 0.277974634873818 5.79717510188038 15.2933030487195 22.4366279330386 25.9822982939423
-2.96296051284641 0.400543609958067 7.13084597685503 17.1284030561571 23.7281435361152 27.0296382593338
-2.65929788893767 0.767603185139887 7.61127342546156 18.0900753068617 25.2181461942039 28.7771543883295
-2.31446494092054 1.25906397413372 8.38772225420737 19.4622897191829 27.0998085968302 30.909406007467
-1.79043781133944 1.86358508919431 9.13319705515107 20.8245805898857 29.1430419735242 33.2831295471689
-0.976228184570697 2.5835029023414 9.62770175378281 21.9330801118909 31.2979921048335 35.9432750200441
-0.33649273896139 3.29160181222024 10.4564734743898 23.3754403305936 33.4370019421395 38.422269184278
0.44713193806458 4.06464339485846 11.1797303084047 24.6569971115222 35.515066453907 40.8843993703003
0.0198824214708341 4.47874034634941 13.3613093677346 27.3560699338744 37.1323680747826 42.0029116479759
1.19798775693768 5.3925954080965 13.6955428618674 28.2227422134875 39.2900702793098 44.7809897040604
1.25988358782312 5.99781343523135 15.431077624665 30.4528193038955 41.0499685921085 46.3272325647073
1.71705349999809 6.80167945723745 16.9532574460436 32.5270306058272 43.1398140085958 48.4373958872061
2.59277554944468 7.79838735150792 18.1814763228984 34.3248668007815 45.4662572543271 51.0229354922189
3.51374498625426 8.79570333003148 19.3156771632825 35.9889529930106 47.7001575153723 53.5338121524039
4.2001376704724 9.76897928168679 20.8795164517584 38.0940825608812 49.936491322843 55.8441450236589
5.26742140778197 10.9714417964571 22.3432657527216 40.1582782290608 52.5398645980902 58.712586707696
6.7053361146555 12.1587940633048 22.9748389229016 41.28322068901 54.8801730225891 61.6335552616407
6.41839098274061 12.1590804668507 23.5865751096225 41.9479385123817 55.0034416644739 61.504409403638
5.88515201317509 11.8112647937485 23.6386018166423 41.8816200615834 54.3788994160747 60.6150814697172
5.82917727560393 11.191970772935 21.8332550717421 39.6881286996506 52.8547421850648 59.396080296858
4.36830897917529 9.91539170917137 20.971721689689 38.260159169725 50.2544886708212 56.2327690895976
4.34010821543558 8.93813610684181 18.0387975565564 34.6790308233322 47.7643674660636 54.2593652028116
2.62483173478005 7.62907470356821 17.5876571107112 33.5999133132097 44.9908723670137 50.6613982527914
2.03154840174791 6.7259227053216 16.0445418957012 31.4865766869801 42.7577969385933 48.3582887587629
1.17628322612579 5.82826513468689 15.0813861141503 29.979375905766 40.5899431280073 45.8697952196493
1.05945655066782 5.07140631536586 12.9921823700431 27.2639922580136 38.3713579650838 43.8730838332844
0.548017167550894 4.30504680313677 11.7178599609636 25.4341618905427 36.3056751139891 41.6900879406313
-0.839436323908442 3.46976692021812 12.068782212957 25.3022852792685 34.3478848622122 38.8610434657241
-1.34219004388091 2.68768251746771 10.7258507279413 23.30417662318 32.036748186079 36.3921691693123
-0.817729862640087 2.38095350518188 8.66765425302514 20.7018175578717 30.4612412846385 35.2853077673044
-1.74906789278862 1.81992054083106 8.90802765707844 20.5349020829568 28.9485980620571 33.1304914928812
-2.42947273561595 1.22632497729525 8.53117866218423 19.6139554876389 27.0869029579396 30.8199744526487
-2.21171267729632 0.856628898541311 6.9310859399366 17.3645358350897 25.1993944673014 29.0856797587981
-2.50751022463009 0.432438495435823 6.26006118813723 16.1108459344658 23.4170760024553 27.0439955304504
-2.66215544412208 0.160400522048321 5.75945373617053 15.1096920361988 21.9762610013871 25.3865086858071
-2.33213111025982 0.011159643874191 4.60869150123178 13.3691478376627 20.4495334728142 23.9452172342107
-2.36008076253656 -0.228941316029767 3.95153279776756 12.1102086374966 18.8033273325566 22.108697076455
-3.04534405989172 -0.554951735739435 4.41248914814505 12.0962566405442 17.3727286427888 20.0043412893052
-2.36971435797911 -0.473186902788839 3.25153388578611 10.3940427001268 16.1919535124469 19.0564698337613
-2.53043041235979 -0.59555356842849 3.23424716769241 9.81159305496789 14.7503602937117 17.1997566330497
-2.49146926836527 -0.599590032824095 3.16137863849516 9.25315114992124 13.6144797803918 15.7837542259055
-2.39899647816723 -0.580686598566059 3.05068476861305 8.58745376036877 12.3388766582222 14.2119602853285
-1.48800120547188 -0.301236627677658 2.00384269139407 6.93468305224843 11.2008940781374 13.2997674419934
-1.41904807780377 -0.250569079584938 2.0287290906644 6.6623996751113 10.5588564247661 12.4782708421006
-1.20347666997735 -0.135239628772774 1.93918684767488 6.31632049978831 10.0793065910439 11.9296994635865
-1.04495024854886 -0.0715909916402393 1.80646547373468 6.04493205625526 9.81815139646896 11.6703788285578
-1.35401581252435 -0.182373078195735 2.11964376517694 6.42392374624167 9.85970763874521 11.5570048121058
-1.89650168389274 -0.373006272338405 2.67543473757386 7.21723306800476 10.224498808459 11.7288477971345
-1.98247486003617 -0.422764168871545 2.68912078215392 7.46402953867248 10.7191028555054 12.3429212714785
-1.23066983113756 -0.245490038506121 1.63889279668657 6.5997005429086 11.326678787125 13.6466903485468
