-2.30168319786657 -2.10350447231452 0.273361366254454 3.49269895735087 0.582164241415064 -0.627510124637943
4.04649760632694 3.68707986983909 -0.485814591038304 -6.1089012600671 -1.03252454750217 1.09289267191552
0.0950082821411243 0.0870525961827774 -0.0112333084103734 -0.144484920305615 -0.0238422803970915 0.0259479032786554
2.11319640503938 1.82042348226679 -0.285176015370449 -3.0375683103 -0.57343227804065 0.534493026224462
-0.394494733622125 -0.35647656990798 0.0515009990990513 0.587064517273617 0.103864880854402 -0.105546795656266
1.05549225677376 0.99752328924302 -0.13973041406927 -1.60618950940046 -0.268595664665331 0.2896424324594
3.78846207910829 3.34956636563832 -0.450767186254679 -5.63030012817251 -0.972286047900665 1.00055865244812
3.41616874577331 3.04250725571517 -0.422380477681792 -5.07221312436088 -0.877636682005919 0.90251803147672
-2.25382748834556 -1.99906076177186 0.254127923263122 3.37682868764612 0.573114317566386 -0.601198689396317
0.860766363214086 0.819879145719334 -0.105605415430047 -1.32825806515022 -0.208857121545386 0.238400993839055
2.0754037791231 2.00307546822663 -0.273808888338896 -3.21185884311314 -0.536461426537762 0.59079371267216
4.12171530018814 3.60365444757021 -0.48974185752847 -6.09059031628155 -1.07918106149027 1.08205369866436
2.54781373556912 2.39661556332237 -0.319607804543792 -3.89596507387751 -0.630092795380004 0.699041033156674
-1.26370500481618 -1.20028499864709 0.163952643135885 1.93917564064579 0.317454499830258 -0.351410859517374
-1.44620691530861 -1.37551654873461 0.190089552922574 2.21710889393119 0.362911128317363 -0.401801115898563
-3.61464282583901 -3.4067204136667 0.464417748204467 5.53607004386314 0.940314867799273 -1.01238661571301
1.00361833350653 0.959118127437608 -0.129573098157245 -1.54289615896065 -0.251337341310447 0.279097402125689
-0.679282294249627 -0.614230511392848 0.0790133557400917 1.02452186665543 0.16943662229283 -0.182187167983719
-1.82247270656579 -1.70669300690499 0.228068336600174 2.78629556227209 0.455923370491072 -0.502375370043704
-2.11255778547755 -1.89175576462115 0.234643230817857 3.18815222206295 0.530349683834032 -0.568428042945507
0.10236875372739 0.114219901144673 -0.00575684039348066 -0.178661782726848 -0.0137652383109864 0.0298181915443323
0.234871079246535 0.193126760315672 -0.0315760673719059 -0.33478721523823 -0.066228445856188 0.060348037140708
2.62445765612124 2.43817545429689 -0.317883293568914 -4.00797451111655 -0.66211285033717 0.721918168847337
2.94262060512886 2.57338966588814 -0.346639476662142 -4.35388293095944 -0.75959707843219 0.773873530095934
-2.38139202364775 -2.10385892983707 0.261814743414045 3.57156448349503 0.604538489776707 -0.635913734022206
-1.82039405340981 -1.68684667122893 0.222948632109707 2.77240046659274 0.455788409740002 -0.49850335690334
-3.86452877287748 -3.46676662929085 0.537026135107187 5.64122045435767 1.037590623337 -0.994416104452564
0.756278275622264 0.722268880722327 -0.0929060810711985 -1.16810020986362 -0.181021097122541 0.20901409181127
2.65376608831399 2.44826474715156 -0.326787940182167 -4.02076476616514 -0.663283589658146 0.718079107637128
1.82331987669001 1.72812438098213 -0.245512542239924 -2.78054635200971 -0.471772658104728 0.507051410630245
0.0672235083232222 0.0717298156504545 -0.00406961016835708 -0.114950386720335 -0.00953746893624179 0.0192869061153664
-0.945936672064681 -0.84800220618475 0.115870053633113 1.40999897815632 0.2443803070558 -0.251495267103291
-1.79171484985008 -1.70318669728699 0.235695110320525 2.74532889013597 0.448363570139581 -0.496973228521185
3.21092944542828 2.94569292337119 -0.400342980626281 -4.8462532446324 -0.811773490870243 0.868386091999712
-2.04183650163114 -1.94428813064612 0.267320566853083 3.1323596529239 0.506788803836219 -0.565926391091664
0.470400243262564 0.399073990266963 -0.0568335284016113 -0.68605785390143 -0.125998515619558 0.122230144991734
-1.58410272599032 -1.47747196419692 0.205554942296058 2.40201368011395 0.400252917012068 -0.432361163496036
3.88836097134611 3.71443983674191 -0.481548571290249 -6.01805751742956 -0.969610761698104 1.09006496071154
-3.44184764527924 -3.15145890127739 0.442604798507925 5.16921641723993 0.892021611856059 -0.929902014567179
-1.49322067997782 -1.40983846830641 0.195244590392959 2.28022524594576 0.376040169749476 -0.412396633107257
-3.24926885471907 -2.94872752196792 0.418543302840762 4.8497142372335 0.844402687357668 -0.86782652784154
1.16680671111219 1.06928637746939 -0.136839534100202 -1.7744747262951 -0.295430129941796 0.31889646173211
4.07719771743682 3.47018919340869 -0.482645767760914 -5.94654308132499 -1.08655021218662 1.05378135607633
-0.62358840677854 -0.541502296921388 0.0871384766411001 0.908705809729255 0.171885555824531 -0.166215114741351
-1.79819728814511 -1.65414680502448 0.226532565963733 2.71566162880861 0.456630108589473 -0.487503220252653
-0.451898751340713 -0.429201818133944 0.0626090222709786 0.687263024717891 0.118471970511103 -0.12552590179899
-0.32997619642911 -0.313355805628941 0.0466769399285566 0.500258941039519 0.085945653035442 -0.0912692416850445
2.8841016771241 2.60719769902624 -0.345812530662339 -4.34456537173128 -0.739082837047463 0.77967413029035
-0.705623836923603 -0.665158251380636 0.095014179880796 1.07440936206213 0.18204070413775 -0.195592187637269
-3.27875766336855 -2.8703434919312 0.406512754340447 4.8007772232708 0.853591137544714 -0.842537364567626
3.43575196848959 3.30680956044429 -0.44020227338793 -5.3184156006437 -0.842343784369399 0.962342730401952
-2.17732119379976 -1.93390437085467 0.246553604586369 3.26345817668173 0.553323959149495 -0.581426299869542
-3.61059066875425 -3.12234891517725 0.431846128483057 5.27957215621297 0.935404078985213 -0.926943703128738
0.228196750641345 0.176564159263572 -0.0416250646874405 -0.307084706171398 -0.0752591745049442 0.0586980541629004
2.87444214995998 2.5149587267157 -0.33563972914872 -4.26156336432048 -0.751428250726167 0.759482282830307
3.16461718313791 2.9205488586443 -0.395151765499709 -4.79351644880148 -0.798042180269356 0.860553525952897
-1.69094980419982 -1.60369655100352 0.21794261851781 2.5952602105118 0.42277818511827 -0.469558377263941
-1.18952014128641 -1.06462187553355 0.142755104334356 1.77211499410984 0.300349407668619 -0.313297059388725
4.19160910045765 3.71952378026113 -0.483677487423633 -6.27638896166059 -1.09634055696777 1.12465976127494
0.642739512246746 0.551343861458328 -0.0777050597441006 -0.937622806260686 -0.170549587083347 0.165594027048062
-2.71565744860742 -2.36666736862719 0.291101974783903 4.04917490488577 0.690440511467142 -0.717646299978964
3.55497504156928 3.12732570839173 -0.429149030528892 -5.2582093728244 -0.914230967976038 0.932111879622074
-0.683256934767039 -0.61919872950612 0.0712452866705282 1.0400465602553 0.164964144612264 -0.183583764723838
-2.21599216579218 -2.10576249135223 0.28767574458121 3.40014318404662 0.552099475515282 -0.6144685350871
3.19379121096042 3.0395511519354 -0.396466544817435 -4.92748808040853 -0.783714792381607 0.887720747332397
3.6727864530455 3.34966521615686 -0.451641993250305 -5.53935957084625 -0.93600939144375 0.99351752732792
3.23673770345298 2.75179731462657 -0.359840916829101 -4.75362387066301 -0.85089593814213 0.842536846902116
-2.11583783537419 -1.99655968213827 0.27166886686998 3.23893468954469 0.530084249023188 -0.585393929889978
0.19229728198985 0.175546243433868 -0.0213940350314032 -0.29231685407801 -0.0470857135038129 0.0515129439150559
-0.774917994491615 -0.711457432431229 0.0919336298271161 1.18058817312762 0.195616645594728 -0.212783541027125
-0.688913971380374 -0.627504637972783 0.0766137117519832 1.0478622296177 0.169589189176943 -0.186391203207778
3.52101863762841 3.38642527182849 -0.450652934283429 -5.44670739913874 -0.860106975374129 0.984161294468515
1.14627058034348 0.978130206269512 -0.136255179396543 -1.67612256790434 -0.303848855263865 0.297848575513919
1.83643109662206 1.69846747736835 -0.252729495330883 -2.74506740477994 -0.483556625420199 0.493790047237314
1.60440537895384 1.47860274114551 -0.210429130080759 -2.41072240359268 -0.415831679722185 0.433572825812737
-2.04733825669848 -1.83947593722629 0.227111867538722 3.09593417266215 0.512792974420081 -0.552220733195165
-0.0807081223743209 -0.0770197355588391 0.0069249829552787 0.128393717803647 0.0170327977150085 -0.0225770257445153
1.56640257928091 1.44492204734899 -0.217113017116253 -2.32903615012857 -0.408304789248289 0.414310878083269
3.72219825793457 3.47663080001033 -0.466361614839775 -5.67146257645646 -0.925134631777821 1.01746091823507
2.15270863437231 1.89311172159697 -0.271273640970179 -3.16121308474117 -0.564455286890947 0.559077813223475
-2.63273779757322 -2.31451068137245 0.301187862081625 3.92269723484389 0.687616495168941 -0.701197720300168
-2.09460689801645 -1.9355727226131 0.255325596677307 3.19032463693261 0.531596909411473 -0.57553109604462
-4.28176023010267 -3.56709676742358 0.532803699192748 6.12771425698831 1.18737051845685 -1.07874828163702
0.127663154420431 0.116749026611004 -0.0150332069129266 -0.194072329263718 -0.0323188858908951 0.0348768724648922
-2.75435875550929 -2.3769441514746 0.320917209769512 4.04023940216602 0.718316128874708 -0.711027411090822
-1.11916509910983 -0.970262343711091 0.127753872324845 1.65036304691394 0.286548689752434 -0.291313613611361
-0.306714654581346 -0.287925681373288 0.0437160337070489 0.463775946732907 0.0816869301840448 -0.0853192574268271
-3.9454862726185 -3.63559234184357 0.520345279637533 5.94369729350703 1.07082115324334 -1.08612473504146
-1.73168217281223 -1.57726855138012 0.205456848569956 2.61866002341409 0.434060805929901 -0.468476751884203
0.326174557765873 0.309936930993976 -0.042346008716405 -0.500625153303234 -0.0805900958269731 0.0905171617251403
-0.731267745163482 -0.687661255704842 0.0987029034647651 1.10931568063116 0.191275628946413 -0.20186234351777
-1.85384992604224 -1.61137343990615 0.205043117652449 2.74683573952228 0.473245263324078 -0.484955421409933
3.14191172681853 2.90844268782617 -0.392644597934867 -4.76809652964464 -0.791566292172291 0.856943790631593
1.07233141332235 0.910406758953517 -0.152777544113544 -1.52410089543894 -0.295531534397216 0.268536976423151
-3.17235796251555 -2.94598515021595 0.396367257122265 4.83757596403773 0.826447596381994 -0.88138486197074
-2.64834377898553 -2.36116546134798 0.293616572990754 3.99391275998048 0.677098691988919 -0.714505372093273
-2.80410562367249 -2.64118436682021 0.35508591829338 4.30183701069249 0.720123493085663 -0.782929012144647
0.366073132568468 0.351872512775437 -0.0399529638765939 -0.573078455023316 -0.0861279398832909 0.101918475593211
4.2540646645618 3.66985496264599 -0.482739033525955 -6.27872535587174 -1.11641228434007 1.11621657340961
-0.688423000005748 -0.64773111185046 0.0936219373735396 1.0434909642236 0.180441623766348 -0.190012402890412
4.06803672443126 3.54205294699794 -0.459045805846949 -6.04048776337613 -1.05923192318596 1.07557991897409
3.22585631416 3.02526951421897 -0.406307025810445 -4.93081359212218 -0.811631670956782 0.890014003473576
3.687990786272 3.54037158223278 -0.465676369396226 -5.70757055978061 -0.902766182070628 1.03080716015407
3.48634041884254 3.15124556014616 -0.426443574609049 -5.23490038566084 -0.890705908412743 0.936789212090753
-3.12348176498293 -2.79181924821402 0.36723556537179 4.67940391774794 0.80470582050251 -0.838734446293511
-0.212236763434324 -0.195315054660432 0.0210040245347827 0.326652009735883 0.0487618215676035 -0.05720688052543
0.62084192360012 0.553018488227475 -0.0752336858764605 -0.926023064870163 -0.163799216697245 0.165953271040932
1.40709735440263 1.33777399557697 -0.177354388337353 -2.16943775663564 -0.359500224155707 0.396156423816482
2.58201359150371 2.22881078085435 -0.304532258086528 -3.79544919356597 -0.67783676446168 0.673759453739119
-4.03494180799724 -3.48480624413856 0.49091258002456 5.89793351651366 1.07746545439785 -1.04482774881884
-3.50660877362228 -3.32324394449598 0.475687112743055 5.34079402818133 0.909852663031618 -0.972835561868764
-0.0217795306779858 -0.0186223085376056 0.0028469786585446 0.0318865043250406 0.00639355915255714 -0.00597121511442007
0.913352572715043 0.84116045088751 -0.107074203100475 -1.38752610730309 -0.223072082366004 0.245560026624089
-1.43638417240118 -1.34571370038575 0.186333283091658 2.18463250598193 0.362211661667861 -0.393918765177695
1.53612069465097 1.31885348206882 -0.190423593099604 -2.23457270449211 -0.405682572452476 0.394585484259621
-0.159552251571027 -0.150872182893743 0.0134405889698368 0.252179974767703 0.0338043487107917 -0.0439148347074167
-0.468586124536268 -0.420659061093091 0.0619261372137567 0.692195140145445 0.123357930313116 -0.123720511173883
2.80699265020455 2.68849594346046 -0.347537379565481 -4.34915975624395 -0.683993911082276 0.784273716839637
3.80784022010705 3.54932510255651 -0.474347552207119 -5.80368016989172 -0.956593071928821 1.04401877749942
2.83502564427365 2.72979964511564 -0.350420582315574 -4.40522574001172 -0.681946939475739 0.793564829178556
-2.4942426902281 -2.350941162458 0.316111221635437 3.82387256573522 0.630558032798291 -0.692629215336338
0.655729041085052 0.627735974511274 -0.0843795173392106 -1.0117654465175 -0.160389765326217 0.182965982582135
-1.55415141842412 -1.3772053687491 0.173569871754739 2.32644329542802 0.390864400636503 -0.412676855292327
1.88916016764901 1.74468817148565 -0.249307987579534 -2.83606616841141 -0.485895490802278 0.508237292397345
-1.1857612959422 -1.10241421944821 0.150245181339552 1.80519358621478 0.303254326724709 -0.326858099257752
-1.56074404998601 -1.483417303045 0.20320293148052 2.39514231941497 0.390588447249645 -0.433836459821031
-1.19128308166017 -1.13758720998724 0.155378628797972 1.83275933667968 0.299137853553148 -0.332581408256625
-0.330356245207989 -0.300789397034314 0.0420282853476356 0.495884907844853 0.0856863115636325 -0.0893309528601824
-1.89122724801826 -1.70762727937859 0.21999004805448 2.85182210844684 0.473301569839245 -0.509052695238411
-1.48907059294812 -1.34942695809011 0.178171511839555 2.24327217856409 0.376411125255959 -0.400919263642682
0.859691534053689 0.808321054439011 -0.113771072306374 -1.31088391865159 -0.218780062467101 0.238488075932878
2.86199073060089 2.53975083084198 -0.336356349410557 -4.27869855986975 -0.747078861317568 0.767356341918853
-1.46417189839579 -1.31723063982216 0.184086030072877 2.17714774957678 0.37167106580161 -0.385998308635952
0.117985945281304 0.102319646282752 -0.0150807664450249 -0.173431911928527 -0.0316608565471783 0.0313928646579431
0.226810729914397 0.185950425939255 -0.0315062468624998 -0.322750818029628 -0.0654737364867869 0.0589566829834408
0.319608119009924 0.245079784249763 -0.0398423672258554 -0.437058716118618 -0.085505282672804 0.0735260630096855
0.407809870250851 0.319615456065616 -0.0492209495616829 -0.566052288203567 -0.107556834606755 0.0958803200836346
0.482173295855192 0.396939436584307 -0.0584273738296168 -0.691172279756353 -0.129884861758197 0.12189892576621
0.576598989618524 0.47249121283151 -0.0700996307758062 -0.82431566491004 -0.156573257136064 0.145722739050835
0.652313643472303 0.53893760255701 -0.0786981076180139 -0.932173370148844 -0.174244797825826 0.16273993200703
0.753678945583802 0.577703802407827 -0.0868602214513168 -1.02226516019173 -0.193195876675362 0.165105759630463
0.869345198804771 0.626674105979274 -0.0960270110437503 -1.13313141243583 -0.214360176795031 0.170968571229119
0.983446321087301 0.757468423638088 -0.111807298840544 -1.34235454031122 -0.249952891385307 0.218088354263592
1.11986056808446 0.94029950022523 -0.132694522134178 -1.620603646131 -0.296538452787159 0.285135735158668
1.28536812549453 1.06629101949999 -0.148379741431023 -1.84914007862578 -0.333766850268139 0.322706770660699
1.46663645869341 1.18597765936301 -0.170814256904807 -2.07452772732716 -0.381928314871638 0.357431721433104
1.62203903227328 1.30542569384333 -0.197529956718852 -2.26212984450476 -0.424020558303735 0.381668030146718
1.8172062097963 1.35152232085446 -0.218951657519927 -2.38371159647707 -0.458240707866857 0.36602019506611
2.00434766886694 1.43123272890306 -0.238636011702405 -2.54886829734743 -0.493496382251356 0.369506551790555
2.17198984416116 1.58884507249459 -0.257364911251271 -2.82335322464917 -0.544181018415112 0.42668176136549
2.33319197670959 1.80235519784708 -0.273627469774284 -3.17567094101408 -0.599355259540541 0.517283355693073
2.50680194833434 2.011345610569 -0.290410057781403 -3.52121472810646 -0.654370870377667 0.59877293645018
2.66262881289015 2.22937811867951 -0.306856381217823 -3.84944577056404 -0.694945828825487 0.674137233195151
2.86320130939538 2.35805039855824 -0.321891588384374 -4.10179046279182 -0.735477801664779 0.710400584091628
3.0045577084308 2.55530903012471 -0.34858787284272 -4.37377505305125 -0.773120620354762 0.767974567076406
3.21533069058455 2.62387785784693 -0.369654746516259 -4.54728329655704 -0.810776521230565 0.775822034892332
3.40889412597995 2.69542051205044 -0.390803732490526 -4.71512463066621 -0.851364989841667 0.785325570042429
3.56731280842584 2.83750812398529 -0.411659925919298 -4.95515656488031 -0.899437543930102 0.829587151435828
3.7584590216103 2.95201904994985 -0.42588359260836 -5.19354181401481 -0.948430811918816 0.864213757702774
3.89622882251621 3.17398712219604 -0.438531551498864 -5.52747058253676 -0.991332529250548 0.944190875569635
4.06617001606101 3.33872292628062 -0.445273419862631 -5.83089588570807 -1.04632358664179 1.00781659432708
4.1625191105673 3.50845237874414 -0.458084952762177 -6.07681641589595 -1.08202330096609 1.06933306297753
4.25517874724281 3.62511443357299 -0.47464283125054 -6.25483373506739 -1.11901905057304 1.11141839749981
4.27082034332116 3.66930906324951 -0.485860666338803 -6.27778194595496 -1.11726323865907 1.11043822020437
4.37294019635241 3.45759016234651 -0.479766087536038 -6.08125782176691 -1.10323537261039 1.01061916489822
4.3538621518374 3.38063476050207 -0.480979997952686 -5.98576655372616 -1.10108595191795 0.985210914586598
4.25538353621255 3.42879886003188 -0.483334742480268 -6.00315872949441 -1.10552953780593 1.0240506618831
4.16659095919258 3.43730152701109 -0.483205023571246 -5.97969213689546 -1.11175111915859 1.04675460849576
4.08439688882603 3.29315236439841 -0.470190076465414 -5.7600506145866 -1.06768231887887 0.985371385827662
3.95978098400715 3.06307938654954 -0.447056740430323 -5.42194549881567 -0.996046526129912 0.890024605176744
3.73293851583539 2.9867654016705 -0.426319982271369 -5.22607128092321 -0.950861839520894 0.881220677933057
3.55276113791413 2.8783313530797 -0.399180310744021 -5.03630102884266 -0.914460807622247 0.862111271811186
3.39715608916496 2.76044431265875 -0.37130156409363 -4.85032837215377 -0.882272959423661 0.836668889967559
3.18780876652472 2.72547343120314 -0.355525150332586 -4.69837767486769 -0.840187356959037 0.836159321625402
3.0159996856337 2.61077706585167 -0.341155299059271 -4.4733878232686 -0.797068966901745 0.802407107238875
2.83494278341665 2.416675224676 -0.331180567011701 -4.12377282185975 -0.736270705844197 0.720774475425858
2.70763964869557 2.08135282362673 -0.316343964296752 -3.6529271599277 -0.676450201611436 0.581550663475454
2.55155626297183 1.85328647113744 -0.306614794701579 -3.30451146906511 -0.641384866521169 0.501395421627756
2.34032514257074 1.7534445173728 -0.2945817055447 -3.08127033720014 -0.607209942798129 0.482966083463883
2.14476637037428 1.62208389027766 -0.280206985657321 -2.81832122338515 -0.564048768790764 0.438043656401931
1.98399672792684 1.42784838646176 -0.262417301520604 -2.48670747522539 -0.509763348496656 0.349540947929566
1.81959603549019 1.25341606251961 -0.243547361063535 -2.18392165253479 -0.45679003287572 0.275470662031055
1.65021446922243 1.1360251695938 -0.223838938956432 -1.97407435269646 -0.415054754430105 0.246648406277998
1.48603389982644 1.02631151120207 -0.203768057313155 -1.78760805581804 -0.378047209099878 0.228740267449679
1.28782646399214 0.947365897044469 -0.180442451110212 -1.64047786713349 -0.342638423853267 0.243128262933135
1.00768775170224 0.805219731488251 -0.146663281335704 -1.3812338419767 -0.283114243370999 0.238021697905036
0.600660079769424 0.474140776406328 -0.093331444353085 -0.82344028802596 -0.175333557046626 0.14737877435009
0.00292689206700143 -0.0139325224000941 -0.00727095576802308 0.015307161307285 -0.00999686626303001 -0.00184336660192734
-0.473681589512673 -0.407797060329501 0.0646827866069168 0.68829326196933 0.129023979004778 -0.125358617964389
-0.913872341908195 -0.757634179490894 0.111785057598955 1.30318485967006 0.239227718316069 -0.227419526066739
-1.1142609606442 -0.900634655650612 0.122875270328204 1.5661427613582 0.277827734807425 -0.262582048993492
-1.30439541114286 -1.01301788841408 0.143209620952533 1.78425400934183 0.322675460166403 -0.290008858666593
-1.49611342693426 -1.14291944888458 0.167065498235754 2.01846750947763 0.369775795786368 -0.323169090754351
-1.67003462334206 -1.2530841466131 0.182993063182444 2.23156750293237 0.411708451454971 -0.35280909849945
-1.77796433003796 -1.43823291899063 0.193797530392846 2.50742277010341 0.446072003908883 -0.421311560007404
-1.89207017807382 -1.63545567943826 0.206257486661598 2.79901581536327 0.482150836510976 -0.493811239758599
-2.08035864591547 -1.77279632842681 0.222593496697773 3.05587890628961 0.52542788853316 -0.536364065680421
-2.25765945383141 -1.93434504280722 0.243907743266871 3.32397829120678 0.570833375986031 -0.584041933010764
-2.44025215550139 -2.02384947242939 0.256121033462491 3.53128121579949 0.617499284593232 -0.613530457854474
-2.58668061561872 -2.22519015925728 0.286502362655424 3.81422954088517 0.670051544508118 -0.675876553727334
-2.79529544074202 -2.32911187025827 0.318661500028118 4.01700726370543 0.725725262112097 -0.693453342363224
-3.08036673500237 -2.33477605987857 0.350882803993201 4.13783808212782 0.779410598654686 -0.65860270632355
-3.29916547714953 -2.47031413615787 0.379782094008344 4.3778098464314 0.824513464468089 -0.68476335928239
-3.48421935213376 -2.60921627852528 0.399269079090241 4.62610863338006 0.866257634311588 -0.724955170576874
-3.56911840035847 -2.84059510008815 0.410806820465987 4.95361549007886 0.905371524320337 -0.823365640223792
-3.68699828936986 -3.04028756739817 0.426225529100208 5.24467551685853 0.946474202804363 -0.894632930580621
-3.94906455693394 -2.99834734430422 0.436077018354913 5.33496467395012 0.991845684525977 -0.850957524308041
-4.11643799447426 -3.09575870244275 0.458326325924399 5.53112095243421 1.04312145188973 -0.879760360630906
-4.21935452946775 -3.22740565570293 0.477178326145886 5.74679243244229 1.08611706389132 -0.936766103872218
-4.2876782823452 -3.37915731842433 0.496279883922386 5.97768344970751 1.13975434876382 -1.01697442661575
-4.28137598779841 -3.54139306327484 0.523076790721154 6.12315519804829 1.18003039067765 -1.07932215664502
-4.34411233295799 -3.47062204868715 0.543557587388196 6.00757059554791 1.18796892600563 -1.00500512451392
-4.37830395018202 -3.17579059970304 0.558510708082623 5.5711500398046 1.14298649557604 -0.800808228320418
-4.28724078448372 -2.95836746285927 0.560767194320609 5.19708640830514 1.09358556862347 -0.672727788458136
-4.12236315401178 -2.852273834829 0.545922390108995 4.97152768135187 1.04303628590916 -0.637029317731329
-3.92750682934111 -2.75676854312218 0.51283467173276 4.79675769295116 0.985476421648086 -0.635530025711912
-3.65820998674448 -2.71775655521452 0.459183176515788 4.71286368734582 0.922374639482113 -0.691570325991949
-3.34087005088231 -2.7663195592028 0.402817521536803 4.7220472213079 0.860423535599324 -0.798536146085695
-3.11896172378955 -2.67246737995407 0.34998977048516 4.56832957782593 0.794162708769747 -0.802569126933116
-2.93415636770944 -2.4545784680052 0.304932122366312 4.27004750094097 0.736655129819372 -0.742926586865903
-2.72769020224735 -2.37026989042429 0.291194096986983 4.06107614712989 0.692952101213801 -0.718859303971852
-2.56309308359203 -2.22042209987529 0.273141421746275 3.81075358310916 0.650670889883753 -0.674282327018589
-2.39639166275729 -2.09105554653422 0.259146944849208 3.5716717648026 0.606728573090346 -0.632965137281413
-2.21901490587151 -1.93548294188438 0.239929717172616 3.30333327032854 0.556864130676367 -0.584091573318621
-2.02952922272143 -1.81299259998574 0.223748105961995 3.05932032884861 0.507563220291562 -0.544550768710293
-1.90507186909211 -1.64994550112661 0.209324508600809 2.81389210774055 0.473280164361 -0.49485991225375
-1.75014597485017 -1.48208958927431 0.188919055822016 2.55137010754632 0.433453955365062 -0.4443059778588
-1.55853852943521 -1.34973521064635 0.169292261478028 2.30503447271454 0.390087774246542 -0.405084243439083
-1.4177174099816 -1.17259682339736 0.152187809362269 2.03795921699493 0.354702478751448 -0.350006449888284
-1.25487460807822 -0.995630396552772 0.131591855516051 1.76339553746831 0.315935483986702 -0.297479913489735
-1.05980604333903 -0.8794274146382 0.113500890126136 1.52934153241435 0.268132155968895 -0.264490061439553
-0.859943687623116 -0.725239362801424 0.0889554118874481 1.25620509685753 0.213252556189569 -0.218060835215244
-0.676792932486113 -0.611706777169681 0.0696851822315695 1.02902686124718 0.162693488499502 -0.181167921334688
-0.613674852053766 -0.511878926010067 0.0661639916180072 0.881336589864614 0.149454613647105 -0.148967228826565
-0.553562822622117 -0.41095534769651 0.0607728128863356 0.734663993020573 0.135931341314494 -0.115353100193897
-0.475642643897719 -0.353598939832323 0.0537756090062726 0.629252869243964 0.118598991157208 -0.0988804089202804
-0.370132301816206 -0.289236959746271 0.0413366117509693 0.506937671165459 0.091964226008371 -0.0826125132457976
-0.23547833125729 -0.203888423216457 0.0223304424982106 0.349081050950764 0.0539321598013685 -0.0592579983556698
-0.128420796267484 -0.123264776629625 0.00893239477044546 0.206798181684174 0.0252059205080692 -0.0358612689954212
-0.0559249471659503 -0.0530245569650428 0.00326438348392269 0.0900617854793933 0.0104398496376214 -0.0155736837139211
0.0232870374827827 0.0197359745654916 -0.00369332339823319 -0.0329654419926362 -0.00656833109371501 0.00596375837573853
