0.844797302132601 1.39858700479527 2.50930111335046 4.1791648692543 5.28443305889306 5.83851112606148
1.23951311507156 1.79182950239796 2.90676395313903 4.56749933478953 5.68864448370369 6.24667917078142
-0.439541287449906 0.121119621815222 1.22749032620018 2.89510945658653 4.00594133338049 4.55845322783301
-0.274831178799494 0.285147970313998 1.41032265418917 3.06973203934517 4.17676810070443 4.73602999392303
-2.02896571893748 -1.47307336594368 -0.364578438020976 1.30269943724093 2.41821055955035 2.97331679571355
0.842693640049792 1.39529441404126 2.51682261831972 4.17568027090154 5.28453220758452 5.84450383314562
-0.137257502429177 0.415284671347627 1.52514944284063 3.19881547301846 4.30639518156917 4.86409796184506
-0.984881314057921 -0.433720473603566 0.673230715754905 2.340836768253 3.45567168201421 4.01191029565094
0.69374950687968 1.24464106360783 2.35706924297882 4.02473590074454 5.13705802683244 5.69536271577432
0.034181474201969 0.594998698804449 1.70320462234304 3.37034990828279 4.4822707268347 5.03803314849997
1.21068550797139 1.76604432496069 2.87850649859335 4.54425804673909 5.65839135335897 6.21757282867571
0.128532188595791 0.688144982881511 1.80372284521789 3.46667084088648 4.57925505285768 5.12780694365882
-0.239925209219209 0.315094580238902 1.42159963378033 3.08822569727745 4.20044498130036 4.75710597970329
-0.583307501830932 -0.0268970865616235 1.08235919664766 2.74685300254558 3.86091268459575 4.42077430268288
0.217083580418712 0.77750436703298 1.88963458609364 3.5527228589218 4.66686490237063 5.22344290059551
-0.405028538776745 0.152502007205187 1.26279034604481 2.93331159799633 4.04202643278239 4.59360294520197
-0.0774513932702769 0.477782432919715 1.58901801293718 3.26901778427223 4.37441557247881 4.92648650142679
1.58244300071039 2.13661765030082 3.24267029270173 4.91491025398532 6.03206445386534 6.58224164989474
-0.0365826785268938 0.513044776449454 1.62806165963896 3.29653475502345 4.40749345115839 4.9635463670636
0.151102273113168 0.704650908458189 1.81346277931973 3.48429655210818 4.59899425778331 5.15023869624636
0.503467825246303 1.0551151133001 2.16606294290944 3.82970011544187 4.94098192758963 5.49718436790826
0.912038128265822 1.46121774780044 2.56623407472041 4.24331315201366 5.35401870393613 5.90452597212973
0.209224090316934 0.759648762039376 1.86641735334443 3.53990780945488 4.65036319552707 5.20546191469017
-0.544666670845855 0.012265052098224 1.11913816872654 2.78750804003174 3.89957746519864 4.45674273131764
0.81737232543204 1.37374285328986 2.48402989425436 4.14984207770745 5.26058038830987 5.81224742300105
0.28260072792847 0.837696393376197 1.95049282839893 3.61583562029381 4.72589994444792 5.28033847038354
2.0361110684288 2.59333307604303 3.70622386905305 5.37027041475684 6.4875488712948 7.04333435746219
-1.82282620667264 -1.2688676116661 -0.161001649227771 1.50931228748581 2.62402960490729 3.1787470848381
-0.765303554170133 -0.20705060412818 0.905470271975493 2.56899008359578 3.67780527812374 4.23415327135256
-1.54160154901898 -0.986177451135657 0.130046548203614 1.80838296608023 2.91345532450628 3.46378995685579
-0.868223012407222 -0.311126107913787 0.7941497322927 2.46660067256428 3.58071374281991 4.13421779928277
-1.65147905161882 -1.09709070673175 0.0170782801735269 1.68744381947327 2.79023920760202 3.34675129816608
-0.523349233243049 0.035530636519117 1.15281453815415 2.81226793541015 3.92662305067582 4.4821767477167
0.440430415584194 0.996512002425495 2.11013124995264 3.77437913579611 4.88601286168271 5.44355402473748
-0.229497727114536 0.325012146904092 1.43828548371463 3.11097383988008 4.22447619171841 4.77745396685789
0.175075360652306 0.735059039079843 1.84898608778404 3.50923569428485 4.62252777261997 5.17731230354362
0.0516340652047651 0.607017251195141 1.71774620177665 3.38921166443678 4.50725080346041 5.06019631640343
-1.06803557146471 -0.511397176723107 0.596844153406566 2.25318118824232 3.36813070200036 3.92752462019816
-1.75651348763837 -1.20200529878581 -0.0911739056355143 1.57509988748764 2.68745261462439 3.24034784501688
-0.220682434045589 0.328735977089502 1.44121688147188 3.11784768962437 4.21831723175523 4.77666492958662
0.236074041551329 0.791650655122791 1.8988855822643 3.56865829980033 4.67846615220512 5.2345745152181
-0.0353215828070816 0.517260431075622 1.62976898817768 3.29706274632706 4.4075724585328 4.96285826930204
0.183061994400655 0.741529367030228 1.85637816336717 3.52141583883301 4.63478972274041 5.19130918135914
0.109167198238005 0.661695065214156 1.77151253348246 3.44196479914317 4.54900462577227 5.10360801241192
-0.836093428785874 -0.277797634192265 0.835120785396315 2.49804463478214 3.60814922703808 4.16550710317506
0.35473525366815 0.911865914474701 2.02679846133742 3.69172637837735 4.80461600006964 5.3574893451255
0.269918498448086 0.829849919054861 1.94907011863982 3.61443182259717 4.72406935627943 5.27858706715885
0.115327718718711 0.66785142458224 1.77838203238957 3.4483503074098 4.55634585688006 5.11059582693633
-0.268533129242404 0.28984761185209 1.39340217571961 3.06662354286744 4.18077792785295 4.72717819691708
0.0985260166345531 0.649784740500858 1.75554841257803 3.43180361218185 4.53390715793459 5.08480546078191
-0.0665835917103271 0.490741970329833 1.60349950729433 3.26555570222164 4.37753016051031 4.93611317252438
-0.00235788201015077 0.551091419667086 1.66020637721056 3.32509731645607 4.43715474520005 4.99111194111294
0.204302868318467 0.759610114760654 1.86737734811398 3.54610150995756 4.64992358944189 5.19781850464491
0.911709319597931 1.4673259025622 2.58127299226819 4.24719467543957 5.35768040478777 5.91216258189621
-0.286922172787495 0.267042884623134 1.3791064496127 3.04644662495315 4.15630422305894 4.71196764373399
-0.248150396817646 0.312950759789295 1.43176740448279 3.08988134149713 4.20010091321913 4.75581630446461
0.711644862047842 1.27367358238818 2.39402063165402 4.05176436723037 5.15548611992282 5.71026220439457
-0.147588215103077 0.401724625026407 1.50631085332891 3.17397282981039 4.28812514305239 4.84731227995808
0.0459137017532391 0.604429122986612 1.72667146998222 3.39579723377499 4.50197107116855 5.05617599775226
-2.29857787871136 -1.7429242083332 -0.635564488721235 1.03541679780161 2.15159553112123 2.7113068439949
-0.210958943290966 0.342747312742135 1.45271817348694 3.12001952919851 4.22689950625358 4.78231001568816
0.113222779354143 0.670041760283805 1.78299499771954 3.44450811913668 4.55842022814294 5.11258801271134
0.0297521235017831 0.585570526066504 1.69371140085953 3.35955547398424 4.47136339606134 5.02941214257317
-0.0446819524367684 0.509242367582163 1.62121362533236 3.28850617756235 4.39778951541202 4.95480143945568
1.30900571988025 1.86508871310299 2.96891969350638 4.63540453113634 5.7511640075666 6.30598023254162
-0.405770639277179 0.151801494274932 1.26717214076287 2.93081850835111 4.04284990365475 4.59332342358353
1.6704510514722 2.22673646109608 3.32791084545359 4.99709017142951 6.11004670042541 6.66643006813194
-0.0033999713212164 0.557724516850817 1.66638020365415 3.32567787523136 4.44078516580823 4.99523825955451
0.468033984445301 1.02178132086974 2.12675418318135 3.79744230091597 4.90510053504438 5.46033176210141
-2.5462732370184 -1.9918710999153 -0.882030916466756 0.786930268999048 1.89620939055448 2.44827805642874
-0.51914482189409 0.0379268065272087 1.15026307517256 2.81868999673588 3.9241078841005 4.47903348931115
-0.032061959480577 0.524651523365626 1.63586456433208 3.29199809341883 4.40374278362551 4.9653616475531
0.157142813340993 0.712101675897008 1.82066898770616 3.48815385834573 4.60031044296264 5.15506385913872
-0.549073194026539 0.00221634045864687 1.11712448984607 2.79072822523012 3.89153332444482 4.44818247893899
-1.50983182021251 -0.956162653964977 0.158692873959249 1.82048129441004 2.92995483335889 3.48366546216176
0.165070060761174 0.720795197131465 1.83212987218125 3.49962327360478 4.61613292503762 5.17266768816079
-0.896837828994921 -0.343116984601799 0.755509686016212 2.42823526436036 3.54828344854685 4.10732069052161
-0.410347366645604 0.145207387322154 1.25620771081646 2.92084616181477 4.03747264777396 4.590542156788
-0.046224815662185 0.507508003141547 1.62069910376719 3.29315160874774 4.40335288114041 4.9628113032095
-0.63533335316306 -0.0793987359606103 1.03646187187122 2.70426436196143 3.81325073422977 4.37189288125684
2.11946169361718 2.6788543093431 3.79651788826894 5.45660484839054 6.56889158157914 7.13037894075873
-0.296675929505844 0.2600024357814 1.37261609702424 3.03910879945441 4.1494818965015 4.70377148505742
-0.0882581087255674 0.46853557633585 1.58002532100425 3.23986142045312 4.35001323844303 4.90675445844166
-0.277082328127429 0.275927825197818 1.38932357156759 3.05816721451348 4.16404852182885 4.72196149464057
0.339729161013496 0.897002764660678 2.00961839166131 3.6696046930099 4.77752890252524 5.33711527559077
0.0555461514146327 0.612671317025713 1.72301989478146 3.39639194185952 4.50995724159491 5.0674819352872
-1.19523633673988 -0.640804377551167 0.473341230753376 2.14191460632452 3.25121785115365 3.80134063958406
0.340715664156609 0.900230648045479 2.0072911485355 3.66793643094129 4.78655132234003 5.34071633098575
0.34432649246067 0.899556349231497 2.00486442777272 3.67464643911479 4.78349694788495 5.3380305359624
-1.77515924561843 -1.21919999047054 -0.111729419013365 1.55823686211906 2.669907609739 3.22425462774668
0.260423001497267 0.813478559029856 1.92875753316811 3.59954915053941 4.70687645513162 5.25996029914182
-0.13245851198422 0.423805243990081 1.53636877141611 3.20128971900793 4.31177193615505 4.8667119900075
-0.185583470643784 0.370069976486618 1.48142336030526 3.15716185433107 4.26787695441071 4.82156472386057
0.0901666313861008 0.64311032285775 1.75952834428464 3.4247767149364 4.53470413482077 5.09172760905622
-0.0911171789365176 0.465785616191065 1.58543477623053 3.25018566029727 4.36011356484937 4.91445132548479
0.199955689889725 0.759049418230863 1.87557999026465 3.5415315553205 4.65401471946156 5.20874624765039
0.23377404282336 0.789937208492022 1.90751574922715 3.56506887905076 4.67991294923253 5.2359795905657
-1.1997484017798 -0.6434875226662 0.467227883684628 2.13436265040736 3.24357221097875 3.79737193442546
0.0162188447731488 0.57639619760149 1.69440120504498 3.35157402428493 4.46557355192042 5.02147465893192
-0.0469338845510663 0.508608233022516 1.62219801830798 3.28595910341256 4.39777928793767 4.9535900624795
-0.20903516036296 0.346179405155061 1.46047251600951 3.12782217547968 4.2362876602289 4.79189530807883
-1.00150297630351 -0.444073536815453 0.668684784546766 2.33549213249556 3.44305464207223 3.99981433055274
2.06214045931556 2.62194622733582 3.73727478506298 5.39974883378194 6.51048158408108 7.06861986669512
0.133946268969351 0.69152669936966 1.80376050975772 3.46997289463562 4.58351913331461 5.1387913326655
1.44980655489307 2.00862856884071 3.11952050929757 4.7835813938973 5.89168585022208 6.44803329381829
0.613508870313526 1.16945738819285 2.28652838473098 3.95629328554625 5.05924873155112 5.61526924472916
-0.0886936483294699 0.466717667054175 1.57204488660331 3.25208983758928 4.36350099486242 4.91631052944567
0.0133121464443551 0.574198251485504 1.69086964489328 3.34649916594437 4.46420337043037 5.02222154746886
0.134959696920056 0.693633696476368 1.80404895542282 3.47024204580731 4.58329278140487 5.13865953775183
-0.539914539953907 0.0188679357474586 1.13481951001524 2.79265370483736 3.90419723909966 4.46050035752059
0.279363572997228 0.835971293251064 1.94701706906939 3.61390323033714 4.72672406884957 5.28099543805847
-0.210426276918267 0.346008775911803 1.4621533796298 3.12907682029319 4.2409514305283 4.80125967749012
-1.06263399394407 -0.508005348276588 0.605211287987166 2.26774856241331 3.37705582853637 3.92907449100799
0.537647089255245 1.08926146082257 2.19802178205806 3.87247345402851 4.98374457187393 5.54204687994431
2.0490186836916 2.60581037555227 3.71734675042078 5.3856174394603 6.50065838430604 7.05568663491064
-0.700678532514663 -0.146638936966999 0.960784587632637 2.62749811358162 3.74135723486781 4.3013407737205
0.0904439458430735 0.645442955403351 1.7591302056113 3.4204188271269 4.53765477238309 5.09468465636513
-0.0213321288962019 0.534934653048187 1.64360671084739 3.31256156388138 4.42539104705959 4.98316246424002
2.32037057275312 2.87675714679064 3.98740444239999 5.65297282852541 6.7644201111801 7.31862181213268
-1.43746521785109 -0.881857825636022 0.232958047277701 1.89093382430465 2.99804426778981 3.55844860595622
0.633119999725395 1.18340397397198 2.29404200948014 3.96288777508146 5.07055897024684 5.62522767166989
0.349168083999199 0.90347733704257 2.01415245467807 3.67517160146601 4.78998130218804 5.34618802357478
-0.226359400452773 0.329781050900892 1.44357269306249 3.10917289680508 4.21622649724066 4.76838575506951
0.906481234404827 1.4596249846666 2.57132043800832 4.23527847542496 5.3487737615213 5.90878555551735
0.442497862807046 0.995852943466015 2.09952741762406 3.76957437703504 4.88172999773898 5.43805425637177
0.303698583956927 0.861096869470137 1.97180380681532 3.64348386026269 4.75423540107719 5.30816458194456
0.338225420448949 0.894646013253024 2.00129563780365 3.66628312438401 4.77809331352567 5.33474850004104
1.01832613827275 1.58041466898331 2.69644964468028 4.35567548605323 5.46335726200537 6.02127240693292
2.29390890764442 2.85102146832791 3.97110339616057 5.63183053839837 6.7407850043882 7.30159120141532
-0.534540523970514 0.0198282964734284 1.13699808239002 2.8033302974294 3.90766851477277 4.46607189040236
0.340342784082071 0.895395373962592 2.00495890027912 3.671341109715 4.78060606016666 5.33442859605387
1.7351206249289 2.28983701270872 3.39890403252718 5.06338435046227 6.16968312748379 6.72597326429185
-0.811243079473352 -0.251066012351726 0.860801950491192 2.5275597960488 3.63781368024769 4.19112756034582
0.406382634630174 0.965230956401148 2.07687784964826 3.73822252034557 4.8546323940031 5.41151246255749
-0.272328573380838 0.288215243618711 1.39911312020379 3.06570188695381 4.17404379838206 4.72586069281628
0.494986487893441 1.04675853449404 2.1551049088865 3.81430036582422 4.92737964328453 5.48839654885306
-0.0166123438499957 0.539327949547181 1.64904287534226 3.32165345461602 4.43243344264772 4.98679585893642
-1.05305280006136 -0.496770635855066 0.617535599166085 2.27886350387339 3.39149766080681 3.94626525945441
-0.062081178905018 0.493150094574012 1.60686767889341 3.26469368038562 4.37398969424895 4.93065482081288
1.33583460761412 1.88767829438869 2.99294156011889 4.66731358182406 5.78058349922218 6.33265267645494
-1.12958068500988 -0.572306173149936 0.542928376115716 2.20308853792745 3.31528548476969 3.86886283845342
0.0713697432121322 0.626898911775265 1.7411801752302 3.40285669181225 4.51282568586711 5.07265816388442
0.827780892730408 1.38906716005992 2.5004561507044 4.16725720472123 5.27591829809623 5.82584988649672
0.607369563525906 1.15907960296042 2.27261157286297 3.94261817895665 5.05242646639832 5.60765352974419
-0.742874234150779 -0.189449911989038 0.912877000609277 2.58720378291812 3.70152721442899 4.25576825715111
0.774439568298974 1.32719909287376 2.43886560182136 4.11036531432261 5.21492889014163 5.76804897201973
-0.323439667444356 0.228666466154087 1.34285652875127 3.00236271953976 4.11086843494692 4.66972613284796
-1.19461502760679 -0.642246689198712 0.468271566162122 2.13033346230412 3.24270293584743 3.79930987245528
0.408414211439512 0.965310844573072 2.08029224184212 3.74203965008256 4.85447517598834 5.4101837343559
-0.370470757985406 0.186840637280315 1.29912980757296 2.96015263905238 4.0737342188772 4.63199914040203
-1.54126680075646 -0.985542202891273 0.132945748965522 1.80483683095459 2.90182911203424 3.45499288355238
0.297539834034798 0.855382587065745 1.96438964302979 3.62822028696771 4.74247084264066 5.29620510733528
0.3415712419258 0.899374472327812 2.00487328192514 3.6793729113251 4.79011933820668 5.33750370755472
0.507785513817139 1.06698953448613 2.17932504728817 3.83725194887108 4.95277716441429 5.51550210955236
0.127298701643677 0.68304567484778 1.79635160699474 3.45149402185222 4.57183108270209 5.13486724242295
1.77905828931023 2.33051591500547 3.44787034362717 5.12180212090551 6.22712894905019 6.78291731196315
-0.136845604052972 0.419295269321033 1.54035471489575 3.20325259341319 4.30747023214556 4.868838272566
-1.67847238745744 -1.12307131568346 -0.00372118118292881 1.66298884880653 2.77011212857553 3.32498945196516
-1.16009011360779 -0.607653851302819 0.506683503533361 2.16695161916872 3.2787466932647 3.84030947736156
-0.924825957779967 -0.369534773059591 0.745384774707292 2.40580162005546 3.5133359088402 4.06821938985394
0.0124239633648608 0.560948729134671 1.66570257936148 3.33701027289008 4.45290608429096 5.01117188252654
0.280484935845068 0.836997240583367 1.94818899959081 3.61555845732756 4.72806821627944 5.28233271839318
0.791776844935032 1.3489641597184 2.45976776786551 4.12428255722885 5.23523979417524 5.7865248030532
-0.245467989349225 0.311928142848334 1.42259261572172 3.09896997844153 4.20459198182131 4.75669678576375
-0.502498769414747 0.0570661305419181 1.17435307083991 2.83171384320587 3.94261842579971 4.49798942791435
-0.35754695775534 0.200400355803807 1.31271031365873 2.97367170698676 4.08400338289098 4.63911659015956
-1.03131860971466 -0.482631787668238 0.627448349652279 2.29371792838779 3.40462176402271 3.96065327559799
-0.743823325306168 -0.18534470506754 0.921894562863159 2.59026200580312 3.70453777592091 4.26291898951173
-0.901417869252976 -0.3483938818875 0.761006643002659 2.43258403239995 3.5436099291108 4.09742978220655
-1.13696511747741 -0.581939909652784 0.525990654354562 2.19243575653589 3.30519125068779 3.85858225124991
0.758013231408898 1.30972004417647 2.42036397758052 4.08894050432483 5.19981252238661 5.75311226889065
1.3345819918364 1.89106778562688 3.00212208164608 4.67333943927103 5.7821556200151 6.33878082095414
-0.215129301934913 0.337900034247955 1.45050668236742 3.12614562980935 4.23491564728875 4.78866273751771
-1.79646486319073 -1.24422708622694 -0.13032325861531 1.54713376019179 2.65622296341023 3.21163675464641
-1.84757451979791 -1.28909500890701 -0.177413023702781 1.48570759030148 2.59856634600797 3.15998104656941
-0.020276973323388 0.537998997014282 1.64872557480665 3.29818287307674 4.4117633499835 4.97419078846421
0.373511069828773 0.925392513328627 2.03653184380732 3.70676365534755 4.81539972797491 5.36605692999384
-0.0154187766950842 0.542749707230055 1.65657914345801 3.33006747860508 4.43389669800095 4.98557038808535
-0.739090495415104 -0.182333664664944 0.924746213815494 2.5924039850472 3.70462134691517 4.25777248419909
-1.67923243591141 -1.12249100752946 -0.0112374914971173 1.65581705335461 2.7642684614937 3.31500885996644
0.422272478509711 0.978139519469715 2.09147737620422 3.75413379102748 4.86620489846062 5.4223891541776
-0.397503810674305 0.158596583386567 1.27427728118096 2.92512887680927 4.03599814340542 4.59711106111328
-0.221531377501373 0.334737437116816 1.44581004455235 3.11138780680246 4.21992617883841 4.77637491400721
-0.0428287979826732 0.509223178607304 1.61040773860132 3.29192331726952 4.39940937185887 4.9476902160136
0.93741082990041 1.48975440771697 2.60083113646361 4.25794677226984 5.37416830072229 5.93420011337291
-0.328845708812193 0.223090215777616 1.33674476674366 3.01509164284853 4.1211268909369 4.67675249665434
0.362486389218727 0.919651832094357 2.02135810722961 3.68557034575441 4.80196573389369 5.35615923716355
0.669481983090493 1.22028582841269 2.33016608370438 4.00115301139537 5.11104130716754 5.66604139101272
-1.01908047924976 -0.463420536553266 0.648140339449648 2.31198360492458 3.42543825709758 3.98114057916917
0.348691206029948 0.902620945041697 2.01909173997969 3.68627886392691 4.79605852899516 5.35248843996441
-0.214670179813886 0.338303600122898 1.4491287440585 3.11649204180034 4.22693762996052 4.78240119799603
-0.710652007793855 -0.159141268561788 0.953115039202163 2.62464158737306 3.73282204480855 4.29046194947929
0.320209091175219 0.876654016889203 1.98769378781054 3.64574207304679 4.76126852911148 5.31846026547561
0.135032871243123 0.688855330628788 1.80253682304343 3.46969973301667 4.58039907214254 5.13888313752342
-0.189797675806628 0.364125505674145 1.47643979558053 3.14180117723645 4.25114018637873 4.80379662677746
-0.306623210442381 0.244889894174323 1.35340110171007 3.02038672407683 4.12882456622518 4.68423546207526
-0.69111074350157 -0.137602303608701 0.96990573438162 2.64234346484616 3.75349577084993 4.31371340601073
0.427675696611884 0.982700235444949 2.09313136279384 3.76432793380975 4.87410010229086 5.42702894286459
-2.25342018680916 -1.69923422636457 -0.593787531856265 1.07956519456275 2.19552195823891 2.75379418498326
-0.983258100170579 -0.421809729675027 0.689254712427692 2.35078371797163 3.46836004089446 4.02691593640369
-2.0325690202182 -1.48434177376573 -0.372711794924197 1.30007551654215 2.41250966815665 2.97108354449404
-2.2709762971369 -1.71249551008418 -0.605562044625074 1.06176101301463 2.17655187703465 2.72727651681842
1.14432639996278 1.69907806715087 2.8118893192658 4.47580419417246 5.58755363729996 6.14561835237487
-2.52850384362483 -1.96797429795979 -0.851524463028722 0.820543505973801 1.92311809642354 2.47294201127917
0.0580971243768639 0.608922196435226 1.7152081451275 3.38468720672769 4.49567557923633 5.05224204038704
-0.627746781384704 -0.0728685056251087 1.03869437400077 2.70908522418277 3.81793228262644 4.37817218851677
0.0921954712243787 0.648696001406812 1.75862074352854 3.42442371688628 4.53395794039803 5.09028719976446
-0.0817201710228564 0.472710962167609 1.57818921624256 3.25764790947489 4.36906252879953 4.92055835932196
0.205514305441975 0.76708487563665 1.88065602083793 3.54334270925824 4.65740753977167 5.21364745485623
-0.245065882970134 0.314207455612878 1.42463237423328 3.08920125701137 4.20083086502342 4.75518800638782
-0.693748268965818 -0.139909768383686 0.974779550713624 2.63570613128737 3.75123960773872 4.31125228228495
0.625016065946206 1.18495180796294 2.29597384300172 3.95807415823161 5.07224608059442 5.62485171023332
0.164341416109018 0.724649560172122 1.83386977232092 3.50034071656376 4.61222810064915 5.16412978121135
-1.21762760241064 -0.661676867672214 0.452720568069496 2.11852887795563 3.22739576009694 3.78141988479748
-2.24681724916102 -1.69199103943771 -0.582111365065363 1.08592831736774 2.19755899705057 2.7508236560923
1.27902068215272 1.83975676731106 2.95800427881857 4.619607905452 5.72607418440327 6.28222477459438
-0.107552107788621 0.443782415657878 1.55242748486087 3.2262228813823 4.33405249929874 4.8903231373913
-0.234132866262256 0.325549927125465 1.436988376994 3.10498640794226 4.21346798356249 4.76620348642043
-0.474489389982872 0.0837905312725966 1.19472124694643 2.85719342011717 3.96843242724803 4.52707085584276
1.18843481932397 1.74919997696675 2.86649202727034 4.52231878382439 5.6361013122203 6.19699738470279
-0.554778195326743 0.00244014490788639 1.11572417304729 2.78623600356801 3.89177377742973 4.44776028417741
0.0520221032529574 0.60669927977861 1.72014318802941 3.37983597200183 4.49913277618736 5.05715213894141
2.24957924855049 2.80540177423937 3.9250399326237 5.58615506851947 6.6905931694026 7.24664558684163
0.834028811330459 1.39155388126501 2.50636328575791 4.15931818480586 5.27464885859257 5.8387960375761
-1.17948650723319 -0.625000360487422 0.491535568586714 2.15238446544406 3.26092860845093 3.81690814010686
1.92829248289616 2.49133854281585 3.60905203311597 5.2733053768557 6.39413448590995 6.9480213167565
-0.764919746403482 -0.20711704110968 0.900550127878487 2.56688652726845 3.67925912196312 4.23208995981514
1.92975779836714 2.48755880744401 3.5916206484738 5.2630410085246 6.37457920712934 6.92478693668935
0.0903711892129806 0.644267043992958 1.75754445387361 3.42228129099525 4.53174614216959 5.0894249015838
-0.87744681807518 -0.318353503799003 0.793012491677866 2.45856177788791 3.56953843627586 4.12697254961986
-0.241232239367157 0.317684188815722 1.44004232169805 3.10144748083696 4.210299201961 4.76794444115032
0.34409916084384 0.902944567909578 2.02003567243796 3.69018445406827 4.79029347850468 5.34948020446834
0.169140313228597 0.727154707407484 1.83978916751998 3.50016782665967 4.61036989687893 5.16315157103782
-0.121243147318272 0.43712785061674 1.55634443223617 3.21756965539415 4.32354281904259 4.87912112655184
0.713042078054443 1.26637309059111 2.37777952080919 4.04924477839952 5.16395408095422 5.71808520515393
-0.0102565058120095 0.54573255751883 1.65799527358151 3.3130082691448 4.4294677325591 4.98583732681883
1.23801070730416 1.79212500090513 2.90127630814159 4.57213722420881 5.68323983480778 6.23838966816454
0.936092666694493 1.49140862567545 2.60839625361007 4.27824831991058 5.38693384760361 5.93992696217091
-1.79251733679168 -1.2398173395396 -0.131834245554738 1.53644057586987 2.64109220402303 3.19753755507389
-0.823688689764622 -0.265957743117069 0.847120217960966 2.50974633514157 3.61991680075805 4.17653863092485
0.445873348382956 1.00409190688003 2.11328499747582 3.78218569817501 4.89093065276399 5.44270176627935
0.0832856290512216 0.638384444098196 1.75355818759528 3.41534169895956 4.53154663704958 5.09128756558875
-0.0693557506285049 0.485936042136836 1.60192826657983 3.27056175126156 4.37506564876464 4.92843378676117
-1.82671427676276 -1.27632126459858 -0.160626835248829 1.51122331111197 2.62022132220106 3.17678431074543
-0.24245491266757 0.311275601958058 1.41952891686306 3.09543445438208 4.20264759128173 4.75958080212037
-1.32412148196958 -0.77098090408137 0.343063402554935 2.00382298774201 3.11166277548202 3.67133971951324
0.018274446789081 0.568779508527402 1.66941356402658 3.3527526674948 4.45553818267658 5.00580978561618
-0.135016960988229 0.418043783204168 1.52252835773374 3.20164275227899 4.30849261541087 4.86133320811995
-0.244929242625072 0.310657596556267 1.41751868854731 3.09192079342365 4.20368830783845 4.7596825914202
-0.303922997663877 0.250937054036572 1.36005374959534 3.03180437602917 4.14631693729518 4.70360382749054
-0.31806506339967 0.237592612727188 1.34854323109323 3.01788591588537 4.13082340252691 4.68717232220144
-0.322017884537916 0.234447484210134 1.34714179947098 3.01401146107818 4.12309331792879 4.67769903053944
-0.286883868075361 0.270763010690782 1.38637160007136 3.0489579164392 4.1591966555335 4.71402619631825
-0.21726519598331 0.340405305851935 1.4557708534775 3.1188805394494 4.22959942780039 4.78459198841658
-0.113205244643024 0.44344642348676 1.55694256997935 3.22379457886125 4.33425926276436 4.88963887102096
0.00908131728902445 0.564816470335501 1.67995145610033 3.34674449422622 4.45651444303376 5.01192231846298
0.141212993332426 0.695742840751338 1.80929638644478 3.47418098817193 4.58548987027493 5.14182715628426
0.276330766415176 0.832129037604557 1.943831756209 3.60899161647775 4.7191145688616 5.27445205673609
0.407886352597073 0.96210756726386 2.07002198892031 3.73444414966125 4.84536958604733 5.40061387223286
0.546059345818705 1.10011696936068 2.20707644924405 3.87066081479883 4.98504983342227 5.54204744096516
0.705513806015416 1.25894152751432 2.3681661066306 4.03759106821575 5.15081418021672 5.70798683543748
0.865490426648601 1.42263117617123 2.53562795747121 4.20266325331344 5.30984663127433 5.86305447837211
1.03503814279772 1.5963027730959 2.71279154385815 4.37170532379705 5.47986706019526 6.03746764447385
1.13171998187718 1.68599933208374 2.79469377000259 4.46284440644734 5.57299015812626 6.12782410166445
1.27629491722304 1.83060489217621 2.93923224107126 4.60548832787386 5.71634656270418 6.27163038663354
1.3705609384915 1.92608157829425 3.03669852662739 4.70282755853505 5.81356599907334 6.36918289966363
1.55427090880518 2.10927151677824 3.21903483971224 4.88936880311751 5.99954559991304 6.5545373782009
1.76683502216187 2.31972836497841 3.43671452587885 5.11029920538611 6.21533793712281 6.77112203731587
1.9298840724914 2.48610820019499 3.59957912662876 5.26774113505728 6.38178050256494 6.93791342020807
2.13977338236179 2.6964978400532 3.81023064364278 5.47360793886382 6.58921757795644 7.14547891572476
2.31612101685021 2.87257539634632 3.98724298094374 5.64938526871074 6.75881195846911 7.3140469076234
2.31280666436453 2.87051010444839 3.99090758720044 5.65156438728604 6.75656885120083 7.31100613319151
2.39994550672266 2.95906748768764 4.07821759709065 5.74281181830658 6.8532386726891 7.40860214878488
2.44525398286391 3.0022922029961 4.11711195909308 5.78311408163791 6.89830003461035 7.45616288738648
2.51384090939293 3.06826016520323 4.17647538916899 5.84436083920685 6.95490837151917 7.5097639304686
2.4549177759105 3.01018497577323 4.12249893263414 5.78493518476419 6.89289815333831 7.44879651455249
2.20542263993466 2.76452616460316 3.88707976402839 5.54825542561762 6.66045914287993 7.21989283191731
1.69827202145402 2.25746172738479 3.37517614448477 5.04506828631696 6.1618416090685 6.71921762484793
1.2015971388723 1.7589056264586 2.8746734483074 4.54663070516059 5.65911855779688 6.2153989912023
0.835517710352517 1.39197743303843 2.50665125160719 4.17672814346 5.28533948824421 5.83967073115829
0.480531392304035 1.03608422051044 2.14708912669324 3.81839420867881 4.92832207880743 5.48264662834204
0.386859318104047 0.943358722479878 2.05225939420925 3.72243743368075 4.83087750777678 5.38362273642817
0.422678148886859 0.9802931590146 2.09456040200669 3.75856913930961 4.8629309837271 5.41545363317731
0.341797090903711 0.898061364105913 2.00618406033823 3.67793407496738 4.78545367913211 5.33618004818191
0.260837784321383 0.817664748441179 1.92826511109429 3.59821643002531 4.7108413602858 5.2652826567815
0.300100796215943 0.855882668333887 1.9638317913362 3.62742447567557 4.7392087512789 5.29234296199735
0.29726918518573 0.853303283872965 1.95995623446906 3.6217500601117 4.73782560304249 5.29274579557482
0.26723120014219 0.821626873873136 1.92803294600376 3.5935659229358 4.70484807248123 5.25882859795129
0.186897354403766 0.742070114559345 1.84960719305136 3.52956335365253 4.63279726912088 5.18026190279475
0.244562501625084 0.799678798056542 1.90914341517418 3.56815607813074 4.68203870979975 5.2376558943494
0.2692787719441 0.823156527726039 1.93066574158035 3.58708817260296 4.69963575108949 5.25557179952496
0.270223870037702 0.82327657821018 1.92909533127818 3.59161440512212 4.70118265829253 5.255868443838
0.220916960736344 0.774019493589153 1.87943957669551 3.54382870208549 4.65239236000896 5.20664722993444
0.144907434539423 0.698673112355386 1.80539650030292 3.47133364357154 4.58132361277444 5.13624677310901
0.108146910561307 0.665249055394838 1.77781044299692 3.44469891968497 4.55787212203191 5.11376041251755
0.120693854691756 0.675463559146874 1.78489337827728 3.45145125708097 4.56655468246549 5.12381319501994
0.0984294009599964 0.652991350636943 1.76171597979496 3.42874479148985 4.53766908804677 5.09233375087515
0.062543975029633 0.617352424073464 1.72725897742017 3.39290853096574 4.50273668898472 5.05815823297393
0.0280940773541522 0.584432648138254 1.69717113668392 3.35963029891598 4.47313369078012 5.02972158678541
0.00444943819392838 0.558101076783412 1.66586730753823 3.33071686906053 4.44193305545832 4.99681856356426
0.00896758756918863 0.562001669910612 1.6682311832618 3.32463769072447 4.43778552803422 4.99461186779097
0.00418751628497742 0.557922573206807 1.66558288540264 3.32849547643623 4.44262469378772 5.00003274953239
-0.0273037673428467 0.529507116860947 1.6429165876589 3.30944638513559 4.42096424053611 4.97667530136366
-0.0395308440583692 0.51556288622646 1.62955981949448 3.30156747451453 4.41245350350076 4.97098624380047
-0.0762946390979077 0.477554038630249 1.58620339036408 3.25803455401078 4.37088912106063 4.92821843485315
-0.115727748713145 0.441330692155871 1.55472282088245 3.22706271482895 4.34001111012383 4.89629181229761
-0.169828164554105 0.38765097171402 1.50368114760394 3.17467941435504 4.28546092107361 4.84193899374016
-0.187488609474952 0.369248822382678 1.48250558900912 3.15203464254694 4.2637172579599 4.81939189270776
-0.189170164307747 0.367834527132841 1.48112227762627 3.14910155634555 4.25795219324116 4.81230530428379
-0.184987621249424 0.369981216186784 1.48286921876984 3.14898220350474 4.2542524128044 4.80930651509061
-0.182048788788421 0.371715209378236 1.48248210593798 3.15180994383598 4.2570595074418 4.81131780502123
-0.210384003802342 0.348367848519652 1.47064659276552 3.13238312602055 4.24270325714942 4.79999092740165
-0.254546168892547 0.305172106688144 1.4255684094242 3.09270485675724 4.2010399496332 4.755732336516
-0.288573043795516 0.264607852455906 1.37869608342813 3.05923541540365 4.16617307932797 4.72245952255703
-0.345526336704679 0.210601997327144 1.3222313274513 2.99022277686765 4.09865437182709 4.65292183641757
-0.377621646879015 0.179878653824057 1.29606219054829 2.95980551933174 4.06637063345442 4.62027995433965
-0.390487429113511 0.166171955473592 1.28032167432495 2.94306794329376 4.05127721279147 4.60578301149891
-0.437931323509447 0.118053813276776 1.23026395622343 2.89897432065045 4.0056162044582 4.55979128360272
-0.468070183373833 0.0867187039297719 1.19796727517545 2.86663792644081 3.97266020907925 4.52670055701764
-0.44593238999162 0.109078710461274 1.21865087192703 2.88106452180888 3.99477044904236 4.55161693249668
-0.49293670734157 0.0629484051389134 1.17774821980056 2.84520404717196 3.95744696930731 4.51571628670913
-0.793294102134795 -0.236065526264744 0.880227933074132 2.54744450938725 3.65491110920007 4.21001212722246
-1.24116076214479 -0.68336527129877 0.432131117608233 2.09789496293959 3.20174596847364 3.75338291154311
-1.69343275833596 -1.13719246613979 -0.0249337980393596 1.64196104027208 2.74831231575682 3.30065678319272
-2.12401691560783 -1.56864156097617 -0.458965273817149 1.20423424673126 2.31787268609662 2.87418991864241
-2.54368541357437 -1.9893504482088 -0.879861864255589 0.788761288736112 1.89803598394803 2.45091880790553
-2.64916268377817 -2.09240742818465 -0.979051207940749 0.689088878116729 1.79452405287186 2.34703770954153
-2.58072496942152 -2.02141022779868 -0.904011702343242 0.766185818446991 1.86884489920914 2.41999870158394
-2.44993651747183 -1.89373976207019 -0.782175159521529 0.889848561314492 2.00335050773578 2.56026487004136
-2.35975034296617 -1.80248939499529 -0.692908395751127 0.974369611422633 2.08974099069772 2.64526370703501
-2.2212418494465 -1.66395105881036 -0.557413386118098 1.11056433771997 2.22523055895373 2.77776404274931
-2.00778945698834 -1.45319579465333 -0.342816229354927 1.32877042047795 2.44305215899576 3.00036043885439
-1.92750772121899 -1.37269743591361 -0.264921388028014 1.40107071474915 2.51638643284101 3.07330834077955
-1.78223115263877 -1.22678737655532 -0.119166109924329 1.55234048564219 2.66425986508626 3.21894009840411
-1.56329316624993 -1.00605367172837 0.109005949558898 1.78530270410764 2.89376374766736 3.44737722050933
-1.4153374899636 -0.857802725230554 0.257020161381465 1.9258756739363 3.03568722465931 3.59090714298085
-1.31378703328228 -0.756791782274738 0.357938166878259 2.02549782691598 3.13420205343586 3.68879008074457
-1.18163042838926 -0.624922715970828 0.488594822178838 2.1530965540405 3.26325069517576 3.81910763560282
-1.01226224481161 -0.455416267259717 0.657362858341449 2.32588344608818 3.43689703015569 3.99283122929264
-0.872291977611138 -0.315478786653378 0.795328109801169 2.46088040721198 3.57320513241014 4.12887829837087
-0.73820925682976 -0.183897879996906 0.922032221988719 2.59049231839984 3.70284280767921 4.25742067450201
-0.573878656009226 -0.0192841999308406 1.08949541909881 2.7588653622043 3.86793494324741 4.42273513251958
-0.42986314080996 0.124008669290957 1.23146935634865 2.89754109453784 4.0148189552031 4.57139085840314
-0.293498180964688 0.262359998546887 1.37445923421552 3.04350789775685 4.1623080537422 4.72211220056862
-0.140483036266576 0.416455562603141 1.53034103843699 3.1994413301801 4.31155396270369 4.86798471301338
0.00476872955039015 0.559433839411742 1.66908284450983 3.33262761181627 4.44543815798722 5.0017658610861
0.138138539479908 0.694465106982278 1.80733222491092 3.46866975741355 4.5783160359756 5.13258704439457
0.238372249186903 0.793699605058582 1.90440647309154 3.56778052281047 4.67739783723605 5.23227694628158
0.330974944880226 0.885129198077801 1.99217133923688 3.66113656853653 4.77055743070442 5.32558267057705
0.377484889856952 0.932717210376654 2.04233055598432 3.70650686172452 4.81473516193041 5.36952696135052
0.363241231255484 0.918974722724226 2.03077543069677 3.69187134334945 4.80041011488245 5.35556679874136
0.293411158651579 0.84810294140654 1.95839998581035 3.62121664416179 4.73195942972813 5.28698186005073
0.21504616523899 0.770497131105755 1.8811159061754 3.54442168884219 4.65399900469791 5.20902487478476
0.135359092371446 0.688866980030604 1.79622673034007 3.47034433462582 4.57065895566789 5.120768835358
