-2.25465106890598 -2.37647966808671 0.399407927058127 3.50784225026136 0.523785831897504 -0.636606448709407
3.96300703987095 4.07386045347763 -0.736477498637684 -6.03136281184302 -1.01832316441061 1.1144820100618
0.0792180682455075 0.0705964334725516 -0.0167099879794574 -0.110660934796549 -0.0260139919972546 0.0218128601192253
2.04740144977553 2.13702378753612 -0.360144144421151 -3.17015565339398 -0.485338683862629 0.57676419989382
-0.37725652474929 -0.389384902094772 0.0729005541976288 0.570669050196922 0.100425693719558 -0.106214084417569
1.01844403573015 1.04036420360763 -0.187208544813474 -1.54903472349498 -0.261994346270363 0.286298638506358
3.71001105796065 3.86712667982575 -0.679463551911918 -5.6979731315088 -0.924006118720689 1.04611203070999
3.35364769952405 3.53486192132846 -0.604830249175144 -5.19438393244675 -0.805903032553661 0.947423384651332
-2.23018787854772 -2.34054858640204 0.396845554794837 3.45971113349455 0.523737217541117 -0.629123588461014
0.868785101866357 0.889287555170731 -0.160590908600525 -1.32039872146376 -0.226078356254223 0.244466729684465
2.09489047113656 2.18967331156481 -0.368878356450857 -3.2461796293126 -0.495906320322457 0.590553060735796
3.9717432403582 4.08127101549906 -0.738041782090406 -6.04315806222261 -1.0209541788921 1.11667892910572
2.56186592880009 2.68262080911228 -0.455033794799705 -3.97070352068208 -0.604080969819682 0.722453416368094
-1.23025762936673 -1.26461359678022 0.233119485530115 1.86758298363343 0.319561773224763 -0.346281357795697
-1.41067418211147 -1.46246219744631 0.263463896394034 2.15565091690643 0.35764346108522 -0.397637818543553
-3.62871837240959 -3.72916961162742 0.646587438762266 5.55427447052342 0.917326938826374 -1.02071169231158
0.983820948811952 1.00548880584056 -0.181101097528127 -1.4961110192418 -0.253808787791067 0.276641501870918
-0.725862683236513 -0.774184477682248 0.134379012331719 1.12116755793606 0.182582238987992 -0.205676186344028
-1.79207649954745 -1.88338768693885 0.324784014959366 2.77236354457772 0.430219192931983 -0.506097389142768
-2.11633760254664 -2.23441412194934 0.375902563699607 3.29312691663402 0.49273038070817 -0.597812139054607
0.150172738359362 0.156587678491868 -0.0273559742643967 -0.22972285982619 -0.039836337549108 0.0424904709533411
0.189036020821962 0.184112288688228 -0.0375641853300323 -0.277106609901398 -0.0554085638769416 0.052753667351916
2.59947487499842 2.72172549536676 -0.462483371992771 -4.02828420734757 -0.613099031496913 0.733055483780959
2.82568949950703 2.96643025654785 -0.50491736467509 -4.38090506361687 -0.666722092112848 0.797256909624518
-2.35560483126945 -2.48766382545673 0.414799435630577 3.67081893812622 0.543950711949233 -0.665254892211042
-1.79732074228407 -1.89039776187904 0.32529352020992 2.78201308623047 0.430574474290377 -0.507632228540037
-3.7788827619355 -3.84005849920772 0.679441534135574 5.74499180526731 0.974121500814225 -1.06002068913329
0.766383666794746 0.784939770831142 -0.142133217225618 -1.1640517307659 -0.200620638905587 0.215728551713676
2.63684807242625 2.76081337054602 -0.469356656322082 -4.08539692665149 -0.622527467635109 0.743533831537408
1.83527613822131 1.91669109683968 -0.323111825014091 -2.84107368615404 -0.438406635085955 0.517401925018297
0.106268521264971 0.116495591876871 -0.017779741025499 -0.168066086719479 -0.0257857730140493 0.03038203400153
-0.859404698782768 -0.855470470294827 0.169333443303016 1.27821333114009 0.236115568421236 -0.240439083651478
-1.73989385126056 -1.81756253342204 0.318233043874495 2.68001415770674 0.424794292926147 -0.490901780393546
3.17201003950733 3.34761142281969 -0.569405603326957 -4.92232506666464 -0.75350723131346 0.896229932200997
-1.96859038448578 -2.06311344172189 0.355309743160552 3.04549626796635 0.469442787830591 -0.555544862342812
0.430135480166849 0.435951406166858 -0.0821169640159664 -0.645963929575515 -0.117927833162185 0.120812124716032
-1.55012699419961 -1.60907311178585 0.287515310636092 2.37377458219332 0.388496159964517 -0.436957118924761
3.89400497965339 4.02231866017219 -0.720438982296249 -5.94429969496354 -0.991677861944217 1.09628461570373
-3.41452457347011 -3.54420565091513 0.603137309517257 5.26036650834368 0.841584689956484 -0.962168039838644
-1.46029827025032 -1.51385642605743 0.272203622112113 2.23249404928075 0.369068402436205 -0.411594952743778
-3.18750883363 -3.33328026726029 0.559657903839208 4.9357737618699 0.767007302102076 -0.89919354467878
1.15041191060175 1.18283328075594 -0.209846827788893 -1.75630564504409 -0.293298105639251 0.323807736615407
3.88696100359247 4.01491404981171 -0.718244750451798 -5.93390641083658 -0.988022871475423 1.0938309464661
-0.492417578901905 -0.476999255905647 0.100636707392562 0.719590232156894 0.141216916235075 -0.137069836677148
-1.76797151824794 -1.84401598547014 0.323185323944184 2.72135346984271 0.432255031803943 -0.498607192669904
-0.392492374878257 -0.393906493807653 0.0779942176546821 0.584469953175173 0.108226462203405 -0.109942839858016
-0.267677795320119 -0.260990397114004 0.0549645373158938 0.391813068180207 0.0765976738591365 -0.0745753596652739
2.81004228588275 2.95008948073176 -0.501926202992968 -4.35707539603739 -0.662851024831854 0.792888008003279
-0.655890658181004 -0.676507349299666 0.126081281544524 0.993315321795114 0.173582839836504 -0.184699080345388
-3.24964743657756 -3.39456826946958 0.570250547768097 5.02828846162892 0.78447247746565 -0.916298881605136
3.47901214231628 3.66308036739559 -0.629635691189653 -5.38091066816005 -0.84417180996554 0.982973102038936
-2.15698229556539 -2.26224699293303 0.385132245080287 3.34318970294986 0.508858264353689 -0.60846743472256
-3.58914688972728 -3.69747249745925 0.63775099255239 5.50193947985744 0.90251738160273 -1.00993174190542
0.155936988916009 0.171502272836055 -0.0256396591964015 -0.248270080445427 -0.0358282632730386 0.0445272211296134
2.75481519074103 2.88058356418209 -0.492360033244847 -4.26283533340375 -0.65278420904246 0.776428937057373
3.12939902344494 3.30227614319513 -0.561287350368516 -4.85723104221431 -0.741934776650743 0.884150585938697
-1.655954254814 -1.7355449159172 0.302880365958936 2.55360971076828 0.40414592474278 -0.467536613971416
-1.16390735220287 -1.18389084727814 0.222983219414175 1.75544147120985 0.307828753073343 -0.326926315553404
4.01758385226501 4.11030847233021 -0.750120806782248 -6.09677634648688 -1.04067542152975 1.12869106315872
0.620354272138727 0.632487866703775 -0.116865538192531 -0.936604825862882 -0.166720250037374 0.174412989900684
-2.69808093108662 -2.84942203683477 0.471174917199233 4.20653811970687 0.624972858957323 -0.762006426372547
3.48854361026458 3.66805082198141 -0.631538425284271 -5.39137971816489 -0.847466203817683 0.985069508277228
-0.771700172712807 -0.828664650822174 0.141581706951143 1.19708175660899 0.191727228130282 -0.218949212682113
-2.13268973305776 -2.23813745010292 0.381726369643028 3.30665818591923 0.502363262780347 -0.601839962324269
3.21854494479883 3.39668440048509 -0.578213529916925 -4.99306787941517 -0.766650250341676 0.909449316527571
3.64252534478432 3.8100561070293 -0.66458767331723 -5.60741866538873 -0.89984853335608 1.02782873072274
3.08714899863794 3.24175804476829 -0.554526597432339 -4.78002058704821 -0.734765205252444 0.870918829051814
-2.04826444475458 -2.14628439574619 0.368334691736469 3.1705767539403 0.486384460479747 -0.577912776063227
0.185337569292915 0.182854113911145 -0.0363125591480616 -0.273782316869944 -0.0534487781014543 0.0518571695880416
-0.817770212069479 -0.871703430681032 0.151080167944922 1.26361700659371 0.205000355811638 -0.231708032043159
-0.757285300268714 -0.81064805494407 0.139496362098474 1.17246162314004 0.189175467892057 -0.214733280230593
3.56429854093884 3.74305781186143 -0.647461650027435 -5.50173614788494 -0.872492262106613 1.00664794326553
1.08592898334826 1.1144620173388 -0.199040904431188 -1.65470606899585 -0.27915489603121 0.305549584399138
1.83272301679042 1.91289986070293 -0.322561439753451 -2.83630369232816 -0.437817348026152 0.516523602431128
1.59746917610673 1.66199565632354 -0.283331754868284 -2.46464455723541 -0.388333567038143 0.45019052220737
-2.06078386404678 -2.17574674854345 0.366860604834049 3.20532849657641 0.481161745866634 -0.582167135466765
-0.116684030995369 -0.131299182630506 0.0208142047333225 0.185434764603607 0.0270300183760838 -0.0333972903751802
1.57078224226854 1.63207602758121 -0.278823888326583 -2.42155802759346 -0.382618432157689 0.442489779759026
3.72167607690905 3.88297496840845 -0.681119345036823 -5.71844419453757 -0.926948102239769 1.04974290280647
2.09759857390426 2.19065416579218 -0.369742190033953 -3.24856893311992 -0.497129041961826 0.591137617146558
-2.61159922467912 -2.74726196209853 0.458492015708959 4.06201321019159 0.608107436090894 -0.736856004026424
-2.06146824436176 -2.1596782675341 0.370224313313822 3.19080481664006 0.489633457067066 -0.58155019769589
-3.96609865263492 -3.97262191938546 0.722268610580172 5.97744427090462 1.04832777869568 -1.10902951707651
0.112921529674387 0.10604299485816 -0.0229886704819822 -0.162273035441779 -0.0348206837162898 0.0313453480934516
-2.70781881357237 -2.84815288513208 0.474607325810765 4.2113846064441 0.631959785889795 -0.764032387638366
-1.12901035333331 -1.1927189822911 0.208488158774189 1.73989908957249 0.282145073513216 -0.319293071969769
-0.262745540281578 -0.264371145279064 0.0523102187194292 0.391563079620779 0.0722944168092722 -0.07362644659807
-3.85818401603485 -3.90058143311565 0.697220732922579 5.84691111763679 1.00519037982449 -1.08130593124914
-1.72179874517765 -1.81243523524921 0.312304138553185 2.66426269019927 0.414220040582316 -0.486403653538269
0.317273700549611 0.330230157770641 -0.0579946224548545 -0.485776389657652 -0.0822730081858037 0.0896366404206294
-0.618552797423208 -0.609710842244396 0.124093587183927 0.913248011991537 0.173509940473691 -0.172749384989967
-1.87427673270465 -1.95885971644228 0.33965700404719 2.89169463908275 0.453007503516222 -0.528589252399946
3.10867874835322 3.28017366541406 -0.557347331238252 -4.82552472847449 -0.736339155340577 0.878273947263984
0.931724922621745 0.949976399857216 -0.171360972202308 -1.41597185722267 -0.239627539794528 0.261729546027191
-3.17244596544491 -3.32404001031721 0.555691203131634 4.91872891572697 0.759538096124766 -0.895167329975176
-2.62891565904574 -2.77717658148803 0.459599042338813 4.09970108069242 0.607192589898256 -0.742484248242693
-2.73127167200328 -2.87690120906714 0.478532963300397 4.25187268592101 0.635806310009619 -0.771083600800529
0.382612577299123 0.390375175501699 -0.0724898834958599 -0.576968082222842 -0.104004141894678 0.107651532706057
4.0227527707473 4.11293522930762 -0.751474808702113 -6.10232420207659 -1.04287973141627 1.12994305255648
-0.575041460686092 -0.565081438965029 0.115843860904021 0.847317023786931 0.162077052998291 -0.160503226807785
3.91055231068769 4.02808512329396 -0.725206966774329 -5.95998075143789 -0.999114969840647 1.10007689759291
3.22045465529919 3.39959690991241 -0.578618628963914 -4.99665478264826 -0.766772037597775 0.910037988662266
3.72582775232773 3.8863003868974 -0.682398428251285 -5.723780390729 -0.928899937620211 1.05099082656105
3.45397794139978 3.63559939996969 -0.624473687196665 -5.34233085499158 -0.836296437219925 0.975551139315627
-3.1095654088609 -3.2642445409746 0.543734627825455 4.82739036304355 0.739785517900982 -0.877616740367588
-0.258925159335253 -0.276008951896907 0.0485040738496572 0.39878195816204 0.0660763478897795 -0.0733623590554634
0.610364380370075 0.622491007487059 -0.114992888960256 -0.921652710533095 -0.164040823315335 0.171630887118101
1.41073216874149 1.46061334353433 -0.252916383997527 -2.16760164832511 -0.349440585295094 0.397374635206544
2.46937891538305 2.58011979231846 -0.438632618846329 -3.8234896330623 -0.583414922272406 0.695939755592821
-3.88493497130793 -3.92287236181712 0.702697421478491 5.8827303638488 1.01523539226224 -1.08855033433791
-3.48887841142201 -3.60954048663882 0.61801395351973 5.36377617149802 0.866602381755195 -0.982486257822627
-0.0354872004352046 -0.0471472483700128 0.00532100054602247 0.0623682967844443 0.00515413577891595 -0.0104858675677923
0.929413893200568 0.952505202802469 -0.171499082076413 -1.41344285888973 -0.24152001223598 0.261563113334993
-1.40577522414468 -1.45380502649623 0.263161472717431 2.14495167427369 0.357983919966673 -0.396064589520405
1.46483810199221 1.51772004835771 -0.261944832912294 -2.2523918607558 -0.361266667266614 0.41255835858538
-0.216765140123176 -0.234377371684944 0.0400506101793646 0.336572406849062 0.0541477853564911 -0.0615895988151733
-0.436665785681871 -0.449579439061844 0.0844884932791923 0.659796390258584 0.116456229408879 -0.122880694710667
2.82328775086789 2.96754658708597 -0.503980116973506 -4.38023138608457 -0.665555248484672 0.796941634907015
3.792585246634 3.94248097532677 -0.696851477196281 -5.81317201586357 -0.952718807743621 1.06896756340035
2.86424790301702 3.01196717857533 -0.511583037476627 -4.44399696829402 -0.675616960591746 0.808585067312734
-2.40792943592379 -2.53249169249691 0.425735289711126 3.74377099376967 0.560083567405957 -0.679546441567969
0.639192781123803 0.655407242514005 -0.118656109726111 -0.971089813818932 -0.167578971624141 0.179993570336592
-1.57178401318792 -1.65696650265597 0.286311471955328 2.43027256059729 0.381581513388279 -0.444188805374746
1.88270620882589 1.96673990481041 -0.331359353568249 -2.91529528492288 -0.448802605708513 0.530766705133791
-1.16824843548512 -1.22225792021561 0.217932880113243 1.79058704743901 0.296278195876632 -0.329864304557135
-1.52479356582893 -1.59335121103541 0.281358330785183 2.34365848249922 0.378233331900602 -0.43036252068097
-1.15002696934194 -1.18279269313022 0.218466522511764 1.7450079249794 0.299866881520468 -0.323744409343802
-0.327459766665957 -0.339544230616977 0.0630581185625408 0.496532423970658 0.0867182019978074 -0.0922790560741813
-1.87816594367911 -1.97887433173992 0.337920065455837 2.91272037182134 0.445600987134008 -0.530541514359667
-1.48270930423131 -1.55923165494841 0.271928047318237 2.28680261470763 0.364364750108386 -0.41890289134359
0.814382975174412 0.831995976603373 -0.150690728516964 -1.23684498333946 -0.211851763410923 0.229054298593456
2.75908303630296 2.88572774792022 -0.493115217253796 -4.26997441583667 -0.653635367535714 0.777696854700714
-1.43893900717797 -1.48545744639119 0.269422729011853 2.1937875568907 0.366899867843601 -0.405227024153356
0.091839718950214 0.0828104116744237 -0.0192915984161364 -0.129045069518421 -0.0297219573991217 0.0253254338086145
0.177182986802896 0.171443246440634 -0.0354114232563729 -0.258763094190822 -0.0524029817219319 0.0493923581725932
0.26104996139117 0.258485405976347 -0.0511802173724345 -0.38626797363441 -0.0746291015422661 0.0730266511684549
0.349467168612321 0.351036577258163 -0.0674736268487402 -0.521722385600859 -0.0974632420709125 0.097994447269743
0.430940579614831 0.436287150093513 -0.0823729112784365 -0.646726729822242 -0.118334397820365 0.121005041579567
0.524605415653629 0.532867789597142 -0.0996078925173609 -0.789468627123801 -0.142608340253014 0.147377799695443
0.615525215022193 0.627154573957964 -0.116065663376418 -0.928840414559354 -0.165663422284532 0.173018678580541
0.712497576844308 0.727220467718309 -0.133503674848725 -1.07740736435253 -0.19002189997378 0.200314347044977
0.821970728462236 0.840167058073993 -0.153122556628419 -1.2453112360453 -0.217324872816704 0.231133968463858
0.928759860386988 0.950729463733056 -0.171838431316961 -1.41044636985155 -0.242696965497928 0.261229944685681
1.05726947077934 1.0844344498608 -0.194131026401895 -1.60998304615554 -0.272613929566405 0.297460203466569
1.20175502203434 1.23659642005072 -0.218570974476067 -1.83623165716354 -0.304989917992969 0.338217122449878
1.35830763635207 1.40307383494258 -0.244568000997301 -2.08299560642041 -0.339012443165593 0.382405910125795
1.51308884617604 1.56906085793917 -0.269915427159273 -2.32849637791718 -0.371484686852826 0.426132239631846
1.67170976585798 1.73926173670893 -0.295962616261774 -2.58003323292998 -0.404585370573278 0.470906236435194
1.83294503517615 1.91133442561861 -0.322999172773004 -2.83465632889729 -0.438673484691615 0.516396516709189
1.99911830481798 2.08606390607874 -0.352119056357904 -3.09414456656947 -0.475239146107887 0.56318995724035
2.16973074138825 2.26446190062801 -0.383139473672826 -3.35869138959855 -0.514092515480271 0.611257659791758
2.34285595751696 2.44573458029113 -0.415177920456364 -3.62653976189267 -0.554183588672905 0.660080089471771
2.51518491189719 2.62867008352226 -0.447206215868482 -3.89441445130744 -0.59416881637152 0.70886778707897
2.68673843598792 2.81311686847842 -0.479166041657132 -4.16197980876087 -0.634147642382322 0.757535188347581
2.85557770221641 2.99886773303107 -0.510491879502982 -4.42735636583198 -0.674066363664097 0.805732156807676
3.02367709682711 3.18423169530658 -0.541627930288922 -4.69075840754003 -0.715242171501475 0.853701803338952
3.19398860379228 3.36823105076685 -0.57366692898118 -4.95363171434171 -0.759823178025015 0.902119772496436
3.36867881158709 3.5465424795646 -0.608026440607706 -5.21372237830825 -0.811201241030857 0.951302413095357
3.54391255464091 3.71532203967585 -0.643895502090314 -5.46590856737416 -0.867074208035573 1.00009585161795
3.70771897459007 3.86191689790958 -0.679192309898658 -5.69226876601328 -0.923765539687383 1.04515851498425
3.84909509807811 3.97829355114598 -0.711071536598831 -5.87934433831716 -0.975862207458395 1.08340281711585
3.93953096614709 4.04944958350249 -0.732019013921577 -5.99632064057008 -1.01040669855219 1.10771408305041
4.00571231612272 4.09917854679817 -0.74762747866848 -6.08002702786759 -1.03636536540351 1.12533750301044
4.03251196931613 4.12062334289226 -0.753674846372036 -6.11494445930301 -1.04660957324485 1.13255047793247
4.04119121904964 4.1291700979682 -0.754989555210313 -6.12752749322234 -1.0491550451923 1.13482181126239
4.02072281541102 4.11627109667547 -0.749524635245936 -6.10364908257506 -1.04022147116097 1.12942873902614
3.97930833209091 4.08608603854656 -0.739613777090864 -6.05207196659854 -1.02364311154382 1.11846112409334
3.92061954247399 4.04091265017211 -0.725931823565212 -5.9770573522222 -1.00077343719049 1.10275565879919
3.83243265334332 3.97059086336096 -0.705714647079758 -5.862279113961 -0.967397655261618 1.07903238084572
3.70085790985786 3.86029295333126 -0.676345728603156 -5.68661442197781 -0.919423320479935 1.04332159006725
3.54009498571196 3.71289992577334 -0.642434224557711 -5.46161103359546 -0.865146676298592 0.998986612127971
3.37518757181047 3.54892293234191 -0.609347236828652 -5.22009482323253 -0.81415615382985 0.952740837814576
3.20878762252291 3.37370739028764 -0.577280573659574 -4.9680663895753 -0.766653525626103 0.905522128335421
3.04026549495958 3.19034024860783 -0.545809384956176 -4.70685095439096 -0.72304991556009 0.857550420285837
2.87051930696662 3.00413849765911 -0.514251968598087 -4.44157017333697 -0.68126830737452 0.809169929086349
2.69530862054654 2.81638729431601 -0.481139318369239 -4.17020269622183 -0.638437925450291 0.759504307563282
2.51751143895834 2.62899699369609 -0.447221242246334 -3.896124291133 -0.595296664925881 0.709196486831695
2.3414571408427 2.44365535628594 -0.414138479449949 -3.62395287667188 -0.553574976070686 0.659415190472189
2.16698172772464 2.26075351725724 -0.382065837703959 -3.35390666532413 -0.51316440671257 0.610236309014886
1.99365747126393 2.0785882259371 -0.350805088891547 -3.08452851530648 -0.473761724862213 0.56136277938732
1.82225185440546 1.89732063819614 -0.320794671440959 -2.81622103859397 -0.435903073045612 0.512970243964609
1.6515780393033 1.7150559065395 -0.291914397840225 -2.54696060996779 -0.399237659566397 0.464736286789144
1.47700665813877 1.52692730828577 -0.263215457589618 -2.26995862710357 -0.362220090107991 0.415358825131845
1.29472797067519 1.33033250142539 -0.233315232024649 -1.98084217158864 -0.323089892380486 0.363777072347251
1.09138846152609 1.11542439533371 -0.198935099593747 -1.66282807851355 -0.276915579945024 0.30648164627613
0.829380397318386 0.846332471631073 -0.152202283541168 -1.26131246374559 -0.212722613364038 0.232982768773475
0.453393051819893 0.468681603036557 -0.081959680394971 -0.69465533095007 -0.114664173267175 0.127752098074013
-0.0120622890164523 0.00601030165860023 0.00777917716740802 -2.87751167494648e-05 0.0113969730344899 -0.00241102630445591
-0.373290773513134 -0.356839407626676 0.0776620616000624 0.540831265612313 0.109130490286915 -0.103653233447687
-0.786556710009813 -0.777368644387148 0.156181658123015 1.16481879598923 0.218315088939341 -0.219744197912224
-1.04399497569477 -1.04948822540024 0.202680044164165 1.56306813573887 0.281570211980559 -0.292560370472314
-1.25242945747056 -1.27566782534951 0.238683863815825 1.89179640179172 0.329000635186578 -0.351775592809252
-1.43288687067899 -1.4740501886682 0.268763337569336 2.18027880191455 0.366992598512718 -0.403132720676999
-1.60073595931014 -1.65796332168345 0.296249140766222 2.44930752837144 0.401078115413892 -0.450817006171223
-1.7565733165481 -1.82990080196752 0.320987093302738 2.70155547855786 0.430678170776438 -0.495149779663292
-1.9109234952493 -1.99848918512696 0.345465502899963 2.95048104716807 0.460108314996008 -0.53895184712361
-2.06709775740749 -2.16625213685006 0.370483062751457 3.20011330444742 0.490732223401579 -0.583067164836892
-2.22620720791615 -2.3364333985633 0.396037464623419 3.45344513233269 0.522915184031288 -0.627975043810957
-2.3896515263798 -2.51102344154167 0.422192366634279 3.71252018136844 0.557649171319639 -0.674081122734653
-2.55783092919346 -2.69017958721918 0.449604772923505 3.9775429040152 0.595683200237473 -0.721637217209407
-2.73264165192205 -2.8733815761823 0.478771067349397 4.24910160700538 0.638544900767513 -0.770962677475649
-2.91581554700913 -3.06037880491135 0.510425522969879 4.52784551266187 0.687932544044371 -0.822467404623852
-3.10025051884129 -3.24437077373808 0.543549102227844 4.80359885524434 0.741769763907977 -0.874301411783266
-3.28395366889932 -3.42264461391492 0.577457279560381 5.07331204341859 0.798463792741256 -0.925695291909026
-3.46027947097093 -3.58507958547533 0.611591250713869 5.32411989744351 0.857223859524388 -0.974572033167367
-3.62066109380768 -3.72309042472203 0.644226738682857 5.5438144557475 0.914000722141581 -1.01835639755024
-3.75544986864069 -3.82996405010945 0.672872538663023 5.7207410716236 0.964140555360209 -1.05438339457627
-3.84861531420795 -3.89765056950259 0.693854847708529 5.83793877972577 1.00046535497298 -1.07888644079822
-3.90859045357497 -3.9392028336631 0.707812562021935 5.91174392490907 1.02437936043732 -1.09454653654191
-3.94896821460136 -3.96467444725499 0.717674802015471 5.95942535027524 1.04098053710461 -1.10490456047669
-3.96409574874673 -3.97216443755971 0.7217048870667 5.9756958520188 1.04746991261548 -1.108610584684
-3.96887439597604 -3.97318085193073 0.722831572708799 5.97981858293269 1.04928092049627 -1.10949807730851
-3.93219799212467 -3.94638304055234 0.713864394680612 5.93371837705572 1.03400558029644 -1.0995011042437
-3.85772703000359 -3.89199853223272 0.696668895695181 5.83995542629648 1.0043389760729 -1.07968428220863
-3.76122474143716 -3.81983908720398 0.675178257834661 5.71699038238237 0.966953524401856 -1.05411282324524
-3.62915652227569 -3.71682943086221 0.646713786259343 5.54513065410191 0.917173987045136 -1.01889373002672
-3.45520869173519 -3.57297020600587 0.610828424799725 5.31167800998022 0.854618850872225 -0.972034968564975
-3.26815404375135 -3.41062073251935 0.573718997156043 5.05384155466544 0.790538280373629 -0.92123856580391
-3.07779734717407 -3.23299617379302 0.537830161911153 4.78024310515537 0.730318140642548 -0.868674067429394
-2.88952744092627 -3.04689737177639 0.503875032650783 4.49990997290507 0.675494474075999 -0.815956120197179
-2.71014695113918 -2.86201768403195 0.473197448462676 4.22518878393035 0.628045055049726 -0.765411517692014
-2.53532116479765 -2.6791137627672 0.44393080603645 3.95394416325267 0.584776962513936 -0.716058881477281
-2.36670767214187 -2.4998048311711 0.41650388268745 3.68859744293625 0.546311291335517 -0.668400455671927
-2.20144157472636 -2.32494875426317 0.389569069097906 3.42811776290034 0.510310877543338 -0.621798910951272
-2.0413631838785 -2.15525426508073 0.363671096551392 3.17463834805516 0.477128769970396 -0.576693126550252
-1.88634684246643 -1.98948235475308 0.338742838051671 2.92747617270248 0.446288519181244 -0.532910162164715
-1.72990041530518 -1.82407921275871 0.312878931772655 2.67987153939531 0.414343569969408 -0.488784294078105
-1.57159582677627 -1.65752395876387 0.286065103505529 2.43070159566689 0.381117846457956 -0.444155877955064
-1.41024768487498 -1.48861428764771 0.257981049335112 2.17853613868422 0.345647925672845 -0.398651121787981
-1.24471962340908 -1.31733476912304 0.228368821315081 1.92249475178169 0.307414582931764 -0.352047211340221
-1.07958724253731 -1.14547046400448 0.198622827208189 1.66738690051843 0.268476742840038 -0.305542131466102
-0.91485368294089 -0.978342256056378 0.167748301306859 1.41750801565161 0.226816327386598 -0.259327872026213
-0.767998393469007 -0.825125267916853 0.140832373782799 1.19166906845982 0.190687737852561 -0.217919740082593
-0.663236441592956 -0.710687808029519 0.122318327372849 1.02672272425469 0.166057765597328 -0.188064872720797
-0.562624087796365 -0.599805796266585 0.104604112380276 0.867713657108478 0.142486506179859 -0.159333898098528
-0.468467163183902 -0.494003464076237 0.0882790259538777 0.717620867769707 0.120828651023285 -0.132384400290617
-0.376943545772968 -0.396392072676211 0.0713781044220652 0.576259656493322 0.0978637830876433 -0.106480296584787
-0.283742707205118 -0.302403066422083 0.0531016522001594 0.436967277966527 0.0724618314875664 -0.0803850507053865
-0.19088819398669 -0.20886424832897 0.0348523300270394 0.29843017682971 0.0467965530855708 -0.0543642082163272
-0.0959235669349705 -0.111299175995614 0.016546675147772 0.155245778393892 0.0209335496614869 -0.0276211216528102
-0.000818912922878789 -0.0132039425302064 -0.0016823214450158 0.011498055758631 -0.00486528115374186 -0.000810983040087032
