0.844534707245194 1.39979959319114 2.51032875843783 4.17682429279644 5.2849523931787 5.83926628130969
1.2388001393517 1.79350597251635 2.90415323803842 4.57130366803082 5.68763942907533 6.24551311094068
-0.438621492016721 0.1179470461978 1.22913738776735 2.89472041008022 4.0046223651372 4.55910660819478
-0.272744610052674 0.286296225721688 1.40502301128462 3.07095792795807 4.1800810952605 4.73573111863238
-2.02923441408073 -1.47378006688329 -0.363595255938303 1.30334435758901 2.41686912070574 2.97317763366313
0.842805239320149 1.39849984680049 2.51251635319389 4.1769778695755 5.28744989782181 5.84356884266925
-0.138322291736758 0.416577139623753 1.52714315820787 3.19633355061639 4.3075513252137 4.86396759200531
-0.985858808427533 -0.4326552805484 0.673955932603355 2.34106577296168 3.45503497421534 4.01170584741641
0.692535812977307 1.24678753747479 2.35695431015956 4.02480674559442 5.13774983493785 5.69464403653952
0.0351433807264699 0.592211452530705 1.70403903381445 3.37049303069753 4.48223442958442 5.03795373932029
1.21078350139283 1.76608273494436 2.87698808488286 4.54567158396625 5.65957728889405 6.21682435602256
0.129761391967308 0.687318222681821 1.80206780544699 3.4682236301273 4.57623870173827 5.1292234022591
-0.240139945148468 0.314289032091924 1.42267607092646 3.088048097411 4.20035871625731 4.75678234881021
-0.583459211739257 -0.0280922181190109 1.08228423674694 2.74822845199197 3.86207667303313 4.41945266833777
0.218323672612663 0.775280572620002 1.88829434150012 3.55456880459314 4.66695711899348 5.22300430215389
-0.404604466549015 0.152067623756804 1.26401154142386 2.93185980856592 4.04097696931961 4.59484919682833
-0.0779510658583853 0.47863865132124 1.59191671935276 3.26495916278256 4.37392409859212 4.92821613138257
1.5815494465711 2.1361993529307 3.24515036767669 4.91485500551381 6.02811918991455 6.5834011473383
-0.0378197002038855 0.516564112394065 1.62745418753555 3.29600695885711 4.40766194309509 4.96358783040573
0.150270238679569 0.705053810500449 1.81498522401017 3.48411130917376 4.59603871930818 5.15115972952831
0.502903155328716 1.05661907455094 2.16528172603914 3.83010528208196 4.94142659246727 5.49697017853534
0.910061471202513 1.46305648443207 2.5699511979094 4.24070214369834 5.35131550950124 5.90585785102872
0.207704563643219 0.761228451793782 1.86902679726561 3.53778558152472 4.64985714599268 5.20578205200979
-0.544377282995014 0.0110583700467027 1.12050504307153 2.78673061238879 3.90007842846217 4.45668198865196
0.817631646139788 1.37329150735704 2.48442233871261 4.14980648137757 5.25883674245193 5.81299828557804
0.282780505308188 0.83837592470356 1.94985139787093 3.61574541620558 4.72593316692685 5.28070757009824
2.03640590201552 2.59271801749232 3.70502441778687 5.37256512984367 6.4864116319778 7.04292615547385
-1.82342062302042 -1.26875843212033 -0.159533905059257 1.50892861702669 2.62263953761762 3.17909191783916
-0.764343343350646 -0.207943512964696 0.90421864886797 2.56944565014815 3.67895732898674 4.23399502763527
-1.54151258638503 -0.98412477660736 0.131460921881523 1.80417766813261 2.91269146317939 3.46633321320114
-0.86843187045533 -0.312942791503478 0.79649046386308 2.46628651042144 3.57886662867711 4.13462517896889
-1.65160185125586 -1.09571105169271 0.0174204922919379 1.68476852087318 2.79223550348364 3.34705257840688
-0.522160586987895 0.035115184967258 1.14962080984935 2.81495231652977 3.92637981463516 4.48196585905844
0.440783269690119 0.996721509842416 2.1087313744681 3.775246057197 4.88673247268424 5.44310521425249
-0.229992576342558 0.326173554665226 1.43920789441785 3.10996526061766 4.22277426014632 4.77853164331422
0.176381526833562 0.733610186696566 1.84715690387221 3.51120500923182 4.62202942509547 5.17720589107531
0.0510444984532644 0.606825368121718 1.71839750617741 3.39029493355276 4.50457706839128 5.06076816970901
-1.06735089173253 -0.512929173875345 0.594886018257678 2.25624541305475 3.36918011528794 3.92597204943106
-1.75668168668071 -1.20166124828859 -0.0914302172884024 1.57566744146098 2.68637863175262 3.24089306054815
-0.222206414863802 0.33196580092655 1.44294871988382 3.11334155332378 4.22143721260796 4.77679359017669
0.235784022905507 0.790750813921756 1.90049015288146 3.56758229228622 4.67864570969823 5.23448428376381
-0.0359079633971672 0.518747395614397 1.62921586312976 3.29705979108441 4.40773589502792 4.96295102112718
0.183746176122635 0.740978005086237 1.85516652394399 3.5224179443346 4.63480557669193 5.19115195289345
0.108511414921876 0.663001181064839 1.7726116496501 3.44016016845505 4.54925681445838 5.10406506664356
-0.835286584342099 -0.278743952915639 0.833863487118846 2.49879429101524 3.60930955079217 4.1650489970238
0.355188807097816 0.911944943572989 2.02566412868153 3.69271004268743 4.80327181415291 5.35806320592366
0.271342761806377 0.829835474739717 1.94664075986278 3.61493927457596 4.72439854553335 5.2791969385543
0.114639490495639 0.669342589290168 1.77941641562307 3.44660922342923 4.55640026437957 5.11116266437187
-0.268530341188165 0.287351065985721 1.39694252007739 3.06594268959846 4.17597648251063 4.72915607711534
0.0974165468574121 0.651160219583145 1.75950581297378 3.42666017091415 4.53351301684506 5.08663175941788
-0.0659354760765361 0.490089700395516 1.60191950732976 3.26683077747537 4.37885557836837 4.93528701852154
-0.00285410246612241 0.55142107966601 1.66022730456107 3.32585651527298 4.43619517679706 4.99111382181642
0.204109655272162 0.759948023035263 1.8714287721054 3.54055201845115 4.64805929025419 5.20089979861857
0.911925772115147 1.46804955719968 2.58051697515633 4.24726859440257 5.35766774133226 5.91250838272502
-0.287097724092171 0.267996725168778 1.37897013494869 3.04580656668091 4.15672101855583 4.71216202083335
-0.246054215571209 0.312164928086093 1.42792283002285 3.09175482724118 4.20117536086537 4.75593511105587
0.714212828215291 1.27303897898482 2.39002729687948 4.05236466278711 5.15757369160562 5.71064930735048
-0.149241875279871 0.402896965889074 1.5080606326078 3.17352162827208 4.28860607900142 4.84631826632781
0.0470318596338024 0.605973092552506 1.72449909647937 3.39467818448942 4.50297465261468 5.05728980335299
-2.29936434058482 -1.74399534734513 -0.633876642028916 1.03557586179663 2.15185620171423 2.71028264696078
-0.211285894333607 0.343282929708095 1.45318177416926 3.11880790631679 4.22772144777299 4.78235246053697
0.113756862782703 0.669666253203301 1.78129057515446 3.4466254188885 4.55736383577495 5.11250266374261
0.0294669330365463 0.584317243982357 1.69423898958395 3.36006147328119 4.4721151631412 5.02859480569824
-0.0449793365382037 0.51008451143051 1.62100702678876 3.28799120866369 4.39882693493661 4.95460913734511
1.30864933044006 1.86308360725501 2.9706434638014 4.63649403981258 5.74932567663629 6.30552703274287
-0.405108112873146 0.151859199573662 1.26573353608857 2.93211526169445 4.04062848056621 4.59423519845403
1.67010612053608 2.2241792753095 3.33079797191434 4.99659857236584 6.10961406007955 6.66603166692394
-0.00202501353849159 0.554630775185718 1.66557028763 3.32826456682117 4.43962293603971 4.99487007192495
0.467373015843178 1.02147299866086 2.12928667756739 3.79543477531356 4.90541082473756 5.46047190345073
-2.54645748638425 -1.99138657192985 -0.880977223649639 0.785533051558261 1.89502118692697 2.44927751755737
-0.518604508340639 0.0377793275962698 1.15026797533517 2.81721932440692 3.92524967091272 4.47951743057193
-0.0312766816431558 0.523850974979563 1.63347947763486 3.29418049055656 4.4064442908595 4.96352022389733
0.156887956463747 0.711579860082738 1.82124130378663 3.48837345313779 4.5996615246331 5.15509599264408
-0.550018330684924 0.00518951354604285 1.11784458372588 2.78707523651973 3.89406031299677 4.44859494264954
-1.50993937312903 -0.95470920551415 0.157169305194475 1.82112323132065 2.92954699828945 3.48382918165549
0.164905067269905 0.720520038393427 1.83169403199548 3.50099627735613 4.61536855445148 5.1723869385444
-0.898369104287862 -0.345340065142151 0.759476770497724 2.42851148631828 3.54714442127122 4.10620765817964
-0.410553330838511 0.144959410487576 1.2559511395648 2.92280370479687 4.03513555484492 4.59054098275867
-0.0469396117113477 0.508824359938002 1.62140012172249 3.291763174911 4.40504073331322 4.96242378336714
-0.6350113140371 -0.0785793313973207 1.0352351845971 2.70368552983547 3.81512926477648 4.3717166010567
2.12070635927142 2.67825437834666 3.79341651737872 5.45840391459689 6.57158379914523 7.12913864346771
-0.296358920912159 0.260032388204262 1.37241554082775 3.03893830209491 4.14925235944296 4.70417147801064
-0.0875886143545388 0.46791456759843 1.57849942089773 3.24120011277098 4.35083281518204 4.90612395569863
-0.277558835088354 0.277684992904546 1.38929956129156 3.05657000190647 4.16595662194067 4.72167768115128
0.340641766551858 0.896408632775217 2.00761733212771 3.67040173971987 4.78028542210243 5.33614729526539
0.055280559163277 0.611908378443414 1.72460567309404 3.39559075153976 4.50984095252619 5.06724835762386
-1.19521678563218 -0.639492835962578 0.472938977996748 2.14135415775488 3.24960664779952 3.80275404851362
0.341377870176829 0.897427141967491 2.00693211379866 3.67106814422195 4.78453594107088 5.34018172135112
0.343922171481815 0.898532082082925 2.0070670698852 3.67330904934675 4.78332950932916 5.33826033378627
-1.77539544121598 -1.2199024944781 -0.110014062021335 1.55748386184091 2.66933248859874 3.22460499575116
0.260000804410135 0.815822557611028 1.92877142235292 3.59781430547371 4.70655203039698 5.2609320588634
-0.132043170739542 0.423793794432025 1.5353802828121 3.20176431216092 4.31199471959525 4.86687830935415
-0.186007500223735 0.370618521675841 1.48360790074856 3.15480788887845 4.26703358516256 4.82264528878973
0.0900111366457533 0.645375558046396 1.75793111831196 3.42473943972398 4.53577072374737 5.09165128745171
-0.0903023401626863 0.46729456667491 1.58313374802971 3.25046699840131 4.36020270028438 4.91503639527594
0.200806979569202 0.758668374792148 1.87407828696238 3.54252080798319 4.6536620358156 5.20901129705903
0.234461737136426 0.790679275102411 1.90377046061374 3.5682756033238 4.67984370800876 5.23548961167779
-1.19954521143241 -0.643704831848193 0.467732456974678 2.1336952018602 3.2430674855802 3.79777151005863
0.0177809103959568 0.575642905935882 1.69072365190995 3.35477101579296 4.46570600098812 5.02101495175645
-0.046637156438874 0.509220012127333 1.6210814657658 3.28654198461824 4.39788109934744 4.95354762005445
-0.208738905210812 0.347024558517394 1.45974212802782 3.12690756097631 4.23676443578414 4.79232652229534
-1.00086484074175 -0.444415398544435 0.668153544066351 2.33481679534597 3.4445621571594 3.99986054671151
2.06333594572219 2.62088609596186 3.7352304856682 5.40094754314804 6.51213227578479 7.06802447307445
0.134357776477558 0.690680999693433 1.80325658622751 3.47084484593358 4.58299864217293 5.13879499990158
1.45058856262585 2.00714108913065 3.1192924453614 4.78358572019709 5.89280613528501 6.44774483916209
0.613817940732348 1.17100377609172 2.28610100779101 3.9538552961765 5.06130724013649 5.61574980848341
-0.0897361176102988 0.465966736246825 1.57647737423916 3.24917870047449 4.3615563654941 4.91738265808856
0.0149748979359627 0.572583719414774 1.68692734792842 3.35075999212787 4.4643929094408 5.02116968591348
0.13547324191321 0.692302608787421 1.80414221429677 3.47084780253945 4.58277570296472 5.13862584544248
-0.538631676871377 0.0183533988567768 1.13183429282678 2.79480824494245 3.90488084171845 4.46007647224316
0.279494321448232 0.83535059266437 1.94713251709547 3.61430608908605 4.72578484011765 5.28123385134591
-0.210311162347487 0.346602295690424 1.46092519787126 3.12946930497109 4.24283292743302 4.80035310036643
-1.0623561733677 -0.506981919339477 0.60412901471161 2.26803288789356 3.3761318042954 3.92978346305691
0.53616616552503 1.09056397471741 2.20024758556685 3.87057542639015 4.98446085311491 5.5417426555322
2.04904658939532 2.60525543689213 3.71734863557017 5.38645299847766 6.49961652751551 7.05581695712642
-0.70112266348028 -0.146862257749223 0.961312840145565 2.62775571682323 3.74262060119462 4.30036423886451
0.0905092272323561 0.645837293336136 1.75693418986269 3.42315735137241 4.53729457055933 5.09396527173034
-0.0215331630961698 0.534064668457538 1.64469788368469 3.31233216496022 4.42573699607514 4.98271658073886
2.32070495062793 2.87632489486124 3.9870499068135 5.65350914677943 6.76393536862999 7.31887138417025
-1.43668981730661 -0.881199829295514 0.230159396600982 1.89173671064641 3.00149876154526 3.55728324647651
0.632072720964117 1.18581358524197 2.29468037592723 3.96134477634668 5.07077267263815 5.62557965898187
0.349162562222226 0.903560239962557 2.01261355220835 3.67747022272773 4.78965095331977 5.34553268740483
-0.225966818574272 0.330414613015403 1.44311678101973 3.10862738022969 4.21583943611615 4.76917137115029
0.906087099476444 1.46071865633215 2.57048981266436 4.23604840575677 5.34998706210785 5.90766319088167
0.44155073247437 0.995172620001241 2.10189316831081 3.76888455525732 4.88152645655356 5.43773485112169
0.303751912172492 0.860394895296359 1.97304495599145 3.64247136251143 4.75333642689718 5.30877129165009
0.338040551794698 0.892901293271614 2.00227887851312 3.66684821667005 4.77803389373584 5.33399122679302
1.02088642242337 1.57868166053307 2.69277389029338 4.35684862941841 5.46580595677657 6.02105918932026
2.29509297508667 2.85207950258001 3.96709994420521 5.63295409169254 6.7438486854218 7.30072024507286
-0.534401029680077 0.0217654414641517 1.13559589320655 2.80182703073114 3.91065210213609 4.46595093290639
0.34022934396193 0.89538001030448 2.00556696990761 3.67085395886674 4.78014270916363 5.33467938073952
1.73518612272265 2.28968288771494 3.39885082724857 5.06273108649506 6.17109093934824 6.72573428099848
-0.810230059602982 -0.252766642527268 0.860866359840044 2.52748806858265 3.63732112132072 4.19177555220398
0.407091579554316 0.963388464222343 2.07565976040658 3.74077451688131 4.85397897335152 5.41074488395664
-0.271144712047212 0.286128060059232 1.39938725488642 3.06537937900888 4.17313691940328 4.72675446678897
0.494295381513606 1.04737758229287 2.15417408565004 3.81595221449775 4.92923085347842 5.48651377572527
-0.0168768886965831 0.538994160886985 1.65061569914731 3.32025329002261 4.43192854214014 4.98742671389287
-1.0527466610238 -0.496660074994288 0.616096163506115 2.28029749876134 3.39086160636709 3.94613573051652
-0.0613850054470959 0.493595525580231 1.60417830916128 3.26616458825779 4.37519413415086 4.93012772256213
1.33454151056112 1.88822493748317 2.99581990324509 4.66592057306008 5.7782833793022 6.33356814088241
-1.12883484430485 -0.572377651001495 0.54054333287564 2.2052509509976 3.31469945017742 3.86894136992315
0.0717431387590267 0.627520937266397 1.73920457084628 3.40369836785891 4.51512895044964 5.07166373405408
0.829324564600752 1.38700692580347 2.50053165116208 4.16685402565284 5.27424174496024 5.827309398926
0.606437077741279 1.16139862608214 2.2728625418584 3.94144903699638 5.05243646498494 5.60795961401059
-0.744381848644381 -0.190618445137705 0.916599237814243 2.58638645501509 3.69954683394275 4.25576414841953
0.773981227230694 1.32878427563637 2.4399207956722 4.10772946119973 5.21529726582781 5.76905885078965
-0.32366146396024 0.230570560181766 1.34055320962227 3.00316996308586 4.11306191588469 4.66873329502194
-1.19482600854009 -0.64102857693722 0.466953620280684 2.1313884317988 3.24309030643849 3.7989006319157
0.409044987301119 0.96540130184292 2.07827259549632 3.74350124764351 4.85475010949615 5.41003102221066
-0.369701015484961 0.186068028870319 1.29727726856826 2.96204873659598 4.074661621806 4.63120349174509
-1.54086377737053 -0.983302203034169 0.132933170488759 1.80064969641843 2.9040394338998 3.45637873489217
0.298130007185714 0.854188631587893 1.96434624090146 3.6292535809752 4.74121455613652 5.29636804757714
0.341722560453989 0.897733534929709 2.00812123005216 3.67711800485569 4.78655077211906 5.33973926004134
0.508802158897584 1.06510110270762 2.17665484321855 3.84050934610752 4.95525252031842 5.51339059726499
0.12761779617093 0.682645064309027 1.79275154369739 3.45627848275461 4.57330573425068 5.13237209317322
1.77838776918149 2.3341159312403 3.44817292563186 5.11838199931571 6.22832918855904 6.78386432251633
-0.135937820029944 0.421289613978018 1.53694841644423 3.20274781499854 4.31209959612605 4.86808003833303
-1.67804838128512 -1.12076887190759 -0.00541211615672044 1.66212256729042 2.7710772139715 3.32563192254917
-1.16033399169644 -0.606002263476773 0.504297308713014 2.16829505129865 3.28126425767595 3.83872679495175
-0.924303146857003 -0.36860935308076 0.743473309353392 2.40625799384298 3.51402357232579 4.06818355785764
0.0103051164847175 0.562428802923643 1.66767988442007 3.33686848086998 4.45262750326633 5.0104245724472
0.280577548100189 0.836425028205548 1.9483777376119 3.61582831264672 4.72717073898489 5.28258992319434
0.792255430538979 1.34828126880167 2.45988148071071 4.12451603901876 5.23344023857164 5.78728623326069
-0.245384666785112 0.31157686022604 1.42500884236131 3.09573453919644 4.20403824097453 4.75811802447495
-0.500759098325409 0.0564848367996389 1.17072594166155 2.83401756763719 3.94326483199806 4.49788034450795
-0.35677879636351 0.199733609331786 1.31159388289861 2.97474068233645 4.08429373035179 4.63892453751176
-1.03289866240357 -0.48014196395992 0.627722534649734 2.29352162801608 3.40454770639428 3.96029074413631
-0.743485446948134 -0.187656297991692 0.922606983516679 2.59087068752087 3.70498746182535 4.26225392827109
-0.902308686286408 -0.347683466493071 0.76230780713677 2.43183151666661 3.54262836769562 4.09784036132437
-1.13713217746722 -0.582361335376933 0.526619041381348 2.19287665561783 3.30380677552871 3.8588280928246
0.757180004931698 1.31133170560408 2.42084919589377 4.08823862713693 5.19879871946967 5.75372040707545
1.33445420983594 1.89069437445651 3.00310633220431 4.67210520991148 5.7829706247414 6.33875486485518
-0.215979886094413 0.339573704699735 1.45186374077076 3.12397131830926 4.23443143458761 4.78962059137026
-1.7978469013306 -1.24202995101057 -0.128708570682643 1.54474489393495 2.65624335956814 3.21218275562388
-1.84683139645376 -1.29040320752681 -0.178464770832287 1.48682155800086 2.6006866368403 3.15855475751501
-0.0190360335674265 0.536066333556314 1.64523713546036 3.30236843020831 4.41470564368881 4.97160456385858
0.37254466603191 0.927051970571693 2.03734060648157 3.705807885677 4.81360235818333 5.3670638996109
-0.0148608630158544 0.542721252135722 1.65773180877838 3.32711596281676 4.43378688722315 4.98713293712116
-0.73915280044002 -0.183785557041507 0.926160649692457 2.59242896426599 3.7031706142615 4.25805202733268
-1.67854898990609 -1.1226468867493 -0.0111549750170032 1.65472762440833 2.76290516073896 3.31639839541548
0.422627748008884 0.978452130965048 2.09042993436759 3.75483279426823 4.86633562549655 5.42217155398362
-0.396302856385522 0.158890962471131 1.26967599989214 2.92827525523778 4.03906058190316 4.59532369294209
-0.221180448183471 0.334366726854293 1.44562224253097 3.11092006224408 4.22074299873936 4.77635177216456
-0.0446564046719002 0.509205608507875 1.61689833813708 3.28710576801676 4.39624691447117 4.9496953301903
0.937103434096331 1.49036004343434 2.59795044919644 4.26149995447082 5.37547147333279 5.93247526319202
-0.330011561636656 0.225377322200736 1.33883376448448 3.01117469120901 4.12179169576934 4.67773663695377
0.362643228634112 0.916746891399968 2.0227481981733 3.68712053390125 4.80021055850547 5.35594390505073
0.668286857633637 1.22223063552713 2.33111025937489 4.00001792134528 5.11092656036231 5.66629439964934
-1.01909536947647 -0.463197678476432 0.647848834100111 2.31280572338998 3.42514759629411 3.98090993496307
0.348429491478461 0.90429499536662 2.01772269483172 3.6863114646468 4.7968398373549 5.35243565970179
-0.215141880604111 0.339433897568 1.44932880091573 3.11594629971862 4.2268775208681 4.78247477971868
-0.711837602157833 -0.157231377570884 0.953713086685897 2.62312079572542 3.73421799009111 4.29024937353407
0.320630084620568 0.876097129823914 1.98602300394816 3.64841868991402 4.76111662426637 5.31748464018319
0.134785603122282 0.690236475000592 1.80181507834692 3.46941623312598 4.58185054548706 5.13846226002655
-0.189862619390064 0.365238918726198 1.47596580877835 3.14159450182614 4.25044558993147 4.80447891125404
-0.307285248758978 0.246110394602388 1.35382875546582 3.01948741333056 4.12933921279073 4.68431223142131
-0.691973163810195 -0.137468342869973 0.971655606647941 2.64094632506797 3.75525130918397 4.31295475493761
0.427427443252283 0.9830663393416 2.09450348606379 3.76276453496261 4.87313363339006 5.42792612295328
-2.25452873910802 -1.70008608379961 -0.591470791904087 1.07939141266897 2.19528778235967 2.7531837049223
-0.982018021822174 -0.424726733953615 0.687965541238992 2.35360143578156 3.46852859882328 4.02589087837978
-2.03453590352121 -1.48102790587789 -0.371696791079764 1.29867860276165 2.41307066835191 2.9706817585767
-2.2706426227053 -1.71425760371493 -0.604179596792781 1.06241925585605 2.17383121838441 2.72798986410282
1.14425985094554 1.6997139387525 2.81107278471227 4.47618131685272 5.58865050244171 6.14508064736409
-2.52673165467111 -1.96814590636238 -0.851684948166396 0.817213522555901 1.92296188220782 2.47548652318154
0.0568325286205518 0.609672049595354 1.71687285527849 3.38358307426577 4.49570278490014 5.05202047034613
-0.628060190934398 -0.0723079231013964 1.03924318282177 2.70762640292043 3.82041823859283 4.37755504066053
0.092390742936011 0.648244350254128 1.75906459070098 3.42399689101457 4.5346461793466 5.0900765622911
-0.0828553054726631 0.472255055525957 1.58251891912995 3.25473469762373 4.36672230270189 4.92192973319048
0.20690024589008 0.764908851985491 1.87909761322417 3.5453224668846 4.65722740792004 5.21332972510804
-0.244200005824113 0.312477322166462 1.42447267018987 3.08980667211577 4.20056436269517 4.75536360882627
-0.694012460408187 -0.138919342327686 0.972374899038714 2.63816009687856 3.75232240556265 4.30983929893019
0.626183355087095 1.18293651029434 2.29500853897301 3.9600083389863 5.07051597946304 5.62516913900445
0.165300740962619 0.722322804384295 1.83444730488149 3.50086478788055 4.61059204675828 5.16479739514468
-1.21707908627608 -0.660792095853698 0.451852541528006 2.11794663685204 3.22714325410297 3.78206651841345
-2.24722655403672 -1.69222310773108 -0.581259378861787 1.08587523358613 2.19609086567908 2.75116424748346
1.28087842774063 1.83917277355049 2.95507366785621 4.62022265272488 5.72794127308197 6.2822925125221
-0.108819653266073 0.445329754346474 1.55459544626491 3.22370798010193 4.33487994478452 4.89051891156481
-0.233117148580661 0.323975825820338 1.43720368242775 3.1042357863293 4.21292816621924 4.76711274276445
-0.473604921681643 0.0824589669895213 1.19356708133594 2.85819277391792 3.97008656476473 4.52634779758944
1.19024428260239 1.74797514324026 2.86241976012048 4.52553302483805 5.63856339906176 6.19559459041115
-0.554475070577207 0.00231876964259932 1.11609664346312 2.78444451792735 3.89317278586772 4.44810093578272
0.0519968483774441 0.60706873388999 1.71757153756601 3.38345373043605 4.49854351538239 5.05604007546779
2.25088125469877 2.80733413422847 3.92165784982359 5.58548140383231 6.69280987041463 7.24720546130255
0.834961515618319 1.39101046108251 2.50238638563784 4.1633075600042 5.27772567232235 5.8361451628586
-1.17916475056354 -0.623251371177315 0.48927808429229 2.15307090208346 3.26195104900937 3.81664253065612
1.92996083567662 2.4892731341482 3.60652261719738 5.27670573808602 6.39180011540267 6.94843092107262
-0.764574579349022 -0.208757254283697 0.901385125978785 2.56723808403953 3.67787642780105 4.23252835015069
1.9298796228012 2.4852236645046 3.59423272516425 5.26227256544908 6.37206487395841 6.9260279827794
0.0902359002707236 0.645349926884154 1.75664939411424 3.42222321990547 4.53323883070032 5.08896992508347
-0.876592290955256 -0.319829168178497 0.792345263928006 2.45906453096257 3.57062708639931 4.12664160786685
-0.239462619984938 0.318790968386826 1.43565230194233 3.10236829137246 4.21261848551687 4.76806290363905
0.345113142717626 0.903387513425079 2.01974989093793 3.68696930850071 4.79426498032403 5.34941958146607
0.170246417293192 0.726396949104078 1.83817705857344 3.50123501806403 4.60968288489011 5.16358899935609
-0.119890339653627 0.437907677660906 1.55352522534248 3.21772757459147 4.32525364116173 4.87931989110864
0.712237375853743 1.26752580573494 2.37857416620678 4.04906827399915 5.16239263975885 5.71855855246367
-0.00964398963688172 0.545272131858163 1.65499070552936 3.31687963169919 4.42905205215773 4.98486653523179
1.2372149387111 1.79242621786275 2.90315777820422 4.57095100212321 5.68250191213874 6.23843689410019
0.936363527822027 1.49311647077805 2.60770712911171 4.27691614297541 5.38653212888309 5.94111637006933
-1.7929884360149 -1.23890206463976 -0.130592654641004 1.53423281626144 2.64273531701215 3.19750974363717
-0.822967015628465 -0.266746365866114 0.845867453514377 2.51049724409866 3.62081679846239 4.17620405081963
0.446662841520872 1.00299622002455 2.11409108142963 3.7809934888941 4.88995911900041 5.44390556825482
0.083358238798346 0.639054634746094 1.75110641819509 3.41779148370554 4.53222613987153 5.09007622265669
-0.069138873632211 0.487503912973778 1.60161179927517 3.26856896306402 4.37571272364807 4.929397636647
-1.82780449933581 -1.27285671604239 -0.16081433304318 1.50965206052759 2.62108948438345 3.17705358764189
-0.243369395133084 0.312086746606147 1.4224894282572 3.09224935370299 4.2038827580886 4.75983386885753
-1.32404910383615 -0.769389854599537 0.340873252196738 2.00437589149587 3.11435731565637 3.67028502420452
0.0155051969472853 0.56979535043926 1.6781249100441 3.34501095459802 4.45348675786159 5.00780767164043
-0.13687436270905 0.418368454459037 1.52870177791382 3.19647073738775 4.30704677027381 4.862372011351
-0.245771736102273 0.310033379482421 1.42135668707795 3.09005792140305 4.20332222605252 4.75988080070565
-0.305376625901894 0.25078036613462 1.36301678719453 3.0324237279973 4.14576384589364 4.70241350030859
-0.318718695955088 0.237371286064646 1.3495419914326 3.01792640868211 4.13026451579793 4.68642893791103
-0.321315707193769 0.234348897962134 1.34568655233547 3.01239194363419 4.12321414642093 4.67863897161961
-0.285150057365958 0.270710549103618 1.3824966210162 3.04897981898408 4.15974575959581 4.71512830443725
-0.215512786641797 0.340454262829215 1.45244605616023 3.11928776842769 4.23028809965403 4.78578737868255
-0.111898523678855 0.443952991875971 1.55563941066531 3.22331873462803 4.33515763193263 4.89107638222893
0.0101339475502114 0.56618099182854 1.67841706283612 3.34596292947546 4.45725922748236 5.01293695092053
0.141362661580069 0.696916212702458 1.80815694828099 3.47477840870019 4.58604400557685 5.14168536125369
0.276587671542922 0.832048806528836 1.94299316532997 3.60899846084357 4.71954280061764 5.27482512015154
0.406502215348078 0.961304321476492 2.0708982410499 3.73542923552733 4.84513201360007 5.39998136766927
0.543924135691802 1.0988885205301 2.20877166193709 3.87407833418731 4.98485601672123 5.54021786790848
0.704161064884886 1.25970056447122 2.3707660012955 4.03850520264371 5.15075589185099 5.70688103745865
0.866938403390125 1.42270586025888 2.53426855534849 4.20032938558924 5.30993199540214 5.86476720658927
1.03773248226503 1.59474971884477 2.70866864432576 4.37301311238725 5.48238404573396 6.0372744346098
1.13152379599891 1.68647274846586 2.79633815304724 4.46201685165309 5.57231281985777 6.12745605639247
1.27651577326323 1.83128650106874 2.94081155774551 4.60543465309066 5.71526797861605 6.27017850992109
1.3712957097127 1.92661852209894 3.03729688696664 4.70275465644309 5.81311541547875 6.36829938289019
1.55469951508666 2.11011548081522 3.2208560306606 4.88785674248219 5.99922221758996 6.55489005506465
1.76659558127439 2.32317013209853 3.43698171786555 5.10652242930142 6.21681379155422 6.77223597663164
1.92990018184164 2.4863165337181 3.59920810918642 5.26826813894569 6.38116920328688 6.93759216862533
2.14025839298109 2.69626190202025 3.80829711511796 5.47605760692909 6.58876429378569 7.14503652281586
2.31784088990664 2.87329868460906 3.98429327121712 5.64981350166065 6.75988272371414 7.31493978903607
2.31596454335466 2.87234023943368 3.98545825579411 5.65041859942765 6.75878319425682 7.31306412822279
2.40291335734022 2.95966269160169 4.07322357991856 5.74245127115542 6.85497736838569 7.41124925336412
2.44547091295007 3.00215005815671 4.11554461425822 5.78542914894041 6.89926916503032 7.45617363478231
2.51296874137161 3.0680899811628 4.17827807807938 5.84419158706497 6.95463100997391 7.50984714346319
2.45556552884162 3.01068123785393 4.12105312625297 5.78501583457159 6.89422179477736 7.44888733245253
2.20784550230653 2.76543234066203 3.88095219521305 5.55024076236355 6.66321263780172 7.21980017803265
1.69930149878127 2.25714007034485 3.37281301086765 5.04599619466417 6.16155342385813 6.7193024919923
1.20238161164013 1.75955287659096 2.87392760508326 4.54525471584586 5.65908818232968 6.21602530006935
0.836779611045909 1.39315351262452 2.50597618844766 4.1742812247642 5.28547696006023 5.84111538907543
0.48065558802299 1.03656708833009 2.14835410491618 3.81639266947453 4.92775922589015 5.48344889669262
0.387065613339955 0.942652081736336 2.05367855995239 3.72026837157183 4.82997305687113 5.38483537184804
0.425095870081899 0.980374130499725 2.09100955389547 3.75512908223483 4.86364587851866 5.41794491468694
0.342017452524647 0.897404770336493 2.0080475858414 3.67424920781278 4.78349810540144 5.33809594651138
0.260730337940159 0.816926208275219 1.92916730465806 3.59796992143021 4.70979526324926 5.26566318009176
0.300438182721878 0.855114231486855 1.96418693356781 3.62817871303103 4.73772619835508 5.29237290546876
0.296659204028864 0.851298266242064 1.96032723810612 3.624887797069 4.73599985918003 5.29139058438943
0.266207171274254 0.82075821933634 1.92973744130375 3.59405069072796 4.70349108091689 5.25814451867272
0.186720403618621 0.742583792809807 1.85409146941129 3.5231298870218 4.63055023347396 5.18402740844629
0.244659971827134 0.799130034182389 1.90805327236919 3.57118599331297 4.68138151836755 5.23638020486965
0.268249054440373 0.822073941856965 1.92972753999918 3.5910485519902 4.69937975413096 5.25351043562094
0.268513143601328 0.822467837130206 1.93035568951503 3.5925516203589 4.7006984643866 5.25477180585875
0.219324634581349 0.773339723319119 1.88134942347266 3.54357854766745 4.65171565491002 5.20578315775929
0.1436772152148 0.698171177124399 1.80710373150038 3.47126377697108 4.58080184097839 5.13557103399031
0.108315882764194 0.664625014331764 1.77724031983582 3.44547471483178 4.55755555869815 5.11357539230325
0.119197911988087 0.674818057116576 1.78602103569125 3.45361120687222 4.56599385253522 5.12215690421763
0.0979288943867268 0.652919349345015 1.76288578445071 3.42791521731414 4.53754796351159 5.09239005815143
0.0623810582808481 0.617434073291941 1.72751956377713 3.39295833511683 4.5032632007366 5.05843052609692
0.0281468063091268 0.583871187645278 1.69534959049846 3.36206435171005 4.47355523682769 5.02928268193784
0.00336199807450954 0.557906844245317 1.66693366006577 3.33162504496574 4.44136970433829 4.99624066303807
0.00719006590609123 0.560833310359048 1.66813429231533 3.32939797107032 4.43809313361987 4.99239733931174
0.00226566699253103 0.557050393612054 1.6665972857647 3.33178592119314 4.44279141577701 4.99827439714071
-0.0266882900716186 0.529466871576839 1.64178952357268 3.30965397869229 4.42140637724323 4.97728015707176
-0.0398217347973825 0.516667657227093 1.62977466311572 3.30026916816158 4.41396365408978 4.97094682316747
-0.0777027104568869 0.477961982087489 1.58923953114872 3.25795728471277 4.3709979061395 4.92752505286924
-0.115142473697519 0.441807425333533 1.55569746231937 3.2263644184404 4.33999857515449 4.89681113726716
-0.168339394034166 0.388687346927699 1.50279729849399 3.17324592199816 4.28648989657089 4.84315213488624
-0.186781875058983 0.369539063030259 1.48217386721409 3.15119162440822 4.26385399850372 4.82017904982294
-0.188127514411733 0.367872346787399 1.47988878531613 3.14725118729195 4.25827417264957 4.81379878232777
-0.184304356620116 0.371017270347184 1.48183012615344 3.14691163496664 4.25576850662797 4.81034281421969
-0.182330025688134 0.372898958764846 1.48352653216588 3.1488494545724 4.25755905699028 4.81204736710459
-0.207740670742786 0.349698731072453 1.46492797731924 3.13338282600185 4.24499959987692 4.80086197181545
-0.250864449487388 0.306301678618773 1.42073267416117 3.09047067006708 4.20281767496883 4.75902485909212
-0.289499992729694 0.267322182325042 1.38118566062885 3.05398367675809 4.16726180226344 4.72409948676871
-0.344936405174756 0.210646080969055 1.32184116183524 2.98827203037916 4.09885333753731 4.6541616249402
-0.37488183523466 0.180792575586976 1.29222344805873 2.95795365675846 4.06791680719562 4.62292186813912
-0.388446094485822 0.166846309849281 1.27749594131711 2.94255362086454 4.05253930313731 4.60753326738587
-0.436717872084699 0.118847354262825 1.2299972295354 2.89630139270847 4.00655076693341 4.56171310044754
-0.467318139374056 0.0879366964572539 1.19847734475535 2.86408514801416 3.97357692020154 4.52838040344988
-0.44644168011938 0.108542195832965 1.218504721692 2.88368738471055 3.99496278815245 4.55054715974519
-0.492940889694158 0.0635923509569555 1.17678402857433 2.84597823055044 3.95884837687689 4.51534267136972
-0.791158859310008 -0.23501473959928 0.877378018104388 2.54496326303293 3.65623555347834 4.21192710983589
-1.23789669256819 -0.682416705748177 0.428607946140026 2.09357725767839 3.20234579804445 3.75676198124614
-1.69240419288207 -1.13682776123944 -0.0256128861543839 1.63966111618568 2.74797560114426 3.30218542849905
-2.12467991911715 -1.56948281528766 -0.459098911057977 1.20635354552127 2.31726576177511 2.87269083683145
-2.54401259412827 -1.98890583760472 -0.878679296834265 0.787433266130477 1.89697702617228 2.45169989469344
-2.64711170773892 -2.09162367992789 -0.980609768942294 0.68512644728538 1.79475091225238 2.34958642692881
-2.57759023493137 -2.02063586737961 -0.906589195955706 0.760824433869672 1.86943144419636 2.42383663002957
-2.45058438714256 -1.89401114848815 -0.78091176071987 0.889396225863112 2.0032283674301 2.56013550977794
-2.36008049859671 -1.80404720918755 -0.6922457851475 0.975733685556055 2.08848416645635 2.64471013577068
-2.22101334500361 -1.6655999019469 -0.555370605479327 1.11107813173953 2.22263373648153 2.77812019868519
-2.00911899084066 -1.45283558399958 -0.340263641273988 1.32937137780598 2.44251434253173 2.99910419726119
-1.92917238927476 -1.3737420366973 -0.262966041555963 1.40381041434857 2.51561212429162 3.0714572518513
-1.78273413326835 -1.22735153420249 -0.116827455032435 1.55105973171586 2.66335316823348 3.219419391408
-1.56195359478387 -1.00477271697084 0.109607234803783 1.78075208384387 2.89337555147211 3.4497277264159
-1.41333990832588 -0.857101399522551 0.25539249130375 1.92371947569535 3.03595703285959 3.59207925650659
-1.31214991967626 -0.756009769847752 0.35633560462728 2.02366149327688 3.13447304290261 3.68992250992338
-1.18050877376561 -0.624737826089545 0.486862885743621 2.15310896888924 3.26401520909659 3.8194930452203
-1.01195313125386 -0.455693219671877 0.65681442687495 2.32537102121383 3.43753457676285 3.99362738572644
-0.872161887739314 -0.316465552746851 0.794845745733556 2.46172749945953 3.57316050943393 4.12884688923729
-0.739525022934167 -0.184789307185423 0.924579879651231 2.5903575825428 3.70132789438133 4.25676824994151
-0.574543099303552 -0.0192483815832103 1.09133070772685 2.75721453257623 3.86736725613384 4.42246797076006
-0.431458478195819 0.123449426132616 1.23314510803899 2.90013593351757 4.01313066653197 4.56951791888109
-0.294987782110843 0.261848766551742 1.37549511345328 3.04687864324087 4.16232043374425 4.72000539225944
-0.140241622040647 0.416435034394277 1.52981142900538 3.19939260038678 4.3121451665148 4.86853826951197
0.00413951321968827 0.559124766040925 1.66907337929278 3.33453963996426 4.44539066506548 5.00079915932472
0.139272690819718 0.694481886575208 1.80498300866492 3.46923337788852 4.57833953199385 5.13289682246262
0.238636350399099 0.793618921664693 1.90363315950479 3.56798142968332 4.67757887297584 5.23237392281603
0.329909942849704 0.884803727948664 1.99451423312939 3.66000864801178 4.77033448281053 5.32550818797796
0.37767936645781 0.932474406628017 2.04205710683927 3.70608967021238 4.81535643905615 5.37000663420519
0.364198672964859 0.919053002634753 2.02880781880322 3.69257249481311 4.80174213933681 5.35634263976953
0.293610123452455 0.848384393223501 1.95792981442033 3.62258664903207 4.73247880127903 5.28741525330759
0.21569193750651 0.770599704858453 1.88042420269295 3.54485065457591 4.65480906578283 5.20977940232037
0.13540562459366 0.690078431543331 1.79935716166964 3.4641403261519 4.57052706144781 5.1238291169064
