423.938552131085 432.384883040082 449.876605124369 474.919010746959 478.693910784381 465.773816263007 454.586436975154 456.55505545415 458.634698051294 448.593244351012 404.185954394841 364.161931099506 348.483659245203 335.286746397823 328.737696162692
287.11658200678 297.096373703207 315.936441673348 320.55998407382 326.139535536082 333.510229313072 344.305129747876 363.875067927115 387.169574997509 402.833955083622 409.800314498183 414.832365477725 423.374655055641 426.040667265261 427.111260292624
264.687159158874 269.364437496724 278.87255797466 300.73145691296 325.655637796222 342.04755314703 342.35492641571 346.999004054008 364.774009997298 375.662542423438 379.132800176996 383.174438326627 386.342522266005 384.543854096152 383.462284949748
322.499051821722 315.887350437417 303.559622568542 314.647445543769 333.500079514225 349.543054366252 353.627721815608 361.314134296166 360.714998117995 352.71540055671 350.655719080204 352.12779495678 352.255745869765 350.363303834636 349.306432578342
1132.43366287637 1149.883388865 1185.53972741456 1236.81508587205 1287.72338439477 1306.68009204033 1314.83282337766 1322.49398657632 1330.46679525793 1354.87426034218 1403.52067071475 1392.8726514802 1354.3875563256 1331.8069884907 1319.58305669241
259.226026681304 244.299848557703 215.208983899719 215.488454631458 234.855720261586 253.249347458808 271.374533551756 288.534346142065 305.504904348332 327.233688698152 350.59233803705 365.15537606888 360.879605866943 349.880886927783 344.387563489772
408.996482104853 416.408635596478 431.844719104819 452.143158222863 452.085365956624 427.408001838805 405.117733394322 378.162191476432 331.841813910647 309.384122336691 320.856986294574 333.073300755477 332.986990233111 320.734596675422 314.278317449325
406.166659754379 414.904274039627 432.887369916179 460.06874510543 467.257663766175 472.35385602781 477.913267204928 487.162403627964 489.255121043421 457.983584127092 417.419792561355 409.816735064254 406.010771483496 393.646896644643 387.204232848955
408.681999980962 417.306099908789 435.756369698029 481.707370396607 510.686839636027 527.309738653375 539.378387126775 561.459578477007 577.321896823178 584.365867339138 584.394381069144 578.592213211225 566.829689095852 551.01724513156 542.828092021986
557.348418831891 570.965269262351 598.166073561492 664.766079063528 684.112111267047 623.065417904165 584.537368739047 576.303414578158 561.441591830409 564.518685185966 581.647861019255 583.477078439348 572.670045721253 555.162690672297 546.017846968879
334.517371261727 342.682786533771 358.816144474593 363.703405218425 364.572188489167 375.168574595481 374.384213735186 379.866598304033 387.158521725784 389.897869270214 393.183644315194 387.589240188112 379.354861882356 374.737578292034 372.341759562369
408.207707560528 411.053045116751 416.446183477882 408.469326900184 369.225352776989 340.931384966197 349.200473818797 375.772279087668 403.997791846202 426.79940416289 440.790435465957 444.937874999474 453.075930815741 452.6620540682 452.067643783826
412.619411954085 419.298311341743 432.832560541041 456.131529249544 471.61418144861 470.850632453329 476.853122133219 510.595557364567 539.808087129054 556.637951013299 549.523663873502 531.803658060947 516.271240724871 497.887948149757 488.555927500151
399.381496121119 386.18633815098 361.044393710966 369.618784216307 400.7674101455 420.314769719492 408.864787424755 419.264844685627 439.519399758658 444.294373923093 449.445031041084 451.907034810852 449.854070626112 441.667238954037 437.228157813961
409.518734358405 415.325500591859 427.280805751513 446.584974430491 466.263076515957 487.685121202184 514.423536121168 540.146543735954 529.069904847911 477.796557841994 432.779809409438 427.741533312846 429.837981127906 424.479557559719 421.733406220098
1341.01825873256 1329.31726734002 1308.8664599106 1352.50012152747 1402.89429370296 1450.35321838412 1457.05343913503 1417.30507889166 1360.22216690946 1363.07283833734 1335.67968512066 1271.19112860906 1210.2037134375 1187.4024315276 1175.67836873408
438.511343308607 448.291356126958 467.866135061104 498.57449212917 531.546548505464 551.952641620606 561.287266084582 614.106496202631 670.929999420284 686.188804814725 664.602496952412 620.984363440892 586.168355831772 561.150180102069 548.141770214412
398.16072091117 399.706407833631 402.779966581702 427.808648189618 466.186057848993 494.60210374647 507.905043807181 523.534216883692 530.103533455606 526.217162201106 517.86263994984 516.047866923187 516.014894302947 512.676621518289 510.799348879179
288.609219855873 294.987115946794 308.137904585223 334.93860552981 362.958367566222 401.89557373004 479.725861476199 493.282072823862 484.539521118459 493.642047314675 517.21999719046 538.417786410749 543.184464528668 531.040809765704 524.709753362577
400.796809046381 413.97730891846 440.930891600251 492.837418680937 534.708170689119 554.258133013781 550.136591616508 552.721924342106 560.614742684676 563.728458718036 554.971594873767 545.834201125703 538.709146230727 525.489428097935 518.557822121887
406.397064471432 416.421882817094 436.970805668357 480.205300834776 514.948676303257 534.402438995242 543.910820706975 564.539677312254 580.661457999604 588.454453150401 592.657195168469 598.307319679945 597.288005693836 580.380069597152 571.589187552848
442.717852548333 426.512818878677 393.567209145207 369.116854734672 377.947902704389 388.068152909125 401.386975517205 418.589752739327 427.307681144986 428.419689011332 424.121219391411 419.872140343701 421.453715326544 419.753300271456 418.669030016093
404.756244261376 409.001875959853 417.882562635033 446.770960423114 477.205918717313 497.647154875326 501.038641502732 509.223019599899 529.85183447605 546.000869009459 550.270888229188 551.714353908337 546.03297351705 528.608302527822 519.526807998314
390.894630228221 397.077049514217 410.376129770935 410.281660040247 399.10501292374 416.230330133768 439.863058182722 470.153691053915 486.701758122533 506.139712806555 524.036166333127 524.497897397459 513.486648336963 496.980434590553 488.423174272864
374.711000271636 380.757011353511 393.260361248542 409.948910766912 413.500496235082 416.64360082329 411.8497929459 407.056512705372 396.952257050666 392.174646468679 396.046504283514 404.830767451547 413.283097072083 411.537959310391 410.437585771962
409.095820746115 416.065576622686 430.421118172202 452.134812091622 466.418764885253 481.254898460111 496.221841201042 514.858069915043 529.681444990007 536.197817291157 525.231257688272 485.950809953815 451.428615948007 434.634610260199 425.938333843924
411.685742166324 418.489815223557 432.445366481193 451.379259811544 454.620258038813 436.309710622208 407.614323975429 411.731376302871 410.462599137437 387.578749341901 375.230935671547 369.990817112868 366.186320207016 358.588138505635 354.620346800831
386.243318076902 431.167093388729 521.497690773593 629.407243928589 666.403410119111 640.292059272481 609.895396721666 617.997566184174 638.856408851267 656.933947710494 654.132029450204 587.797066831104 497.150450955957 458.094979435761 438.530880726336
373.655623873742 379.178195028654 389.622482523726 387.340984771423 351.362159196335 298.792429788048 276.940378454974 288.436247294105 306.347663453719 310.983801905361 318.580915217053 328.986846644117 333.327398333111 329.296347132622 327.176513890899
512.117906697233 514.313435666577 518.511916846833 530.863833219558 548.679635795477 557.354807677401 537.969322554325 521.241023573235 507.853458140644 505.539213508381 509.628624594889 509.036467703089 505.680534314934 497.680173823589 493.439867417106
1282.18706536805 1333.31252662015 1434.12053710501 1586.02699638574 1724.67787619997 1782.83391104379 1750.57456271349 1650.51075193487 1616.37184573069 1653.63632376221 1690.26316840345 1665.16093361539 1600.80970603104 1540.69047325998 1510.31540219088
408.855008404811 417.208701068008 435.532244389961 480.768954848768 495.726105894539 506.725355157983 514.344364528436 530.748629553366 551.714837386156 566.494715417937 572.744763003547 565.822660939639 539.643856813984 512.528260451553 498.905674040211
401.966838077435 409.379326492782 424.604338631714 452.693545155797 482.802942949315 513.436446251624 498.081130148757 485.387850059109 478.922914926833 448.605856922651 403.823011097884 381.313871499904 372.609802084543 357.779187849727 350.039723452819
361.999066753712 373.550271627183 397.434831221513 437.0730614539 459.094097774619 473.726536575302 475.625486320351 486.544521348214 505.676495810415 520.843136726593 529.969144746164 533.313703021863 537.453452184976 532.237137415416 529.303382541076
392.210135633634 403.26879286508 426.337603528026 470.439308462347 487.293185563948 486.205998723498 486.728401520078 498.67500961967 507.25615163859 503.863844206127 490.335704821816 476.595721494501 467.525155705447 457.537406654782 452.244837249589
494.81573861108 500.473466807981 510.984827885281 467.05531138714 389.601697925911 346.133580606546 342.336566006474 364.897031217174 381.002138882605 384.566773869369 386.120447200963 387.654274586456 379.7765395324 365.689036656406 358.51279354271
420.044878343064 422.396484704569 427.602881842845 446.34603444055 478.08609361773 530.059731086226 592.062193366599 592.246133283558 500.977919926403 382.089601185568 330.935355658478 322.219145138464 317.103453054597 311.643239902584 308.835363583586
332.522270530646 333.983936223395 337.633193836676 347.378720564468 453.051726022058 578.51051487379 600.233660081024 596.698393656654 547.166341905639 435.503126761762 397.00763023162 397.84819979311 393.948989807329 375.46446540914 365.998256776459
600.342449313893 620.726520397457 661.728187810449 708.857561999625 731.487144346822 715.245029199544 696.857010651392 705.182619223256 730.05898552525 759.678159367605 766.036692004569 742.081178957955 708.769318686195 683.20016653226 670.201060734625
414.333762702403 391.314927034266 344.783387309679 313.630853298649 343.592796312714 391.711639519721 417.392284203877 428.133523881602 438.069310336013 443.450604746873 440.878694418643 437.847811555404 434.301217721275 429.681463549712 427.249838849501
593.338368527695 610.632247642978 645.168612870069 695.494772344169 770.379729659099 915.821371737829 1069.5644165436 1166.82853806969 1278.2786618788 1396.93494114887 1404.94250326784 1353.71167564057 1300.55368111315 1299.80694668244 1300.55178390165
600.425710991974 620.792357423697 661.752865468159 708.831491764557 731.44579724071 715.220043281596 696.852194279976 705.178291680084 730.037282968345 759.635541640003 765.992016393503 742.063003434246 708.801718934698 683.268308532096 670.284151077168
602.634763445504 622.358314008145 661.848241616443 707.331587649462 729.816704457582 714.896136337569 697.843148855672 706.277719275123 730.161225202384 758.440331829265 764.276003717475 741.046335143553 709.294516563545 684.882899828016 672.383628698356
600.348868797019 620.731627485712 661.730186624322 708.855691281965 731.484047840689 715.243047212701 696.856452227218 705.182081766305 730.057196341635 759.674888612301 766.033343851515 742.079874959478 708.771879736734 683.205448608453 670.207478084124
600.371149433019 620.749265702702 661.736853378911 708.848804414246 731.47303778795 715.236318885316 696.855035302308 705.180783969935 730.051309093903 759.663495449676 766.02145967133 742.075084547145 708.780590610075 683.223690513108 670.229704125074
443.606859925828 440.457660451567 434.159373915032 424.709580920871 415.253949699486 405.790447248982 396.318959654264 386.840604252403 377.357502151067 367.872783087203 358.388719815671 348.905743216432 339.423244724197 333.101516924733 329.940656407455
465.861552860324 465.757065554543 465.548142969766 465.23368541487 464.91617678835 464.593640991402 464.264321453665 463.926991100915 463.581368213914 463.228562056335 462.870699080203 462.509887629863 462.147538500985 461.905622181353 461.784677436943
513.294989789459 508.944968622972 500.244998143471 487.193556287973 474.137789188888 461.074752043634 448.001855429436 434.917519406675 421.821899701659 408.716816151027 395.604885079472 382.488471168882 369.36954454279 360.623030152223 356.249793743334
756.375325950086 754.984143171237 752.201734990121 748.029011177648 743.858717758371 739.692254422356 735.530572567089 731.373961414949 727.22203058539 723.074069246046 718.929276813299 714.786831691665 710.645849046867 707.885555701242 706.505395839574
979.020658358865 979.269007514811 979.765637028775 980.512017832426 981.262241612055 982.018377196344 982.781631639794 983.552161351483 984.329316116535 985.11230502454 985.900352876584 986.692462977712 987.487239672724 988.017776092619 988.283019497702
1156.96803757823 1159.15078235811 1163.51697342284 1170.05161458321 1176.54694440676 1182.98157557657 1189.34268694488 1195.62832132723 1201.84540010691 1208.00286496209 1214.10963132776 1220.17636431495 1226.21706527931 1230.23755267384 1232.24803729676
1629.10039939965 1634.33809635635 1644.81641506933 1660.47283026805 1675.9653710574 1691.20493389978 1706.13817505902 1720.75710016466 1735.09074142904 1749.17643287975 1763.05128361736 1776.75963228929 1790.35969321423 1799.39874920736 1803.91927948849
2038.62949808352 2044.94021621518 2057.56159081377 2076.49493999966 2095.43174244081 2114.37387365978 2133.32245032936 2152.27764543626 2171.23887892789 2190.20540493363 2209.17647596781 2228.15116617365 2247.12821983849 2259.7801941014 2266.10615931463
2287.83233454453 2295.04324671003 2309.46508404354 2331.09756861578 2352.72932509718 2374.35995809805 2395.98923238874 2417.61711202692 2439.24372056585 2460.86921661783 2482.49375850511 2504.11754065585 2525.74082656373 2540.15622346123 2547.36392651036
2177.67543637048 2186.63974956228 2204.5683811973 2231.46121915131 2258.35376284159 2285.24585103022 2312.1373851314 2339.02834678793 2365.91878656923 2392.8087745848 2419.69838252604 2446.58769072702 2473.47680409516 2491.40283032497 2500.36584522172
1886.98879751329 1897.42720681742 1918.30398440967 1949.62000435666 1980.93831642897 2012.26018165345 2043.58636930948 2074.91706595214 2106.25198042916 2137.59066165665 2168.93261579688 2200.27724102125 2231.62363129917 2252.52167363568 2262.97067870267
1348.533976711 1356.93007470208 1373.72253837894 1398.905719095 1424.07400982328 1449.21876194847 1474.33437982854 1499.4182684787 1524.4701814898 1549.49157004523 1574.48490376221 1599.45374808833 1624.40596544596 1641.0365764601 1649.3520301945
971.201415747727 972.598797315312 975.393714880958 979.582914044304 983.763507096888 987.930424465505 992.080324792789 996.21159151605 1000.32398258265 1004.41831721661 1008.49606634457 1012.55933469205 1016.61277507734 1019.31258984148 1020.66258463414
797.387167159507 796.522878389232 794.794297072489 792.201504348725 789.608960392108 787.016836137991 784.425268820281 781.834341204869 779.244076288647 776.654455800821 774.065440034944 771.476941096733 768.888786334674 767.163434151391 766.300755093403
944.203366729164 940.747921545122 933.837035883332 923.470604624805 913.103890085303 902.736785773698 892.369269732039 882.001367493922 871.633127490639 861.264602991575 850.895818578622 840.526820274735 830.15768575929 823.244897552024 819.788504571816
1781.24091206627 1775.89754243525 1765.21081327761 1749.18050258267 1733.14935619647 1717.11667232693 1701.08177329571 1685.04427178847 1669.004129713 1652.96157488668 1636.91691654668 1620.87066808012 1604.82347206511 1594.12513455421 1588.7759731454
1335.33480644278 1347.53158567306 1371.92521360549 1408.51429259721 1445.09863027492 1481.67312370448 1518.23054182646 1554.76359844609 1591.26727104505 1627.73895658587 1664.17941830011 1700.59473247718 1736.99427894945 1761.25704110412 1773.38855032478
-47.7126307555365 -13.9871935796148 53.4637898444745 154.63812166343 255.80497542974 356.956334964479 458.080901435742 559.167350497851 660.207923010459 761.198647495972 862.140763122228 963.043750464641 1063.92221462549 1131.16892398727 1164.79247788085
-218.399024130886 -182.431395028361 -110.49614003964 -2.59319433317226 105.3099724312 213.213597291742 321.11801403366 429.023556713868 536.930453813016 644.838821913373 752.748624193146 860.659580809078 968.571260786063 1040.51254591696 1076.48318260787
-221.779432788293 -185.773536376223 -113.76174272791 -5.74406842308458 102.273549281615 210.291049175523 318.308344462075 426.32534780008 534.341999105392 642.358267292384 750.374161445604 858.389754346924 966.405158403187 1038.4153846589 1074.42049932032
-79.0843317798088 -45.0780427453072 22.9345208323324 124.953651095781 226.973776627719 328.995963418842 431.021711731253 533.05252276728 635.089423159658 737.132936385066 839.182896217913 941.238044527215 1043.29644419606 1111.3361196647 1145.3559309915
305.57389136462 333.85435882076 390.415353778078 475.255665947448 560.09185948892 644.919523819326 729.732448452691 814.524414388224 899.291164702546 984.030525289676 1068.74318220731 1153.4343458046 1238.11203959522 1294.56075962459 1322.78522905681
928.57485406999 947.462532402545 985.238032854642 1041.89845518986 1098.54899189383 1155.17907220222 1211.77384573125 1268.31847813816 1324.80284388141 1381.22180149099 1437.57701781496 1493.88094215954 1550.15272852896 1587.65991565647 1606.41377022127
1563.10633574668 1568.33245083285 1578.78466671364 1594.46326836387 1610.14282727343 1625.82440154525 1641.50953319049 1657.19981217217 1672.89636293947 1688.59980008419 1704.30999185453 1720.02563701411 1735.74470760079 1746.22487159077 1751.46492570983
1681.61547248466 1679.73821938973 1675.98370156979 1670.3521833949 1664.72163656595 1659.09274422437 1653.46598210813 1647.84142854262 1642.21882460045 1636.59769159589 1630.97764732373 1625.35834357115 1619.73944102372 1615.9935865769 1614.12065649587
1342.38395728823 1339.93195220341 1335.02798519553 1327.67110564381 1320.31091206404 1312.94491237833 1305.57088044379 1298.18762304408 1290.79512991608 1283.39427270078 1275.98613485262 1268.57246989396 1261.15549163396 1256.21010903748 1253.737443696
721.978591312461 722.537568991539 723.65550669303 725.332790039274 727.011191924957 728.691334300372 730.373669933393 732.05836149606 733.745287079288 735.434157509569 737.124693373575 738.816506867895 740.509105157505 741.637683528487 742.201966319116
327.532777730273 330.561963137383 336.620339187187 345.707793009903 354.795006584584 363.881938246245 372.96859297687 382.054910607799 391.140793181664 400.226149877521 409.310956265055 418.395276368171 427.479272026129 433.535189403161 436.563150908477
334.97564289399 340.255177489226 350.814205592083 366.653607629397 382.495077243016 398.339341507925 414.186631629905 430.036888296189 445.890219985511 461.746728464488 477.606266914885 493.468305714278 509.331913077131 519.907993187737 525.196021357943
497.355170713442 499.019638314281 502.348664063319 507.340314063999 512.327179230492 517.307126870298 522.278908736721 527.241900790437 532.195791257659 537.140725374943 542.077487922965 547.007656658332 551.933625543302 555.216622968877 556.858156479294
507.970241535954 511.162423790108 517.546871860094 527.12180083025 536.692326165611 546.256505736869 555.813223980377 565.361938153697 574.902336443976 584.434502190283 593.959122249262 603.477640613208 612.992275450846 619.334459953021 622.505584267446
452.230950350907 457.440932686351 467.860875075032 483.491256956428 499.122734246842 514.755612263726 530.389888619482 546.025399108153 561.66188125189 577.299088147038 592.936887720955 608.575200640767 624.213861539046 634.6397016495 639.852619593379
436.620271717851 441.541575934438 451.384186500703 466.148054469461 480.91191275291 495.675966159117 510.440284885245 525.204844944437 539.971126412241 554.74080873762 569.514217949568 584.290479205857 599.068163211433 608.92027893093 613.846324610908
509.180282779959 513.209329622612 521.267411979941 533.354773283088 545.442610736573 557.530922355127 569.619426441687 581.707788764853 593.795780445402 605.88336163743 617.970696875728 630.057972545108 642.145276592713 650.203499852312 654.2326108142
582.659131873222 585.69196714504 591.757649311398 600.855930437468 609.953654225964 619.050657370278 628.146970758807 637.242684830824 646.337814931856 655.432307871025 664.526101926535 673.61924796939 682.711942685943 688.773618748255 691.80446109002
662.657721378116 664.598299893106 668.479800587918 674.294904059527 680.093255115852 685.86930049159 691.622676318922 697.354501232461 703.063828373823 708.748244928728 714.406016552824 720.039685639273 725.65674587517 729.397072108361 731.267392238654
666.600510063297 668.467095870553 672.200395901466 677.797680009864 683.388375453588 688.969669929277 694.540301693986 700.099786216081 705.64759164259 711.183331178234 716.707297686887 722.221311035939 727.728707813942 731.398610209862 733.233622409028
666.833318195116 668.74392184209 672.566508335161 678.271562731668 683.918008921734 689.502770692511 695.054880775286 700.603501963551 706.149900208312 711.671431854492 717.13687777238 722.5340790952 727.878923008171 731.427222783971 733.201901203857
666.693972580257 668.554711728686 672.276518219289 677.852354973019 683.414846912778 688.964505113279 694.510747342041 700.062534495469 705.620422604968 711.178054410562 716.726249536286 722.260732674014 727.784506574527 731.463916431847 733.303730439571
666.627219732369 668.494561336927 672.229383085605 677.828739661466 683.420988722467 689.003098235995 694.573704818905 700.132283649681 705.678261159654 711.211218741938 716.731470558612 722.240976776363 727.74333508517 731.409741519437 733.243010668123
666.745870804875 668.591897695219 672.283912609497 677.822742057601 683.363550943627 688.90715735121 694.453893915761 700.00386797795 705.557232785329 711.114128745031 716.674509483373 722.237863491634 727.803204936921 731.513944120664 733.369295316781
666.47190284497 668.363174715818 672.146058538475 677.813322699402 683.463232112377 689.088548704078 694.68625692016 700.255335872251 705.794429593332 711.302369329752 716.779664156105 722.230887686076 727.664722718202 731.282811441046 733.092016490827
666.634118026003 668.498500576263 672.227395704912 677.818035188759 683.402263383523 688.977816077069 694.544302326956 700.101941142349 705.650332473641 711.18867459992 716.716517657697 722.235014765789 727.747121428535 731.420184021904 733.256775415174
666.881186306721 668.704261453247 672.350161665648 677.824208819462 683.310737518417 688.814440962858 694.336584202275 699.877156482783 705.437007101463 711.017439575376 716.618885754897 722.238727405159 727.871035068182 731.629151549495 733.508093283872
666.498306729903 668.385090573883 672.158965309424 677.813400756019 683.452235996085 689.06909040179 694.661475445634 700.228656613517 705.769445955638 711.282679339319 716.768618596157 722.231210432043 727.67818254756 731.30547368426 733.11926391349
666.712794357058 668.564031715838 672.266510154522 677.820150770985 683.373585533 688.926699349084 694.479405476184 700.031649877487 705.583409470153 711.134696978487 716.685564038574 722.236103312479 727.786435700782 731.48660659687 733.336693878696
666.755571075613 668.599887404294 672.288467196389 677.822434570415 683.3591022472 688.899601135469 694.444407965416 699.993687687399 705.547652248018 711.106479084042 716.670081619289 722.237741908694 727.808106113501 731.522376521831 733.379486755388
666.616442831884 668.484224455098 672.219931672127 677.820502975539 683.413729778153 688.996553192704 694.567707070236 700.126767953874 705.673163647949 711.206396206165 716.726674552884 722.235929164002 727.737831822805 731.403877881921 733.23696884768
666.519466934627 668.404446261802 672.174695755592 677.824030342078 683.4585535761 689.072141969994 694.662330064119 700.228336296505 705.76901710801 711.283325642935 716.771610093411 722.237705185358 727.688989755689 731.319371243447 733.134698923449
666.829802469375 668.662047472495 672.326146549748 677.83047042995 683.351365403485 688.889711946761 694.436732727883 699.983723512389 705.530394364755 711.083281896528 716.651403619794 722.238124996594 727.838798222351 731.576516046401 733.445236026909
667.552476735396 669.323158598642 672.863068999081 678.203303095158 683.605679793492 689.074298405299 694.579914094816 700.092884979628 705.612097975754 711.160829347638 716.770889527317 722.454088781051 728.193055330833 732.0348700632 733.955216435507
666.67607577472 668.5638070841 672.339616747232 677.996122133785 683.635098007247 689.249560807003 694.837068229503 700.397091499 705.928351522602 711.429382212465 716.900193496615 722.344982677261 727.772313703328 731.386026304001 733.193044604717
665.519762945079 667.561338038995 671.646087458561 677.740002781929 683.752412971167 689.649517626753 695.417495102718 701.051831473194 706.546205195517 711.894952165953 717.100162100708 722.183062197473 727.18431286078 730.497484440417 732.154825248964
666.66974914894 668.491953171424 672.136091319951 677.607903249614 683.09345808733 688.598432335299 694.125116532097 699.674238860635 705.246859712208 710.84395474146 716.46520702718 722.107067142239 727.762693093271 731.536652033241 733.423504150911
666.165800869562 668.003534018488 671.678803612718 677.195793319022 682.722760320796 688.263754644505 693.820316061889 699.392872127205 704.982176078382 710.589001350086 716.213229053192 721.852375971917 727.501518150004 731.270190632853 733.154434209278
664.951300071375 666.830467232839 670.588831988881 676.225746217815 681.86117338549 687.494613864326 693.126021883806 698.755485268053 704.382917525336 710.008109640357 715.630917510338 721.251575099641 726.87075217262 730.616479999768 732.489357902677
664.88110226413 666.758452522661 670.513152576613 676.145212367686 681.777289339674 687.409378859447 693.041463164543 698.673526169575 704.305566331213 709.937595478434 715.569631484891 721.201685289317 726.833755551137 730.588474255237 732.465833424741
664.783731027175 666.662437467236 670.419849819977 676.055979294444 681.692136070325 687.328332245117 692.964573810752 698.600863401571 704.237203324732 709.873594776352 715.51003584902 721.146518415627 726.783028379146 730.540708669425 732.419548563234
664.990733483585 666.865974075082 670.616450415699 676.24226549301 681.868326518944 687.494733940339 693.121526818944 698.748716620983 704.376322101166 710.004361817397 715.632831920695 721.261670408698 726.890755496719 730.64354244249 732.519933630488
665.707458179956 667.560015392865 671.265011587142 676.824961102914 682.390932791668 687.965417699449 693.549425597448 699.143280550376 704.747448101813 710.362352597797 715.987849670758 721.622379237149 727.262940858791 731.024866892065 732.905774114381
664.238804470578 666.480635901165 670.967599561464 677.629495363789 684.12357628099 690.380999208823 696.374632301089 702.09627381104 707.533089166529 712.672733320433 717.518335523305 722.112618205474 726.53884136984 729.446379900638 730.901705141616
667.474322639406 669.315292584991 672.997239376323 678.520016805779 684.042406340054 689.564180777348 695.085157712623 700.605219638121 706.124320414384 711.642493290646 717.159851707185 722.676583684683 728.19292337926 731.870387758624 733.70912340405
667.677533274089 669.524845027752 673.219563440407 678.759670015141 684.294957277822 689.823458647103 695.344413896601 700.857603134893 706.362660383083 711.859221663723 717.347360489913 722.828290153122 728.304395332153 731.953888986254 733.77868050475
667.811502061939 669.644680871639 673.31101919344 678.810927446467 684.311816343891 689.814087317658 695.317897536882 700.823293805605 706.330350934711 711.839141854953 717.349649613388 722.861625707852 728.374584130417 732.050142793422 733.887913027113
667.875681217852 669.705501618399 673.365064643181 678.856032755272 684.350467520493 689.848916771736 695.350255632037 700.853254378673 706.357948781513 711.865379493297 717.376858297719 722.89262350557 728.411483453704 732.091571824912 733.931585885489
667.491753171673 669.333385321825 673.016654068982 678.541463925808 684.066094760919 689.590558495687 695.114984454189 700.639495295302 706.16410004674 711.688709696083 717.213194552578 722.737489598483 728.261630775899 731.94434597947 733.785705182325
667.416566438571 669.259521952289 672.945434211953 678.474276730143 684.003070123155 689.531818919616 695.060559714152 700.589326980612 706.118123329403 711.646923050002 717.175688569796 722.704400129537 728.233066799087 731.918831089399 733.761713708472
667.438999964641 669.280908591713 672.96471468236 678.490657295405 684.01708435215 689.544042883693 695.07133747071 700.598765201441 706.126324103966 711.65418568769 717.182577433119 722.711574188898 728.241029554997 731.927463008833 733.770675132361
667.324097460151 669.166232316449 672.850487391207 678.377172280039 683.904712937852 689.433664945596 694.96453008573 700.497650674286 706.033144439224 711.570891740668 717.110559491907 722.651662579605 728.19364918436 731.888518269011 733.735945135269
666.9558323865 668.840099654337 672.60904084512 678.253977413437 683.879540823949 689.480151654758 695.057000771186 700.612723980614 706.146454943368 711.654646442975 717.133955787327 722.586222691314 728.019594516282 731.636795642191 733.445576516969
667.719191117021 669.448555611814 672.905220821147 678.133381117576 683.451409862857 688.868706425106 694.350097302463 699.858799552094 705.394547718434 710.988480380105 716.681706571434 722.48720363386 728.377440152378 732.328199303152 734.302730457566
633.735941728174 641.39142853712 656.776668066598 678.304628831133 696.415680492471 710.362347281226 720.776699307333 728.472402971214 733.356510683577 734.590909720773 731.217549366314 723.251276698939 711.982688540284 703.569113775222 699.394430020622
667.321743615566 668.952259301973 672.200837071209 677.335296495095 682.952697744362 688.977258369851 694.988211711272 700.594869179533 705.760582809378 710.76265626365 716.016642234603 721.755977706998 727.912801210383 732.1452043103 734.256928798319
645.48781159669 651.263362368442 662.879713145119 678.939852630826 692.13918571522 702.136474345817 709.981342697246 716.788045404042 722.557123908376 726.337991389528 726.889263487034 723.854050856745 718.133067357691 713.564369759106 711.306784444653
632.577225577488 640.522014601133 656.495582020525 678.702037193092 697.100382844344 710.970653634196 721.224951296628 728.943071722016 734.052981867452 735.522152368925 732.108551594344 723.68217633415 711.609677666116 702.557784748157 698.067539765075
666.954922186389 668.839331454152 672.609010531683 678.245503811661 683.846123464302 689.410533721048 694.958873164201 700.510864413134 706.067477531811 711.613213999472 717.126342255692 722.597211828007 728.034699792399 731.649980122934 733.457963221794
667.304297562493 669.136146161782 672.799634123487 678.299237108688 683.80822477339 689.32816137189 694.856429342973 700.390063518344 705.929191585081 711.476550338462 717.035530092386 722.606727343457 728.186901820613 731.909506787751 733.77072081576
667.330535562092 669.179138443755 672.876399885799 678.421130791451 683.963257327743 689.502123484879 695.038057571296 700.571552995895 706.102517187097 711.630388915024 717.154572369213 722.675191896946 728.193284562129 731.87133054254 733.710377878278
667.459062382246 669.300882454361 672.98451801202 678.510067205046 684.035824825861 689.561831290965 695.088038279137 700.614388000763 706.140884665432 711.667583998841 717.194552632702 722.721796490789 728.24924010792 731.934257481054 733.776764213904
667.475027174022 669.316713094289 673.000082198388 678.52519304894 684.050422722522 689.575783293572 695.101224642664 700.626694857289 706.152192938359 711.677759880141 717.203450451204 722.729281550816 728.255217021586 731.939203191551 733.781195242883
667.853857812946 669.688927977039 673.359109558214 678.863515797664 684.366363293337 689.867975357594 695.369978211766 700.873856329678 706.379745267163 711.886665829961 717.393129020494 722.898301182514 728.402375477487 732.071421983382 733.905956904063
667.836072110976 669.674807577031 673.35230841737 678.867939762823 684.381990315591 689.893706428318 695.402608885178 700.908433464366 706.411029592864 711.910374885913 717.406666566691 722.900438345449 728.392536637661 732.053507902541 733.884008962606
667.704346313863 669.530653334621 673.183172516387 678.663920996668 684.149513654955 689.641977205386 695.142163355031 700.650365208142 706.166962713165 711.692276371928 717.226154368058 722.767311560627 728.313320308673 732.011905429577 733.861153178933
663.981639608905 666.310577838247 670.972533611543 677.880748848078 684.581626474817 690.99021546807 697.073179751653 702.820538859965 708.21646107032 713.245598098651 717.911651473962 722.267266924639 726.41524864871 729.127093483254 730.484938546114
665.792529060957 667.681423870682 671.459442804544 677.121709070281 682.772304646841 688.406419472926 694.022127352799 699.618825530959 705.195616020733 710.75166059135 716.287211760791 721.805269988758 727.311639290835 730.979543990527 732.813604504059
665.121936322709 667.005608428374 670.773044077799 676.4222985663 682.066906706603 687.704966867902 693.3357356935 698.958992571867 704.574383242528 710.181561882644 715.780608200748 721.372699237224 726.960137501358 730.683897849803 732.545821112979
665.031585459114 666.902234813036 670.643487504181 676.25632306046 681.871439488389 687.489664882171 693.111178196495 698.735934367738 704.364081231339 709.995883588633 715.631466313751 721.27038962949 726.911588227846 730.672981925175 732.5536574342
666.11322959455 667.955315448273 671.639328976952 677.16863346151 682.7060332039 688.254947146856 693.81685467066 699.39229152614 704.981899842368 710.586185393992 716.204843844782 721.835685307298 727.474633730716 731.2360118985 733.116626189872
665.472758233308 667.435481679596 671.361795446355 677.233264811098 683.060568035696 688.825415140823 694.520364543486 700.143010372543 705.689934461265 711.158045230839 716.548435409372 721.872574426132 727.152479010848 730.661039185969 732.41572836245
666.588952994437 668.524250407889 672.395621156793 678.186561896261 683.938144059856 689.634384068384 695.26923151829 700.841026100579 706.346808972202 711.783550000467 717.151737198133 722.461184460997 727.731313056402 731.234598678954 732.986605764014
667.045584329165 668.903686249651 672.620002830363 678.192136578561 683.758526414259 689.316793581031 694.865972113678 700.405751038859 705.935686673084 711.455377985919 716.964967817198 722.465948454728 727.961182804425 731.623194913835 733.454254097814
665.536554869434 667.419771403624 671.186347777946 676.833236263216 682.472839049069 688.102167338844 693.720045307075 699.326119140305 704.919832808818 710.500651663711 716.068712434298 721.62587050009 727.175739819641 730.873776208411 732.722861871023
664.941123091102 666.813448075731 670.558059332339 676.175780469038 681.795449421123 687.417827896206 693.04316449229 698.671499582467 704.302972613982 709.937760213441 715.57588392363 721.216896628867 726.859855161023 730.622331511908 732.503551580101
664.125843565438 666.015150003017 669.793773991195 675.461479320253 681.128610501909 686.794915210862 692.460271027655 698.124625494846 703.78793057198 709.450159191621 715.111348205812 720.771665778406 726.431407102016 730.20442096507 732.090933188788
663.746239669141 665.636430537754 669.416788009034 675.087827027722 680.760176905556 686.434516944285 692.111308997683 697.790823299092 703.473195210223 709.158393653704 714.846174050696 720.536017416112 726.227186058318 730.021628323558 731.918837545025
661.80923510824 663.700679095651 667.483242712604 673.163835484299 678.860148069357 684.577216480163 690.315073511725 696.072415163377 701.850087267114 707.650512308542 713.475590255698 719.3231643105 725.186309962792 729.099194986274 731.055489842676
585.924076929077 588.910094101853 594.882120082463 603.84033337229 612.798949416641 621.758088225572 630.717729452143 639.677803847369 648.638286557141 657.599198108526 666.560570358968 675.522366282947 684.484455978731 690.459260666928 693.446660210156
512.379582418591 516.368014959155 524.344892124113 536.3099545183 548.274498131375 560.238498988655 572.202218450732 584.165975460196 596.129977165123 608.094247708587 620.058627425249 632.022956941 643.98718988877 651.963307796272 655.951368027676
436.053165825475 440.960181655843 450.774204680831 465.495418691352 480.217062035067 494.939300101033 509.662471485983 524.38698155527 539.111711990719 553.835178584032 568.556942576731 583.277463854584 597.99757706982 607.810912261431 612.717582858342
432.548074731807 436.89917975073 445.601383249334 458.654825797373 471.708632142604 484.762974567445 497.817957626514 510.873637119249 523.930096250172 536.987381274647 550.045431611169 563.104080996091 576.163091747524 584.869183393986 589.222226181613
436.380914150445 439.328195598067 445.222767114917 454.064443603362 462.905633808537 471.746096069692 480.585647497727 489.42414582025 498.26145901045 507.097533757308 515.932463495879 524.766490856384 533.5999570647 539.488798866722 542.433224664682
438.952527374094 441.477041135036 446.52606524918 454.099673463895 461.673469728619 469.247530738908 476.821902266436 484.396612868556 491.971685872763 499.547124786368 507.122894396886 514.698919359343 522.275100649493 527.32592597945 529.851337273146
442.025467566524 444.069588916938 448.157831411553 454.290199494737 460.422578940905 466.554974900314 472.687389282044 478.819820221076 484.952263869557 491.084716521711 497.217175043256 503.349636634727 509.482099594576 513.570408582227 515.614563061699
445.048791562902 446.516590802029 449.452192378678 453.8555295238 458.258698456242 462.661628221752 467.064284505883 471.466666164687 475.868786996412 480.270669146466 484.672350230254 489.073885877278 493.47533623172 496.409615786921 497.876756326427
412.769320320943 415.307401159329 420.383560836434 427.997841912558 435.61222774662 443.226767024842 450.841487702759 458.456395153529 466.07148256818 473.686734024261 481.302121968213 488.917607149971 496.533148814446 501.61019034868 504.148710606655
363.924345114441 367.951188075044 376.004878401313 388.085325262686 400.165584675397 412.245579324891 424.325266659548 436.404639530487 448.4836993418 460.56245408361 472.640938977401 484.719224798198 496.797392589206 504.849474088801 508.875515965993
351.141606356834 356.7597437753 367.996017629133 384.850448738013 401.704933991138 418.559504814015 435.414183094632 452.268975496536 469.123878492244 485.978880562973 502.833962815222 519.689100895977 536.544271137331 547.781059056409 553.399452728302
330.284604893533 337.718787259439 352.587152271385 374.889694333688 397.192227970161 419.494751805384 441.797265354598 464.099767895574 486.402258048656 508.704735211767 531.007200360653 553.309656712856 575.612108177726 590.480407883022 597.914557783712
320.318512553257 328.160273451134 343.843795204658 367.369077166767 390.894329418124 414.419518633772 437.944619437434 461.469626731939 484.994551275685 508.519410344627 532.044223293674 555.56900610431 579.093770729475 594.776943181642 602.618529550574
303.082603391218 310.419107318263 325.092114710425 347.10163867271 369.111257777154 391.121062901266 413.131123255659 435.141455568283 457.152034233342 479.162811099442 501.173729670146 523.184739878373 545.195802959548 559.869856472603 567.206882811179
276.352734236766 280.003741467769 287.305778390961 298.258369164113 309.209653110954 320.158775804665 331.10511900125 342.048464443815 352.988750940897 363.925941981422 374.860315201555 385.792505854244 396.723305819724 404.010142784499 407.653574535464
283.919227807777 288.013604099105 296.202369328294 308.485250474492 320.767237965225 333.047627677302 345.325883584276 357.601812732377 369.875377141124 382.146574149187 394.415637608497 406.683056034854 418.949423999182 427.12672870215 431.215391064032
341.278411675297 344.569566532719 351.15184433389 361.025922650641 370.900854858213 380.775764004706 390.649370855936 400.520691135608 410.389282799063 420.255113517802 430.118491696688 439.980036646693 449.840478074148 456.413848813644 459.700543483137
507.902579249559 503.084615542341 493.448653931038 478.99546453778 464.545585342995 450.102164520564 435.667496279405 421.242274718353 406.825724441769 392.416329921817 378.012299886754 363.611771881556 349.213038222328 339.614204047057 334.814775309957
400.440493961083 398.350905201481 394.171726717187 387.902996984823 381.635002083767 375.368836044511 369.10541040762 362.845186686323 356.588136381026 350.333953790941 344.082126786949 337.831967376738 331.582747335196 327.416792615606 325.333808361103
409.631190832033 408.861441378712 407.321941928368 405.012702967584 402.703467432315 400.394215189169 398.084939530732 395.775656638192 393.46640109937 391.157207640364 388.848096011833 386.539066329124 384.230097681778 382.690801656366 381.921153061942
463.266034897246 466.548538638085 473.113552164362 482.960942146107 492.807945600599 502.654372546969 512.500054298801 522.344852208977 532.188656754563 542.031417732721 551.873183770104 561.714117992993 571.554489250628 578.114591906014 581.394648439131
466.018654966951 471.448127137312 482.307078004784 498.595366031991 514.883160648166 531.170053325565 547.455683276694 563.739847124463 580.022471028305 596.303580737435 612.58332505012 628.861994438506 645.139959395886 655.991748367254 661.417649714604
416.767849271913 422.7033512308 434.574363409133 452.380707779444 470.186541312621 487.99155993033 505.795528051697 523.598352999104 541.400030030374 559.200614750207 577.000237902826 594.799115960239 612.597519852972 624.462996478281 630.39573942714
415.142692491764 421.816756446958 435.164889775342 455.186975653834 475.208739559648 495.23001083153 515.250660227193 535.270640361687 555.289954491865 575.308645611789 595.326798298827 615.344538961005 635.362023330109 648.706947101121 655.379411404268
441.356287178644 446.865489692479 457.883897003866 474.411460336138 490.938805811646 507.46568032818 523.991841218693 540.517135017295 557.041506398257 573.565014034728 590.087807073863 606.610091178022 623.132072389177 634.146655163404 639.653949154034
441.28230674117 446.73721709393 457.647032940152 474.011856256111 490.376950840566 506.742491842069 523.108634920573 539.475511933378 555.843267271066 572.211988697778 588.58163409021 604.952025576197 621.322888587724 632.236912219696 637.693919898234
434.986048577424 441.173950039208 453.549844240321 472.111802279931 490.668485600949 509.216515395743 527.752894956232 546.275194884509 564.781016834687 583.269111443382 601.740528362673 620.198659285747 638.648459500386 650.946295190689 657.09528634512
525.048705366817 527.738751618243 533.11846879798 541.195914630522 549.292211722419 557.413587349073 565.561530569925 573.734855375911 581.93092693021 590.146761357704 598.379888841076 606.627409521553 614.884342166597 620.390983495632 623.144235366571
584.069136341894 585.017047998349 586.92493933579 589.534891123581 591.51205799908 592.584548894159 592.603397740017 591.502800417577 589.251734014237 585.871321814721 581.458698526943 576.210048942104 570.428464820749 566.450442586305 564.465800373469
415.60661270606 419.768113799898 428.094372771124 440.515783536931 452.766509813483 464.773361549809 476.496406288512 487.918194957345 499.030322458725 509.838269928696 520.368053523257 530.672502092666 540.833346462829 547.573954355174 550.945434435407
311.742006941292 319.620106339187 335.376311209441 359.010503825784 382.643823864116 406.274893130423 429.901777277817 453.522120405586 477.135509531633 500.742795333154 524.34512151739 547.943595812577 571.539363846878 587.269060437984 595.133939043949
323.510605997406 329.190691903425 340.550889530728 357.590652144222 374.628607411343 391.66322377458 408.692661592889 425.714620244395 442.728595870353 459.735282300238 476.735757601651 493.731265035478 510.723334124647 522.050393552056 527.713959545534
289.746809565737 294.130609539733 302.89820076882 316.049775072404 329.20195157563 342.355150050238 355.509594897292 368.665305193 381.822003150959 394.979326662598 408.136953001889 421.294672006923 434.45240159526 443.224214324801 447.610120879399
522.906480566068 526.482578906816 533.634789372786 544.362832507121 555.090285000102 565.81689858855 576.54238005668 587.266556112188 597.989337015432 608.710781166926 619.431022054929 630.150272759657 640.868859276511 648.014407980476 651.587188692789
346.606264645127 349.474215653178 355.210108678355 363.814104575012 372.418029465006 381.021528650742 389.624362222599 398.226604090444 406.828440606668 415.429957414903 424.0310455292 432.631549338549 441.231469211231 446.964552767823 449.831101589403
340.920576035412 342.081102709935 344.402162294053 347.883624428115 351.364337000847 354.843304015628 358.319472570628 361.79231441481 365.26175787249 368.728117318395 372.192020662804 375.654121692872 379.115055949997 381.422037711434 382.575539850111
488.489107585299 485.62559930436 479.89859854574 471.307769346075 462.715884056027 454.122089293771 445.525561753575 436.926202324588 428.324345587963 419.720482893065 411.115265290359 402.509250879117 393.902761765303 388.164974706572 385.296085908254
500.424711352843 496.756166906625 489.419482165717 478.40600173693 467.3701014146 456.300796314704 445.190550574553 434.034307262849 422.828912059685 411.57513263988 400.27904380551 388.95297330748 377.610287746915 370.044674199495 366.262010833218
460.076818029946 457.511821796071 452.382487366943 444.674721735329 436.930404409056 429.131543860335 421.265775939414 413.325076521319 405.304522488487 397.205561693743 389.038340626248 380.822906039296 372.580769549296 367.079861794002 364.329638675616
436.328196855835 432.045611498817 423.480460995829 410.63230525694 397.783165971184 384.932891272486 372.081827571356 359.230585639655 346.379897938336 333.530559152575 320.682941122269 307.836740926725 294.991346200732 286.427897716453 282.146168339423
444.945327933041 441.416409193629 434.358580789645 423.771643905483 413.184269614753 402.596419191326 392.008308131821 381.420302312519 370.832908979144 360.246598633823 349.661475833585 339.077283059746 328.493637431805 321.437984718923 317.910154464222
