9.3094591122885 13.3105019629977 22.3194621224893 41.2332668743574 57.6232027959515 66.4357061108867
7.74991989045715 11.5544253622947 19.7825193769024 37.7754113011227 53.865411479235 62.172960917505
3.05870639551972 5.6976751726487 11.6938645521677 26.2442631964349 39.7064762399258 47.1222386118822
1.8160157484256 4.04361533920638 9.10387281771937 22.1986823350829 34.7210034656296 41.7318337719533
6.37990205283836 9.58199824072381 17.9957668878715 35.2833276098763 49.4692218404871 58.533824812769
11.106648268749 15.1999570218065 25.3480959643531 45.2114294712767 61.4120517373383 71.1802300795942
0.10884965022024 0.708130083295985 2.83496486188244 11.0917907211932 20.670880234225 26.0580799875505
3.84450776554755 6.67848321403443 13.1718622001429 28.4801763983056 42.417679206123 50.0370771510895
1.94493514204166 4.22727906591976 9.54550430218117 22.869561903188 35.2969518591735 42.5866697313148
0.29326095645901 0.334313449482104 1.60155528431134 8.55895143565587 17.6417394830897 22.2267054451415
10.3971759665663 14.4396594218514 24.1757685360009 43.6544406802344 59.864831038208 69.312614659734
0.394417404859952 0.174227650559964 1.03915174357359 7.41647899486343 16.3615931481574 20.5093706312527
1.03269115679329 2.85965279788705 7.1591554686749 18.9720399345804 30.5985030231862 37.2980973547777
6.22638292483832 9.37822639130389 17.7586434211814 34.89383162638 48.8927861834555 58.0179872646936
0.447820737465427 0.106508462616013 0.792034680573167 6.90549482254389 15.8029307629216 19.7428046868562
2.64400272615623 5.16752564944952 10.8589688847525 24.975049174765 38.1966477853195 45.4561460263617
0.232113557824594 0.790094633655211 2.91587415896847 11.1775501784008 20.6422655426174 26.0503283480145
6.6618225035615 10.2719163381026 18.0244393300805 35.3233285137307 50.9871911540309 59.0709140859234
0.261668291468433 0.452862734611478 1.95806029322675 9.29281638331217 18.4649469235851 23.2929078883509
0.404727484930693 0.134394882969392 0.924902367927735 7.18515571413666 16.1234476802485 20.1784295144352
5.41483972328485 8.89560234635938 15.7835234883164 32.3301539122351 48.0475800317884 55.395113476539
2.98019816230838 5.69785193719295 11.6535377377124 26.1911883719602 39.7845304402094 47.1614846490498
0.846519494218059 2.50840402168055 6.62712290617847 18.0623009649065 29.190471642504 35.9198216370112
5.09179270948428 8.11417023418914 15.6119352599465 31.9206409203396 45.9344415137837 54.3486432984179
2.69737706931413 5.30868639106313 11.1007683493177 25.3436937187732 38.6650687563357 46.0074781902664
4.47657846597407 7.74578600336827 14.1700038222958 30.046584487492 45.3247160079382 52.4451135364575
7.89442928579998 11.6536752296042 20.100667875018 38.1320067457064 53.9595003002656 62.5395571419257
6.41528780466259 9.61630860687725 18.069125918954 35.3757352179493 49.5336428551564 58.6421030883881
0.48729112543995 1.96015754471999 5.39357207826515 16.1245343572294 27.4284675319053 33.4103712264538
1.93960119982619 4.27843765818866 9.16436799877492 22.5310823522189 35.8159534341752 42.3112380162646
3.10710170242659 5.77419704443197 11.7337128623042 26.3536137494626 39.9933961997943 47.2940596709897
2.27480239801324 4.73827224375484 9.89188646047923 23.6750629854762 37.2205240507718 43.8442728229112
0.332679807394394 1.60960580052258 4.78193211302789 14.9396187825283 25.7458955592157 31.6894683169273
2.07906281844724 4.46908880779419 9.76151754158717 23.3288897542202 36.2520318172073 43.3044319802704
0.197532423985269 0.553243190809459 2.32612229640746 10.0413941898365 19.2609347574028 24.391822257988
1.17644534571355 3.09641712102624 7.55419594564313 19.7451654748236 31.6193362671376 38.3396997087719
0.347407515357453 0.234536670963422 1.25532783029854 7.87593535603579 16.8661763016793 21.1916853021251
2.50397853493073 5.0164479715028 10.4620674261163 24.4705462529291 37.9148828782653 44.8508351719306
5.18690828933973 8.26632890818761 15.6980930601795 32.1352600499436 46.4547815028247 54.6721837370047
0.229324040981965 0.408178804244929 1.88064906048564 9.16538673535848 18.2777241948298 23.1053588693424
0.44487556410014 0.0928673225344863 0.763135688000796 6.8563071666571 15.7818814703909 19.6834635760445
0.263823851961905 0.915653011431954 3.20467084564167 11.7297055833691 21.3331798126599 26.8520470443428
1.66395823677163 3.87923633577127 8.78676832702758 21.8245107930214 34.4410596899889 41.2645116943193
0.810328510997542 2.43696787121893 6.40333903484226 17.7289002391353 28.9552322139597 35.4843337959712
0.272251888110422 1.48806439268126 4.45177858111149 14.4584624723113 25.3901682223186 31.0492713553875
1.21840073953118 3.13814295248825 7.75545032697972 19.9798762136127 31.6233258525968 38.6018047343649
1.47800348329994 3.57666178921209 8.36411769294752 21.0861865254273 33.3354530711068 40.2060448250589
0.814484907883865 2.44365269612764 6.41999228633967 17.7538118533977 28.9763879956516 35.5171493533491
1.29536436044996 3.27929796426011 7.86699459585197 20.1704716036494 32.1379104590873 38.9598668732039
0.374347598692606 0.172725585246101 1.04947021923071 7.47036043069904 16.4126340705255 20.5836074883848
0.23212288262606 0.290758802105132 1.55528446445149 8.53945183445279 17.7201632081152 22.2592332381852
0.317620814214371 1.11206429458077 3.64194126779391 12.5699739504701 22.4006574793212 28.071569024134
5.09404126296383 8.52204342943184 15.2172426338295 31.5520674121879 47.2060146834998 54.4151355665525
8.19980096321951 12.0923234914076 20.4782267682689 38.760079058274 55.0742851112209 63.4227930344082
0.339243278589186 1.5827033473007 4.78993232527882 14.8389421651475 25.4035724908344 31.4975775650629
0.212529877630668 1.01936419235621 3.6052169097554 12.4946444592119 22.0723432221352 27.9493931133651
10.2914115683632 14.3606800735786 23.9624413062019 43.4112055174649 59.7640064240544 69.0531625101358
0.115994557820385 0.605817258632611 2.54777401892492 10.5374966319898 20.0323102227534 25.243724194352
0.460043528970975 1.72677016712504 5.16560044763084 15.4021104267754 25.6773501601309 32.1213849490384
4.86412324700934 7.91906037949864 15.0404814009678 31.2542055664558 45.6891837193915 53.5996860863244
1.01995467546917 2.83869199442723 7.12790739477189 18.9153062596144 30.5157979475626 37.2175618497248
0.376372942049291 0.141150453795685 0.976306661017644 7.31953569048531 16.3228450044149 20.399771740681
0.277667650041233 0.366297294321611 1.70794968591342 8.77384231552374 17.8875227352116 22.5489581249859
0.250001967628902 0.823634696563828 2.97675383039513 11.2898599618855 20.80202805388 26.2135834119076
6.65487782872323 10.2894626251403 17.9822328622375 35.2959065910846 51.0758901456418 59.0678445319516
0.0988147003020348 0.621624042223328 2.54462877735841 10.6775141521273 20.4489496712114 25.4956938790704
9.99679438530942 13.9842754950926 23.5492437464549 42.7902118524929 58.8892597342704 68.2477533363872
0.325352728597383 0.250409164390414 1.32400715691493 8.0298640221574 17.031451449516 21.4198853722499
2.48437982120174 5.06012466356506 10.5971381164947 24.6615844764645 38.0859233393776 45.1543721977179
6.24634641984279 9.44670561907515 17.7254315619037 34.9335576077562 49.1958084103484 58.1178635590026
0.105296550935809 0.898671469209697 3.23190279206532 12.0683616504275 22.2167451975513 27.5558272512365
0.253359203938179 0.765378193981851 2.81253375928405 10.9672936088881 20.4322329845111 25.7444622496019
1.81023638247957 4.10625887639888 9.11736283237518 22.3749588446588 35.2144665945464 42.0396801522601
5.33200183064657 8.3853918344432 16.0667752933781 32.5566739595827 46.582289521246 55.1389023987426
5.10549656111982 8.16491499127596 15.5599516589503 31.9236324698447 46.1819585698814 54.3981922054084
1.41592341719673 3.49330419350659 8.18243825058343 20.8258684907128 33.1066273293851 39.8690793558645
1.82308345570085 4.08965053704895 9.01923927618404 22.1953731279166 35.0794491848354 41.8006689878772
0.101415650169576 0.602346290138441 2.48985166516099 10.5697783386617 20.3230981046154 25.3362910665802
0.120566404542825 0.628043277076348 2.62072614415196 10.6311452036563 20.0568304035493 25.3645024692346
6.42724057478313 9.60114728466237 18.1341082043053 35.4126163902059 49.4093188380689 58.6556139842402
11.232874326689 15.2649219274005 25.6357677898647 45.5090228017859 61.4204525600435 71.4710996496848
0.373727238469563 1.65981218652108 4.9414549840736 15.1160928032686 25.7583792400287 31.8929293541184
0.238991333290453 0.274005746058744 1.49293893228187 8.43706190843712 17.6477239488594 22.1124580078872
0.28457571938463 1.45118137418168 4.52189287483081 14.3476009706393 24.7843367247636 30.7956663742082
0.484991781787573 0.0719849866551961 0.651780277585215 6.61407242946136 15.4826511760131 19.2991497405272
0.339146025020815 0.263317717494399 1.34609844726129 8.05105141018266 17.0663398712304 21.4546116983736
0.966139614331009 2.81022451484963 6.80471681508553 18.6365194615739 30.8276648869007 36.9635920412628
6.71073919480345 10.4504603415389 17.9381003291059 35.3520378907461 51.6061622339994 59.2511464789431
0.48670326946153 0.0655459884369518 0.636558848014531 6.58357670764765 15.4651280960144 19.2600337217547
2.36379994926508 4.86071261784095 10.0732814815514 23.9653140214131 37.5970507553957 44.2354372652498
1.10405789006564 2.96072603947829 7.39949027802849 19.4196660755984 31.0163643792318 37.8441975108451
0.212627188710339 0.309448777463256 1.61572892547644 8.7047955808898 17.9781570463143 22.5209628628852
0.108442642792404 0.76823842559742 2.98596294358781 11.4071863125412 21.0860770315144 26.5279544279702
0.520292071351825 1.86988696910176 5.49301957721036 15.9687363913396 26.3098004578297 32.9124472832426
0.245252856182368 0.470606997079785 2.02911223084936 9.44251693914721 18.6215846740318 23.5122560316545
1.53714592337776 3.68066271689931 8.48961804138784 21.3271972544369 33.7501139751896 40.5645406246866
0.453226370236165 0.101630563989261 0.768329402443439 6.86022612407687 15.7470212108825 19.6700639325128
1.25727673902256 3.2669051192502 7.56958780346169 19.9089101309821 32.4343205293981 38.7187413119469
0.306529600848959 0.210931453302007 1.2515311740451 7.89284873135549 16.9631951492176 21.2723256654062
0.268288853210702 1.04166803726936 3.54879033580499 12.3934069508053 22.0943746187404 27.8125568540943
1.4405266015774 3.4927461761012 8.22096496397699 20.7466796658551 32.85602924108 39.7453665073276
0.558038056189356 2.10639772327677 5.60906340465805 16.563641544072 28.1240814033771 34.0563453203943
11.0961282129041 15.1241855571605 25.405003046806 45.2094234451071 61.1444498129978 71.117221751123
1.64575632438357 3.85675497808461 8.73764994513296 21.757160814266 34.3867390961667 41.1792731612308
10.5474127447887 14.5821220516974 24.4471588387717 43.992714670444 60.1230140289013 69.7015827334248
8.59871744747347 12.5566327347606 21.1107477721834 39.6398475470386 56.0932414964283 64.522879297337
0.169833835381609 0.419924531839344 1.98929047197487 9.39702687812565 18.6593844461676 23.5382157862277
0.403934825848574 1.46478660668182 4.45865887915364 14.1311469229351 24.322955380119 30.3267671095144
1.72931375057438 3.98470865657207 8.93069147511404 22.0737882295069 34.8164158268834 41.6217640741515
2.03709524174932 4.36375092867952 9.56214981659976 22.974685691356 35.8109221384061 42.8034190163557
8.33638128381827 12.2840822982621 20.6530542119565 39.0434489302778 55.5492552911993 63.8118207661187
0.173177845964457 0.371154307592559 1.82059691899445 9.15004312323253 18.5314742056584 23.1984768192182
0.87228160522298 2.65493591591045 6.56149928028215 18.2095371338273 30.2396844742938 36.3630375202247
2.93317681164712 5.68144950516133 11.4737774737875 26.0029085340221 39.857200861671 46.9827605283542
11.6902391650482 15.742964525703 26.3947968456432 46.5037521546156 62.3711354214617 72.6524487141738
5.60704470586116 8.69651033210509 16.5803530476909 33.2775115518932 47.328070731924 56.0352299047604
0.364985606322635 0.153966588765294 1.02591529372554 7.41828022610327 16.4240997988822 20.5482622099841
0.204504015135596 0.390498219380543 1.8730492017991 9.12629556593026 18.2907266661258 23.1117009152825
12.2358784543677 16.3005862488516 27.3111839467961 47.6889706291566 63.4538097423895 74.045080116474
2.56202855752768 5.10972452139503 10.52424936254 24.6216016345766 38.2685098149152 45.0825253779331
7.62904309833 11.4818128505505 19.4940366526334 37.4594296457505 53.8214569979097 61.8527098058993
4.06181949768117 7.21054952468878 13.4614925612661 29.0111851181492 43.982247626187 51.0711538954784
0.111401937226456 0.613067446476608 2.55363142822292 10.5939674789762 20.1782111357439 25.3410776598262
7.883775938825 11.7414789947848 19.9531043349549 38.0511627589846 54.3314648670706 62.5537056911111
3.06090823448853 5.87138603995855 11.6925694297591 26.3620697041774 40.4287661785733 47.4944201002962
8.65503212547484 12.6311146732564 21.18897303437 39.7596428781261 56.2708045505465 64.6814656404462
1.00341810786497 2.7758854278122 7.17117371812932 18.9509359352645 30.1887271577604 37.1387021243961
2.78328976577086 5.41134600870607 11.2925743168479 25.6075477365294 38.9112303253033 46.3411824197674
12.3241451061476 16.3937551795076 27.455690537221 47.8793801499603 63.6399666451829 74.2712911010049
4.0825530148673 6.94615451007055 13.6829058742934 29.1781111251285 43.0412458498779 50.9004767190716
5.47110300045239 8.97974237601593 15.8604640001969 32.4575803413977 48.2734171255308 55.5784918369729
10.9724610511073 15.0115382864015 25.1776887576764 44.931938821506 60.9514377292297 70.8041809521189
6.39132525720135 9.56385288730427 18.0628480370684 35.3191756673485 49.331369300227 58.5438598574337
6.79290416440852 10.5425961305279 18.0807142166552 35.5446112887608 51.8049425854163 59.4891319914204
0.551322718258428 2.02006457960928 5.64332099518566 16.3606025375657 27.3094751705998 33.650421827995
3.47210709735947 6.42627205673322 12.4500662754661 27.5013685905767 41.934949583058 49.0355546703338
0.221512002933792 0.357004599335972 1.75980568339836 8.90064515241939 18.0418362721444 22.7750434132138
2.97437399379196 5.61764681384561 11.4345635009785 25.9360266755947 39.6075993602665 46.7684912659725
0.284001624077284 0.324153948246834 1.57823942541583 8.54738938203387 17.6051319194026 22.1897648974288
5.69379181432569 9.1449784937643 16.3899122336738 33.0710030108151 48.4630680126659 56.2336552068898
2.79890720439868 5.39846253162918 11.0612175471038 25.3867406590315 39.0124515552748 46.0579918218802
0.65242198021605 2.1080859070535 5.78164411451913 16.6029792271103 27.4895140218906 33.8783501287226
2.33910855824788 4.79294910000067 10.3979852419477 24.2203730218023 37.0774263974926 44.4455104029764
2.50775286567847 5.06980714745597 10.6856088555569 24.7518370834445 38.0444646430782 45.2394253847145
1.75940383501633 3.99514770782665 8.91673550011934 22.0018254210578 34.7414951013383 41.5231809083775
9.14306965396214 13.1356706917704 22.0352159760299 40.8603653844833 57.2714907670011 65.9898258502897
0.139067526119762 0.978739123659843 3.45957574787429 12.388173944992 22.416565767157 27.9808553747995
3.12624133166803 5.81521599305496 11.7161200210183 26.3775089986946 40.1821274000578 47.3546789845389
1.98260632884286 4.33149166480916 9.550203116638 22.9995937083394 35.8315438317075 42.8541192315263
0.172429215807841 1.12020720054889 3.77491864660965 13.0031418894326 23.2067585467265 28.8780627165419
2.13599804595898 4.54866101649459 9.6000707002078 23.2141985288848 36.6429331488992 43.2261701260998
8.05025057104895 11.9677399867131 20.1744203441959 38.3988692517609 54.8822778961075 63.0235412459925
9.19894509294289 13.2173353018971 22.1040907433994 40.9766160060279 57.4768184026185 66.1512023079565
1.52480856273507 3.60969195927129 8.56803500731225 21.3024406094165 33.2700922794471 40.4265385479383
0.398763605103922 0.155585886858161 0.976073936281482 7.30456117468085 16.2314223351727 20.3362019092557
6.48483584797956 10.0534403436524 17.7457658708872 34.9233180504107 50.4735064206095 58.5514419748527
0.248554479797501 1.12647530787659 3.84119268031407 12.9407417498215 22.6363467093883 28.5940907513225
3.70860622894805 6.55382882130747 12.8217802599496 28.0621791052012 42.242176054348 49.559229693958
4.23071485176156 7.14435390250035 13.902593424035 29.5529025458209 43.6376799348176 51.4110341354392
0.699803937633603 2.36474440211769 6.09370458897961 17.3896083193242 29.1286463267455 35.2099505369463
0.284435835761046 0.407443391667687 1.80582081716903 8.9777548811789 18.116959874159 22.8299737751469
8.36584995163962 12.3163629322437 20.7025458093091 39.1097795931501 55.6167484688022 63.8925929760735
2.64477548153266 5.23685217007247 10.9943197157093 25.1817332759485 38.4585672358583 45.7882756232702
0.186421131486068 0.667611217940564 2.65949537506686 10.6900336574453 19.9955322524823 25.3382328067485
2.07205324581656 4.40957523492744 9.64425307080318 23.0969299113755 35.9411692240679 42.9633323224317
0.213071097430058 1.25240651576152 4.07211756150974 13.5497716940914 23.8648091265935 29.6632072237325
3.65173109904627 6.44949411964629 12.7874251186507 27.9278080928051 41.8328876914253 49.3355238191964
6.28028964547795 9.44008987444868 17.8558412729107 35.0322961644104 49.0432207165069 58.1907911301651
4.13142471453385 7.016365157589 13.7426550513539 29.2956229364265 43.2705153396275 51.0689544768384
4.84548810409305 7.8529434040328 15.0928693712535 31.2352115475406 45.3751784527025 53.520124282249
2.11594459354257 4.47453653175805 9.92281421324866 23.4702621008593 36.0864024507921 43.4142225924738
9.62219395820855 13.6053162087318 22.89322372681 41.9471389387545 58.15446591288 67.2550149506984
0.112105798939215 0.758025717026651 2.94443035626941 11.3409183820397 21.041272716895 26.434357229873
6.31999941064601 9.51359554678937 17.8855340993032 35.1283711452633 49.3069136862386 58.3422237852906
5.37792849053426 8.48309662034866 16.0623665001646 32.6450390617531 46.9723234732329 55.3055655927659
0.257240112412409 0.712559161638314 2.66277201674295 10.672183331829 20.0942517470683 25.3150306925684
7.30493290391954 11.1318671320446 18.9309616729045 36.712519567382 53.0956023577572 60.9465064821848
0.250170516552685 0.293765357410021 1.55140658448517 8.48649104191698 17.5887881316957 22.160178013258
0.1733392701035 1.1886915651754 3.84087000660838 13.2904906503389 23.8642570779671 29.3538267876895
6.52278067282321 9.72857351188688 18.2813439916371 35.6552147161507 49.7699690785059 58.9769391248245
7.8628589412409 11.7560968153926 19.8666206116581 37.9791658101442 54.4282516402382 62.5055996203123
0.100189501908136 0.774287782260625 2.94444977474351 11.4568701886306 21.3803528469303 26.6419160658335
0.922476087039517 2.67810868510086 6.84774793288179 18.4392708524038 29.9133080766211 36.5563028550626
0.320752688508987 0.234642644969781 1.28478247157827 7.96131903815059 16.950011969659 21.3185232406032
6.55021657282582 10.213057814999 17.7460595367795 35.0252417135374 50.9922130967945 58.782666269875
2.6934816315598 5.2295657261024 10.9660382746861 25.1324267833247 38.365738680862 45.6597451028127
1.07448207778749 2.89635427604661 7.37988685365987 19.3116736928758 30.663789100328 37.6466777892258
7.32336705254917 11.1316297442077 18.9900075406785 36.7680293370977 53.0585779726494 60.9921895428983
4.06456245515042 6.94176134716853 13.5977789096418 29.0988865957991 43.0985826618019 50.8261472812922
4.35390039288208 7.58479382477263 13.9662778789008 29.7451237771366 44.9173140591707 52.0414713796074
0.128087773659867 0.501015908408452 2.23103117637855 9.96200549761628 19.447112200096 24.4072652301014
5.41587522521361 8.48348565257481 16.2172414043972 32.7747745464041 46.8292730268959 55.4145599430057
4.11499529272949 7.2813238626438 13.5504544434006 29.1441155781263 44.1652485494307 51.2505342372922
0.586448481183089 2.00340514393993 5.742559170416 16.4292126143903 26.9278909884014 33.5727759637578
0.162249406924952 0.404183658010731 1.92777554411409 9.35408596541555 18.7471372418787 23.5000706903862
0.241650014982146 1.34388936932387 4.28984822978442 13.9347792487792 24.2954986019914 30.2102398270505
3.86610726431869 6.6934662381533 13.2515498906837 28.5657878312923 42.4105266076177 50.1286113620268
11.3732412768792 15.4863487128283 25.7882924828859 45.7964998009067 61.9941254905235 71.8806636710393
4.98221011852073 8.05227178153744 15.2720969662502 31.5756951201352 46.0041332594285 53.9983710450543
5.51212192728114 8.59927164940673 16.3823747795401 33.0213720151661 47.13126845403 55.7302035904845
3.97821559617868 6.88460097498328 13.3244360311395 28.8101032706394 43.1217349785536 50.5227316004532
4.26903700440239 7.23052529637533 13.8827713750524 29.6171325039001 44.0023526302437 51.5471488350466
9.89458278683753 13.91257829272 23.3275627987349 42.5418080098821 58.8095679596746 67.9861041398453
5.62348870025873 8.77206570176832 16.5115795802022 33.2928346466585 47.6919573292388 56.120572084531
0.358547575871011 0.195527451953221 1.13172714036153 7.63888348723822 16.5985633878041 20.8358790548634
3.93372852919709 6.77242362901082 13.3889712439831 28.7601830277857 42.6071279619387 50.3734884644481
0.377462097349644 0.171613893834517 1.04318881456719 7.45479061436527 16.3958053187939 20.5604425497988
0.168913283898195 0.424596719532793 2.00456450965491 9.42297517015455 18.6806482529085 23.5751604564125
0.443488223594465 0.111567693350982 0.810718299782709 6.94439290605136 15.8449200562128 19.8010986537455
0.852470975898447 2.56141137749619 6.63969812822758 18.0868494374068 29.4739639040709 36.0671509490129
2.52734886230187 5.02834285844327 10.5847738663755 24.5932701495627 37.8538473905513 44.9753928855457
2.17813573604371 4.58513353339506 10.0309819584983 23.6900845936787 36.5165932312786 43.7523130693299
0.412211468816352 0.116551879474617 0.867198479629453 7.07950081191757 16.037229708525 20.0276332257278
0.915965790860315 2.72988259386862 6.66549479202629 18.4055004909095 30.5423156435801 36.6449046931657
4.34199708266175 7.31591105725936 14.0258994995001 29.8209130037252 44.21489095888 51.8040205394754
11.6373625255919 15.726722745109 26.2640359052177 46.3787460299114 62.4091052118977 72.5400555754901
0.109906268899069 0.703216215013375 2.82610659114833 11.0617235020778 20.6122857218329 26.0096287334126
0.577240620813141 2.06795836128971 5.74219031488289 16.5240122706139 27.4915285312604 33.8759051745279
0.124606129560314 0.979965160794612 3.43318130652237 12.4273332188801 22.6131135084079 28.0694344312844
10.8046424574594 14.8688667587405 24.8580399604467 44.5518618193704 60.7262243905004 70.3830602162583
0.115684471547239 0.975189524539263 3.40872681711071 12.4218600057336 22.6734747300218 28.0766564729627
0.338262192221188 0.172706127262467 1.10693110271273 7.60085131022527 16.649523500635 20.8320460130463
10.0881332086824 14.052251143179 23.73937296552 43.0063118476452 58.9714574116998 68.4752140108803
6.38856296425684 10.0345820466176 17.4607718928647 34.6436857203141 50.6126840388693 58.3144187163554
3.60608623068735 6.40215481608125 12.6763304559806 27.7858362699454 41.7409274767252 49.1658967387034
12.3096398339798 16.3883156104186 27.4219217140735 47.8467272764055 63.6468006089716 74.2415562460364
0.193518559615648 1.25420643883402 3.97570512326726 13.5509695904766 24.2065286227812 29.733107220225
10.5783849622273 14.5852662188122 24.5367007233123 44.0748879464589 60.0750722154437 69.7701250961827
0.705651049022925 2.21988344927754 6.0002267577594 16.9946956735174 27.9852543276194 34.4345740090835
0.289174602240222 1.5320486783941 4.53260948564732 14.616111524215 25.6096408053989 31.279097072423
1.6993524637447 3.87358462082728 8.83405320593569 21.7552337490853 34.1486009499599 41.1255121042803
4.87087539621181 8.23779472629638 14.8475018127033 31.0155511521504 46.5129916526074 53.7084834097135
0.403145249450599 0.118017921983623 0.880991224162661 7.11836933168112 16.0966112558732 20.0919657162805
0.253429094322106 0.390694292323054 1.80075733467944 8.99594036207678 18.1026789674789 22.8537582535903
4.7616166555298 8.07001662986482 14.7221588286936 30.7944525252122 46.0572921090187 53.3786670992642
0.289227658393739 0.220351135267469 1.29326568710359 7.99998274232859 17.1156488205244 21.442701149631
5.49971870752524 8.92080379717706 16.0547044092658 32.6121120515774 47.9638120119529 55.6577889669112
11.9535800670939 16.060854314895 26.7886935361527 47.0691677271772 63.0766121415237 73.3599649465932
4.56422310573172 7.5629064154889 14.4843256116127 30.4470498127761 44.7861816968186 52.5770406872259
0.258737446622297 1.45304121132023 4.38310336157103 14.3293363185551 25.2209946307898 30.8628437802073
11.0904151571039 15.1964724534927 25.3080767955425 45.1742949427714 61.4286782446372 71.1480175420207
0.359070346859042 0.160973371260296 1.05262827035276 7.47133527071401 16.4784998711562 20.627876715641
0.131551312147389 0.542060157816665 2.37535032155377 10.1480804132246 19.4883561334529 24.6503836030202
3.81447318891665 6.68435220886439 13.0167768900129 28.3542231965013 42.5919710520816 49.9364905417512
0.231168295507349 0.3980397378421 1.85018670973953 9.10573727962113 18.2098059226965 23.017229130278
3.11571778408028 5.80956713164981 11.6749773396617 26.3364037587425 40.1982207739342 47.3134010630254
0.342400061331206 0.206425603998718 1.18030227751101 7.7458604020949 16.7141926370661 20.9965677324205
0.289253357978308 0.274750530184057 1.43439851190512 8.27039057946444 17.2870239652834 21.7795797234464
0.238667704000561 0.377036703848513 1.78218580474918 8.97051171988775 18.0593203754939 22.8174026210426
0.199985014619959 0.479725172835114 2.11881663474921 9.64011421006746 18.798360894999 23.8041230020951
0.17725820376779 0.613100754600411 2.52216032397944 10.4278675454656 19.6806507332007 24.9562760203809
0.17517697112958 0.766902045698465 2.95586226601022 11.2619955659749 20.6286024544825 26.1679721476605
0.198258784156311 0.9499660278299 3.43410274018985 12.1702353975737 21.6844900549555 27.4804630670445
0.24021247042391 1.14019984299653 3.90495510020963 13.0529260819006 22.7234948724407 28.7492891311411
0.305456825679825 1.37079235476571 4.4528167559157 14.0712081646834 23.935841909386 30.2080112879996
0.425535377877147 1.66405312671618 5.07649290838348 15.2134926326875 25.3553507982675 31.8376446715735
0.587863122030248 2.00985480524789 5.77216179362754 16.4692423795274 26.9402650527133 33.6222363500602
0.816181233727828 2.44191023030533 6.59126284827818 17.9174811887336 28.791335445848 35.669200596232
1.10132405685471 2.93162108306961 7.45995393917187 19.4200464825696 30.7450197283341 37.7828595553324
1.45128694103823 3.48890647965011 8.40162537887812 20.9999869608797 32.7989302834181 39.9878702167518
1.86366947165954 4.10590691660312 9.38082518361827 22.5947195040214 34.8917109636918 42.1982070940275
2.32214179509383 4.76623538189996 10.3708228296141 24.1711319241619 36.9873541612068 44.3722966032346
2.83024576200861 5.4749005497178 11.3826549611118 25.7443638484743 39.0902344213207 46.5264012699045
3.40431204117883 6.24665150155622 12.4519887399483 27.3605637585796 41.2240983857618 48.7117170055752
4.03376294507318 7.07187851824491 13.5966536122632 29.0565771257441 43.410053099885 50.9798648254496
4.75166536919978 7.96968958934249 14.8193236765969 30.8139190933369 45.6094125903796 53.2808685671124
5.52134700553615 8.91262711856938 16.1262930677359 32.6687126006014 47.8626845987917 55.6837838973405
6.37471633240655 9.92398669793343 17.5617235617339 34.6679180298096 50.1799856169003 58.2279009635265
7.31123855835928 10.9976976482532 19.1286104390802 36.8131690902206 52.5457408027707 60.9087090758276
8.29499588323212 12.0975548762893 20.7695886836935 39.032864116991 54.9013362792338 63.6448830667555
9.28942239914728 13.1866537553235 22.4242496977444 41.2501751868576 57.1820365827168 66.3480676324788
10.1883745427112 14.1565811327055 23.9089187700768 43.2275479879375 59.1786855696122 68.7381399955106
11.0391343129018 15.0527616455434 25.327619755967 45.0928779334412 60.9791690771323 70.9660506463002
11.6614570467561 15.7006993060606 26.3647668535482 46.4484450851109 62.263531925088 72.5742422345568
12.0700974661442 16.1228908590528 27.0450534076605 47.3341368494291 63.0928704824981 73.620223211058
12.2687749467274 16.331670681709 27.3692989414354 47.7610023461755 63.5092610904857 74.1272334812747
12.3628422533921 16.4364429388177 27.5171053210568 47.9625030799355 63.7284979482122 74.3716733438063
12.3075101596342 16.3943172018762 27.4109156247268 47.8414717481777 63.6724913021644 74.2419760703331
12.1594223162309 16.2606608140223 27.1456702695786 47.5184641284064 63.4447657397115 73.8779320064683
11.9135585717171 16.0235103515536 26.7179375645715 46.981599649032 63.010323929004 73.2600500656844
11.557663534715 15.672607998361 26.1034358901149 46.2015312032511 62.3520406145177 72.3547824483798
11.1156334369511 15.2240959895927 25.3494136515704 45.2298687790321 61.4857980712276 71.2150625990768
10.4042587215387 14.4879795830823 24.1425113210844 43.6575399483227 60.033497801917 69.3539497679508
9.5134844766112 13.5536129425319 22.6334657301125 41.6778672208715 58.1627693712564 66.9944151994207
8.54854747268684 12.5184988871092 21.0080505890698 39.5213761774071 56.0431759094321 64.3960907772463
7.58385121153656 11.4516499269424 19.3926543810232 37.3458931959498 53.7928099403087 61.734962134437
6.67393805841421 10.410289790612 17.8730990740047 35.2654545586996 51.5213336161637 59.1453492599481
5.81676613057549 9.3977638163551 16.4348522257788 33.2666066956718 49.2376157756128 56.6149810320562
5.01614526415111 8.42736026429518 15.0850242567162 31.3657036742509 46.9851885386931 54.1755806288015
4.30190956811255 7.52751095840086 13.866791058099 29.6128520795921 44.7951944453965 51.8791886163669
3.64860228602193 6.67932441987475 12.7230306845239 27.9369134944467 42.6373678523492 49.6499460299447
3.06022560281859 5.88846957469086 11.6550782718685 26.3361300756888 40.5176048581026 47.4877974432311
2.51684393737046 5.1348746636408 10.6040681787098 24.7290510814433 38.384173953326 45.295331525654
2.02251566032205 4.42530573077339 9.57644503385353 23.1201314700294 36.2447202921272 43.0806867855268
1.59226405641264 3.7777562417082 8.61161880613851 21.5574476832905 34.1338375877045 40.9046423491344
1.22592915293032 3.18770902650949 7.6748368338639 19.9790703034687 32.0057212769971 38.6860054262681
0.914753014949962 2.64104682045467 6.74864222786931 18.3640081144678 29.8447141780222 36.3985860660467
0.664776071657866 2.13400055294266 5.81606114682605 16.6767150486675 27.6181745054099 33.9896873666362
0.472679658268998 1.64807196588331 4.82812770897801 14.8350262701953 25.2515962505168 31.3445404570495
0.321999979189261 1.08622802659282 3.56315116031805 12.4142145910599 22.2290899939309 27.8458896708831
0.262529387086705 0.633562241540657 2.44049911429109 10.2274831115062 19.5910501223301 24.674077685297
0.228561373644738 0.451206236424534 2.00205003306418 9.36909693365504 18.5676608698698 23.4457066885136
0.165355470579736 0.474193982667697 2.15179310062108 9.68335195773053 18.9200801047306 23.9449362684997
0.122847873009212 0.595323923202603 2.53156717414134 10.4524742245771 19.8372139988316 25.0995982495193
0.121549516205733 0.792675179510241 3.05311922686813 11.4885205973017 21.1106404436124 26.6290295312259
0.158506643673251 1.04689268629001 3.67249045113122 12.6925119170756 22.6003786179335 28.3882838926531
0.259694171989733 1.36424967800828 4.35684887066487 13.9947071488526 24.261066812096 30.2709090873847
0.418396450918925 1.74522544182089 5.13320742357906 15.4215534618636 26.0653988344332 32.309877347972
0.645001734338007 2.19270973807842 5.9839785528202 16.9369561557694 27.9875368715054 34.4515483388903
0.934455951476064 2.69915596763875 6.89256051611223 18.5115352860551 29.9901972608618 36.654982053749
1.28057439912864 3.25327914386116 7.83405297217073 20.1043866206855 32.027009293893 38.8628788885109
1.68084518124683 3.84840890811267 8.79864606093676 21.6973620027547 34.0688631960742 41.0468908348417
2.13570271112314 4.48751553386696 9.81375349178825 23.3296375328488 36.1284980075028 43.2559891634176
2.64738595213798 5.16776555808941 10.8740869547226 24.9861880554833 38.1764444761181 45.4634513178671
3.22366990275684 5.89840921458127 12.0269181072651 26.7306074545504 40.2380149730478 47.7463528672199
3.84568146743072 6.65884484680475 13.241404438849 28.523799002852 42.2763196451598 50.0578904351807
4.49031866654057 7.4177030925197 14.4749364240264 30.300076454253 44.2058816964275 52.3098492010872
5.12244988319317 8.14575319584552 15.6756936365351 32.0031292942185 45.9979652827951 54.4466442586308
5.68122715411285 8.77401530806782 16.7326149544475 33.4769830613738 47.4900424167133 56.2742883767169
6.13100393316556 9.2710686620811 17.5839096012479 34.6491718398374 48.6390630125699 57.7152352030452
6.38665624042742 9.55429891068557 18.06123508312 35.3084991784333 49.2951424771149 58.5256539126121
6.50403315476954 9.68851511850706 18.2746609070132 35.6104353614315 49.6175622328188 58.900684956613
6.56801360878236 9.76762549649163 18.3827074889004 35.7742811227953 49.8249899035079 59.1105295558094
6.53303959831227 9.7399189675243 18.3007936205245 35.6818316150693 49.7957246328299 59.0094157193536
6.43398398677709 9.64179190268505 18.0984876003692 35.4240202165419 49.6052590701248 58.7057087768559
6.26423552383694 9.46590113626429 17.7604112903827 34.9805170000947 49.2379675246096 58.1747848231913
5.98129996517765 9.16216232221883 17.2066292710617 34.2364403939087 48.5691855207355 57.2719443095184
5.66567661757139 8.81927172511341 16.5923373543152 33.4044819979211 47.8018423851396 56.2581144938443
5.20546545439609 8.30721086106516 15.6991280523652 32.1750047440242 46.6159977329779 54.7442203404844
4.64302714178914 7.66751572890326 14.6083792084741 30.6506841463775 45.0873655146384 52.8485681696879
4.03514303275593 6.95552384771332 13.4276538128105 28.9662545749705 43.3136032475302 50.7252113274741
3.42538414384839 6.21588018588459 12.2264861951947 27.2131936562974 41.3825233447768 48.4810501283613
2.82383402297031 5.46723469209441 11.0208764370501 25.4256928284797 39.3609213933513 46.1682920398062
2.29248615777959 4.76677880060759 9.92242439140259 23.7344307705328 37.3249303995436 43.9305034225361
1.81911129875808 4.10650427755911 8.88146651830468 22.0809122406978 35.2684136316434 41.7031500685842
1.39169368449188 3.48038460160942 7.88198802275062 20.4551203886093 33.2089480647655 39.4855437239505
1.01423474805996 2.89493153277559 6.93199982457305 18.8698860335124 31.1670056953604 37.2970712310638
0.695131693570919 2.35765010423641 6.02704617491889 17.3158371042291 29.1498040662477 35.1249673477089
0.449386849320656 1.88607625190278 5.19185478352315 15.8269407153616 27.2000606451255 33.0138632658099
0.261817066432677 1.46659186705614 4.40384778162426 14.3804508495312 25.3092179600286 30.9414537969896
0.153298665788376 1.12577720555133 3.70740463265971 13.0401522683392 23.5490132274192 28.9918371087548
0.0962759049557118 0.836855854708314 3.07205463354981 11.7769693582315 21.8930921994273 27.1351270606942
0.101348097412882 0.612564747551973 2.51249082428897 10.6211605792358 20.3982005367276 25.4139967799278
0.147266175308006 0.432576509131636 2.00310291265037 9.54975745823311 19.0485365322174 23.8048488793478
0.219544685990343 0.29161441762485 1.55615471141419 8.5922175293414 17.8628122266708 22.3545113828712
0.306495027640476 0.191525228953775 1.19072783183143 7.80050982246634 16.9090735898707 21.1451153518741
0.383642612492581 0.129466730620177 0.934430958576019 7.23891209874346 16.2426886758462 20.2799330697986
0.439602717536375 0.0933771549407491 0.770633531885047 6.87744337301833 15.8149754864767 19.7189919564709
0.481582432574248 0.0677376863892904 0.649476534790516 6.61256296913409 15.502889230388 19.3065866486042
0.495163073921182 0.0617113055912236 0.613742609320142 6.53416959401832 15.40234195514 19.1806253504759
0.492138362715525 0.0637082890884876 0.618569295081331 6.54689703612225 15.4055497698181 19.1960985678396
0.471948734281096 0.075952183134132 0.671527696852538 6.66623696459108 15.5300493390094 19.3754352806468
0.434341846852357 0.109279159424556 0.804647965218745 6.95312988935626 15.8436879886941 19.8071075352522
0.390054156543118 0.154854031489342 0.981454047807599 7.32811342831329 16.2563503323476 20.3702371081649
