9.57430838269635 13.0973035151485 24.0900714861868 55.290671731514 124.203416748723 211.28033729193
9.00008996195032 12.4011244914981 23.1931468209064 54.0296221436944 122.767087064581 209.687575074081
4.68114923484864 7.07838177198382 15.8379502399718 43.6650204659439 110.340381763234 196.281512179784
3.4540286937447 5.44998188217853 13.4165739469111 40.0748134964107 105.976938422425 191.499896382815
7.99219490608782 11.198384184451 21.5707959822032 51.8127711386951 120.098381586821 206.854812049188
11.5616032078654 15.4391373925137 27.1597309720419 59.4095309743701 129.066714265041 216.483584764064
1.02159046064241 1.47983165034762 6.319273135602 28.2992124820977 91.0611870934297 175.070385762192
4.82482748385491 7.25884554963301 16.0670655032301 44.0547842039676 110.779820719413 196.769637554381
3.77554155790192 5.89194307966266 14.1097004577543 41.0696643384118 107.225035255972 192.864271350961
1.1469631202031 0.974790084779756 4.61722511261032 24.7778711365014 86.3254299721429 169.700593143626
11.328464953425 15.1569582061203 26.8035621640534 58.930229485537 128.505608756871 215.880425236633
1.54813340069318 0.96670153267253 3.86229098435681 22.7777479272929 83.5831348467658 166.551002124888
2.45515859583234 4.06959848014954 11.2276710074913 36.6912475040074 101.763155007517 186.930458905932
9.15867972408833 12.5930106700942 23.4611643685402 54.3874465505805 123.183909936537 210.149712913129
1.87811582748405 1.10873690004474 3.50487739465242 21.8276672375238 82.1345033129252 164.926813026109
4.23926805414593 6.50651412785893 14.9844643818487 42.4220613154009 108.83642829295 194.642629162039
0.998343144887886 1.28403527543697 5.74582103299329 27.2512068819041 89.6329089445273 173.47581789162
8.99150966506774 12.4280526980667 23.1448615044355 54.0259463698336 122.717495949259 209.671732688649
1.10591754591512 1.02924675795587 4.76084822634091 25.1267303527092 86.8106750177797 170.249116084917
1.639315977124 1.00943193888087 3.73147894270267 22.504372792575 83.1677007893742 166.073142240442
5.69194255080119 8.36063635270791 17.6722592011855 46.3049561070063 113.543220689701 199.75217948205
4.86470922658009 7.29309792547264 16.1749280973481 44.1181562254098 110.979304686694 196.912132200631
1.83018061869219 3.12706390707553 9.59109270605411 34.1171905125591 98.5088878691682 183.361734401305
7.0389241115345 10.052290870358 19.9833988313285 49.6087938231883 117.494724244945 204.019244330734
4.44305242273091 6.77444355718493 15.3587802891279 43.0047180369845 109.521301836451 195.41199148457
4.50047261272462 6.83948684551562 15.4782984680353 43.1536912320139 109.71710218002 195.61211703516
11.0208630571376 14.7944937428233 26.3409438845265 58.2726782189796 127.788768073495 215.079553859275
8.2778638693349 11.565674750769 22.0220907963656 52.4803200345457 120.880357814024 207.700511637051
1.27185230402001 2.11314545566345 7.73639149553266 30.9294004833257 94.4855214545043 178.870269302516
2.12380883387964 3.54962161943982 10.4242652839273 35.324213810991 100.15178652975 185.09719394516
4.1219447567704 6.37204451471406 14.7613982037251 42.1021243112617 108.440441052185 194.211397553865
2.35289263503611 3.91643297702725 10.958756906814 36.2809383386433 101.250899520465 186.360930900427
1.24113004631382 2.06783034228668 7.61603266359072 30.7429237183615 94.2045742525888 178.586064131333
3.04368594573335 4.90603538157304 12.5517012814115 38.7525095039824 104.33497004979 189.72528544607
1.03832163907689 1.09495987854831 5.14876958021357 25.9546293898457 87.9607824661328 171.541864756048
1.83654743419695 3.09926279847014 9.6277984943112 34.0759703614485 98.5353784566512 183.344588482892
1.44697647536221 0.97688060705171 3.9837176086101 23.1966252740553 84.1435186558491 167.208319727203
3.2034068611462 5.12017871383991 12.8869788831007 39.3150460785331 104.974802229275 190.46312938334
5.61600668488238 8.27201716800035 17.5472430415743 46.1311137974294 113.321723954467 199.516690288457
1.18794493788289 0.994168004307082 4.48832881452438 24.4800502640051 85.9479527045648 169.269496700143
2.09232746727325 1.18913144734214 3.36690478139734 21.2838386913543 81.4016690253739 164.031315721542
1.00094746220029 1.36214337879807 5.99776600847082 27.6656349882867 90.2457405005491 174.134264614455
2.16187952759983 3.63486935383572 10.5142389965041 35.5529546649801 100.332002148818 185.367469976004
1.45030531916613 2.45692961470279 8.44966003253484 32.0914555514617 96.0574703112814 180.564077118922
1.02643512864327 1.49164010083918 6.36545548834884 28.3769103910073 91.1746665790484 175.178453588322
2.43625875514033 4.03702990369305 11.1875655411357 36.624278736512 101.687770413585 186.850115801331
2.26954110189481 3.77270485812055 10.775801181051 35.9622076317015 100.881232696285 185.926756434584
1.47633463646901 2.50372540464881 8.53113571957978 32.276102379975 96.2001360877759 180.796706759847
2.7647384109666 4.51717480074464 11.9422219651056 37.8137174787582 103.182810072149 188.471659677178
1.94287889394096 1.14111983144231 3.45563704636024 21.6401086436322 81.9722535296932 164.654252583622
1.2480061074287 0.956884568835188 4.34775883122131 24.1145238404866 85.4228600072492 168.682932915808
1.01674342354159 1.44530568546173 6.20752638361992 28.082535233952 90.8338299422985 174.755193924149
4.8198368719926 7.27425207094798 16.095704896373 44.0088167872555 110.828592196803 196.778203696437
8.734967390162 12.1026684258133 22.761566641874 53.4933689853087 122.08845367903 208.980824522407
1.42791382953342 2.40215216111196 8.34256409419276 31.9590339186703 95.8133613348762 180.350029921734
1.1387197783205 1.78116145609626 7.10379001165454 29.7099076954338 92.9934546527701 177.154651875493
10.3002401224164 13.962801348937 25.2284540039888 56.8112600203011 126.025408508452 213.213619664627
0.999823187577416 1.27054830524867 5.74319467022075 27.22366485415 89.612151111062 173.440133722139
1.49082958346474 2.53971880800715 8.61306682068563 32.4015135259078 96.3901600604841 180.962208765664
4.53603749026107 6.89570258002333 15.5614153871022 43.265756763977 109.877286888319 195.765978149084
2.49946056073578 4.13449857715202 11.3273088303708 36.856594926643 101.972045131103 187.147303426462
1.80724886278257 1.07198458510978 3.56643038060352 22.0064766752317 82.4099746604479 165.234623106312
1.10595995776319 0.996143383012678 4.77086194463992 25.1173062653654 86.8191267150349 170.257514303173
1.00359106160565 1.27998756250805 5.79592830191717 27.2819881919654 89.73105297004 173.553976123661
8.33316754438484 11.6243325890963 22.1110148784008 52.601666841725 120.987967289808 207.830118171191
1.09413247707805 1.02700092521506 4.86161103804821 25.315809542645 87.0627787845514 170.559694395298
11.7946943901308 15.7285656432954 27.4845838638922 59.8682620299535 129.604840593702 217.05449049469
1.46593407086732 0.977963542639009 3.93863172351838 23.1195124901395 84.0082438632316 167.062042098208
3.37363397906123 5.36009154780149 13.2370354963751 39.8440334472704 105.656112960158 191.179650401856
7.14179354993847 10.1785299311943 20.1657485080597 49.8541015692403 117.805527200293 204.343728893167
1.00918187960402 1.21314768673484 5.56795998848377 26.8050763576193 89.1018765123875 172.836218551585
1.0047479481905 1.22264168591524 5.64540053678351 26.9630304240671 89.3113911531499 173.076507968846
2.1856479332698 3.65592652102901 10.5682606448425 35.5989292778064 100.479210768353 185.463814986468
7.40461888820881 10.4871672006159 20.6260657553007 50.4539404963671 118.53895713876 205.136136023449
5.77540640956725 8.46875403334081 17.8096540179187 46.5228188653923 113.775136501007 200.023454275526
1.94336452816735 3.29916664247829 9.94203318558587 34.6005774636634 99.2153596256812 184.079172755276
2.62898195168757 4.32541637550813 11.6490990345144 37.3711869612999 102.578747034927 187.832126587584
1.12240834504593 1.00334001390588 4.71758359633453 24.9727060094403 86.6738949503901 170.050859687004
1.05984526577999 1.61552769004162 6.65176998055542 28.9302673505232 91.9173962132803 175.987980476718
9.94140833260604 13.5152803418445 24.6729782377768 56.0474727570885 125.138867209961 212.238097145964
14.1508367593363 18.4450379001808 31.011425024431 64.488933807574 135.021553318138 222.826550740249
1.47458113570632 2.48912180989788 8.48529197037494 32.2244499325557 96.1516619281275 180.722570918098
1.38594119019281 0.963384196366173 4.07285543143395 23.4262530151883 84.4966428398848 167.594236188934
1.34889158715812 2.25427869303976 8.08492063107996 31.4476665279315 95.2173787736811 179.643410882474
2.3533954751955 1.3279132017867 3.25375361487061 20.7344904523773 80.6451487680014 163.127072608301
1.34223834144572 0.960153418264797 4.16547471174249 23.6142680281303 84.7502489780604 167.899296962666
1.43010184789316 2.42876346666762 8.37121074198746 31.9962949419182 95.8722016663063 180.404971650792
6.39789007336931 9.25004202080863 18.9133777034416 48.0690015547705 115.70895507828 202.060518081545
2.43772679279774 1.33990861647594 3.23213050841347 20.6273741056618 80.4571484328108 162.910249468529
2.29697465811327 3.83770006371276 10.8386669487698 36.0537593109553 101.066696909333 186.07968549407
2.05968621769957 3.48228085209374 10.2082280597338 35.1380693255269 99.8057172735561 184.766429492455
1.34843982584937 0.959269490346976 4.13166440361951 23.5983110845362 84.7339602567247 167.869977204211
1.01888715089743 1.48234900220576 6.33693508574481 28.3275284441775 91.1212820528658 175.096263957043
1.98067125317819 3.33700096312617 10.0586042710593 34.7489875929896 99.4421436785233 184.308561557268
1.10390113465001 1.03074090435757 4.78336323667969 25.2196451095809 86.9108117349962 170.381726919514
2.12154709824681 3.55959981458604 10.4023894870801 35.3840665451906 100.140214555021 185.128179959661
1.97260064229817 1.13859664427092 3.44981330343964 21.5682762925422 81.8329669970676 164.517630858323
1.70995784394216 2.90675125162835 9.28511154677197 33.5279732518286 97.8450757786422 182.56968131883
1.42929624491937 0.980585755844309 3.99665631863771 23.2722810146461 84.2146857627478 167.308119072065
1.03991185771877 1.52856327975459 6.39110069017874 28.5067937524514 91.2921321090621 175.335819430157
3.06443794986578 4.96475362758666 12.61350795787 38.8533762033766 104.469892425467 189.882045713518
1.18685472084495 1.94545988799051 7.43755038123207 30.3023605349238 93.747708782281 178.015195231441
13.8451813341649 18.0919135240636 30.5558755152664 63.9123913414035 134.311963628462 222.094133518258
2.01397860953578 3.39654320350645 10.1412581751396 34.9114113360351 99.5920379022751 184.506977327658
11.9280101320229 15.8617872617382 27.7017143604008 60.1510544975904 129.916444133675 217.398846634745
8.53376728838289 11.8691196526019 22.4284020967789 53.0326588611323 121.530920031421 208.395372593332
1.04937405589628 1.07642585411434 5.09511920960969 25.8329049240259 87.7630404468783 171.345677066969
1.10595111280733 1.72231604302446 6.87899363488864 29.371181894505 92.4616155136391 176.615102837804
2.08066017317318 3.49422113478871 10.3055613184614 35.1790433816516 99.9518704097878 184.877151402841
3.32485348886105 5.2911787118746 13.1371779810587 39.6858877383949 105.453107746017 190.975994213345
7.63706132275104 10.7632417228883 20.9834857434187 50.9889350294438 119.160341639433 205.816493320781
1.28336442106007 0.970880116071686 4.24055225986464 23.8748041919633 85.1082877217926 168.307514122243
1.44487702257497 2.4577636963962 8.42056129745441 32.1214751771611 95.96021292784 180.555244417378
3.84069611440222 6.00364003652731 14.2139974566634 41.3052742085732 107.429809450086 193.153728469578
14.6309159729809 19.0165197857997 31.6929605322597 65.425922898969 136.063984741914 223.962241794613
7.57715521110252 10.697661848891 20.8765907912935 50.8699030538668 118.982848625438 205.644113459957
1.65506648559833 1.02805881334652 3.69977877770135 22.465547094345 83.0544440645652 165.974571435993
1.02732866068053 1.10932037144687 5.17633503696814 25.9921714268265 88.0287145688755 171.610321535393
16.656499215056 21.3218271334247 34.6036421254016 69.2225521342729 140.463286729119 228.650356584787
2.86569612953647 4.66167335891033 12.1537066995406 38.1761354440664 103.596544462072 188.939138683427
7.74107922888895 10.8958040677583 21.133802128283 51.2499315356561 119.401749057994 206.108935602842
4.29934175340111 6.59730975368326 15.123826688793 42.5951751232469 109.060536374541 194.890511915754
1.00569519727925 1.18834337476605 5.4874862355881 26.6712136778661 88.9014681607984 172.616958454387
8.46715578061326 11.7780832664418 22.3183805261938 52.88366954405 121.362289630205 208.208027261267
3.71113244430974 5.7663791520492 13.9528279757821 40.8116100181429 106.949618097555 192.530550745269
7.96139597775976 11.1653303051338 21.5235080495477 51.7365479659146 120.03796753074 206.771842607327
2.40402433011845 3.98777572238441 11.1275566457592 36.473919549858 101.57397225671 186.678243119374
5.18025062673698 7.688219762874 16.7285471547808 44.9811780587876 111.923730537179 198.001889384154
17.1253890239002 21.8529745241279 35.2777008722152 70.0936566673907 141.442482605265 229.71034257285
5.7683579035867 8.45838988952293 17.7867887241767 46.5150661480937 113.782083805933 199.991511201174
5.42248607415467 8.02841384998064 17.2227037686439 45.6281865233293 112.737602177174 198.879271803063
12.9488914161047 17.0602521317369 29.2150472851101 62.2046802235591 132.262934198567 219.931288363488
9.30333155456538 12.7855388466498 23.6650707869356 54.6993377120954 123.550232220779 210.526351394561
6.63953647563832 9.53772458920342 19.3034581841696 48.6655163077459 116.338400493791 202.799401547614
1.75215876632859 2.96683325195185 9.40794679978882 33.7254626001813 98.0794752862459 182.864718579025
4.14046931997469 6.38034917916866 14.8028577666106 42.1428385965581 108.474777560176 194.270223294508
1.06629355064791 1.04235170396326 4.93168737174209 25.5059130527644 87.3063089073325 170.83753349598
3.7526406006496 5.8542840374465 14.0349676206435 40.9797162101249 107.085659562604 192.740190957691
1.28229965794667 0.981580329303407 4.25148470274677 23.9312756521305 85.1416401780576 168.353315357471
7.72303790463544 10.8625830035783 21.1109181170922 51.1810415446972 119.378542284303 206.050845635435
3.47156118764082 5.45906876770281 13.4502659909251 40.1170506195687 106.000000708311 191.559205892507
1.29194650170169 2.18374846848753 7.86363775392845 31.1384044571986 94.7746275935761 179.183661529792
4.36404601571836 6.68456848569706 15.2115749854542 42.7943345928422 109.281087965769 195.116170037249
3.75224846155357 5.85653846928939 14.036737415911 40.9887979692316 107.105124346313 192.756159552249
2.74621549026563 4.48761539033837 11.8763595407397 37.7647753873459 103.069780125547 188.359587557944
9.28935099244653 12.7661927649793 23.6456833225563 54.6774799301096 123.486581847128 210.507788055399
1.03769255948007 1.55860848694849 6.4245299012314 28.5673085719976 91.3965001113322 175.435478853798
3.75150100879075 5.85146573001854 14.0306432374347 40.9832585654251 107.098306073202 192.735691448301
2.90101437273845 4.71112361377448 12.233568111783 38.2812030044633 103.735860822112 189.095750603327
1.07432566721643 1.64316037359651 6.74561673388603 29.1039385180935 92.1308619786151 176.242614316461
2.32045819131606 3.87209194169119 10.8993989464047 36.1723315382413 101.119418040051 186.221678858005
7.40785992371671 10.4952662509249 20.6135802908386 50.4809503109952 118.570889451752 205.160967127136
8.48798839300386 11.804725334592 22.4037858768552 52.9044765374712 121.475470172619 208.297697533152
3.03912681601563 4.89027064153542 12.5731542547573 38.7369408622547 104.356553926633 189.725666236571
1.72731995133893 1.04022946713971 3.65573132527115 22.2098836096977 82.7736232332245 165.613090006019
9.4528733696183 12.9440313817863 23.9045800879951 55.0008530313921 123.914865181069 210.942814117985
1.13909161354018 1.84805901643021 7.14827586361357 29.8927427531383 93.1055694937649 177.359032260336
3.87107135363818 6.00971644173632 14.2675827218885 41.3408308887493 107.534539266664 193.217133368866
5.05398283138064 7.58054045074339 16.5046908278084 44.6869318985012 111.540657857857 197.605127598679
1.38579269664101 2.35072346611231 8.16390162906885 31.7190772051377 95.4495191517729 179.971080883167
1.14002546159234 1.00137054241215 4.6666472583136 24.8425653307283 86.4528789175016 169.845913362847
7.66580809568123 10.7976888589011 21.0298115639925 51.0538418217362 119.236006988309 205.898884467936
4.34114793658624 6.64690159947697 15.165359056598 42.7201064990036 109.180838690567 195.024640091868
0.994567334806995 1.21980869666083 5.61178035185826 26.8733651011192 89.227480508016 172.956860976863
3.41368749863926 5.41396279985923 13.3355955753847 39.9729403405833 105.814433237905 191.362838104218
1.15172529299273 1.83613568088478 7.19216070850935 29.9015129738146 93.1575366645332 177.40285624018
4.53612913939021 6.90592258056513 15.5333934662078 43.2637073922637 109.833441401696 195.74304418435
9.00614221536583 12.4252523885967 23.1898368969578 54.0745249602615 122.760596933927 209.720972749033
5.27241514674365 7.83009803890384 16.8799982413562 45.2285758643199 112.215463780786 198.329501458684
5.8503979602425 8.58735355299497 17.9104419013944 46.7343216259548 114.017950610105 200.282563878492
4.03427530071242 6.22542751394586 14.5914482794756 41.8244361351708 108.128672729734 193.853660362729
10.7850250370241 14.5182488581532 25.9631164046413 57.8350279175168 127.207311068067 214.495165392058
1.01061526487523 1.41183953886858 6.14123585988348 27.944859348022 90.5938463222663 174.539463707755
7.86554085027721 11.0585193536091 21.3371785932303 51.5550507126651 119.741681162043 206.488056181946
5.80938431456306 8.51370472110307 17.8678328090377 46.6276450141692 113.902340854331 200.15366860386
0.999387147765034 1.18270363869419 5.51196192370659 26.6754792990229 88.9419328104452 172.647556071755
6.95553995989976 9.93858938573435 19.8393204688059 49.4449134547667 117.247100698575 203.784094253378
1.16426430404851 0.983800139545681 4.56330137318431 24.6856501771359 86.1650091929844 169.562364068775
1.00065594966154 1.25967372740167 5.77068551865581 27.1681267770613 89.6658815236151 173.416631987246
9.11008428424568 12.5418503371088 23.3596252684787 54.2641472137135 123.068129245205 209.997978267292
7.53577419366839 10.6532158942845 20.8192883641345 50.7949725731992 118.870494971144 205.52677529846
1.00029080521368 1.19349584462086 5.48408722356827 26.6792164599703 88.8829070958831 172.631190095646
2.35881871310068 3.92200081139931 10.9941542557501 36.316505887856 101.307069475875 186.421342299927
1.66013873492706 1.02813556321834 3.71976342636031 22.4092548676485 83.0630986749187 165.950330345029
7.47091388812108 10.5552344543338 20.7004576851061 50.6166727054816 118.660282652058 205.301534898744
4.45364396222546 6.78607306664307 15.4040856747999 43.0361893749614 109.598914173596 195.458624157845
2.47600055048197 4.0827564745934 11.3005231511076 36.7435153369733 101.911122172283 187.043789556918
7.55806959761854 10.6866275060966 20.849735989514 50.8492641001581 118.936051810427 205.584166450052
5.04468181275689 7.54676012024319 16.4652874929097 44.6345620039299 111.493016477616 197.543698306493
4.55722088085601 6.91395306743096 15.5798215931962 43.3231941088489 109.885639051203 195.819147005164
1.05214834742719 1.0697745330856 4.98557124702965 25.6507657037287 87.4839431826781 171.054622849428
7.25060101374428 10.3057190884949 20.3381121082531 50.1201749478699 118.073893788673 204.664749788673
4.28467093561656 6.55265562318197 15.0748595166923 42.507625927941 109.011633254996 194.787469142327
1.85429207093224 3.14156681037529 9.66146727568148 34.1746299349423 98.6325729005052 183.46238599803
1.18261389325579 0.982829889888037 4.52108720559272 24.5864367334458 86.0242319234239 169.40006753692
1.23940873196642 2.02997796982455 7.63894430747731 30.6798280673099 94.1868433884001 178.541653865956
5.241769869761 7.81667024625477 16.8559877548463 45.1935058013533 112.148629229874 198.263740304941
11.3466640069184 15.2149174999742 26.8399553198821 58.9865989287714 128.592222170471 215.945249663035
4.7605564196401 7.16693722334233 15.9840427515709 43.8574596929005 110.609870187914 196.551824678294
7.00188617891785 10.0238976769563 19.8824220606409 49.5611977395011 117.364060971812 203.919330268466
3.76305436772773 5.86541822087571 14.0591948740267 41.0156379113757 107.121813394622 192.781001755231
3.79666338461966 5.93024311889471 14.1242801761304 41.1036872867051 107.301730964824 192.919440303939
10.6779526641629 14.4157138979549 25.813681584052 57.6108959851564 126.937916885469 214.197444846773
5.50345726394681 8.12200798623214 17.3726032909389 45.7851089785659 113.025546085801 199.140029489509
1.72482627762432 1.05538120642824 3.63310445951678 22.2699745341035 82.7505478284428 165.635082205272
5.42992073621981 8.04415174533427 17.1825093860396 45.6594145399769 112.733578859793 198.871831433743
1.82155903517393 1.10119998200075 3.53976560610556 21.9892257241921 82.3928749517715 165.180236236623
1.03965657533072 1.08647585354251 5.14997070143878 25.9515652545433 87.9143787749619 171.528897863179
1.83996811147211 1.08776208471992 3.5314198529642 21.9108021477068 82.2733503086795 165.068537705254
2.20802508762879 3.69750030299395 10.6357752254814 35.7352853016421 100.598987999141 185.629658449002
3.6894854176378 5.78950585888769 13.8999679298874 40.8188375001915 106.851801709613 192.502884513182
3.63108373389719 5.68227739508175 13.7826547887695 40.6036142300776 106.623957848195 192.229176465747
1.88563287623031 1.10083741403841 3.49585630418139 21.8068109923292 82.1167194606874 164.888238668991
1.36430418907212 2.29781200318538 8.129415029767 31.5357560225599 95.3636409017254 179.783250243808
3.93300796572021 6.11211013790447 14.4173384526994 41.5701607180989 107.762736584927 193.497351883571
13.144846626275 17.2905544989472 29.5220696534208 62.5755143830717 132.744163040996 220.421299013668
1.03650286272305 1.53626217040409 6.46709072267281 28.5741724007046 91.4681063244973 175.475213812687
1.86331870225947 3.14822705217159 9.73730672839814 34.2030368377435 98.7577902230527 183.554261326471
1.00737301174343 1.34675852258609 5.98568554302025 27.6455848230697 90.2107114593231 174.092829124931
11.7508237329169 15.651440684424 27.4469921300098 59.7927659548535 129.523285805326 216.960330873376
1.00263499120149 1.26659618903017 5.75261771258414 27.1960375593298 89.5770154020043 173.415549567205
1.64302601545934 1.02145479373868 3.72960667827066 22.493634289238 83.1747411290269 166.07398971413
13.2528622552091 17.403963916989 29.6904078573526 62.76259292971 132.997440029233 220.659643592345
7.14543492052736 10.1574475034211 20.1561557687474 49.8616247639912 117.758009434974 204.339811297781
4.30806600366475 6.60030355946817 15.1108300404188 42.6264410302939 109.06771691368 194.900084099472
16.0511246667631 20.6322350036563 33.7585839471665 68.0899590811078 139.177358638873 227.266905595167
1.01103780007763 1.30757055461853 5.9048450760945 27.4416399963189 89.9791106329697 173.811109481241
12.93768772924 17.0572015442972 29.1944940418866 62.1482491356491 132.25262679447 219.885312242296
1.36659719420467 2.31891621993463 8.13305575280772 31.6059818331326 95.3499179867298 179.842587593684
1.02619901252254 1.47677286728226 6.35962121884995 28.31813247044 91.154562840459 175.126202495777
3.36087796339339 5.33921382680163 13.2397784412491 39.7937189642277 105.609327211116 191.138109799624
4.96672619565079 7.46032472610362 16.3596034111733 44.4671284729009 111.27281172324 197.312177610671
2.0718809882472 1.19004547589265 3.38126873723215 21.2998493686645 81.4861568294102 164.087711077984
1.19507037301104 1.00015282765703 4.48518736397363 24.5222016088674 85.9510759536299 169.282377521397
5.6374656772919 8.28904526149161 17.5475011786386 46.1556231674322 113.358028603649 199.544879290876
1.47061695994855 0.975454759986955 3.94434491953019 23.0925744030584 83.9911427362816 167.049775294673
7.35901696873293 10.4152179161626 20.5066383964096 50.345062747338 118.381470898781 204.967743763201
13.5523545833683 17.7377068829693 30.1446219075141 63.3356745055403 133.696431368965 221.401802015127
4.73989306249003 7.16050032072964 15.9261846998864 43.8337974599531 110.489418635261 196.469709323727
1.02584149641974 1.46896423103514 6.30848025733809 28.281577117519 91.0346099460926 175.023792654548
10.843494462012 14.5711134499808 26.0781780263033 57.8976544881116 127.347970930888 214.60414085626
1.59511118635183 1.01318408805392 3.75440127362023 22.6481048310375 83.3405261540766 166.28747446263
1.00191870179698 1.32634979649264 5.974407386553 27.6081529144428 90.1776551692566 174.054482123979
3.80240514039675 5.93285033122773 14.1467112466114 41.149963934402 107.328321892743 192.969572933012
1.22582947352712 0.971227707830828 4.41568360214709 24.2297503955864 85.6898445267074 168.912721974841
3.60855019415633 5.64979594607211 13.7318536271743 40.5228485022539 106.537164520843 192.12324116758
1.81874358835411 1.07931882264065 3.57062178561832 21.9592219338857 82.3766988392253 165.224888199487
1.53124417664554 0.994188184803481 3.86417512328499 22.7827404756389 83.7089560954282 166.580181968457
1.28179378168537 0.953719375861347 4.30456733539501 23.9055831179018 85.2629149820397 168.443914343878
1.07532378289537 1.01908874569807 4.73832608823427 24.9647962217465 87.7126124970551 169.595908405039
0.955069595288005 1.17331122348881 5.34027262796862 26.2449381538718 90.1330352492406 171.215306209423
0.964904545290055 1.3965453520522 6.06356169890911 27.6846279373073 91.8321769107614 173.491202556093
1.0881944568821 1.699152932527 6.86763179944266 29.2288369223994 93.1398805583648 176.098104745999
1.28530409439659 2.12531982181733 7.75467259342891 30.814749592003 95.1021865149271 178.41160926094
1.5424602064455 2.67735524001423 8.78060725530458 32.5771783550829 97.8191962168767 180.678799428832
1.8416127383195 3.13453924307685 9.68873612177611 34.0992838564891 99.0393174303677 183.20747050794
2.08527493056221 3.51029853085279 10.3413395301486 35.227768999071 100.068920885208 184.953664120685
2.32696326383183 3.94609188161427 10.9870983423349 36.2497262396201 102.110082354996 185.965083414968
2.66117432550413 4.43949076392933 11.7930844546948 37.4628866031386 103.969088417107 187.454340144607
3.13502687944227 5.10944985800775 12.8445341752625 39.0859101296029 106.089014401608 189.565665391902
3.78236665608013 5.95642061299977 14.1720563334692 41.1352282721325 107.972057541433 192.629028847032
4.4766686835826 6.83184571834893 15.4296328385678 43.101466508719 109.836189567768 195.43450699847
5.25054839190645 7.77888967501457 16.8592384351918 45.1618571369284 112.227437812999 198.197700445884
5.72074566641268 8.43183347285613 17.7501781406283 46.3220375255931 115.013876179474 199.087258713511
6.40386736109364 9.3749355579074 18.9849855960977 48.0431954284891 118.549582684133 200.568979177186
7.13981073004744 10.2497482249326 20.1945213647767 49.7841843477712 119.929364903718 203.137478168807
8.16910467367151 11.4477072641271 21.8701461785586 52.1426222122136 121.720488654916 206.69025024532
9.35216485899831 12.8250172077682 23.7477208842213 54.7767309870601 123.755102478727 210.604743758471
10.356642956409 14.0254759155287 25.3079169640294 56.9102735220361 126.164675653732 213.365087515525
11.5608707863027 15.4247257466816 27.1725349430563 59.3681950955441 129.166214762009 216.416537443988
12.7174023628531 16.7915494994233 28.917029963407 61.6970996164654 132.051713229251 219.222975759331
13.5034020843446 17.6948767232963 30.0661000420886 63.2477403729983 133.65702318519 221.215345198843
14.5452688116873 18.9273788028308 31.6094110411324 65.2252108816279 136.541119626914 223.410872043915
15.4658530199662 20.0320272596092 32.9334850687238 66.9229771665023 139.135670218722 225.224309664585
16.4286136574444 21.1361884316254 34.2837198282338 68.7489719871359 141.132007434203 227.459844004576
17.1368057125861 21.8782892014297 35.285782758687 70.1091439866354 141.677997005773 229.626590332687
17.1523242067113 21.8862923937953 35.321533434778 70.1405083781786 141.530797400557 229.743122475535
15.7326638712731 20.2863262606086 33.3057999144979 67.4598849405343 138.956635087274 226.232800208178
14.5182991367541 18.8738195605221 31.5602986269215 65.1552732824257 136.328202002221 223.39783146602
13.3208943511007 17.4799752373046 29.8011687659288 62.8827480077858 133.260893793563 220.785643599502
11.8518810659556 15.8202645195316 27.5995346602687 60.0137837472747 129.845148351281 217.194525001239
10.7655599769355 14.4879311508206 25.9619704646291 57.7439370638104 127.202422707467 214.392763680044
9.87857132996186 13.4540926078103 24.5930821115163 55.8664975146627 125.282106860438 211.8906343307
8.76949221848333 12.1485425098862 22.8632765946782 53.5118978584241 122.327219499176 209.022913121334
7.78259356165256 10.9409009631683 21.2282278933583 51.323426229525 119.557344187512 206.250904346138
6.98563455002543 9.99396976008404 19.9181518675489 49.5307710851247 117.475090006437 203.91185294976
6.24307979492983 9.07020137374689 18.662062563139 47.6899706829694 115.356631060655 201.564005318616
5.50563733613352 8.15128837245876 17.3940029503454 45.8257810843314 113.169915511135 199.124493217314
4.71905033431126 7.14628163528389 15.9054257426932 43.7375044546012 110.49929791118 196.424879942708
4.26106221005372 6.50882489020465 15.0168055513503 42.418198471232 109.0162305147 194.637724638651
3.74706947674893 5.8722661108527 14.0536381935959 40.8658879148619 108.009920574919 192.215274921192
3.27495785711137 5.20729507881724 13.0850001896644 39.3427834540482 106.597135588408 189.974690870549
2.77243573767719 4.50870935658029 11.9708336182508 37.669244437932 104.456505180429 187.706668893359
2.28216305820291 3.80711631875588 10.8169987219104 35.9415760727983 101.555399642272 185.670263831645
1.90408274861426 3.23140384340033 9.86362802489294 34.4473220147576 99.1290777626524 183.830390006836
1.67719691597312 2.91731739152889 9.23657610605495 33.357886648962 98.3665586680677 182.100115108621
1.43116910471694 2.47800218159023 8.46203379717144 31.9726766437739 96.8132113175649 180.1545447574
1.235871255482 2.1216710872752 7.70733479973578 30.7715180923788 95.0779834328867 178.417352946071
1.09812297489226 1.79567724106719 6.97114649167844 29.5272622855658 93.380762548557 176.529952864685
1.01170318055323 1.41980368419933 6.11303899796612 27.8925608954155 90.8164407268634 174.361705852941
0.989984363920089 1.1470414299511 5.36841312874112 26.3786713667139 88.9096103762684 172.076584501755
1.00261842531152 1.13624245485221 5.25537136706323 26.1336505214667 88.6548706277378 171.677428411455
0.98170604726944 1.30920450571945 5.78610849772509 27.2100107829203 90.1848884936126 173.231891853028
1.05066186276348 1.58271617803237 6.57271493274477 28.7844844911837 91.7034236733832 175.779809269273
1.09634901799877 1.79387014038689 7.03105276793049 29.5918260907228 93.3845463188794 176.702877697692
1.18561595232731 2.08392213497372 7.67020630218389 30.6257772098873 95.6393477553967 177.826243450774
1.38272948181542 2.42502268106301 8.3637742506705 31.8237348727609 96.8349893545482 179.701366089538
1.67807624928418 2.90141180452306 9.2352726550334 33.3317676565953 98.4129083977578 181.983705225212
2.04262016767057 3.44720805403102 10.2506949564893 34.9783090375731 99.9653304208438 184.558101222612
2.46060767053642 4.07585085031775 11.2391308487204 36.7087743821365 101.855226341204 186.92288258102
2.88972136332207 4.74340284127749 12.2335380537653 38.2971363784818 103.841430168539 189.103697391571
3.39424056534864 5.400625734966 13.3308856585182 39.924866462299 105.782590724753 191.313578982145
3.86631752549306 6.02049697031496 14.2642720627323 41.334872388448 107.824463879899 193.031860931281
4.47833092170218 6.82171981758066 15.4541945403564 43.106228730708 109.757984961809 195.516369106759
5.03879802140231 7.54780058231862 16.5053340352255 44.6236494291005 111.797219118409 197.396745641997
5.71811742665666 8.41377285039984 17.7117875345615 46.3803746898302 114.100203048919 199.583125701592
6.49657193134096 9.39457333788929 19.0724812364574 48.3167930485111 116.313924008086 202.150510621957
7.26893080075158 10.3451757374511 20.4051819289601 50.1319315768719 118.436481563259 204.581111493621
8.11330046521208 11.3519835148677 21.8213532750916 52.051250654725 120.825123952254 207.049127530823
9.0928312879321 12.5228271516075 23.3967650603931 54.2306918109121 123.32958732549 209.853458444368
10.0461780913315 13.6277356863035 24.8511927637529 56.2732612083697 125.37831503373 212.545984880593
10.088787362966 13.7071533021683 24.8984875023315 56.3402170622161 125.767273369464 212.479572035221
9.85746713469226 13.4441166511892 24.5399033446074 55.8388899030207 125.31552484902 211.815705237929
9.19998144163733 12.645805475756 23.5036516245218 54.4501128409936 123.356099150844 210.205493370305
8.23614441866164 11.4822148361642 21.9829666699536 52.3237606064243 120.938107631653 207.42324121253
7.20425837360245 10.2564261189587 20.2708703151879 50.0047624880788 117.999636254039 204.527284541441
6.31261016327433 9.15942897030224 18.7635773171213 47.812281470167 115.568349315572 201.66114107748
5.54129142161801 8.18036142017993 17.4426659547005 45.8729448033206 113.264578475068 199.195288761352
4.86596668492201 7.31784922712051 16.1935841009307 44.1170092476868 111.175600521659 196.836695652081
4.14658016880731 6.41143685691027 14.825141162085 42.1861291420451 108.606893293966 194.326547343754
3.56495867728356 5.61392622427907 13.6425633406218 40.3495505967719 106.50819258965 191.925028705277
3.11629195951022 5.04809228553899 12.7287118680872 38.9364788115146 105.343939713463 189.745152383209
2.55382629501601 4.27284277792486 11.4984975690661 37.0405367204801 103.073393171894 187.161588877628
2.22521475116763 3.72024292129332 10.6576711689333 35.7550849977967 100.650393880749 185.69363637287
1.96919598741215 3.31717844637384 10.0211561511408 34.6317694927972 99.5871847485263 184.034691097397
1.64306643498123 2.82343767066684 9.1295021999101 33.1833462372221 98.0863094000392 181.877033691173
1.37163388460583 2.33497138986415 8.19027437185764 31.6351637318105 95.7430549117577 179.841708942249
1.1747942334814 1.93705399848492 7.44791858184582 30.2586651532736 93.938098807486 177.95802377834
1.07510894967579 1.67882952690772 6.85876131832444 29.1871029374581 92.5550077128054 176.346662211903
1.01850084118092 1.40636186783973 6.1939571024986 27.9847966127136 90.7910638086237 174.60160908609
0.985210885307448 1.17884932357733 5.53614796039806 26.6720252377803 89.1951619211697 172.665004655749
1.01916611202749 1.0743878938128 5.0664900991407 25.7086751859163 88.1904417314486 171.053990039949
1.12662515206924 0.993782740105005 4.65077180946586 24.8086467010935 86.6320035104909 169.765009359194
1.25796768979569 0.973607978188389 4.23521902061067 23.8434270955575 85.362893646273 168.190783556832
1.42905711105099 0.996743335231785 3.91976169191244 23.0401286302629 84.6170001443478 166.709365103377
1.69404042851802 1.07195568698529 3.6238223538936 22.141273986582 83.5561775203101 165.189374457151
2.04528185684098 1.18721375951882 3.38365434287755 21.3056231308663 81.7696737899382 164.025518157824
2.21716117573978 1.25677918623633 3.27834082272067 20.924256596655 81.0476592361453 163.405113838451
2.41416522092543 1.3312543864346 3.21958674209407 20.6181960805505 80.6145393578135 162.821383762473
2.52547484263316 1.3954111270733 3.19050438565175 20.4094444046048 80.2599502243639 162.529728786506
2.42822586890643 1.38265632071093 3.15256887165635 20.4112746988192 80.7690772605314 162.34519931658
2.22121772685566 1.30125042447086 3.15170989395197 20.6339526258451 81.9651433208373 162.317575413191
2.09325875510603 1.24862678706057 3.237812811195 20.9832434413611 82.2833741932269 162.989466699778
2.04133210015666 1.19232034206188 3.35972109284308 21.3350970637034 81.7737736522618 164.069285186147
