0.84460910593056 1.40086692991416 2.51037536185758 4.17684753589677 5.28453740079636 5.83974702483971
1.23527441000194 1.78591596073508 2.90496846921912 4.56523990574064 5.68416454527125 6.24303569041415
-0.439457819532187 0.121835088157973 1.22904622770272 2.89339776606073 4.00506256560351 4.5575625381278
-0.277912806514871 0.280682509216679 1.40992941624016 3.06934655703481 4.17093755274231 4.73310267945814
-2.02756378824581 -1.46956998639681 -0.360298619468285 1.30120383231659 2.42176220492302 2.97581190035371
0.851204308741144 1.40441939847129 2.5224608943782 4.17951896279816 5.29526766637673 5.85330144916937
-0.139579027096562 0.412900501175534 1.52648847308127 3.20205015180959 4.30486913133799 4.86484734854522
-0.981853534642207 -0.431109276797472 0.662755272188762 2.33928973614767 3.45988490909057 4.01582905738637
0.694200375428714 1.24447091407267 2.35792664508874 4.02655778418353 5.13971282923404 5.69812336036238
0.0305472648066993 0.593222892981632 1.70359189982113 3.36963907695952 4.48200179796807 5.03723065471703
1.210366881643 1.76332262509591 2.86892675183857 4.54847280721765 5.66010853150645 6.2190307752393
0.129847146723634 0.689118178618983 1.80372950504474 3.46724849911783 4.57865575771714 5.12641816175662
-0.243613307157992 0.309444643224401 1.41690085535367 3.07808804462143 4.1951848865114 4.75609304910307
-0.576765223919143 -0.018102228590961 1.08954947726888 2.74943571899874 3.86895887125001 4.42716434212741
0.221031449486625 0.778795735473464 1.88485688626119 3.55077484619851 4.66363876283952 5.21968335651744
-0.410790041076293 0.148151136315752 1.25972270732848 2.9267543298495 4.03188304508218 4.5841008619466
-0.0779170759144247 0.477521230950459 1.58649877871592 3.27179496515356 4.37463906952161 4.92606402509405
1.5732310294474 2.12448533263271 3.23616509138243 4.90860130937688 6.02154940902913 6.57334735070488
-0.036486750802961 0.512701104880937 1.62813186518255 3.29742395984382 4.40717256498774 4.96319024646916
0.152523661408949 0.70589891235085 1.81332790812871 3.48486930762484 4.59999079795773 5.1506933694162
0.507040550739628 1.05786133207845 2.16501493340034 3.82920513730005 4.94296646782265 5.49790802967502
0.91211640088637 1.46067756798377 2.5619718861772 4.24556798509861 5.35307611169929 5.90304543179986
0.210274579738319 0.761069054543616 1.86585243595846 3.53985902656038 4.65113056043532 5.20613444607691
-0.546249334236875 0.0117113329449641 1.1186371106053 2.78095390862326 3.8992752470217 4.45691909254936
0.812720080077119 1.36696312074052 2.48000765842649 4.14787833399037 5.25623109717476 5.81033247217463
0.282761577416436 0.837558453763311 1.94898117924928 3.61263366472223 4.72445759446282 5.27792024175472
2.03854345757285 2.59667369931421 3.7088096098776 5.37012440467715 6.49169171860541 7.04599991495165
-1.8217462963271 -1.26832936134648 -0.164377228091077 1.50413461348712 2.62407461588535 3.17985164373804
-0.76332040882649 -0.204547352693001 0.904772052837636 2.57071590086415 3.67997693820273 4.23571385061263
-1.54472873184494 -0.990750823840773 0.125444594994465 1.80681361327541 2.91282434192333 3.4624046530507
-0.869380977609198 -0.31177525850268 0.788939576867067 2.46898835290679 3.58093960513986 4.13394431211273
-1.64876782618932 -1.09552727637017 0.0186800287134016 1.69092724423233 2.79146878780261 3.35022999436971
-0.522626305191373 0.0360408358657933 1.15341758762651 2.81227891005654 3.92847625081555 4.48370974155245
0.438748325463466 0.993899099685252 2.10579486124997 3.7765148025299 4.88677611488163 5.44709427616192
-0.229603400710484 0.324449905289641 1.43845183509271 3.10829047807263 4.22613747420629 4.77865437947135
0.174750079788534 0.735390176540126 1.85190155053037 3.50695702799294 4.62245116315097 5.17718522787061
0.0512504859709089 0.605798689609368 1.71392779377563 3.39275950126521 4.50856326409462 5.05980037269969
-1.0665435562043 -0.509403845247514 0.595864487352424 2.2507933409759 3.36685716515908 3.9271095138427
-1.75592803399431 -1.20171180261687 -0.0946124173562041 1.57860353619655 2.68960529367184 3.23917685219983
-0.214577295466439 0.33342759852269 1.44126462976114 3.12659671914988 4.22003690324782 4.77879226015893
0.235961736413466 0.79038561480001 1.89733728579999 3.56841614120942 4.67786006899195 5.23528606547231
-0.0359903420105751 0.515289669914024 1.62575701786324 3.30273439974572 4.40979142521826 4.96315100661228
0.183022680883027 0.742152451047008 1.85974609296728 3.51956270390045 4.63816671160904 5.19533928395274
0.111793634622406 0.664530918565056 1.76816037975014 3.44721448261711 4.54884046827148 5.10402378621037
-0.836022414240349 -0.276375877690902 0.837850928059933 2.49938490451122 3.60932754570598 4.16771419859684
0.351937377953716 0.908228601652972 2.02769358447825 3.6910351484713 4.8031618364224 5.35592009951149
0.2699726238894 0.829875473937502 1.94800932651916 3.61511203486415 4.72422959212842 5.27892199270639
0.112815626542152 0.66526964236928 1.77878095811762 3.44485838434761 4.55555175403253 5.10958504713231
-0.276286361697669 0.281549409384565 1.38726822136431 3.06425104750652 4.17316924614506 4.71875076245751
0.102636480930209 0.653938141759348 1.75286786191163 3.43893650145137 4.53620723575181 5.08486400640994
-0.0662199709930693 0.490855620590211 1.60380004394243 3.26481322289492 4.37864397008152 4.93751114741292
-0.00188259812465716 0.551214211339375 1.65792697033644 3.32640418529128 4.43625477098338 4.99013880573413
0.194120525157405 0.746122601801626 1.85732919895575 3.54117627366844 4.63843873833022 5.18612962977034
0.910650560989227 1.46643478307003 2.58097477888037 4.24750150333239 5.35700009138668 5.90988373565585
-0.285199335348577 0.266696582088862 1.37510451809682 3.04248575120953 4.15432359382481 4.71044449649225
-0.250789221973942 0.310182626520311 1.43247185442754 3.08707648207364 4.19794787829087 4.7539043095087
0.714009654063661 1.27774153674673 2.39779626279644 4.0539113987092 5.15863354009415 5.7124389277509
-0.144688415713792 0.404551356001399 1.50724534650876 3.16965502740958 4.28920665989646 4.84877785308811
0.0448771826624663 0.603271585286568 1.72618473894848 3.3970656300173 4.50137135004364 5.05534204933151
-2.30124795764456 -1.7449981906365 -0.63438555270148 1.03199873456336 2.15250453467538 2.71296941039351
-0.20708261812828 0.34682908322376 1.45487120918547 3.12834350750257 4.22827929396276 4.78115845726419
0.113667776883748 0.670599371625859 1.78285372375734 3.44669361482562 4.55767048266005 5.11200699348416
0.0328038534549894 0.586871146723137 1.69423794594986 3.35943158444096 4.47120334587498 5.03034714467134
-0.0428592563005598 0.510439051951142 1.6219104144853 3.29005013018768 4.39941698837727 4.95629907452572
1.3091019276412 1.86616778434642 2.96993259884554 4.63583512577906 5.75029548110702 6.30615718748108
-0.406765477198596 0.151985323382115 1.27070014680879 2.93696911721852 4.0447381548103 4.59373392452725
1.66641819430677 2.2213379514213 3.32397098386386 4.99194091868345 6.10271849218556 6.66122838881123
-0.00508483780043982 0.558356843561101 1.67039003887351 3.32345087149378 4.44027558225452 4.99447046656698
0.470417829059333 1.02540525009265 2.1279774731501 3.79821440056964 4.90611164635847 5.46068782797727
-2.5534684751667 -2.00193918286006 -0.887379917482362 0.782978588262673 1.88686327912421 2.44026257812531
-0.518486331946997 0.0386545598110324 1.14796457793141 2.82029149249459 3.9228591902413 4.47755950187223
-0.032390795911177 0.525061463932586 1.63689308822127 3.2864401463966 4.40105307971465 4.96508530097085
0.159968701916924 0.712525758024348 1.81571503449922 3.49099095659586 4.59883506406639 5.15333139891883
-0.540163179864126 0.0127592490315776 1.1225289543784 2.80317379636941 3.90072579928076 4.45521223296466
-1.51081436936386 -0.958501709681103 0.161091266779433 1.81931092975443 2.92712527266377 3.48225383127097
0.166329388258624 0.721524036400679 1.82884400794596 3.49973072602569 4.61760678003464 5.17427882023242
-0.89402216565023 -0.339184408703102 0.756462134137831 2.42769603788818 3.55375761969704 4.11193484469169
-0.410597030235545 0.143586094090071 1.2519820689564 2.91454906340783 4.03535734313405 4.58885066524491
-0.0441454300539857 0.509041530039976 1.62151722654729 3.29526425425233 4.40572683625996 4.96627933235403
-0.620921988891427 -0.0620731115225145 1.04492036632725 2.7140553697671 3.83158535832728 4.38771282378171
2.12483877952112 2.68505426149849 3.80339498001173 5.45340281479639 6.57668388094253 7.13885806300935
-0.300631186759834 0.257187971142445 1.37447520926005 3.03857314398026 4.14892005475395 4.70265889551747
-0.0896684435899775 0.467129811881702 1.58108148526874 3.23729386229307 4.34466464132359 4.903883995261
-0.276227452792117 0.277996319588088 1.39420788514585 3.0646076132352 4.16783264450758 4.726329880651
0.341896463096558 0.900145369340876 2.01197228191493 3.67066512627689 4.77950278110317 5.33954473680441
0.0551452954541198 0.612962943639934 1.7248833814431 3.39578176774579 4.50979974583881 5.06856102082156
-1.19669714736447 -0.644560513531375 0.466575886003854 2.14861869285509 3.25351570955828 3.79979546283585
0.330869044699256 0.890822904792414 1.99981938908717 3.65616391289972 4.77434109007473 5.3289060151631
0.345579745675079 0.901631289061541 2.00457769522584 3.6764642483808 4.78492901907874 5.33876397162822
-1.784341415884 -1.22941875873858 -0.119888328209508 1.55088428800586 2.66016443405521 3.21462449199332
0.261846592176569 0.814860577071983 1.92825797895603 3.60150853516098 4.70765778776882 5.26076495419097
-0.131856348990705 0.424430657892451 1.53393353212255 3.20497960691319 4.31559427761509 4.86813815395787
-0.18646115209832 0.370874567446073 1.4847693639998 3.15385004719369 4.26977951267728 4.82210781665315
0.0906737217345552 0.642014354541976 1.76165845415699 3.4246163748848 4.53473468815596 5.09225943642363
-0.0916680839098187 0.465456922999136 1.5864718579546 3.24930402381319 4.36014805106852 4.91462304612732
0.200583277546536 0.76055176078639 1.87759139016842 3.54437630954198 4.65439418680431 5.20784919172496
0.233654519220462 0.789153719642159 1.90746660643452 3.56488363250076 4.67980074645804 5.23546543618218
-1.19823121898786 -0.640957904702 0.470092639909877 2.13409688335035 3.2436650975629 3.79810507248316
0.0142094568949728 0.575256327754332 1.69695415679167 3.35103881818176 4.46434703217737 5.01959759039995
-0.0466141533301843 0.509509930972049 1.62410567368106 3.28262452808054 4.39667489532153 4.95312541705094
-0.200523016164982 0.354383608057686 1.46595444230578 3.13309106469858 4.24340477831097 4.80029128298136
-1.00228636199876 -0.444973985169064 0.667771240507201 2.33584317416158 3.4417633866624 3.99899023977929
2.06189552560547 2.62337580315669 3.7396610747901 5.4043661861931 6.51127836411292 7.06751698677519
0.134371011018933 0.689884667271038 1.8020808077298 3.470269670691 4.58015864073275 5.13509324200165
1.4500510721792 2.01032902567847 3.12408278430904 4.78396103628048 5.89187239034768 6.44794050031421
0.620044665341826 1.17922039399302 2.29300836205456 3.96119711049032 5.06879781187617 5.62298354428539
-0.0921863040641027 0.464483984407658 1.57108548716381 3.25469754383843 4.36405134307295 4.9172439875888
0.0133207745303546 0.574722861379331 1.69338268378536 3.34487722399366 4.46610610751648 5.02380111759185
0.128869769331632 0.690946782660827 1.80647002715489 3.46608868384581 4.58233795181601 5.13865152874191
-0.541393923241306 0.0182777096635678 1.13799891486213 2.785011423357 3.89953726945539 4.4575483438817
0.276306449047218 0.83153680454632 1.94428900063622 3.61189302705751 4.72297044261884 5.27930399613845
-0.211636939493052 0.34462157000051 1.46397379373902 3.12809249530899 4.24127168168156 4.80310302681841
-1.05558227446021 -0.498393725235822 0.609423074338919 2.26927923655029 3.38570443611352 3.93543968859552
0.538006241154539 1.08979163310878 2.19922544799334 3.87436233509581 4.98799763170073 5.54578855042051
2.04225906239757 2.59680700630163 3.71220563583028 5.38265079950809 6.49313777261721 7.04961133885638
-0.701153797536018 -0.147113962282496 0.958995028258342 2.62366767019394 3.74008702331671 4.30085871128702
0.0901493810501186 0.6439088986329 1.75692006133056 3.41717948485489 4.5337935929813 5.09000913801333
-0.0223564048797701 0.534010755099706 1.6440813043204 3.3095762038441 4.42317709981513 4.9826040078795
2.32208165531918 2.87903475300674 3.98502920553124 5.65468702575274 6.7647100245382 7.31800064736464
-1.43295369544462 -0.875753885862025 0.23698280145128 1.89102587193455 3.00445601601294 3.56366403734805
0.63461380149224 1.1845160755558 2.29271636051024 3.96307867987093 5.06845055204529 5.62348187235551
0.353178332574429 0.906979676658302 2.00966649568437 3.68174549925479 4.79259987446034 5.34692418668712
-0.228806065214209 0.328324666374186 1.44518145386618 3.11010235543833 4.21379875613011 4.76526130153843
0.907185955635146 1.46100993548795 2.57387471901765 4.23195367831903 5.34988184523338 5.91201301165424
0.440654047907387 0.993528172620093 2.09599601197709 3.76922592833709 4.87879588828576 5.43531336355343
0.301092586478286 0.859074981853832 1.97046508100823 3.64429200630527 4.75480597417606 5.30986823676585
0.336457860997704 0.89223081303157 2.0057721206488 3.66901042642383 4.77812858297998 5.33574474385496
1.02236512552153 1.58775392546459 2.70051036341655 4.35793582764695 5.46799069080872 6.02653464438907
2.30576280296234 2.86562634980229 3.98303895380582 5.63849997648279 6.75424745822625 7.31490636686086
-0.526833487276966 0.0291952535417224 1.14441127276441 2.80802892787607 3.91468153628894 4.47137927978218
0.344603192383039 0.901742288379028 2.00848183806563 3.67473459281039 4.78698272458144 5.33928261121736
1.73535696567602 2.28877941348354 3.39609918505046 5.06318777022834 6.16631941018845 6.72364328192693
-0.821676727340634 -0.263262373627903 0.858566285479367 2.52108443973741 3.62373943873544 4.17884300403355
0.41161279664716 0.970685238446724 2.08423074352764 3.7429084231114 4.86392850636378 5.42054555955039
-0.275545807300337 0.283961054681442 1.396792615105 3.06354147675293 4.16731993485128 4.72073311054066
0.496896732133429 1.04933009056288 2.15888098092032 3.81303323604351 4.92838756990887 5.48965223451223
-0.0147333462304209 0.541581086136367 1.64893096950203 3.32434494263056 4.43750983267121 4.98973670298826
-1.05412635636711 -0.498412884167823 0.624471369025911 2.27472820523106 3.38892113068671 3.94524004940518
-0.0603047943883452 0.493613526891787 1.6051559422877 3.26324599565122 4.37245528134189 4.93030241757456
1.33667156156139 1.88752872145334 2.98564618889709 4.66826912227614 5.77996903473233 6.33079702493808
-1.13301049451794 -0.576112416021637 0.541759144432863 2.20750202992507 3.31618426796173 3.86756337201606
0.0714381434687189 0.628141793398978 1.74103851630085 3.40093137194626 4.51053564313566 5.07249730333008
0.824583550805459 1.38643680588154 2.49865902331524 4.16796069913277 5.2742626940004 5.82398295602866
0.606799324780491 1.15771538824109 2.27251295274175 3.94267905376911 5.05177784620904 5.60703300759293
-0.744680868730239 -0.192557544870459 0.909771625412203 2.58989720853984 3.69823644724561 4.25296628921465
0.777896889247856 1.32778288409268 2.43593695472202 4.11559993318594 5.21663693668353 5.76811672320865
-0.320917462276165 0.230920011168297 1.3452549109098 3.00143576147274 4.10894837639316 4.66856417421692
-1.19135712282856 -0.638643768440388 0.463693291651523 2.12957097716601 3.24528891933206 3.80123448899425
0.409980246787021 0.967357803190015 2.08431170023304 3.73956383921033 4.85395102117082 5.40733294560888
-0.371133248617915 0.184582332828216 1.29369791447229 2.96066601634985 4.07880220907147 4.63696397100417
-1.53689840328956 -0.978860654426796 0.13866324975233 1.81031009434561 2.90464626643074 3.45621547246383
0.28638808727874 0.845491984147936 1.95723263914733 3.61483170816562 4.72877847343977 5.28370995918597
0.338515687903424 0.896476207980839 2.00045770178496 3.67703897881512 4.786979279503 5.33284609025449
0.507167728162735 1.06659487256849 2.17958000731862 3.83575947707918 4.95149131527676 5.51504258251782
0.127684228041672 0.683201718890908 1.79730919099072 3.44882426372669 4.57114174792301 5.13526818470858
1.78784263600908 2.33906641312893 3.45498367189493 5.12880498777958 6.23662438411054 6.7915312283777
-0.134999039370851 0.421307806973177 1.54148676020819 3.20416283642811 4.30941592969626 4.87075730136031
-1.67674568100608 -1.11903600430791 0.00114650469070581 1.66345082672013 2.77428397219393 3.32750600258965
-1.15798528929447 -0.607442541569973 0.505149835785617 2.16632793625671 3.27926613861388 3.84242772689354
-0.925737959450802 -0.370830126559189 0.747043642995144 2.40524239261514 3.51199048361958 4.06758655986056
0.0137667089721892 0.561586275594457 1.66212265919169 3.33834273893013 4.4535755499456 5.01134515796261
0.281614594740465 0.834824923645123 1.94903276996727 3.61827127452886 4.72545506942045 5.27885417830178
0.793213577642561 1.35168364708909 2.46484647536588 4.12144667041658 5.23467639083268 5.78514611446206
-0.244925545205425 0.313003607925007 1.42195219349796 3.10110024933146 4.20374772301599 4.75600039505892
-0.504375663989273 0.0536593963522308 1.17168412071422 2.83452238513103 3.94207438862513 4.49691299861445
-0.363437716188078 0.197494977821573 1.32103059267395 2.97040332921996 4.07686279311964 4.63183822323534
-1.03050277181369 -0.483637994525252 0.631824203718728 2.29491155986315 3.40045745764204 3.95755979283299
-0.752079559850738 -0.196914965224419 0.911327837836448 2.58591221566396 3.69380984734268 4.25554072605882
-0.903795420735603 -0.35344939811637 0.754127771579992 2.43575401787674 3.5380192116834 4.09284319368868
-1.13730084271498 -0.581773637062266 0.524302725879644 2.19308651712772 3.30490303494563 3.85788627411919
0.761319942137635 1.31234520399485 2.41949291820133 4.08890900587398 5.19972585503177 5.75263339225695
1.33520172400883 1.89186188245326 3.0022461947078 4.67764910476477 5.78487808828464 6.34089255390042
-0.215844662819254 0.335265998198863 1.44438720898814 3.13179024182725 4.23587439300417 4.78945265491907
-1.79094149775611 -1.23775361173264 -0.127343256356799 1.55620218706189 2.66394661810596 3.21702374074388
-1.84387378500331 -1.28332454363612 -0.172777608261231 1.48430459673141 2.60321611269045 3.16566045770429
-0.0213442903459738 0.537935734079479 1.65384933659054 3.29515371429515 4.41149010392358 4.97377742057586
0.37542276683635 0.92691986746626 2.03463978113821 3.71338199732793 4.81740835082131 5.36657400670771
-0.0164109964366198 0.541378401443774 1.65572637175094 3.3302989406549 4.43057240088698 4.98305792854793
-0.741381742536749 -0.18638708010183 0.921151354601015 2.59004211073472 3.70162569998866 4.25529171595957
-1.68167801337938 -1.12531714031547 -0.0116625957976251 1.65705913546816 2.7616293491165 3.31191693305307
0.428971089348349 0.986956491185491 2.10001092121041 3.75619133975482 4.87874066847034 5.43299405662215
-0.396162944707282 0.159933900254913 1.27674815805939 2.92190396058305 4.03720886545315 4.59901396664015
-0.214702580774519 0.342399277116629 1.45160787840474 3.11601038618539 4.22761604542379 4.78587777635045
-0.0425057989006789 0.509355797064646 1.60635481086139 3.29623815214873 4.40049454899452 4.94661708149577
0.941725688866423 1.49209506871935 2.59561042461603 4.26156918931699 5.37516390133442 5.93285003472525
-0.319020096984571 0.230745288282636 1.3398495285075 3.02680113933959 4.13452305203333 4.68911983148691
0.365687112831167 0.924247451982017 2.01681290002706 3.68310898383155 4.80300163825401 5.35596429055181
0.671698063531749 1.2230625636063 2.32816928009431 4.00622212687941 5.11453759498323 5.66772384321006
-1.02365597604573 -0.463988406019738 0.660036190097922 2.30739150857498 3.42574308450709 3.97955399796658
0.34847465767758 0.900382520994728 2.01781641628484 3.69271976326502 4.7993886018528 5.35507221735218
-0.21416010171608 0.33813753356106 1.44791574936459 3.11613886024915 4.22817200334291 4.78426600639523
-0.715180951814696 -0.166978833495138 0.948437412671516 2.62530815689633 3.72654570193883 4.28548226841218
0.314084461655199 0.872175631124156 1.99308173617497 3.63283515428869 4.75515524326695 5.31530362320995
0.135147349202691 0.688946572687465 1.80169263786462 3.46843399282824 4.58001813005294 5.13881146399166
-0.187878926913545 0.366455289224133 1.47664560802985 3.14179484305041 4.249909168367 4.80183840152782
-0.302671693162949 0.246949804826298 1.34592534465862 3.02034471254565 4.1288405263719 4.68419175704229
-0.691164073205061 -0.13872827328362 0.96698439708428 2.64061675416383 3.75004991519479 4.31137686553542
0.423556504845546 0.977161999211092 2.09019952687464 3.76215008948637 4.86940535402238 5.42296902806736
-2.25028789539573 -1.69635257894054 -0.595952922629943 1.08292357470652 2.19666423581971 2.75424399573423
-0.987216178104586 -0.425616414194427 0.689668158037565 2.34701436189447 3.46507431553908 4.02416382978919
-2.02527294979586 -1.47585803656937 -0.369046562420007 1.30337545810542 2.42390080793232 2.98084116289546
-2.29379724175795 -1.73529229870053 -0.620206685414982 1.04455912971492 2.15132142718763 2.70292733146112
1.14456141935225 1.69975711938646 2.81670461264227 4.47095724281383 5.58680101487152 6.14499891109172
-2.53053905129434 -1.96999542965025 -0.852821765448967 0.821059435206603 1.92064461612698 2.47026279887066
0.060145461542252 0.607054179407251 1.71061493073196 3.38195987992414 4.49512590368263 5.05376241602209
-0.634003273970572 -0.0793985950016737 1.03735940935432 2.70702905287067 3.81631423443725 4.37752773268386
0.0880350391737652 0.646656240147055 1.76285345823856 3.42304452452782 4.53326930422842 5.08927184672075
-0.0786955340917842 0.474544277131522 1.57738474241782 3.25703315321598 4.36898132562069 4.9195403433302
0.197342643264379 0.761360883111277 1.8839802260192 3.54305437012712 4.65757653425709 5.21565654148558
-0.252460198233522 0.306258598316529 1.4216684741606 3.08526155006719 4.19499698211211 4.74796728577846
-0.695485882999019 -0.143227433052277 0.974385042111618 2.63544392928529 3.75026877657819 4.31103286511067
0.624480410424059 1.18502227321222 2.29577162230751 3.95770484436859 5.07191014957339 5.62417745127536
0.161598580406352 0.723041306846669 1.833435695041 3.50044295369979 4.6096967504047 5.16101661345428
-1.22409593418835 -0.668964210709664 0.453282080828573 2.11021996961186 3.21621746026748 3.7757942036004
-2.23585129637528 -1.68157757773332 -0.574559095514478 1.09546879632144 2.20785316845267 2.76048543876433
1.28208911380196 1.84454232383537 2.95957343398378 4.6224784755707 5.72911742125509 6.28443954280573
-0.105204180584591 0.445584988066357 1.54956166019534 3.22512698978434 4.3327492520938 4.88807475929805
-0.229079964120947 0.332093357514617 1.43904813504255 3.10901282730845 4.22067988228931 4.77175734652114
-0.474099830854083 0.0849240534878078 1.19495183389947 2.85544046441684 3.96738389463018 4.52592620089099
1.18693477752482 1.74887071637381 2.86982755925684 4.51856902921076 5.6358032007524 6.19675979155478
-0.553524820464729 0.00384214870234071 1.11749669859088 2.79095615161487 3.89639310108225 4.45183552246282
0.0499988059570017 0.603834656310015 1.71864651684628 3.37898687300308 4.50030440256855 5.05897693801619
2.25685193793011 2.81400599452771 3.93420578694392 5.58998942425157 6.69972538236283 7.25476450324582
0.831067970906551 1.39111748163626 2.51339578385384 4.15584521968112 5.27547164690082 5.84152542390801
-1.18175458622616 -0.626458435736993 0.493283452378564 2.15285596547444 3.26046766141912 3.8162256378499
1.91805203807541 2.47834483097527 3.60385114514154 5.26609264402779 6.383378147464 6.93942172296713
-0.766115640172413 -0.206174166438578 0.899795317448194 2.5661483663706 3.67846487153542 4.23011975551659
1.92278230070979 2.4782795559117 3.582838560598 5.26023324508839 6.36597721363941 6.91740653660495
0.0891144740726232 0.641019403870569 1.75929279913924 3.42272095715814 4.53300476475982 5.08881090162533
-0.88059542723517 -0.321262851817563 0.788799930443494 2.45819522516205 3.56798357136031 4.1255733688783
-0.237371846925677 0.323556853382745 1.44436060730014 3.10183607844497 4.21892758214174 4.77332167749553
0.349495512511749 0.912119891623756 2.02803677456542 3.6947352403351 4.79825188135268 5.35728097482509
0.170756574660923 0.729578922476044 1.84265861509402 3.49945789786499 4.61272744283816 5.16473163123358
-0.122168626661377 0.437926495376882 1.5604109532578 3.2178729641008 4.32582858358737 4.88025404719851
0.712159301238579 1.26535114338223 2.37592428574169 4.04931729024816 5.16340338831157 5.71727616707226
-0.00756312577464544 0.548798385636131 1.65883031899137 3.31264848870787 4.43075297487608 4.98616431367303
1.2368656582554 1.79148121102455 2.90712451287731 4.57113084365146 5.68271013641655 6.23929486182241
0.935577367254618 1.48981631470218 2.6081305365464 4.27818681055617 5.38587379542645 5.93885741327935
-1.78854020577225 -1.23369391872009 -0.129630575240233 1.53881617222295 2.64529912338874 3.20082104688038
-0.819814945412032 -0.263416428260638 0.850518737071877 2.50877861212792 3.62103007600757 4.17697007572588
0.439557275050383 0.997657456753235 2.10716918530419 3.77968689933195 4.88292891205879 5.43563924983037
0.0848921162828166 0.640022191835051 1.75472540445091 3.41698379126399 4.53618323270599 5.09742662754675
-0.0717924763437078 0.483172525166208 1.60270170371128 3.27006358213903 4.37183415503948 4.92558309420724
-1.82798936262304 -1.27965608965483 -0.165679955233463 1.51278598322148 2.6170011343364 3.17411985276544
-0.248645123056878 0.306315797524677 1.41482102898041 3.08945902843748 4.19842198013969 4.75560005486834
-1.32342494662481 -0.770294312956783 0.343677152018493 2.00489492835011 3.11123424457834 3.67169607523243
0.0174085107901221 0.572027523119086 1.68093356905616 3.34796024025962 4.45691837004224 5.01150921399338
-0.141385892436628 0.414398558514235 1.5258274450235 3.194469165786 4.30588657867192 4.86163904424544
-0.259393103776446 0.297150107617271 1.41015625018536 3.07990008435339 4.19383622870582 4.7507372301843
-0.31546978775769 0.241090033358207 1.35418941485104 3.02408986091826 4.13746744621715 4.69414816923664
-0.325803913183146 0.230291361512494 1.34248017189938 3.01077364183716 4.12301026181548 4.67912479755934
-0.324521482050444 0.230791176175961 1.34141051628538 3.00732719483445 4.117848480999 4.6731151017753
-0.288131758981203 0.267407128215609 1.37851025075252 3.04480800605894 4.15570389364888 4.71114524430017
-0.217636311587247 0.338181634404364 1.44984124099223 3.11695743734508 4.22837580029605 4.78407956205567
-0.112836922542307 0.443229066247865 1.55533706837601 3.22367582515677 4.33592515779331 4.89204975999252
0.00983941423333165 0.565957871828987 1.67833993081201 3.34618833441062 4.45798124930172 5.01388926999828
0.141203004015355 0.696865579449959 1.80833806627032 3.47499619756436 4.58622880101073 5.14184737492982
0.274324656844083 0.830420762153317 1.94263318855423 3.61069409498705 4.72262438749665 5.27859924152732
0.408348589326839 0.963222869811365 2.07296901656525 3.73761050605572 4.84736287561755 5.40223762371755
0.548733555290255 1.10333703691386 2.21250102701514 3.87651952987533 4.98603254274214 5.54078097695215
0.706176559745683 1.26230044236529 2.37458591558471 4.04308445119123 5.15544987106483 5.71163780175035
0.869593597458499 1.42473222888314 2.53498491536783 4.20013889316917 5.31002045270507 5.86496286638371
1.04596547712467 1.60233174148864 2.7147783334841 4.377079377122 5.48695123777095 6.04188726959492
1.14633684490485 1.70012170772956 2.80767541816611 4.46954473370231 5.57734358040871 6.13123810100414
1.29320205827281 1.84663913105425 2.95350899101231 4.61394014988568 5.72090734076943 6.27438893013953
1.3850148346297 1.93955164697439 3.04866943945996 4.71184445253313 5.82066134546752 6.37507167855454
1.56630651190387 2.12152791464386 3.23188038403605 4.89812992842935 6.00904947111655 6.56449823481693
1.77629268117922 2.33280805660876 3.44625709981899 5.11594765696407 6.22711384019457 6.78284086030245
1.92940049893375 2.48591745203375 3.59900361181949 5.2683583871912 6.38164688541508 6.93823696361711
2.14584492070254 2.70167278884022 3.81331917525092 5.48077599724497 6.59341401165683 7.14961624390934
2.32743136851044 2.88240261386268 3.99238292529275 5.65696325737647 6.76655872752826 7.3213717608504
2.32773404530392 2.88331399227018 3.99465499771432 5.65955161908793 6.76935446800074 7.32425015502616
2.41742430637884 2.97396093741721 4.08703780112533 5.75649113692291 6.86945368927802 7.42593391874051
2.45935345177664 3.01610466244801 4.12963007982332 5.79984310932622 6.91385446055772 7.47083145226668
2.51809393314696 3.07318735658794 4.18334903061034 5.84882894496687 6.95885587855585 7.51388343197274
2.46739875417856 3.0219313794042 4.1310140583832 5.79408424737425 6.90329291473798 7.45788207542401
2.2221388626665 2.77913563087286 3.89326293826414 5.56259605084178 6.67653959203552 7.233477324818
1.69080704289846 2.2488075960927 3.36481895568416 5.03873344551556 6.1546469604099 6.71259875974633
1.19562524448065 1.75290002942541 2.86747019706094 4.5392296883873 5.65366268192667 6.21088235272556
0.836469964170043 1.39266803342208 2.50510060908674 4.1734991416632 5.28552566373887 5.84154649467488
0.476942908054918 1.03304924109312 2.1452838846931 3.81363531402624 4.92537746385901 5.48127166475114
0.379071400089357 0.934567770318037 2.04550526690157 3.71184954965701 4.82162479385183 5.37657231634398
0.422807677568027 0.977126285001793 2.0857768580779 3.74832929003877 4.85650839779003 5.41061580914139
0.341444296892556 0.896125909232129 2.00539400364539 3.66970971539175 4.77849873653345 5.33286628683952
0.25665054221307 0.813308547114238 1.92657354033386 3.59682338484063 4.70933899985993 5.26565589512566
0.286527969565935 0.840208086191008 1.94758091425432 3.60726140252333 4.71322588357243 5.26618408505768
0.277395705264439 0.831486486161331 1.93960884734974 3.60164207516258 4.71008507282141 5.26426271120914
0.254014949182146 0.808147315286603 1.91636410244571 3.57918706777221 4.68691962060832 5.24080538653663
0.173778144287837 0.729840569833617 1.84185036545486 3.51493454978284 4.61942117088759 5.17212008995564
0.238025550706385 0.791706841471003 1.89922065602987 3.55895595563906 4.66680021644625 5.22062086279957
0.262546173324647 0.815338681474672 1.92095946560606 3.57891615388376 4.68463181232129 5.23746608899575
0.260600957797852 0.813873240459731 1.92040800730837 3.58035694009262 4.68690516893677 5.24018617478082
0.21385508061824 0.76752088634747 1.87484660803538 3.53585608787353 4.64317517106973 5.19683412928447
0.140418201343155 0.695039011616451 1.80423676848745 3.46846615444976 4.57784235220222 5.13254386284478
0.106598164871703 0.662578258025877 1.77456545262336 3.44190538331656 4.55320287592649 5.10885956526941
0.121436670579207 0.677127944520272 1.78851144430543 3.45570666794598 4.56745253707511 5.12330583693879
0.109695949989174 0.663817415264656 1.77199997390015 3.43471076687665 4.54282709615429 5.09691864961369
0.0710191531718092 0.625023883785771 1.73298728556242 3.39529779125952 4.5034226249566 5.05750802699768
0.0321083618489665 0.587182920908283 1.69734934328091 3.36234178288926 4.47252222702155 5.02760054111476
0.00511686070252875 0.559422638399807 1.66799834523987 3.3313897456162 4.44024181659337 4.99467015767013
0.0130170545669187 0.56591873403896 1.6717467282968 3.33035491947269 4.4364358363627 4.98946483863172
0.00429840408004835 0.558520608017258 1.66697139177982 3.32980578874834 4.43859795153188 4.99299844645062
-0.0323415028982981 0.524011434028714 1.63672881410784 3.30545809437016 4.41789137178052 4.97410484852143
-0.0401809385578688 0.516719701956224 1.63057982797144 3.30236021974258 4.4166590044221 4.97393483897135
-0.0711121285313515 0.484379591211877 1.59532592163325 3.26267808638826 4.37437376672167 4.93024043627093
-0.102962890758145 0.45459919538233 1.56971472655163 3.24230756049362 4.35738903519022 4.9149162218295
-0.155807617238515 0.40194205982161 1.51750098764004 3.19021799477752 4.30509779757608 4.86256718443221
-0.173027979184438 0.383533779738953 1.49661807957897 3.16660735023726 4.28012739743053 4.83686630336678
-0.171189879781933 0.384782895430811 1.49667639864674 3.16483407768555 4.2770317245973 4.83310821647955
-0.159920186883609 0.395073422615999 1.50498130882951 3.17026546042701 4.28001631858828 4.83495840812493
-0.172734121133217 0.38175126553627 1.49075187044977 3.15415251882315 4.26151252830495 4.8153331885256
-0.196212432608373 0.360662333279387 1.47450134526922 3.14374510871586 4.25787420148825 4.81478762633562
-0.25748854844817 0.301026158441625 1.41808381319323 3.09327267302718 4.20958471102925 4.76778253780255
-0.279076732679389 0.27894835332207 1.3949121557518 3.07227033939326 4.18940439022818 4.74805877649569
-0.332886609104958 0.222772829648658 1.33406427061334 3.0012700198077 4.11271560310174 4.66843592626149
-0.368665210948446 0.187377212293533 1.29950933854628 2.96713154662284 4.07881365449951 4.63465741352104
-0.368041075473296 0.185899168843094 1.29378187700393 2.95545524622954 4.06345514483324 4.61743835446642
-0.423472858019591 0.131730491720555 1.24211639507061 2.90776034245245 4.01803764771064 4.57318578515237
-0.445785223172044 0.10888186335937 1.21819719552261 2.88238623628871 3.99147051636674 4.54604150836248
-0.425149998226831 0.129303232491629 1.2382145326108 2.90132202657709 4.01071612276326 4.56535966459528
-0.467264500854165 0.0890990053907443 1.20168366364411 2.87163407115261 3.98582673666887 4.54285475441491
-0.781852569348158 -0.226074513375014 0.885404323205462 2.55318126937079 3.66546042304547 4.22156822836588
-1.23776918347854 -0.682673220245487 0.427568940681667 2.09224389881203 3.20149628355089 3.75614541136898
-1.69262355222117 -1.13720708490101 -0.0263425316614441 1.63930951065836 2.74860219612952 3.3032956403715
-2.12050479756131 -1.56531853484065 -0.45495736805468 1.21033946990563 2.32091677094545 2.87617194762991
-2.55222000952438 -1.99675212016917 -0.88551582243164 0.781021028930717 1.88957169742907 2.44401604602629
-2.6557157869931 -2.10037470286031 -0.989655193890733 0.676274540743451 1.78654658460688 2.34170444164021
-2.58020318896612 -2.02409273208076 -0.911850334127425 0.755545629163377 1.86622076158254 2.42159013980348
-2.45547931745863 -1.89869042209434 -0.785125202314454 0.88535926309652 1.99907248474344 2.55592917035923
-2.37312322741239 -1.81636237175842 -0.702726642888778 0.965822844680125 2.07794590317809 2.63399721784444
-2.26146884219658 -1.70549759277685 -0.59338251749246 1.07132634465612 2.18002210355097 2.73437389002523
-2.0345736136614 -1.47833438302991 -0.365860494728365 1.30324513614554 2.41591375116014 2.97226046054841
-1.95093250507929 -1.39599980662758 -0.286143799164407 1.37856874359906 2.48846698545685 3.04340030039457
-1.79381744512511 -1.23783739727318 -0.125934882939645 1.54266757593791 2.65471474825453 3.21075454031929
-1.57341736523875 -1.01585135482422 0.0992859407550367 1.77212283022043 2.88690900475597 3.4443049456936
-1.42383356880859 -0.867749111988063 0.244423644443582 1.9125495933032 3.02474930972275 3.58084833972077
-1.32418769454903 -0.768097661890681 0.34420050345443 2.0115836725223 3.12287338129017 3.67856043853168
-1.18434057190117 -0.630108801621969 0.478484702597207 2.14000920227763 3.24797380436017 3.80197661942558
-1.01915579638102 -0.462782401617279 0.649942808175337 2.31914903936687 3.43175260240773 3.98807165214017
-0.874430291027466 -0.318972358874414 0.791849656497445 2.45825570403903 3.56913918632505 4.12457038386872
-0.74841298309873 -0.193343229275462 0.916804881505926 2.58336039610546 3.69465037243893 4.25028948213264
-0.582427018080728 -0.0274933624803204 1.08235975083109 2.7471764770324 3.85684636287743 4.41169719413458
-0.436135849634521 0.118442593049974 1.22750826497926 2.89291768725118 4.00485119532842 4.56070120275908
-0.299572754374065 0.257398107298143 1.37134699864272 3.04251546290496 4.1571691822102 4.71447932862845
-0.144252586250817 0.413141315714065 1.52793513241312 3.19998004330748 4.31449510203755 4.87176440712848
0.000140499427107185 0.555784513444998 1.66708036705349 3.33405827997121 4.44553603182464 5.00127283177562
0.141042252731412 0.696274950441585 1.80676903214582 3.47203762770337 4.58237590385257 5.13751860075096
0.240210174180807 0.795000019893156 1.90460041777408 3.56880664667056 4.6784961434706 5.23332308877517
0.328217991409512 0.883845179382688 1.99507294503117 3.66206944269029 4.7732631513828 5.32887213518959
0.376286211260765 0.932003030894417 2.04345007032108 3.71014442936246 4.82119816270014 5.37673370195308
0.364996482534853 0.920299809592906 2.03093774276622 3.69637014497917 4.80667266887813 5.36183221263878
0.294214940282556 0.84928074264643 1.95940557683436 3.62481365172784 4.73508057690104 5.29021219093896
0.216329982576146 0.771421920071375 1.88164094984406 3.54655450794238 4.6567816936468 5.21188230427098
0.139638113317355 0.693876943198683 1.80207116718314 3.46666811318785 4.57345673046335 5.12699535821608
