8.78308177527149 12.7918925453758 21.3360068391917 39.9790239978881 56.6794969692206 65.0868012763615
7.86829617694637 11.4328039298077 20.1842756205951 38.1776547939189 53.6323420011188 62.5936025145432
3.3399293569842 5.77816059290074 12.469706287442 27.3036293250298 40.2233896413364 48.3940479761563
2.154787235425 4.16461964142167 10.1030627870425 23.7850253517191 35.6478903691749 43.605066269534
6.99557605728023 10.2904688128581 18.7123412989127 36.4643292209376 51.1330050445631 60.1571053019341
11.1544867890768 15.4289348200778 25.0027315616891 45.0662722817755 62.0285779150922 71.2414011145542
0.0399041634312144 0.669604955946465 3.3104754045675 12.3610900700799 21.3627541127082 27.6331821684462
3.81151474301618 6.50313002132983 13.1794891325911 28.4045477615373 42.191411133123 50.0041462631729
2.44962101140807 4.53040742459033 10.6706722826622 24.6967088246995 36.6233314324017 44.7477509856671
0.310661214704989 0.303174538346214 1.70705669611707 8.75207397847529 17.1568739944815 22.3498280919254
10.5355773047327 14.6465825501114 24.1530475175609 43.8175904416132 60.3881139590899 69.6575682604037
0.638235053713749 0.204583666050986 0.984784984558439 6.93981602118386 15.101490277686 19.6051924806264
1.32621635490671 2.98361828452304 8.12883058778792 20.7428535513864 31.7775090145823 39.4080129896503
7.4418450728077 10.6140704558026 19.6920185661945 37.7017268025789 51.6726309773328 61.5064479546903
0.828394654166313 0.184777954832962 0.69481818991351 6.14812153074592 14.1914742110697 18.3806473258707
2.92760693957901 5.23024291153693 11.6698764881694 26.1186380379384 38.7416844232669 46.809098358495
0.0826111984001937 0.636426229937342 2.92996679579556 11.7081371236477 20.8974692571499 26.7278049337025
7.32334155835624 10.5654928566018 19.4973672783621 37.1061333692977 51.5945689477828 61.0250823768962
0.217541384501441 0.341746556450495 1.90505706792849 9.38354518534222 18.070813940147 23.311591601962
0.707972903700771 0.193473542182191 0.885049235085156 6.65182848204437 14.7512534012622 19.1555243692331
4.85347290860349 7.97263667810702 14.9773304503178 30.9472474787455 46.0935218745682 53.6179054655839
3.50735974514322 5.90830499519589 12.8136145309775 27.7863645631041 40.5646443975348 48.9463069630801
0.836712994223428 2.38522698251031 6.712191756054 18.7091275256579 29.860262868813 36.7344711463179
5.69089009594479 8.66570002620661 16.6622351411433 33.4233833209592 47.3197555186761 56.2559752902087
3.18997314805156 5.50982227463476 12.1730269484393 26.8735414382694 39.4856146146003 47.7345062864193
3.89621962681552 6.77571268747939 13.2359098880639 28.4894816074925 43.2608711046525 50.4307739410749
8.8479751148306 12.3031263957901 21.9783268747927 40.5302030939535 55.2766327620028 65.2556035203375
7.14458203542241 10.4322572315161 18.997670208773 36.8458290511888 51.4208524230492 60.6011324814127
0.336349836306009 1.50966075370971 4.94489684826696 15.6042407746473 26.6642377335303 32.6074923224596
1.36960863652229 3.3690509792658 7.9322057494966 20.533981605745 33.7102789537594 39.7932458397596
3.09147635285402 5.55309783855714 11.8530778178585 26.4222473964984 39.7168487066134 47.3805881280578
1.63961665482117 3.79071917631117 8.57267879533276 21.5440506012618 35.0310087526313 41.2015515000496
0.27341221322829 1.34108228570808 4.73169861355132 15.1858021191685 25.6658798129073 31.8728688596445
2.11070847082053 4.22222335048812 9.73901906602053 23.3640251963456 36.0536663197599 43.2469400238886
0.115894979894433 0.426292960122388 2.32187384171387 10.4254867271209 19.2918912129258 24.8277493261098
0.950443245599815 2.6468194386702 6.90876568624222 19.0981040587817 31.142667408501 37.500941484382
0.507450396764282 0.201286890454812 1.13104043540917 7.44446202143463 15.768290645947 20.39085630742
2.26488046895327 4.51562102572806 10.0831480946208 23.7899728311171 36.9455141576691 43.9889738636143
4.9530753949132 8.04230983372776 15.0390770994616 31.2531417077385 46.0792185516561 53.7983854022892
0.218184206816062 0.28110309368064 1.75128247716779 9.14684555794369 17.8323316513498 22.9496885799068
0.872204699075199 0.1730925799895 0.621540056056034 5.98413437940909 14.0503667974146 18.1251376228328
0.0967143793150639 0.743033747929939 3.18788661332204 12.2343866197749 21.6036457217178 27.5064544084002
1.39448340282338 3.32564093892478 8.00377596850308 20.8065036604819 33.5113867074295 39.9335073129514
0.576283868673459 2.03433340020128 5.83730847642004 17.3453348712645 28.7661756530162 35.0020561347789
0.0817062442121978 0.955552684601761 3.69183019449866 13.4110267968961 24.1665923006886 29.5359538146193
1.38136603218903 3.15290751975202 8.15547817438826 20.9587273348077 32.4841952865327 39.789734324973
1.3574690834346 3.2170555116515 7.9654334470876 20.7197051131063 33.004495518265 39.6953222810785
0.594273575057595 2.05787016952332 5.89306546837003 17.4308539352882 28.8368701961424 35.1107775670105
1.61375423036024 3.40530059648061 8.86342159649172 21.8966667959707 33.2408401312084 41.0079295795197
0.639811586556574 0.145572653819778 0.806496003119536 6.69624744858752 14.9672435871266 19.2524691214223
0.318138516006822 0.232327822281737 1.54524882130026 8.48907161795918 16.9923854074213 21.9750218867224
0.116858675198429 0.886700257651182 3.50833597749776 12.9124104445941 22.5933090187789 28.5268017259452
4.37039015386236 7.42846427010488 14.0801806884177 29.706661928105 44.8824096717168 52.0823355531396
7.75718975343995 11.5126324311991 19.8146753635902 37.7818923703732 53.9397621931721 62.296699684942
0.395978664699591 1.54115565967054 5.31589130503808 16.1372207265425 26.2463554831527 33.0532348892762
0.130662020296479 0.983928230553253 3.98482603637235 13.8099783472951 23.16922994158 29.6722314253007
9.84665646294277 14.0492782507208 22.9356287589833 42.2575907315167 59.3044333617472 67.9079398086753
0.0515958623384679 0.538662527697148 2.87920651137725 11.4871962569385 20.4030831284633 26.3829068933421
0.459055228129874 1.72837119834814 5.60101067501352 16.7819328301852 26.9612705010318 33.9130862060948
4.16148696386299 7.21080935047226 13.4967003483438 29.0860887683644 44.213318539424 51.1920268587249
1.32095973905888 2.9744803811625 8.12367666206479 20.7354948022058 31.7398545961228 39.3902143667592
0.694041920705403 0.168019496210575 0.839680077538262 6.63693455362291 14.8428348573118 19.1478397310784
0.265860993172067 0.327335818879747 1.84102075994205 9.07509333200428 17.5282506356378 22.8327127230887
0.0931227762876219 0.660916265723781 2.9686746519831 11.7719770454926 21.0089414517342 26.8297360361923
7.01486122994045 10.302250754195 18.9100367455123 36.3353912942323 51.1052043962884 60.1628973111829
0.0515268235430341 0.339828386315077 2.16378865777553 10.242905732245 19.6280812529799 24.7283821466646
10.6299914465643 14.5664583386553 24.4914873557197 44.1564592576644 60.1082352784325 69.917437093807
0.473782781656089 0.18756954997923 1.13661236399222 7.5480645599415 15.9468616189135 20.5510285373791
2.44961260804798 4.70924928238259 10.4735429042919 24.4582087941033 37.5544054866216 44.7845662580822
6.55161228203515 9.85484540276657 17.8687514863894 35.3221855222206 50.2269400633785 58.8155078209763
0.00264402644373864 0.544743033167223 2.78570262670261 11.5969212382396 21.4476874306442 26.7676156892601
0.104586107063267 0.607416544520611 2.7979248255233 11.3896160205798 20.5389979925825 26.2738520165952
1.49382299649095 3.48644044200792 8.23052198202712 21.1600291767453 34.0737409079522 40.457897280782
6.02856883147354 9.05151811423976 17.2450996512632 34.2558841651166 48.2018291431281 57.28917624445
5.01604262325332 8.06718296830606 15.2114269919661 31.4628131729898 46.0888899373164 54.0092332822024
1.13749719110834 2.95313340753961 7.37422509006069 19.8424178248392 32.2837871366609 38.5956552085049
1.71746196841542 3.69139624409687 8.88960201919339 21.9504608295292 34.4435628713667 41.4148264433281
0.0605796259612435 0.319058335145568 2.08773096404713 10.0814757976067 19.4461849868098 24.4926603741375
0.0419048401749752 0.637956896512344 3.22945099600684 12.1242759634227 20.902605205741 27.2592456226928
7.73499977851494 10.9429185626576 20.1855544880026 38.3980495892169 52.3984105164964 62.3618263480679
12.6041800143888 16.6386811150198 27.5821906597486 48.3226527516343 64.1624353079788 74.8554663564604
0.442927946645877 1.6211995679098 5.47576168634489 16.4107166013765 26.5970368024456 33.4390539962531
0.364999548936156 0.187902564606629 1.3363568904713 8.06376783660771 16.6245878927541 21.3627510449412
0.315831855243904 1.3967246972749 5.01245867175951 15.61013108108 25.5936120622341 32.3128073266366
0.959451300921795 0.175395429322248 0.504593075212407 5.63855362703289 13.6256391255202 17.5889646136867
0.459134310769605 0.232784656563052 1.28516512341044 7.7817254455945 16.1232700379049 20.8981023416808
0.633096978202723 2.10820419614901 5.89702983082975 17.2343033532761 29.2501694245959 35.0789521122173
5.8003809159607 9.28943616550876 16.5328347410341 33.2159903691182 49.2078234010992 56.6802077837062
0.987098632397158 0.175864922013225 0.480346438177649 5.56961169550988 13.5595922213586 17.476178005513
1.66835460389605 3.85891882575888 8.63300571933454 21.6529494925724 35.2702983257741 41.3844516518507
1.08238577204675 2.77187806203788 7.33582314143045 19.7182707596859 31.3435838859612 38.1943896089705
0.310740857335391 0.194774957292204 1.42717936087146 8.33230997601207 16.9947827790019 21.7819030188822
0.0437375538236623 0.703600533829481 3.3927225074764 12.5588814931154 21.6988303032841 27.9375184591803
0.633687929230213 2.00328075223465 6.2394407301047 17.8256529851376 27.9952292375808 35.3044178570034
0.196910453630314 0.348651179716072 1.95889676457276 9.54958236960927 18.286174462106 23.5534698776841
1.29761109236315 3.17426095516582 7.78040490812083 20.4597709505413 32.9857598655938 39.4278163124284
0.844408547555993 0.174215438607131 0.637682161619108 6.02821102493604 14.0730539496434 18.2027897672236
0.909871580330823 2.56019963510996 6.70587167026411 18.5408464972193 30.8648865996325 36.9017875425536
0.491789008901511 0.202391976000275 1.21513582159499 7.60268629889448 15.922645450596 20.6210264112676
0.107598414011561 0.884900805556455 3.59772315904287 13.0818573562015 22.6040181512022 28.7177629099068
1.784379068171 3.64052150693549 9.27036587952768 22.5187208071225 33.9818602212768 41.8497440562168
0.312118562280931 1.50272175196919 4.81359084503962 15.4112781304787 26.7976132669794 32.4465081533436
12.373155050896 16.4000225866902 27.2205338167544 47.8395017906701 63.7022733280244 74.2864268656604
1.32669424855215 3.24697149453713 7.82831015961851 20.5498179670379 33.30683897781 39.6148946599925
11.0190867630269 15.0960130574649 24.9796235877401 44.8968173315224 61.234765480993 70.8920085347958
7.77803462018584 11.6858477610153 19.7157834259531 37.7393364742609 54.4085678295057 62.3780994127038
0.142523289071246 0.376469595825453 2.24798642318683 10.0613218340475 18.6658936472513 24.2839925273991
0.187732938996507 1.19513544113751 4.23081468337631 14.3861615461892 24.5716735516714 30.6806884372963
1.40398767351328 3.36089461521343 8.01312030924412 20.8321531202716 33.6806656955908 40.0108440917385
2.23288903903582 4.31477836898329 10.1849931245281 23.9056716757171 36.1685617278826 43.87240346252
7.28382099993734 11.1734182811846 18.8752695511259 36.5994062282093 53.3730747658059 61.0248788649862
0.228943918698323 0.209942626723848 1.57572135328232 8.76321825851702 17.5965579626745 22.4547684040601
0.591042334009728 2.01639483571613 5.77736952210495 17.0283355304187 28.8606780958417 34.747572499827
2.91271049192507 5.32053200903889 11.4612043537062 25.8944950150304 39.2646674471981 46.7132159264292
13.2124002479817 17.3036472402216 28.4855045043189 49.5475924866118 65.4574949487285 76.3245757559576
6.37426261598269 9.45491079939477 17.8176450846056 35.0776075165963 49.1233444457297 58.3176373995954
0.648432261503058 0.179111182277358 0.932332208462989 6.85752967149434 15.0668572028683 19.4825520499599
0.159060521206779 0.373331242957355 2.19611240600353 9.88557830725924 18.356972273597 24.0143184257962
14.1843622637192 18.2916349883731 29.99768724283 51.5374403429241 67.3131462482717 78.6503716721177
2.03642042387221 4.30751983712866 9.49292725093246 22.9353611136938 36.4772287903982 43.0086569902466
6.85676040907028 10.5399752964282 18.2984403881848 35.6993619268731 51.9264170763121 59.7863030377388
3.60295158226332 6.36003252691197 12.7114136831681 27.7292104025846 42.1868292226337 49.3765061859832
0.0588537772864967 0.48087900984146 2.6614208553798 11.1070960850697 20.1745030263605 25.874251202819
7.46093583379448 11.1437600157347 19.3636918959651 37.1342988284608 53.143329366501 61.4728401108517
2.88285243826875 5.33553381371153 11.3596321231929 25.764049140782 39.3975849275056 46.6275667419124
7.63499276523798 11.5900917552788 19.4278437958703 37.3841344000824 54.2592847310663 62.0016025028271
1.22110227775239 2.90380084948577 7.8321914828811 20.4400665960661 31.5242348428675 38.994814354309
3.447824495618 5.78931081619905 12.749935026374 27.6880873393759 40.1543822669849 48.732104947523
14.2793268968055 18.4018324413002 30.1291361947236 51.7175619118532 67.5267342421487 78.870722593598
4.40482041259767 7.14081953668976 14.3995004749099 30.1469179987812 43.6975190042331 52.1208477313778
4.73954170567569 7.89626054129254 14.7444669676623 30.647179024104 45.9814051829122 53.3050974300265
11.8845451367113 15.9592819356508 26.3835544318859 46.7610111770918 62.8936845351604 73.0656165469055
7.6273305922514 10.8368352600412 19.9859384788398 38.1286624027499 52.1791074038198 62.0450176438491
5.92135929288832 9.42447862255408 16.7466038548436 33.5114357214223 49.4990854114537 57.0427343911673
0.703538418847499 2.04463972766857 6.34128800573347 17.858110829123 28.3131412293509 35.4390973785884
3.26080295135922 5.83890226380788 12.1188845094777 26.8592593091016 40.7606691878679 48.1072220802976
0.205412841185072 0.339761901602644 2.02593704685248 9.49580155483209 17.9330882976294 23.439721704626
2.77996777637666 5.20129312095395 11.1644406995183 25.415466854062 38.8307152659016 46.1378251734142
0.346768166196183 0.229631799576485 1.42186958692439 8.28567251084769 16.8133729275936 21.6661552208201
6.21244953458803 9.26198945413129 17.6306476105816 34.5199492711093 48.7283974236886 57.772938085784
2.52220709937257 4.88205716059527 10.6064858475277 24.5865982388205 37.9826812302901 45.076699025266
0.41612427266885 1.73760257837625 5.29338170898337 16.3987564143546 27.4494610331564 33.6342016634618
2.93230049941563 5.14365871821316 11.700450461841 26.1895258108076 38.3818519434149 46.7407814885865
2.72390146897956 4.99040314300162 11.1308805757082 25.3926193636357 38.1989533975452 45.8977028189843
1.78539834918553 3.74487813286251 9.10934822140216 22.2821993282791 34.5519178277897 41.7790323401961
8.52729732923803 12.5165876327816 20.9204287740203 39.4089189398647 56.1201662398019 64.4028478776935
0.0788617256130587 0.813359381304562 3.59214719426021 13.023864961621 22.6266605486401 28.6827817289833
2.80444532351019 5.2824108425256 11.1644891816404 25.4382522216237 39.0963406259889 46.235501096389
1.98126714831219 4.05563763089392 9.43992467625196 22.924291969564 35.5748394998242 42.6664285042336
0.120959169121882 0.938469138027579 3.88022345930989 13.5819158598539 23.3879682407694 29.4995831202573
1.55351448585069 3.64364240482846 8.37779610411099 21.2298397983954 34.5598788909059 40.7451810682033
7.00478693712211 10.8284858660418 18.4412567063381 35.9747738821771 52.6253487058173 60.2338116453736
8.25116443156033 12.3132138261707 20.3885613174814 38.7460962401601 55.7822695456893 63.6869206168101
1.87916908068872 3.8003369739867 9.38380405845155 22.8043036492023 34.4711802594867 42.2304856065354
0.679963810900553 0.164117293166306 0.80642319094257 6.59099844628653 14.7778057710131 19.0868755189827
7.29893199478418 10.4810711964583 19.510623735101 37.1008801600234 51.3658262942839 60.958241559602
0.160472593953004 1.07876416362245 4.18990253939341 14.2073286504263 23.7152222712419 30.2558754860843
3.04186572651972 5.73851848232952 11.5153879846481 26.0579324181857 40.4586478875492 47.2292771048402
4.11782067651416 6.92937808229911 13.6862654077312 29.1821035545043 43.2960022471885 51.0588987171232
0.490962503771027 1.81771695929317 5.47887924730409 16.5243162738597 28.0394178554371 33.9784039152671
0.269679499737354 0.324132153847309 1.78901715323194 9.043799720857 17.625310698438 22.800823000243
7.31519786090708 11.2110827326944 18.9246068104276 36.6697053700451 53.4537012729586 61.1128285147496
3.11820621479151 5.42266165739491 12.0221439402907 26.6582896625094 39.253294665971 47.4545931294846
0.0819494485523428 0.55173447125931 2.746150694112 11.3363330776582 20.3380585826468 26.1473092765598
2.29570630078272 4.39281551000546 10.3357815172974 24.1321274408994 36.3860921526793 44.1616273133543
0.182745782084616 1.1021565905337 4.28524273428635 14.3223826791361 24.2297391060103 30.5404552643379
3.54609373109552 6.18406836355381 12.6653450631406 27.6508656897029 41.3965993178839 49.0491429932811
7.47601046976566 10.66399127755 19.7340955216447 37.7704339963845 51.7940732950839 61.6021049118351
4.22213851231544 6.98988148418181 13.9693288983318 29.5573507753227 43.3890796516424 51.4568223137555
4.95308456638749 7.91361058056277 15.2041426405603 31.3909458457705 45.6502182280528 53.832904523757
2.66351534836814 4.80287735399351 11.1329381774041 25.3694072048617 37.4120520154566 45.6459928880274
9.79794476677499 13.742592261215 23.0968437824365 42.2973739308982 58.4988108005271 67.7478996568123
0.0488942500090618 0.663972645096444 3.24637574144715 12.2801891657821 21.4617126927116 27.5532798692697
6.94953971315718 10.2266636490014 18.6458852128649 36.3578615789208 50.9773541410538 60.0153185357189
5.19674787738122 8.33194455701767 15.4652423182403 31.8786015755333 46.7643161804469 54.5839302711698
0.11810310507935 0.561024328667224 2.64631910980346 11.0445190083786 20.111748740979 25.7703534630896
6.32929702044406 9.97015627183474 17.3879800345066 34.4492250645414 50.7354124753766 58.2765151553649
0.298602843398066 0.282582743677256 1.72538835867434 8.79526919143147 17.1660033135725 22.3999404154824
0.015178667021242 0.71335753209866 3.15182539900642 12.37904041799 22.7432339715149 28.0010143659582
7.44026936704473 10.7287279242611 19.5465931759505 37.5928473884896 52.0418017894687 61.4839755982382
6.88623081203322 10.6561291738453 18.2788254861411 35.7230241382907 52.2336196150531 59.8911145936831
0.0252836147792207 0.501921151747294 2.68557665609369 11.3156421699278 20.8673568744158 26.2891789303465
1.20160287067961 2.79967234638163 7.80289915222203 20.2268284821556 31.1230542207389 38.691530387505
0.489950822132845 0.159972011675321 1.04004150350769 7.37195832765061 15.7808881731089 20.2868496650854
6.35697684758267 9.70126320783185 17.6613467687573 34.6721889509887 49.9254013853281 58.2587089539549
3.00885022532028 5.32820532242785 11.8467550734357 26.3789473973252 38.9990065849187 47.1396939294342
1.30580661838345 3.02476982955912 8.03851725888121 20.7634976048082 31.9528311701109 39.4461068984066
6.63548897797528 10.2346495609434 17.9679212813322 35.2087757383933 51.2351887059464 59.1320682893265
4.04475634406259 6.80095077758161 13.6026525498012 29.0348833888044 42.9445860844094 50.8239082708889
3.84997460270611 6.68890381394001 13.1649205312095 28.3774761119299 43.0162281897518 50.2483005493857
0.104847694597126 0.353182091805716 2.19935170069603 10.1332913290595 19.0892040988265 24.4615126158666
6.07308420960127 9.12074484100502 17.2921674638573 34.3353871269435 48.3749209914678 57.407510222354
3.62363285627787 6.3977964070314 12.7429227563418 27.7780944551003 42.2948059784218 49.4563667339767
0.687833030522418 2.0987123443142 6.38021105949109 18.0802732055767 28.4457149791264 35.6926331413843
0.192356809520853 0.257312671503304 1.77902914809074 9.1936213693149 18.0321944689441 23.0783464358952
0.241490680043117 1.24883552351172 4.6663045635307 15.0063406091404 24.93357923293 31.4808246350413
4.06606996818827 6.74998229822055 13.7503599934431 29.2096324490821 42.7546404523079 50.950988023531
11.3462348263771 15.6912132667517 25.2470520401005 45.4471582153866 62.5938176227937 71.7398965248833
4.34739822198875 7.4238428728813 13.8448509294566 29.5911653521965 44.7163381676124 51.8177113778158
6.05440578592737 9.13829450740701 17.1980548464653 34.2276718800245 48.4467225775624 57.3150298325312
3.15456377192597 5.94761168476828 11.6595548412101 26.3266169534457 41.0597754373876 47.6529058763555
3.41497012128942 6.3004502994265 12.1185356645386 27.0380782589495 41.9761788188956 48.5949307838663
9.83501630158838 13.8800731564326 23.0606352592782 42.3133922210429 58.8436909240352 67.8473548942564
5.29721785961872 8.51690243036405 15.5646327708937 32.0896636746705 47.2726056153189 54.9154351289277
0.587199988087299 0.156353836980296 0.903586588157484 6.95177237935493 15.2622058408993 19.643222725425
4.18274520613662 6.88284724360552 13.980260073203 29.5412138215763 43.0760393116993 51.3627252536158
0.641910902311531 0.149738190366045 0.81484263293225 6.69917190373645 14.9582139584274 19.2566365746459
0.135364881026422 0.386731972974735 2.29104701010948 10.14801925069 18.7434471644886 24.4079402802698
0.812295297050597 0.185622953654466 0.716451611307705 6.20887597508594 14.2611906667834 18.4754480564791
1.10941490716932 2.66430343172072 7.54583378942975 19.8169451535196 30.6434022542702 38.1325335423957
2.6272847630194 4.89030013693626 10.9835037542006 25.1111889417453 37.8737464832595 45.5655522654393
2.53231541056343 4.69031016580684 10.7795374147711 24.8702910988033 37.2294222081405 45.0951738293954
0.779179497029325 0.173482574321052 0.743138952069432 6.33123376594401 14.4552375630131 18.6669329859176
0.578561628910377 2.01958911771327 5.72788578016421 16.9598010326904 28.9312469999533 34.7010585704629
3.5052196065393 6.41195367940026 12.2891204736844 27.2924736278456 42.2547641566413 48.919194083959
12.3738905305521 16.6154593919717 26.9946799876716 47.6802068173571 64.2634891095054 74.2625605753484
0.0394585715388671 0.684417671970872 3.36625789699002 12.4538646559047 21.4076909112458 27.7545609203132
0.753246723603228 2.12435325886099 6.52081018382061 18.1547025010372 28.6099015648759 35.8349134127357
0.0324283097016513 0.673275772752779 3.14972097832186 12.2723458634955 22.1355493495894 27.7085947945147
11.0404854478088 15.2159301200468 24.9156940686477 44.8788922677216 61.5401262451418 70.9468736173497
0.00109166298848826 0.601437382702757 2.93711644081774 11.9146232653602 21.8884530008199 27.2469739577069
0.595068873465182 0.171372056261236 0.980577886248251 7.0381424754862 15.3240311036714 19.7710236510707
11.2264646887246 15.0876551689117 25.5543313860117 45.5288004998775 61.0658181925324 71.46005446794
6.07207054749098 9.39630860278234 17.150515866301 33.9730978098618 49.2781233597105 57.4135840513445
3.3584496171088 5.9906742093228 12.2568682046868 27.067770447503 40.9428497612995 48.3513130826374
14.0595917219381 18.2223630976286 29.7421740568173 51.2375335787461 67.2216983269315 78.3425495711846
0.0269405589953113 0.763568517794266 3.26426592701283 12.597940625616 23.0535596950513 28.3297152911589
11.6019106791696 15.5785860812677 26.0343821387745 46.2360426722293 62.0944841893338 72.3775278863305
0.485465369502233 1.85789327144938 5.53033679496946 16.8016439734697 27.9556001368721 34.2003827103146
0.0857731655411906 0.97787795037256 3.72902523700283 13.48775475762 24.3154226424199 29.6635478630349
2.0452221680581 4.00859392998865 9.86223398062542 23.4197505359564 35.1537556361816 43.0954247904654
4.26180369477413 7.24790887907336 13.9039145929395 29.4385388052711 44.4077766622563 51.6819399540345
0.773951682618338 0.161297633791852 0.715302167402616 6.30406813548456 14.4663215022845 18.6336707928322
0.259294378355967 0.277498150666752 1.67837868060905 8.92170178397638 17.5574477432537 22.6159192696421
4.60507941657935 7.51289994069169 14.6382543565988 30.40906412402 44.8843680528038 52.7459785713847
0.472926504841197 0.183115826349283 1.17965767586368 7.58919690497483 15.9897113650074 20.6208438586053
5.93754004536709 8.95396674923699 17.1448262925096 33.8520099825157 48.0561058771001 56.9482803082689
12.7109008844452 17.0118092466952 27.4733330651502 48.3555538887019 65.0609867817521 75.0936484071425
3.99988321277604 6.94910602150119 13.2803682605311 28.7042762822441 43.505894294461 50.638156143374
0.0720082465897754 0.926750237697999 3.63046287268134 13.2969188447753 24.0099339024684 29.3670045346069
10.8808592036555 15.2043617089055 24.5148132761491 44.4575083105703 61.642604440578 70.5696535634015
0.625163447704189 0.185344437950807 0.981672098626101 6.97457045366345 15.1859970919371 19.6595359273682
0.0530652710970811 0.536915345241925 2.89296583942638 11.4286221652854 20.1105675927422 26.2593007189457
3.0730287252758 5.80798867299602 11.540918222133 26.1191421873889 40.6652203179794 47.3435571883994
0.228598516004449 0.271362161713854 1.71003987674323 9.05489104654432 17.7291154774719 22.8122558808443
2.67336322948325 5.15260430631963 10.8613105521237 25.0043951174717 38.7940471253624 45.7233451693799
0.553465778416792 0.148444610137321 0.925217138244533 7.05942808029311 15.4136320628375 19.8107886682417
0.404306522566793 0.176187506055913 1.19899462386235 7.80940812951672 16.2995970715854 20.9503010936467
0.253304815703221 0.252834698241594 1.62296082270986 8.85100235127675 17.4972654340796 22.5088705222806
0.147462063197191 0.348383500135284 2.05329374592003 9.85398291095859 18.6382524102274 23.9889627205864
0.0843214439775056 0.495621275870959 2.58616228760546 11.0126901138001 19.9501732083129 25.6736449738472
0.0748163263665441 0.682184105511994 3.16643287863306 12.2046619913659 21.3004928798741 27.383385184161
0.113943104585116 0.906980862592445 3.78617442897253 13.4218097375301 22.7018648082145 29.1155952658245
0.194727121314307 1.14979728862311 4.40067434924815 14.5760841710478 24.0328410891649 30.742257644115
0.319210029901017 1.44531483318697 5.10677868160781 15.865315470762 25.5308576446482 32.5491734822896
0.500988981312393 1.77946064930554 5.80179674709858 17.0789095983913 27.0392609995345 34.2543912115226
0.733155315156153 2.16286193928503 6.55119738560832 18.3468726165241 28.6443707744187 36.0304237661595
1.04826445589928 2.63801265142755 7.43341938086015 19.7851148779419 30.4684629904506 38.0302676939652
1.41720487798759 3.15965833878514 8.35085039623556 21.2271620712486 32.3165529771868 40.025107991456
1.88344621083367 3.78511875405179 9.44937010567572 22.8953156408587 34.346852374114 42.2918297541665
2.41004026360878 4.46765700569553 10.6181301581385 24.6209722434891 36.4108384952693 44.6141219772824
2.95084052972236 5.15776877184467 11.7551964576242 26.2674170511552 38.4017918296457 46.82476148001
3.50137362693456 5.85538930103278 12.854991448828 27.8365649171087 40.3285301848516 48.9278375443859
4.1001905750745 6.60246409696114 13.9903613287202 29.4351078605123 42.2822763818586 51.0505172190136
4.79454616090014 7.4500502638164 15.296247345113 31.2625128886983 44.4161481177153 53.440442853025
5.47910772518807 8.29842386622584 16.4631267932108 32.8832310626643 46.4279472071805 55.5632725120528
6.27614978024824 9.25990063642273 17.8178579007237 34.7565529970652 48.6447197624952 57.9760161880068
7.18766470819242 10.3465283031306 19.3305436419111 36.850334202714 51.0672330560171 60.6383240576177
8.21374365889741 11.556140429477 20.9826835089503 39.1433405074688 53.6847373703103 63.5201657321227
9.30971521681595 12.8366743745535 22.700994936889 41.5333218389122 56.3970927221846 66.4983162885623
10.4280809458787 14.1339673730131 24.4097876708633 43.9142818592359 59.0978716820133 69.4450074171304
11.3903055592558 15.258769613504 25.8128842308042 45.8765618776788 61.4011224984579 71.872007823214
12.5368242673689 16.510927793716 27.5480840921949 48.242421137558 63.8821863721667 74.7165785201696
13.4433274336124 17.4778002985504 28.9200384497475 50.0873526853396 65.7536273355259 76.9115518225084
14.0773654507632 18.1421960722618 29.882023417344 51.3648594273798 67.0143932612418 78.4197254530101
14.2985733251593 18.3952413500673 30.1885914066215 51.7805048015733 67.49896943112 78.9251623034969
14.2825647731851 18.4197547610491 30.1178294582503 51.7113486216466 67.56917015028 78.8741834294207
13.8966958997161 18.0927939396788 29.4510404902376 50.8781589656223 67.0039667461459 77.9493535930915
13.2845797439151 17.5492649286102 28.4170223897805 49.5697765349183 66.04072065868 76.4790279918346
12.5725127446039 16.8858894814445 27.2409664823855 48.0587146652819 64.8338577661035 74.757563226666
11.7062556671585 16.0529934941558 25.8239954173056 46.2127630843667 63.2844576023894 72.6333001653836
10.8877445541871 15.2203896024232 24.5182143949721 44.4699710631921 61.6824623211128 70.5913517729852
9.82646143666461 14.0784094911496 22.8536316389718 42.1860726383025 59.4023899847174 67.8626104790291
8.61621492819349 12.7374673023506 20.9534005122258 39.5452662708923 56.668429821598 64.6709256344723
7.49096139985277 11.4294168012877 19.1974563050194 37.0632731949863 53.9279942556749 61.6122013348036
6.53575998540231 10.253812110598 17.7029165875628 34.9167050570533 51.3806093420359 58.8979637906126
5.73441719970032 9.21917356773737 16.4153001878162 33.0552255830582 49.0596115291549 56.4863611276014
4.98030662522482 8.23800040561053 15.1409724071569 31.2281236522344 46.7995986970683 54.0974206693764
4.29914556380347 7.33622754446586 13.9534121993875 29.5261618117908 44.6643770543157 51.8456105066361
3.72047844731787 6.55365128975315 12.9082192222562 28.0255522421929 42.7222804171448 49.8248302556679
3.16962400327757 5.81215589059126 11.8655736200499 26.525455280986 40.8072466683884 47.7983647082745
2.67844465111369 5.13605134566882 10.8830371067828 25.0960027575722 38.9620456261457 45.844226860395
2.16530178134828 4.43457085743526 9.77096913913055 23.4628881098604 36.9661653301411 43.6274433856838
1.66097540152204 3.74022910023975 8.61596388273649 21.7478931900463 34.9025804189292 41.2971196066565
1.25273732230985 3.14810015603609 7.64440174120467 20.2744203046224 33.0091735143516 39.2489579447458
0.906685519144844 2.61918470524953 6.77031635515874 18.9081819150872 31.164748022764 37.3153709845549
0.616751047159169 2.14008986624754 5.96158960373363 17.5905865146702 29.3191667859965 35.4197843225366
0.393730466940425 1.71574074593597 5.21552894138993 16.286789806795 27.4222559450031 33.5103528543009
0.221593435038768 1.30980796567204 4.4284075538008 14.8015197540331 25.2891054338214 31.327820123295
0.124218265289644 0.861611502044769 3.42293030426405 12.7175181700944 22.3592658863435 28.2454950225988
0.14039838493936 0.510846223815211 2.48837640051058 10.6361751186763 19.5483792507459 25.1664544293934
0.153615474595424 0.404646374978028 2.24684065176844 10.0236487019924 18.5949467052885 24.2342143604445
0.0815138654691043 0.469228952462986 2.61959443335707 10.8199648592964 19.3787569128243 25.3749621364006
0.0403164818736414 0.605664785619126 3.13177726401511 11.919199751733 20.6466955238024 26.9626009651199
0.0642151836007208 0.804107572989493 3.7046813360991 13.1009039499487 22.1198475913034 28.6678013440381
0.143798145351156 1.06928014687241 4.38265818022083 14.4292393768998 23.7829465531578 30.5713393844428
0.304045259124327 1.3850663085319 5.05673547487666 15.6601570892548 25.4136160075999 32.3300916244635
0.545717263027396 1.79980633416351 5.91076355287043 17.1381598722648 27.271429118209 34.4034183836204
0.861868028345206 2.29230932074191 6.87137343099066 18.7292056434381 29.2401066157746 36.6126800301424
1.22964335908505 2.84052351997764 7.89500824169383 20.3759928541805 31.2657734318394 38.8870911445489
1.62437333471382 3.41282246533396 8.90332620789513 21.9576059228361 33.2424331244582 41.0700451831603
2.03720378174538 3.99538620635843 9.85438195633834 23.4095563784421 35.1148565499137 43.0750633806313
2.49763051348209 4.6272149358222 10.8429243025136 24.8908270213264 37.0138328280947 45.1013467696738
2.98023379442244 5.28413203651777 11.798380740338 26.3065044494388 38.8693192433513 47.0313920053714
3.56309870388064 6.04893381015644 12.9085280830995 27.9452480693657 40.909552447621 49.2129891068236
4.22883922278983 6.8955479364806 14.1298156955125 29.7408380189216 43.0704366693587 51.5603557071376
4.9870221004819 7.81677374681883 15.4623523711337 31.6788533934494 45.3024126736378 54.0374877874476
5.78710161562959 8.76218486875706 16.8485272408152 33.6812129498987 47.5282788293899 56.5610235915808
6.59964162796982 9.68059823797645 18.2498384055264 35.6716145833366 49.6076096476932 59.0207941242937
7.33688048136263 10.4881299071218 19.5294616256596 37.4665575614807 51.388436816476 61.2094630896005
7.71488591805431 10.9099140586316 20.1647852209946 38.3602265908081 52.3155827558393 62.305452779587
7.80431348582202 11.0323838992769 20.2886140686615 38.5531188294515 52.6071729886549 62.5632808231808
7.73349443582789 10.9974506448936 20.1166989792329 38.3476832010769 52.5748082001605 62.3532017139409
7.45649216289391 10.746826118964 19.5749250100255 37.6329514027358 52.0818679196836 61.5330175153853
7.07861700259753 10.3839048519171 18.857339376251 36.6713874203603 51.3423533457187 60.411086850804
6.59055436839872 9.8957288094641 17.9406034738842 35.4222457807026 50.3160596438209 58.9355616763952
5.97541274428496 9.24942383285364 16.8036728968626 33.8377666134367 48.9039786797964 57.0335456585344
5.35793713528135 8.58669797612823 15.6717282521747 32.2449691493945 47.4339647082113 55.1078124836552
4.61383336041863 7.74851722188735 14.3122653020037 30.2877525104762 45.4999490287441 52.7000697564864
3.84041979597664 6.83510359810323 12.8986412577902 28.211269189282 43.3143725889052 50.1000574940413
3.15431233785435 5.96957134803765 11.6363101581214 26.3107276143018 41.1401043775714 47.6580165653348
2.56014075363772 5.16750259615934 10.4927167379935 24.5548035214488 39.0099440872422 45.341337411049
1.99658212111026 4.3823050798479 9.3523647923463 22.7971684274324 36.8541404162458 42.9939471285188
1.60335504972871 3.76316152564626 8.48449621956936 21.4215775612478 34.9869965323679 41.0699363508342
1.24823670313622 3.18641747940479 7.61801632398158 20.0398508710162 33.1240869348239 39.1187411405184
0.919156231845102 2.6374359145959 6.74357460763721 18.6340682446882 31.2499360750718 37.1248786116357
0.631698825697045 2.13332679762834 5.90447312802601 17.2629559275544 29.4094962802204 35.1621034976703
0.381861162691059 1.66611327384159 5.07174086218787 15.8683542155743 27.5550102728185 33.1556598557101
0.200815558924304 1.26995398070898 4.317665965228 14.550885762334 25.7713245956642 31.230859872819
0.0617260414611621 0.914922670328064 3.59001027820477 13.2364880759095 24.0008621385827 29.3010652290144
-0.000458354657257295 0.651974629444737 3.00208056983745 12.0969288208032 22.395683979063 27.5917565328248
-0.00617822654658754 0.450837146580704 2.50230756821738 11.0564098870251 20.8914834264761 26.0062419603933
0.0580494486943167 0.317996185434845 2.08057987852147 10.077927145829 19.4761553969507 24.4967015334262
0.175895935892048 0.222257482077477 1.66750017509869 9.05068118074189 18.0614718474092 22.9172845640329
0.33941420732477 0.168826853961702 1.3056160485676 8.0723681071192 16.7376592825733 21.4022151661112
0.540042047076801 0.149187211737154 0.983917584568193 7.14861260697124 15.5448486898961 19.9661455339152
0.72884458401921 0.153905954587318 0.751522679942606 6.43897626423493 14.6488022935538 18.8510032430661
0.869997857943395 0.16624224439663 0.605656580575904 5.96836740217356 14.0562292114084 18.1050177628239
0.978956691330152 0.174326124385202 0.488194631113793 5.5996715620582 13.6028201121053 17.5232061142248
1.00464821587331 0.176075872667053 0.455420803954361 5.49741454686112 13.4709640459842 17.3646034611189
0.982970379031266 0.169216731600358 0.455139076068317 5.51754688873013 13.4928181910965 17.4049327213212
0.917126032576036 0.154036655098356 0.485817721924312 5.66287605993954 13.6803558980254 17.6454195605402
0.80865714124299 0.143706388412886 0.588325031490124 6.02016758500804 14.1327831929063 18.2076823852923
0.685648355554746 0.142294481736258 0.739086129685773 6.49966157463016 14.7305847185827 18.9500762247238
