9.29675573675044 13.7465655605075 23.9030223924548 49.5806598834959 147.353165789109 205.100611774133
8.29332501523229 12.4897935226024 22.6415667983624 47.8754214062345 144.792339321431 202.216033717156
3.74519320417129 6.88026559459076 15.1153985448551 36.6806880423665 131.77920461733 187.791966113938
2.54164802399437 5.27069161707252 12.6310679285915 33.2804262553358 127.426213110874 182.904640743299
7.22567464762952 11.2346884134565 20.2465739767671 47.7641077599803 143.80723914041 198.244107134914
11.517527710993 16.3722873639879 26.970962709402 55.6566336692882 153.816403639552 210.184795752883
0.468672821812563 1.71421619216495 5.96251705478474 21.7520178844127 112.907749358568 167.080019936686
4.29496273885561 7.56211651837284 15.8830825126583 37.7020697399759 133.030736527128 190.000667302776
2.80247161533662 5.60754096930821 12.8227002558921 34.775943665403 128.57271423873 183.75378452683
0.797002744815095 1.4053605501104 4.22457409690808 18.2443980578264 108.00368978707 162.283388189183
10.9722202242176 15.6886492851541 26.3976852269692 53.7732652519122 151.600988755101 209.287534239235
1.07918047344067 1.30603433634239 3.34890533043847 16.798600492656 105.943079998401 159.364683846079
1.71518514395073 4.07612947870351 10.5956942730603 30.3085830257473 123.61626714108 178.696776286498
7.6960191890564 11.7550496429077 21.4504074711926 48.3026649776849 144.327006863039 199.910382600687
1.21448502039414 1.26979716468045 2.98126871941434 16.2661903780968 105.303172024665 157.765229370434
3.32798301511087 6.32965103274853 14.2919705929303 35.5247070612171 130.332967810192 186.197217613935
0.507518060347182 1.61280159918309 5.09709620051941 21.872206690026 112.14328159568 166.213957841473
7.59689061570254 11.6464545813992 21.6097087716696 47.4301121839972 143.770798567334 199.632920226838
0.69010990955584 1.39441830237286 4.20829173231539 19.2383418326556 108.899298124563 163.201438962464
1.14292113679326 1.30312412801031 3.32283197944365 16.4181362076673 105.583898437639 158.942588273064
5.30612905366833 8.88975573670354 17.4454510066339 40.8572155469699 137.054267521797 193.223281922924
3.79798966710928 6.96604186472323 14.867178872838 38.1979632876845 132.753449342887 187.552869320349
1.23349195114712 3.34602806146083 8.90690208634455 28.8508175980885 121.43750990609 176.001952943873
6.07261840489538 9.8035624047026 18.9934290221966 43.1598198890245 139.107088270907 195.467812673311
3.52471991620219 6.58274092952756 14.2981646766341 37.0799167127821 131.404150396409 186.675813080868
4.32349435663432 7.66832362601367 15.5918932542226 38.6330941499488 134.435683121799 189.778516510937
9.08283821790216 13.4302199947603 24.0248211377135 50.9041255081272 147.829921291881 203.547395943716
7.37518258970131 11.4051340199131 20.5334420689103 48.0844045834785 144.093677514226 198.738232451879
0.767172212386423 2.48435511592063 7.45908978809733 25.3451321389177 117.814394155579 172.24005469024
1.78524280071007 4.22281671911398 10.4860814293323 30.5254310186532 124.847093866372 179.119060905192
3.5613926969036 6.61199156039719 14.5900947381174 35.6908137009135 130.633644859345 187.317117066047
2.07065353836163 4.63903575692332 11.1739608799834 31.4666023696444 126.068265172888 180.608546078862
0.716553958696075 2.35938232319352 7.30452094872932 24.725861644218 116.841715350856 171.610573635741
2.56271367920242 5.25495620590743 12.1068528178386 33.1609319925421 127.136756111238 182.984052194064
0.41699160041897 1.30882403207252 4.19868169828603 21.378910939054 111.225054992509 163.377879019389
1.40374161447576 3.60591142341497 9.3076565133349 28.9587054445608 122.329906210868 177.066711315217
0.948088603370652 1.27576470528606 3.40478192619508 17.4368836362048 106.660361890568 160.096070053743
2.73458618687125 5.50883153213644 12.7909622807959 33.2221365526949 127.765574353009 183.910862525051
5.39035766220282 8.98145033528091 17.2977867110012 41.3788304457038 137.246154298744 193.314892505302
0.536860806253518 1.19701876556887 3.6686625567948 19.9936100362793 109.654035014526 161.596230764197
1.23265336901844 1.24764727862863 2.93636577225333 16.1211406443312 105.335645117184 157.330394566554
0.532271507026658 1.72753735072059 5.41625038183404 22.2748072885457 112.879003831612 167.000137712589
1.85078737898121 4.28201022596011 10.4253049993593 30.680955199081 124.613039101627 179.517460966892
1.00817313728854 2.9748296993684 8.16776096135255 27.3262992482879 120.189437781427 174.34489052311
0.505741518428374 1.90793202521927 6.22313120886374 23.2119318936467 115.317024336372 169.067572728155
1.77932349067998 4.16463238477707 10.3805613486764 30.9800641023502 124.06911260217 179.104575147295
1.82520518581861 4.21598167327382 10.3801000204044 30.4750938511487 124.019439531811 179.483538191276
1.02773005207255 3.0026263844568 8.22160963352012 27.4022796021023 120.238141098699 174.485964854487
2.00551239636056 4.50702829673025 11.3492713818786 31.4254578008546 125.026518460107 180.345882787817
0.989789489786067 1.16282062352362 2.87662226579624 17.2252195562606 106.464444932605 158.18619573799
0.779815752063562 1.32135489479311 4.18803765904727 17.8984070997984 107.870709570078 161.888193030081
0.553670639030263 1.86584225087718 5.78461527866306 22.8845784964324 113.992278287477 167.912902024912
4.82307277814835 8.3084272111166 16.5384326195127 39.6983441307116 135.892482707657 191.579866361703
8.26682529856684 12.4929157841072 22.4600159882599 47.2536341635839 144.547772540794 202.37864875908
0.799563124653128 2.5811867877953 7.84692083556618 25.709035654633 117.948074878394 172.375172769138
0.2691939383896 1.72146155873065 5.56882247227886 25.6042972791073 116.210464185956 166.988168381052
10.3057329253918 14.9660433930906 25.2437877520397 52.3259025680838 150.463195640446 207.422231596811
0.511596651302917 1.60205773420093 5.58053407226533 20.7605930047272 111.604956113179 166.157933321887
0.747900051668235 2.60008945171935 7.49316476875411 27.6204135032091 119.197219001853 172.39378399757
4.60141832192246 8.03207442122063 15.801939070269 39.3826668626156 135.357527484072 190.514974436315
1.70682668597433 4.06760079500369 10.5851685840768 30.3092498219935 123.615851886513 178.646332401049
1.08809714606518 1.24839619279206 3.27206277015733 16.5211416394308 105.984129019952 158.590407896361
0.748963309348368 1.4230457159896 4.36996805252761 18.5531090351786 108.461870783938 162.698477936377
0.535255783437893 1.65508750862216 5.20576567955785 21.7848882816896 112.20617319742 166.396582932847
7.36190233066562 11.3611487615898 21.1792863387236 46.3896710375357 142.751509289923 199.284942131454
0.476360030442836 1.35206013569452 4.79417354936403 19.8237035646978 110.837359132594 164.267121046912
11.0137938865142 15.7044831225237 26.7091003865226 54.058309072971 151.669509686873 209.293894336054
0.878391670118535 1.22043031487944 3.28363954530678 17.8201048906581 107.094297329234 159.947835569761
2.87643081684891 5.7113399413031 12.7895802528445 34.4378049827077 128.799701592709 184.272717618689
6.78265396235103 10.7241810853712 19.4223637910827 46.7505299205918 142.900521836586 196.770292926642
0.443932392478546 1.54695273280914 5.42245272137516 21.1423923872261 112.534671532185 166.456462939719
0.561346113360824 1.62105498250219 5.0881543580013 21.28646096357 111.655789375061 165.93390253854
1.9372164093456 4.42287899417596 10.633504778424 31.1288815469298 125.27370706512 179.888139519169
6.39283828399418 10.1929111387284 19.4795044529476 44.1257568330768 140.115375896219 196.390653681116
5.46419946414072 9.05800244619283 17.540941928221 41.3875272353435 137.19577987103 193.665306435037
1.59453895747577 3.90503226566256 9.79921186448044 29.7037787525819 123.413361582683 178.168121793328
2.15426748881445 4.69714796686251 11.4894293103719 31.5213390102033 125.550183877755 181.120567349763
0.475940887117132 1.32621127519419 4.70163039855331 19.7121175337348 110.72594367228 163.93919642479
0.439897550321401 1.66941961329348 5.82053913245838 21.6538113272537 112.818312200238 166.309757001818
7.94804825259201 12.0609330984965 21.7963072924662 49.285433557704 145.314831363123 200.473061236981
12.8525725757184 17.829218326568 29.3740970974177 58.8665434549465 156.651870663711 213.385271186798
0.84681366810948 2.66345200536689 7.99975051569561 25.9863975967462 118.29177079752 172.772465416294
0.787460132713026 1.2521034576756 3.9113012604927 17.6862929468154 107.741391514158 160.947101082571
0.720636224286746 2.43271492077072 7.55923307216707 25.1705752771212 117.284684026736 171.633202239766
1.27577645888595 1.22634700886317 2.66094467157305 16.1304262359405 105.180759690596 156.39841927196
0.927775985293705 1.32725525629914 3.65114827977176 17.5620795399838 106.870050298345 160.812976505897
1.02965284618724 3.00673986232727 8.34753940380991 27.2825782583722 120.554544931865 174.35396674773
6.30868717835519 10.1623971034763 19.2294151936201 42.8263518876341 139.862873904841 196.531753421937
1.3075964896861 1.23375953856348 2.68250173101228 15.9762582732593 105.073987403222 156.357173193584
2.09526964383538 4.687225601475 11.2284428741574 31.6303162473623 126.350451558442 180.705994287276
1.51371614384673 3.76146549500629 9.63938768695994 29.6422994582398 122.667891103651 177.72335754375
0.730506844859096 1.24974534868857 4.01228025594308 17.9528753120304 108.155204436421 161.328765078679
0.4822192105943 1.75086446741859 6.05987496340235 21.9145845362087 113.117543071869 167.514140445283
0.806294660326035 2.80912928015251 7.93064812637634 29.2332177526258 121.015578238296 172.869985607898
0.630195332619296 1.35975469743006 4.14104208897166 19.689649711864 109.350998567507 163.148636799305
1.76005128992643 4.14108501347797 10.2081684034532 30.2855054665055 124.047816204694 179.087237187548
1.2032240180247 1.24019638410128 2.84458028131113 16.3381338974248 105.377252151069 157.331005568208
1.31298856377776 3.4630689631023 9.18850278132908 28.5302567378429 122.118975556581 176.233279363146
0.938677452775202 1.29947499334116 3.78030403041275 17.1585708125879 106.803453729339 160.456596124097
0.507313049055469 1.8318173679461 5.72273996552164 23.3603958350099 114.090707998338 167.975076806684
2.16950884745669 4.74622619252453 11.7594189520081 32.0487926902482 125.824548418429 181.126842514363
0.718431202093755 2.42861196271384 7.27573778347126 25.3714138622318 118.064498889719 171.823571102533
12.6421751357713 17.586581996798 29.0694052190661 58.287279391747 156.054532754375 212.949690073722
1.77555987523898 4.18534046649684 10.2453900458448 30.47943361634 124.479650527328 179.090310719369
11.4255520272337 16.1957568413299 27.1479395407241 54.8892327206206 152.638651188808 210.408035007933
8.31237784740985 12.5920225163968 22.4122619934996 47.2403921385149 144.923403409647 202.460315854794
0.618228393027496 1.46255399269372 4.94593205848786 19.3162103989901 109.674008683531 164.197667028707
0.605441371850805 2.14240948197103 6.46433657420951 24.4803830823356 116.121874083153 169.908921903403
1.84882462625716 4.29547558256547 10.4222691076309 30.7907907367296 124.878541103773 179.445845375425
2.64658424050044 5.39590341995993 12.7761136974703 33.3538833323232 127.61677221532 183.409612565312
7.82151863936045 12.0293178401167 21.6145824501674 46.132813518525 143.901262824315 201.015168188113
0.642154813814471 1.2486066716185 4.16892589948402 18.3984957325808 108.843496856479 161.918213722985
1.00046397596362 2.9385987741181 8.24555087421031 26.9816444112839 120.081932223966 174.166266391346
3.30892004622606 6.31064259462105 13.7091235792447 36.0361143855164 130.697556022732 185.976274787766
13.4234329080678 18.4778031726749 30.1195227229105 60.3739588882382 158.156758462237 214.637262907896
6.72936792499678 10.592492812366 19.9424927927597 45.0974451446371 141.063418248279 197.402397905134
1.06905885169864 1.2730688142568 3.41140575810827 16.6057641157787 106.032334352917 159.149402476184
0.621452636717504 1.45516468394414 4.82183400832961 19.2559577923533 109.581193129156 163.677389736354
14.2792614603754 19.4457923982098 31.3303372377213 62.961001154675 160.741071826193 216.191180184525
2.49717188519265 5.21053788529214 12.1697369028699 32.6098918652708 127.314390068475 182.719219209242
7.38269500618663 11.4559755009101 21.0248844377692 45.1643517739125 142.43324103757 199.86524979258
4.01335887268987 7.2656861602622 15.0102571798897 37.9515213043603 133.480636518359 188.621713105763
0.525422191476542 1.54083321609701 5.37301847551666 20.3871327723794 111.204542522021 165.774306662647
7.9623706614016 12.1241762683364 22.0054850293573 46.6244646264134 143.792778757872 201.505947908708
3.27655243796447 6.28502064446013 13.6103094139103 35.9925772495374 130.861710588904 185.77720151087
8.16869295698066 12.4479805784415 22.1309203038576 46.9631623301833 144.837411120861 201.954870391447
1.5441422813614 3.86723414250727 9.88133817214807 30.8654338277911 123.66066805771 177.707374332715
3.72667117669833 6.86771355058667 14.7770571505644 38.0872858819425 132.50931633475 187.238432041007
14.3593640663949 19.536904984693 31.4140033796399 63.2594096046737 161.042074155537 216.298922961495
4.81985618112006 8.25250329622262 16.9921993268914 39.572514904792 135.202579870346 191.548883215741
5.20530383712821 8.78322273022906 17.2599862202409 40.5310616980448 136.890450309499 192.916456678568
12.2241865019118 17.107216982975 28.3636202665696 57.0025967686839 154.749153377843 212.196521620418
7.85697131482358 11.9496728229432 21.6252157083761 48.9657909893289 144.963495827812 200.283997173824
6.43199878456534 10.3079555465184 19.4462515270364 43.0952061988169 140.123475077191 196.942476292856
1.09955720199068 3.10263442727732 8.82836295336839 27.4542079620224 120.09212330068 174.729402740736
3.65066554300065 6.78463784839599 14.3590725962198 37.1155045204536 132.199937848221 187.269237361858
0.678290508527911 1.43218411175039 4.66167298494061 18.8376052741803 108.99374776775 163.25214259907
3.26374322260919 6.21814395346774 13.9136741980983 34.7353961536406 129.577546549372 186.159872562754
0.757951432903739 1.24587614099086 3.5552590881308 18.5605601584912 107.953385807402 161.10569799718
6.47325163192328 10.3047497798788 19.6970065938972 45.0073021265541 140.945869796114 196.264987845046
3.00434176999135 5.87365126385958 13.3435538487093 33.9737855806058 128.711165126676 185.071708465469
0.843873992617315 2.67720676645295 7.5939548606175 26.411195511492 118.935141427421 172.92772910709
3.2657715260477 6.23399383727458 13.8171262110508 36.3394246196123 130.421690124353 185.640723482818
3.12905641792143 6.04034052383928 13.3900454025961 35.3706647329943 129.602224503904 185.325926694039
2.21499164269296 4.78457486391847 11.693506717967 31.8039696554797 125.780290640774 181.452244107099
9.04698758331639 13.4558416751256 23.5218750251068 48.9874041524733 146.752204726047 204.431465850545
0.538498311795778 1.85914759226421 6.27051358404466 22.3534056957184 113.740102618334 168.534690286034
3.29937336650771 6.27016996086938 13.9195376209999 34.7967070602849 129.737332992855 186.298809125298
2.44133838733979 5.08501763998418 11.8279231723937 32.6883477509589 126.602362097513 182.45741864966
0.574504363808127 1.97826579869372 6.53214769241944 22.9639411858166 114.539731261583 169.304668497388
1.98401624886489 4.50605307062664 10.9722733499182 31.1317781005796 125.589452251811 180.191950169475
7.54142416825142 11.6867260929353 21.1945947991337 45.4899766154402 143.14233669261 200.230072802524
8.76810777002716 13.1688290802508 22.9938728637066 48.4728420931291 146.531213091576 203.484681460446
2.25569159242825 4.85050687124907 11.5747229252015 32.8336477210149 126.244988174184 181.401701919884
1.06944244264593 1.22465186052438 2.99944193063238 16.8406954813052 105.94951283076 158.400122621899
7.51911910145041 11.5640477333587 21.5160703663876 47.6420811292237 143.915396636359 199.176421698742
0.389767032545523 1.8882331300791 5.93762191432169 25.4869406798431 116.203629556875 168.293741321606
3.54030328508274 6.62987232534868 14.1970442067992 35.6902769447928 131.095054180459 187.1170326727
4.61020190594257 7.96745731952587 16.3302494915322 38.5792329165841 134.059737914003 191.098009389169
0.910457303236567 2.76708410040243 7.95919281644873 26.3843204783519 119.221095705544 173.509896597003
0.755277055803022 1.40383790737766 4.18183787834221 18.7296122139969 108.401531461426 162.764559499149
7.85275094036489 12.0671272038941 21.6614322087569 46.2059833052682 143.984719522707 201.101400028673
3.46257820201237 6.49647387212882 14.1641727053722 36.8244442392481 131.108724690982 186.466596337513
0.340196140322852 1.39069409903144 4.54104464091818 22.5228815071128 112.564240199736 164.370440884456
2.70515335425516 5.47960257902047 12.9242338440943 33.5774765523654 127.884001923165 183.660930783993
0.624627419384293 2.14099996526462 6.90643092921236 23.7510087846221 115.513970030413 170.233061665772
4.03657122294875 7.22881541926046 15.3970945313213 36.9319064604055 132.152906412349 189.101867520327
7.73045120637942 11.7936153090484 21.4605506028617 48.4313160515743 144.417920232127 200.025274555139
4.6919703734438 8.07158834130172 16.6218225229782 38.8917862937456 134.378726797602 191.346682133691
5.41463642864996 8.97742447124473 17.6692696420633 40.9942643425847 136.692021123349 193.66147862221
3.00951974365426 5.8879155446949 13.2726840853872 35.4682798486385 129.394553619603 184.616677932218
10.249749578982 14.8203497233659 25.4865787771425 51.9906008459826 149.56397573556 207.541530802124
0.500851596164976 1.71639001973539 5.93299922187288 21.5939555681687 112.714291536408 167.283007615789
7.21114210611117 11.2031833609534 20.2612840520234 47.4440587586652 143.427325585414 198.3812168328
5.61118685091677 9.26030154430833 17.622223114863 42.1807777720677 138.099178497577 193.92758525886
0.584425209416011 1.58995496371417 4.98023038131694 20.852223573777 111.183731122511 165.482652432904
6.85560950440571 10.8396825415179 20.1377693808969 43.9690261514652 141.279425951914 198.243397529948
0.780040167039475 1.38897683244284 4.37379598871701 18.1167318792972 108.014032627971 162.394119652555
0.440230259242181 1.67937495692731 5.7204769714607 22.1091452093098 113.911969904085 167.528990156764
7.63363121904003 11.7170762784623 21.0049001677281 48.9536918341828 144.992345038152 199.363741348687
7.42230043744221 11.5309566196304 21.0356807086926 45.2066654886511 142.72245776146 199.934003235295
0.479532374828545 1.52898559066638 5.36138347677063 20.7389445918703 111.884774467806 166.107718797011
1.58824562735552 3.88692969669564 10.2629061057078 29.8111047641786 122.995672134974 177.944454447426
0.838033305215292 1.14735759819461 3.06037798350553 17.9782172008331 107.351821551773 159.171857813531
6.80404525933832 10.6983625807073 20.1576688546165 44.4023205803466 140.880650620816 197.995689805186
3.39908959710705 6.43066127613512 14.4558347088633 35.809384335958 130.691430992288 186.430588977344
1.64212711647462 4.00376565623857 10.1221133537461 31.0999518963711 124.001902352039 178.265294108723
7.15037983576624 11.162982331914 20.6648197299905 44.7067488267055 141.796526871275 199.169677404072
4.5282414269914 7.86144648651536 16.2744004405435 38.3679712893593 133.795143466844 190.813704084241
4.26917744507845 7.59286391806492 15.4947894787818 38.5471389554214 134.235050375168 189.568168115915
0.569550715158936 1.41528079216558 4.90160302523888 19.4559812266806 110.04773648694 164.372400133515
6.44931350173142 10.254243400111 19.5087454251903 44.2231564163009 140.162467676252 196.629578798475
4.03581301172496 7.29738965762065 15.0488624739392 37.9996880245063 133.581733659664 188.698745696679
0.941027225954185 2.96649902694433 8.22286190107132 29.0410907881897 120.959052103543 173.892328492369
0.634511416812628 1.31286772948706 4.42657131432684 18.6667640559061 109.086514056305 162.806477676761
0.665784423903813 2.28758148281819 7.2537291243449 24.48964330587 116.422002891345 170.995666086109
4.50946518421104 7.8482354948128 16.4095371550349 38.5394968751065 133.984604015496 190.63233181192
11.648106045859 16.561198423015 27.0499657252594 56.4786440695774 154.846796564433 210.112657505186
4.78049989745179 8.25550723150351 16.110865034342 39.9247346505524 135.912073339027 191.113916130721
6.44820283498021 10.2460997757753 19.386545448008 44.171184675511 140.044634529625 196.69432878629
3.63701590602948 6.78173486709964 14.2441140040543 36.2070866458754 131.845665584301 187.302772037112
3.88392166278839 7.1130068512629 14.6118252042674 37.0862911651104 132.885962443701 188.100754122631
10.305607563219 14.9088090499866 25.4521407904497 52.0617461202651 149.807870094261 207.690361819808
5.63440176796367 9.33240651493086 17.4770292745739 43.0294670387789 139.189747554875 193.501838606927
0.956848016069566 1.1797776000253 2.99971505889891 17.3906441061561 106.62929904735 158.746563859238
4.61466644518972 7.98687399340634 16.6167408662815 38.9039508353252 134.417749199642 190.941915389958
1.00505530047932 1.17834026439589 2.91552722815447 17.1497298126987 106.35032083757 158.314619521107
0.609108821483315 1.47162082492074 4.98480904262411 19.4086556015597 109.791313504268 164.286814299007
1.20324023509624 1.27211955658272 3.00844423586064 16.3063153079701 105.347382262334 157.893553796308
1.49867376217939 3.74655453708927 10.0087307776288 29.4036349547012 122.489361962412 177.403745080625
3.06863848064346 5.96310235073164 13.6628318360383 34.4466948073468 129.042195427676 185.318571892011
2.93452538548223 5.7677504953182 13.0286381074259 34.7836598964099 128.722150851122 184.522613399113
1.16850314489822 1.25860036893745 3.13278982634857 16.286812501412 105.576288097309 158.100762394748
0.970351211778126 2.91262878041982 8.16764571810801 27.041079782028 120.272285776159 173.925886676149
3.97466532133378 7.22902539272472 14.7693386752541 37.3459378563376 133.160696582589 188.441025862345
12.6494393794548 17.6391443327444 28.7113989706523 58.5745796786546 156.558988399082 212.806846324805
0.45340508602533 1.72201403824931 5.99329041894196 21.9049953665356 113.118530172263 167.031253771756
1.13815593829995 3.18334862542567 8.98925222814018 27.7842688445514 120.508439033636 175.014054204807
0.486729815189516 1.69123270982205 5.8051843609781 21.7267722899054 113.15940265361 167.527945736091
11.4434134872954 16.2458467647787 27.0221865318668 55.0780071021545 152.996796848832 210.330930477828
0.445638878903348 1.60065576302798 5.56995239140054 21.4625839846641 112.944415642486 166.968617498517
1.00564029343965 1.25308770907339 3.46907485925485 16.8027802198737 106.400378170245 159.325455449608
11.4898339895502 16.2671131024701 27.5400471611287 55.8329310101749 153.515772239711 209.969994010799
6.53233727356108 10.3737377931874 19.6740081491137 43.6857009655139 140.14594379708 197.209720464611
3.85870052314423 7.00209767546014 14.9962166215291 36.3921435292763 131.590880449349 188.44780605079
14.1584467556296 19.3197354060033 31.0489229262211 62.792009563273 160.616577708633 215.850337930864
0.451983308757369 1.72610122375014 5.82456970922036 22.3446591653725 114.215029289212 167.860396899519
11.9209338722038 16.7539566913112 28.0509043478832 56.4184559576427 154.116538264004 211.350362039967
0.913186467037467 2.79991218733622 7.83304844992453 26.809525443955 119.4225936242 173.515616294381
0.504692691641984 1.92226286932684 6.24689476695693 23.3308036882694 115.498038868446 169.143358127143
2.43055399824572 5.11552867407627 12.3763485603766 32.9272676555412 126.963155626595 182.379642619868
4.70364491778023 8.14611654323137 16.314526213855 39.4761326386629 135.463544888909 191.16115540405
1.13724388873819 1.22928617053299 3.08026825534329 16.3618517616841 105.799820688686 157.821612543097
0.649735560324314 1.26110040790739 3.75531447917324 19.3364328518338 108.866848473543 161.876792598445
4.98344397787823 8.47401815142647 16.8972835339513 40.6259417415518 136.304947214889 191.940572864582
0.90029965676016 1.26342445087155 3.72967636608376 17.2264196660869 107.011843061558 160.284619391413
6.20860949247719 9.98525451471319 19.2260851080389 44.3286693180153 140.195299593139 195.501526484872
12.8873480625258 17.9500547559008 28.9597353984895 59.8624541292879 158.044898947846 212.80620760846
4.48619365777729 7.85165674021527 15.7748045142257 38.549002548467 134.277849578459 190.449526391203
0.496954012093248 1.88107098501824 6.16690610436925 23.0865061398751 115.155714294021 168.906264596757
11.2351806611323 16.0790045002795 26.4672245404987 55.2082042073469 153.560168435223 209.287018918728
1.05683911117648 1.28475636055896 3.48053012385688 16.665027671173 106.084353162242 159.415021933275
0.482567481773741 1.58877828834956 5.52951550094683 20.8352259819732 111.711543605243 165.623635747435
3.5642006277477 6.67235731698052 14.1810240082708 35.8635327224963 131.367616394662 187.121934686224
0.534104999998632 1.17847056329098 3.60433201330779 19.9719274937649 109.647402990766 161.338574611559
3.16791657134143 6.10535003489995 13.6057481047697 34.4474819486655 129.419641744299 185.732593477079
0.901963707002442 1.14747093396816 2.96142372956875 17.6399646691739 106.963377639488 158.706488333034
0.730306213792283 1.13048502846397 3.15608958690729 18.5697398110001 108.058922111952 159.628990092697
0.556076337024036 1.1621174783556 3.51517815500317 19.7773569706845 109.438199654317 161.002216286192
0.388289599459944 1.18946138910997 3.82790346471774 21.1344250616512 111.005415490514 161.984295952486
0.263031459332892 1.27414501702031 4.25170366861796 22.628852419401 112.721982686677 163.199989330352
0.199223943390297 1.41073757806982 4.73609165542693 24.1033617411145 114.419025623553 164.520278514406
0.220223250059327 1.61997214906179 5.32140772525701 25.3945681455364 115.947871479944 166.151360271329
0.284452993410874 1.85553823938278 5.91173173535214 26.5975218241362 117.4127286896 167.671407862129
0.39365473184735 2.15013443295869 6.60212733706194 27.9111607082534 119.058188569827 169.366061777345
0.626794634737531 2.5384258285152 7.40070167618318 28.782332149895 120.31148317441 171.463014313395
0.921882630853689 2.9909872782715 8.28137879241761 29.6308709677686 121.599030959116 173.707527560676
1.27483885931302 3.52679662203595 9.27600478252814 30.7516790058843 123.270330063731 175.957013781236
1.68830662851416 4.11470862250997 10.3195420962059 31.8506503796264 124.881595161847 178.277220775067
2.18382093527691 4.80141519914229 11.5016464784368 33.2666375950616 126.746828108352 180.781717602528
2.73064933695059 5.53327537899882 12.7151098915605 34.8299806562569 128.649526784059 183.317208207888
3.26965256410624 6.24721240315868 13.8470471679146 36.4677087677112 130.574582800118 185.59207584473
3.77310872106489 6.93167139523199 14.8714426507642 38.2673556434668 132.726253596908 187.381047287978
4.29539822262863 7.64748253460085 15.8986732618814 40.2210490660579 135.109588753713 188.937965919079
4.91290878465792 8.4714638090862 17.0953197637334 42.3800137035052 137.692485545824 190.769134790037
5.62216843861737 9.32495297915166 18.3176426947626 43.876063406328 139.49899691736 193.114179310729
6.44711194649088 10.3053665941583 19.7281283835453 45.5863821555743 141.507213445767 195.784954803966
7.40110820733572 11.4255803658022 21.3228282694125 47.4280961066582 143.659602493268 198.803327402289
8.44343184906027 12.666439862401 23.0168344460492 49.5743397873723 146.230595124431 201.791908052947
9.53892516345291 13.9757698178227 24.7328955175573 51.9113913741239 149.022686019338 204.734185619477
10.6574420740217 15.3022902052188 26.4051836447364 54.2828280367078 151.784311492315 207.67006411327
11.6383332595222 16.4420116489187 27.761511012213 56.2442155921848 153.963170562077 210.271908745821
12.7365434445665 17.7144778039719 29.3071158360396 58.8845480007195 156.758823353689 212.839794283739
13.5784470378229 18.6802531747082 30.4702141402027 61.0951761558668 159.012467067604 214.650547918824
14.1596475587804 19.3313180268152 31.2588518371434 62.6954716344069 160.570832880323 215.847404223094
14.3757738889029 19.5566507586697 31.4922002981125 63.255989496636 161.044673202989 216.349263175577
14.3583546272416 19.53785036075 31.3832058930235 63.3159364378163 161.107203098333 216.258313359272
13.9813939619481 19.141819767839 30.7363271887071 62.5776153471565 160.510124433551 215.268138461897
13.3989569402771 18.5184166408842 29.7721710198533 61.2868814296409 159.399375985197 213.838624834508
12.7528501486843 17.805501081971 28.7415668861898 59.5773629394666 157.809433488783 212.451427714649
11.9670982316766 16.9269796015964 27.5221555679049 57.435807011876 155.793712522742 210.748138578431
11.2367431616798 16.0859019345338 26.454901708259 55.2655507778779 153.64569687251 209.250835053467
10.2580660934303 14.9370584294572 25.0891924339008 52.4932121432281 150.824716796988 207.033700806952
9.11584803790194 13.5869352019498 23.4798939184601 49.405661627851 147.576831602537 204.311495752487
8.02888043416442 12.2831267996338 21.9249129048281 46.6135699985225 144.470890894138 201.591037928139
7.06864733539642 11.1106688404399 20.4727410867097 44.4223579271466 141.903862759074 198.872253013371
6.24098047553742 10.0841109014868 19.1116511981386 42.6830197609227 139.739914172073 196.299248226344
5.45723633631737 9.10779307931777 17.7146423984374 41.0506196727608 137.666992166309 193.724543981022
4.749149809784 8.215893474036 16.3995098238862 39.5384319831766 135.693099565185 191.323656338006
4.13970820074999 7.43872954827458 15.2399384312016 38.2285669749733 133.972740074462 189.081968415644
3.55696745879113 6.68955900266426 14.120788902647 36.8999015036661 132.341406588034 186.744235643508
3.05052914436464 6.01671203586192 13.1159633763934 35.5223032988831 130.661065236897 184.623257493333
2.54957119786492 5.32418374536184 12.0468002628173 33.7983238176656 128.611796966464 182.481466617663
2.07872085654142 4.64768763391923 10.9736262781257 31.8825882729652 126.307784921391 180.447435921321
1.6982328160373 4.07837212458645 10.0610901596724 30.2240989494918 124.222175465176 178.67103562525
1.34385390563217 3.54433213471921 9.16804331794633 28.8749580905626 122.513062919562 176.633760221348
1.03865398168978 3.05781766906377 8.3098451329764 27.6265790398354 120.850162828041 174.584242609718
0.808645626384303 2.63841386354667 7.514581887746 26.3597865933001 119.049335958646 172.618113204946
0.634393778707753 2.24474671338999 6.69174459863042 24.8914335036626 116.951323352524 170.418283204439
0.561240577353888 1.8457882499423 5.7250006351989 22.6523668938706 113.790672666841 167.597258518601
0.604966219004636 1.55757226990669 4.91710577404286 20.3002840936148 110.750170587085 164.768289220902
0.609161005555287 1.4724613440385 4.78509174199125 19.5350483101177 109.917616175021 163.754068812661
0.504553586658145 1.51994632873636 5.20459662468647 20.3167761331026 111.071710507358 164.590473435221
0.441293606804659 1.63916829525712 5.72441178914039 21.4411322210996 112.543464614139 166.027185195091
0.438391143454788 1.82175140244515 6.26375899873854 22.7213880565551 114.22465279956 167.533805516454
0.487672381298796 2.07394191078312 6.88183250697236 24.1860171390009 116.138123833691 169.183764132323
0.652603176947125 2.39915929893889 7.52889064829398 25.4265085323172 117.686790579222 171.043391056929
0.901562095924744 2.83371438922789 8.35735224409214 26.8837385337167 119.464243726503 173.242459378701
1.23263292133878 3.35512980587536 9.31368496856843 28.4001735194207 121.286367597217 175.656971477187
1.61024419859922 3.92933501971915 10.3452323906958 29.9758422870422 123.204944965613 178.079669650595
2.00732568265933 4.51712085355196 11.3746150048111 31.5080697651371 125.128245858784 180.31936329559
2.41963552471536 5.10366702359001 12.3618501730381 32.9252069960711 126.957096560827 182.332404656855
2.87196440797637 5.73374493116342 13.3842124230068 34.3978185074049 128.88553035247 184.274678254384
3.36358517561569 6.38760961646254 14.3934073397574 35.759600597089 130.630549248829 186.260298138402
3.94748213379078 7.1546022078207 15.5162826747839 37.3934581925558 132.670032609173 188.404558429739
4.61092244148688 8.00834925731524 16.7025832038291 39.2325982485545 134.877463776279 190.69041734968
5.36233068621259 8.94300530732803 17.9244883922115 41.2914632237474 137.17549171317 193.123549778426
6.14656690991119 9.90298104334035 19.1413209526255 43.4907426808326 139.51568663569 195.57491359443
6.91467673590339 10.8297981347644 20.3074561969891 45.8098502084669 141.896029366248 197.770445895921
7.59246374756344 11.6391133297926 21.3394343269045 47.9845541899862 144.074620727433 199.586569644708
7.93339814215932 12.0418892910149 21.8092856987074 49.1704265750938 145.213628735152 200.454432334887
7.99327091212203 12.1248179301966 21.8236423674262 49.6216481040866 145.674503203301 200.480944374651
7.90361878504085 12.0342594816677 21.5656027631496 49.6613840820507 145.731974007208 200.093858173266
7.64360729517279 11.7315601197557 21.02023480685 49.0271053587772 145.077195230146 199.360587548193
7.28242946141884 11.3125271024019 20.3308311080963 48.1189715323866 144.205965802737 198.279720681785
6.81795358227927 10.7669192464663 19.4833738761144 46.8657094363245 143.015451690507 196.868269216453
6.24307464316446 10.0777252396427 18.4933070146223 45.129411271456 141.324668836943 195.155818479499
5.68230846907504 9.3946922712662 17.5493346515023 43.2622806015346 139.449591656862 193.584167139591
5.00585401549271 8.55099822095011 16.4382178278369 40.911033988645 137.01733837834 191.63826233316
4.29267794068446 7.64342875422364 15.2774826155786 38.4264980719556 134.366226362307 189.479813455702
3.62846028582452 6.78129113055422 14.188226239052 36.2853275443728 132.003251695913 187.19465048543
3.01883119743771 5.97273651749275 13.1056518344496 34.5033027089752 129.95853276172 184.751413276396
2.43275840329518 5.18082954261576 11.9697925129388 32.7947008392821 127.920879081188 182.261763916517
2.02539990271078 4.589440204694 11.0688739498348 31.4241207369094 126.097850333606 180.357563888596
1.64930597045459 4.02815352330297 10.1377400436647 30.1209078109725 124.37497841172 178.305611880976
1.30005421390861 3.48880157703316 9.19669353957599 28.8065862052942 122.65953878712 176.179588767153
1.01230658306397 3.00622682286064 8.32927174355717 27.4241101934178 120.827821283291 174.260981429261
0.767378308815834 2.55838861909965 7.49566164678687 25.9823556820262 118.956651553634 172.314633944622
0.600475256295358 2.18820660364598 6.7793636178188 24.5442325381178 117.089310425097 170.525246375465
0.478764677202645 1.85878484608891 6.11038088766595 23.0821941199214 115.201540185102 168.756879520559
0.417677476156123 1.61465526534994 5.5661805748979 21.8531888953022 113.622853516515 167.045507249777
0.404064737797993 1.42964144459322 5.09026216563294 20.7702132619863 112.213275271984 165.37911302057
0.465451102981309 1.31818092664859 4.67977367453385 19.7542508551148 110.818903891871 163.861666890261
0.571014045109285 1.23852825577027 4.23882560517091 18.7768857879077 109.46837015463 162.189980237268
0.723094799000597 1.20315285913827 3.83005178336278 17.8757705726262 108.168398714337 160.608821118548
0.908758883647106 1.19799212245293 3.43396832415381 17.0827694441612 106.987403682404 159.098036450358
1.08685807273806 1.21458156285615 3.12698357549467 16.4968371417888 106.056925413935 157.965510676128
1.21333316743811 1.230142931396 2.90628884995461 16.1680306716628 105.482522688678 157.149033322208
1.2983300415431 1.23141844179461 2.7019954625371 15.9898939892503 105.136227535542 156.391946797586
1.3067271533746 1.2229849279453 2.60568882506002 16.0312975667547 105.111384658056 156.074574898294
1.26873419670012 1.20214395765704 2.55162657555028 16.1805725366923 105.264999313854 155.935931592861
1.19839539598838 1.17457877621731 2.54588459793276 16.3969986212076 105.532351721677 156.076898959091
1.1137960571324 1.16196877091468 2.6460020909656 16.6928707118311 105.877734312563 156.792156232627
1.02455786872037 1.16011635149463 2.80439007824743 17.0660427735132 106.290874859207 157.794769602388
