9.35692207818735 12.6848255546527 21.2294936872011 39.9612482604434 55.5758411652415 64.7066278723682
7.78645990210888 10.9654733767043 18.6864404473289 36.4638251676697 51.8949492457407 60.4242753645888
3.09076467758845 5.12353602557149 10.5971635518224 24.9220396370333 37.7521671804782 45.3749893728527
1.84368194282068 3.47051872135478 8.03933491639696 20.8112043657183 32.8446851984648 39.9787620057569
6.44284758177256 8.94800090298541 16.8725950987366 34.094354337242 47.291307914469 56.8351260764635
11.1700672349604 14.5307780472257 24.2670336967943 43.9791164012647 59.2759118741044 69.4809496960959
0.144345212433445 0.0485426537507123 1.90047569916939 9.54153277712879 18.9512778473611 24.2977331610641
3.88192951608185 6.09458046931444 12.0623636651739 27.1967089597795 40.4088831416906 48.2966267277623
1.9749846172054 3.6457520274668 8.50826621009231 21.4477355737124 33.4346465853281 40.842327292934
0.334072087260218 -0.366062141106588 0.700858217351483 6.98596466142505 15.9370839257473 20.4597169562836
10.4531516247528 13.7902982567283 23.0906780457724 42.4043572429044 57.7685067558336 67.5999219876433
0.43667020009598 -0.53709978367133 0.148235082213537 5.83041280310727 14.6752088106731 18.7364311463006
1.06094637112181 2.27293529235842 6.12898377250524 17.5339249970166 28.7729670100142 35.5447281252128
6.28563236610309 8.75154654805366 16.6366718126911 33.6930696718564 46.7364524437045 56.3135851270243
0.490439556622019 -0.607143355863145 -0.0957065442774019 5.31137544436315 14.1300825992601 17.9661990574219
2.67395870070986 4.59600786514888 9.77048576889309 23.632848456705 36.2683093869229 43.7059985362382
0.273571157884968 0.100718320044468 1.99571238331952 9.64567481014349 18.8699119147513 24.3017533833264
6.69361437106098 9.70260701156158 16.9272647009099 33.9853335734899 49.0605453082221 57.3143945232554
0.303564027138248 -0.249477394104626 1.05379436233666 7.73562271059812 16.7304828983354 21.5336050958709
0.446128058432474 -0.573345587965027 0.0337292346539451 5.59231674047831 14.4508837270681 18.4025997324124
5.44094075590229 8.34191607731842 14.6865727372738 30.972169483341 46.1589050746091 53.6277516027305
3.00676322620718 5.14126790303384 10.5862606048985 24.7877906234445 37.9272507417216 45.4052281513731
0.881710588472278 1.88365673345972 5.63604112757773 16.6068907876852 27.3378273719772 34.1840174952774
5.13953395341353 7.51049734172829 14.4938093830162 30.6813630058352 43.8507460072382 52.6250319839349
2.72450000396001 4.74725279406055 10.0400934441646 23.9358174597367 36.8073748244334 44.2536784982019
4.50077741107735 7.19951286137558 13.0773227442766 28.6705624379412 43.4592620089029 50.6757288881973
7.93275109317241 11.0631733039755 19.0051433552054 36.8193023211201 51.9861272161183 60.7946411237752
6.4783195058057 8.98208940483407 16.946012127147 34.1870418755134 47.354969555307 56.9436840969733
0.515492690218073 1.36139786752638 4.38621922917208 14.6534398254741 25.6387012990009 31.6531421475578
1.96682481018268 3.70923894257719 8.08490166465481 21.1649799535084 33.9211400755275 40.5537384196811
3.13939239003083 5.19943179772874 10.6342823613862 25.037458072502 38.0323643646381 45.5461445816699
2.30325048513675 4.1687272053327 8.80347407611042 22.3273055428651 35.3037313721384 42.0884235306252
0.362557416565911 0.997496552221024 3.79299744658969 13.4475600378327 23.9737801904871 29.933166260082
2.10689200573822 3.89709388636673 8.71400167716735 21.9110362082012 34.3963019849769 41.553460533738
0.241007254583221 -0.148970518125258 1.41785700484586 8.4970037110777 17.5008987890198 22.6414559796509
1.20803978312044 2.49350975363518 6.54035066280774 18.3044598207197 29.7656990206637 36.5975329998778
0.390094313226984 -0.477331039036108 0.362077143320892 6.29922307278532 15.1621215213748 19.4234776089552
2.5331512632295 4.44595099781601 9.37219513498801 23.1287465990522 35.9888916021234 43.0976199773513
5.2372744377256 7.65678609828781 14.577335826654 30.908562495245 44.3512697946442 52.9514436683583
0.273077767640022 -0.299994236834765 0.979248237880396 7.60955408268315 16.5354877691487 21.3495144312607
0.486621806137776 -0.615977104502108 -0.126578261789693 5.25824854787692 14.1182966793906 17.9053980018701
0.304509400991483 0.232567895592627 2.27832123366619 10.2037640722016 19.5552834100199 25.1042760183167
1.69278335059795 3.29743821599058 7.75015241985522 20.3984871848847 32.5868445985306 39.516029106643
0.844582930632408 1.81303905972468 5.41190297430984 16.2708078363829 27.1097182043036 33.7452275008063
0.301796767897502 0.876187469477168 3.46267514733053 12.9646977450962 23.6222214069414 29.2908390513061
1.25139202658581 2.53186266980443 6.74497567253782 18.5398210993707 29.763235757697 36.8637708997791
1.50814727150849 2.98591091639737 7.33729437824929 19.6549283542242 31.4791916397146 38.461274441356
0.84876373746432 1.81975517513174 5.42851937800254 16.2958920905855 27.1305507266119 33.7781644539383
1.3230336985998 2.69925142484479 6.82328266382255 18.7509161110113 30.2945846899469 37.2063204467715
0.418181805473221 -0.544100485927844 0.159659999951063 5.88959970311365 14.7129758252967 18.8141372455888
0.27046309694055 -0.396202112897554 0.647718686250251 6.95961978538299 16.0351049305454 20.488865285849
0.35723927453876 0.438087754980284 2.70609160785292 11.0536115637021 20.6133405176086 26.3251258033918
5.1191622829369 7.97178053424082 14.1208505978978 30.1882159998267 45.3265150729807 52.6459799836383
8.23917139453859 11.4921531351997 19.3837614914306 37.4618943660523 53.0801172346437 61.6787474854023
0.370307095669542 0.965063814504972 3.80741057774628 13.3410510114927 23.6343962236188 29.7430537182759
0.255924797517211 0.33451183310396 2.67614476857568 10.9808946371064 20.2664581839119 26.2129310328155
10.3473734597621 13.710865946893 22.8771934580539 42.1618728802261 57.6672666722462 67.3398533130374
0.151910256471798 -0.0592940931584138 1.6190574632952 8.98086702643038 18.3200678965689 23.4813086760932
0.499783637582983 1.07166222889278 4.20581034855044 13.9204595238579 23.8402153977961 30.3886009442231
4.91232196571339 7.31390308837996 13.920188563366 30.0198793038772 43.6004419112375 51.874622397139
1.04828378255511 2.25153025316677 6.09857698613097 17.4760954732136 28.6912034499512 35.4642975339954
0.416905251378782 -0.560497509152756 0.0812572956957028 5.72595596404017 14.6546353697589 18.6237439622437
0.318221183811125 -0.331705329819068 0.805159806893293 7.20308678045619 16.1801065311468 20.7829367507931
0.290968597178448 0.136755088856472 2.05469477455231 9.75845740081757 19.0311102477853 24.4641747473262
6.68614590092494 9.72026361047199 16.8847014214924 33.959200302212 49.1491638199482 57.3101000967482
0.133416688799685 -0.0348842629517398 1.60701849494204 9.12638621323478 18.7348938093473 23.7321576533716
10.0487241184212 13.3475381114179 22.4615880116906 41.5276839110997 56.8184594071183 66.5280147542426
0.368590341093105 -0.462606162499548 0.430189874150548 6.45695408108702 15.3192650643594 19.6541783653531
2.51078428693121 4.49870207164472 9.53708813470497 23.2512425169733 36.2326267665547 43.3983119569443
6.30859563749943 8.8142220398868 16.6021421070686 33.7424503825972 47.0226289692908 56.417569248994
0.137912124937987 0.259114370639313 2.2760963233855 10.5371666143103 20.4828976194633 25.7953915282042
0.294232403275019 0.076890638221003 1.89297587628626 9.4311340837143 18.6689917325381 23.992875814396
1.83833727246912 3.52995029193338 8.07465579747883 20.9524093360558 33.3612308831223 40.2890154782446
5.38204713789076 7.77709161596524 14.9475020329508 31.325914248252 44.4832148007989 53.4189914943961
5.1545840481457 7.55793162439806 14.4399554836636 30.6922141414844 44.0866943090825 52.6756067055088
1.44595221739518 2.90207228861383 7.15606368418093 19.3932966319458 31.2523178114124 38.1235952128814
1.8499608957326 3.51946524499198 7.94797653366106 20.8161550758531 33.1975605057185 40.0446535699286
0.136186915725037 -0.0553077295991006 1.55336886848705 9.01730735680761 18.6105317158533 23.5724201380159
0.15734663317675 -0.0394595259404428 1.69371366412644 9.0746990124809 18.3418072497082 23.6034797378591
6.48890380378307 8.96973564360114 17.0117400244165 34.2188578262374 47.2390148717049 56.9553761455314
11.2955328808136 14.5994907902973 24.5543090220449 44.2725559818966 59.2909919641671 69.7713744866938
0.404523964407104 1.04482932032021 3.95544070101454 13.6222807143438 23.9854682622204 30.138529547562
0.277349204961066 -0.412396800941234 0.584820035944819 6.85616202754807 15.965160940497 20.3413543693668
0.316090730106387 0.828803504021692 3.54539487862521 12.8427050468704 23.0217023115242 29.0407349543029
0.528336670730788 -0.644593775707086 -0.233735601961751 5.01627632003163 13.8151593487415 17.5208826804772
0.381268413028393 -0.445641732255968 0.45103026729654 6.47538191020473 15.3621367852306 19.6865569866433
0.992554128753698 2.2296368858007 5.7646636493703 17.2075065898284 28.99918992129 35.2049606141965
6.74171113002691 9.87791283283977 16.8399495377209 34.0229498266475 49.6722658819243 57.4909231677509
0.529436480454886 -0.648199983581279 -0.249953074587116 4.98337617857177 13.803224343975 17.4808735077946
2.3927066299562 4.29078481811527 8.98240357825812 22.6228136368434 35.673806986666 42.4800604100219
1.13701097571286 2.35119322170083 6.39256083777613 17.9758006123149 29.1600736130382 36.1052968358642
0.250498337807937 -0.373171441581201 0.704095363197356 7.12719129426172 16.2920649828209 20.7509097602423
0.14326756284282 0.113325740471404 2.04672838318207 9.86140841591249 19.3625750775116 24.7681563880446
0.560546175927904 1.21787071558115 4.52894711068462 14.4927825153874 24.4639117936826 31.1827542952033
0.287661606248075 -0.232484823924079 1.12429652253789 7.88854082668534 16.8802672599414 21.7552276964244
1.56664275871917 3.09381868256041 7.45852899187765 19.8979039333191 31.8953183517777 38.817896841156
0.496442620868883 -0.61448059656093 -0.118387936834394 5.26696356543187 14.0714631913373 17.8938315621826
1.28352715543267 2.69158523571953 6.51634946612826 18.4993367328765 30.5861493007569 36.960273399659
0.346052703785925 -0.484531462928035 0.351281085458133 6.3058653099347 15.2862305097204 19.4991398329938
0.309109377607753 0.362489327953622 2.61706390918874 10.8765189358567 20.3023857603325 26.0688512849065
1.46821712895568 2.91464837785755 7.17158140423141 19.3358398732248 31.0036546505166 37.9920786685863
0.585557544956795 1.51297763939283 4.59348578427572 15.1019120068295 26.3267766067353 32.2981931717153
11.1575115845109 14.4620094803684 24.3228240310318 43.9700735700974 59.0216084203228 69.4151504926986
1.67455837360185 3.27492515981452 7.70103090258194 20.3308649525511 32.5329617653305 39.4306236742484
10.6042406895752 13.9307357211067 23.3625649245854 42.7443324959554 58.0223083839576 67.9907523557735
8.64110104282524 11.9461163889686 20.0179151245743 38.3530143333553 54.0775684106426 62.7839708765889
0.207450159370454 -0.259664939844146 1.07454666637103 7.8269634328836 16.9610490227391 21.7719481064505
0.442481355133122 0.804269011763661 3.5071185394591 12.634225306531 22.5118450651538 28.5852167960801
1.75774003618087 3.40581492465704 7.89083388605386 20.6494517421623 32.9629619002319 39.87203354912
2.06482929508016 3.79292982636901 8.48832059835202 21.6022570381766 33.9192050013405 41.0499185146684
8.37718091725676 11.6783620369899 19.5593172539241 37.7518952864535 53.5438557143277 62.0696039867178
0.210283353599548 -0.305309395174448 0.903074732032901 7.57811858689288 16.8392485149933 21.4301244903734
0.898852671781915 2.07184807571138 5.52696575766957 16.773010535244 28.4183476188536 34.6046820969912
2.95867267382411 5.12719337063149 10.4038581357604 24.5998200514296 38.0042521821736 45.222819829246
11.7574810643799 15.0656144517716 25.3160015090972 45.2779694227733 60.217566964054 70.9609639903568
5.65983857958298 8.0825711508182 15.4598262698968 32.0568932876771 45.2106076993766 54.3197327680894
0.405352173464046 -0.547171265081574 0.130389866198198 5.82607357571955 14.753628458331 18.772822457643
0.243474988763018 -0.297022243444757 0.964141624214342 7.55462158285314 16.5901205967862 21.3455821266546
12.309052106781 15.6091715286383 26.2355787542215 46.4750715347642 61.2720337476912 72.3642030699678
2.5916481064128 4.53889113521373 9.4307053947041 23.2865820091736 36.3351145578195 43.328861978964
7.66494302806178 10.8923851430992 18.3978265397526 36.1501236008182 51.850370839819 60.1017588779881
4.08584658157701 6.66503685029573 12.3726801777926 27.6274641020632 42.1235480219588 49.3027870572706
0.146726995876399 -0.0489045928070509 1.62187713875048 9.03907408595318 18.4657209222733 23.5782117235466
7.92110179390619 11.1481013434583 18.8575513862479 36.7456478720366 52.3516952668369 60.8058762803582
3.08589475636299 5.31988690696002 10.6187993303156 24.961283740171 38.5770988386719 45.7322991967768
8.69809550393269 12.01835216313 20.0964618108256 38.4752579134504 54.2506403337035 62.9435470360975
1.03867781684831 2.15696422575217 6.17358398235733 17.502507234182 28.3286394058942 35.4046546262395
2.81069618921191 4.84991533442916 10.2313917848108 24.2007580545804 37.0518176959636 44.5881422943855
12.3984284096975 15.6996295453636 26.3806716579343 46.6677714451733 61.4528258289525 72.5923549294809
4.12163073817246 6.35960116367586 12.5722774015463 27.9006178454612 41.0216217758682 49.1633781697881
5.49719439498872 8.42559909087978 14.7629333266091 31.1013408297882 46.3832564312076 53.810620423355
11.0328282243521 14.3511398794773 24.0950910949757 43.6914786419269 58.8322389447571 69.1000859427964
6.45264115213468 8.93306174843662 16.9404735692424 34.1246617383153 47.1628154937381 56.8429739159947
6.8242360333898 9.9687977294712 16.9826446856838 34.2171236542051 49.8681459910037 57.7296295214485
0.581200976269021 1.41544404668146 4.64282998605217 14.8843187935211 25.5200388148871 31.8967159224229
3.49651486163925 5.87876762607599 11.369183595837 26.10723526469 40.081801841733 47.2705324849689
0.260587424560621 -0.332364065448029 0.852792782819044 7.32638074127623 16.3449360169072 21.007713683963
3.00595628245523 5.04393873606103 10.3361025917502 24.6161019367263 37.6526069845344 45.0189296047358
0.327080001565987 -0.385935527983134 0.680753712799141 6.98197351056576 15.8805314106168 20.4278744185171
5.72191655675163 8.58845597960385 15.2938511692393 31.713969720825 46.567147268385 54.471380328888
2.82959114933941 4.82601097284263 9.9653625131884 24.0596100425281 37.0674234951094 44.3068324476557
0.688089912164598 1.47250021201217 4.80278757916912 15.1336763976889 25.6522845440773 32.1394481678873
2.3676741835061 4.222337796889 9.34836916838708 22.8061422843805 35.2167730567376 42.696770565408
2.53464686045325 4.50694823149947 9.62722625193889 23.3413995684316 36.1889165534683 43.4851486724272
1.78621801582628 3.42444122963128 7.84878936110071 20.617169781535 32.8649820351558 39.7676698567919
9.18934743784249 12.5134781350739 20.9445724053909 39.5849879214907 55.2314113349447 64.2584347486132
0.172040214709689 0.337815352512542 2.50513664291146 10.8576874168605 20.6797316861979 26.2221311909893
3.15885786978124 5.23978018801129 10.6144419883995 25.0661441673587 38.2157034127404 45.606222273488
2.01068888513627 3.7571911844952 8.5053591253802 21.5799697525899 33.9756966869988 41.1039887729673
0.204644555807881 0.486458150435712 2.81228858297794 11.4815716200179 21.4615326173093 27.1202585365198
2.16383790664417 3.97951022871646 8.51534114756014 21.8586701580252 34.7355958019526 41.4695956558168
8.08911575380138 11.3682747553036 19.0796657998215 37.1007073072691 52.8900886392887 61.2776832857021
9.24617893389452 12.592106451726 21.0138759797906 39.7044518189578 55.4307893087578 64.4211544044908
1.55655192070407 3.01480793454152 7.54543089235948 19.8712469947657 31.4073141402315 38.686469445702
0.442080027736894 -0.560309863162733 0.0870336207616956 5.71992246258151 14.5399034953528 18.5642595696649
6.51619637650475 9.48663443577336 16.6489006221528 33.5809399087175 48.5529196885929 56.7944312806734
0.290908471652677 0.447129864311462 2.90705580112768 11.4318214396308 20.8270309254474 26.857276775909
3.74583501948471 5.97015360002023 11.7105003223484 26.780667234587 40.2328140751921 47.8167883926641
4.27138955717737 6.5541114128552 12.7888270224758 28.2865729572409 41.6021531339129 49.6752925319432
0.726807670499741 1.77655915512269 5.06955998111339 15.939133808376 27.3204357012307 33.4520690642048
0.325972588023367 -0.294886637911376 0.903311528383603 7.41453891110233 16.3937651982406 21.0674543069557
8.40685303057768 11.7099980856952 19.6089178290687 37.8188933962951 53.6099920476446 62.1507622408961
2.67198821251944 4.67451250772275 9.93483910029787 23.773026974033 36.6008670466907 44.0348588793291
0.229898283677721 -0.0303043624703826 1.74597657945222 9.15403198035221 18.2224280435444 23.5919442444953
2.09991636954372 3.83871124394597 8.56975528791886 21.7259378898467 34.0476114762021 41.2101256929575
0.244867987071207 0.623739851664992 3.1034312376197 12.0353119720676 22.1124040028369 27.9064374138706
3.68775304494924 5.86814241347024 11.6798214781344 26.6369555008883 39.8356521913552 47.5927929154213
6.34022064485214 8.8119970839945 16.7336890515356 33.8338131989914 46.8825990060385 56.4875234168468
4.17098330953973 6.42851968560329 12.6305740977258 28.0228528835771 41.2446491121547 49.3320003139441
4.89148248840369 7.25222539741305 13.9750524942177 29.9913337513519 43.3012692626735 51.7929902680478
2.145314310856 3.89801498028419 8.87998882038528 22.0518738192095 34.22476373912 41.6679591204128
9.67145890311843 12.9754742227962 21.8042189570849 40.6783990981959 56.0980800004512 65.5299985880549
0.146788060595274 0.103237115101745 2.00504233125402 9.79493688618409 19.3186687655431 24.6739651066438
6.38191183502377 8.88146884668094 16.762434155198 33.9369282354965 47.1341650008217 56.6417762382698
5.43032482466063 7.86955272640743 14.9408432263003 31.4252328102805 44.8559983966804 53.5882063862082
0.298033603798239 0.0226821553455965 1.74546230902654 9.13157473545706 18.3382409270508 23.5614280869613
7.33908226111764 10.5481213476027 17.833925145032 35.3970135159638 51.1370012268036 59.1919353825416
0.289312386232078 -0.398033531826775 0.647397377171228 6.90679564339767 15.9003757341309 20.3903820519459
0.204286727133165 0.564259308720811 2.86726728134314 11.778889718647 22.1126354374272 27.594550490981
6.58687578760305 9.09239416378989 17.158299473256 34.4689305526389 47.5857617627336 57.2805452454717
7.90039523752741 11.160987473729 18.7711909773626 36.6763231142791 52.4452057229904 60.7573558705535
0.133783086472964 0.126032461133548 1.99819823661981 9.91582275426056 19.655569857772 24.8804975363019
0.951058517725837 2.08806637536915 5.82374121614117 16.9929618356943 28.0954863558089 34.8030372920925
0.364597194978758 -0.480194476235953 0.391839285871217 6.38838305200269 15.2364211436438 19.5534621697472
6.58040975785232 9.64511050978777 16.6479227840542 33.6889881512537 49.068150855752 57.0223588644368
2.72371445325294 4.65774261086229 9.87677959170095 23.792207069154 36.4346615128185 43.9100923550737
1.10914405097233 2.2813600080891 6.37827351741446 17.8661895175797 28.8028537973225 35.9118018080079
7.35747299826564 10.5484820273295 17.8930252039952 35.4513955608362 51.1010627593533 59.2380827177611
4.1037202021682 6.35455483977899 12.4859886175425 27.8245608767715 41.0754949149013 49.0883345163384
4.37806248864089 7.03881554380498 12.874776335859 28.3666725681158 43.0539405487956 50.2725003894175
0.164087984052024 -0.167353555789046 1.30580822704099 8.399547229739 17.743370359301 22.6421400358174
5.46678287491112 7.87331100162279 15.0974010027327 31.5477347979687 44.7238342730724 53.6959348314377
4.13900509192996 6.73586956127807 12.4609927024747 27.7613858906203 42.3059100501687 49.4818891853332
0.625501391551112 1.35743300771212 4.77275678814886 14.9578602312013 25.0803758740601 31.8416830102788
0.199064085868326 -0.27064158112347 1.00878260989129 7.78440910287607 17.0519226800932 21.7325831511716
0.273327881270128 0.718149735298913 3.31767169240894 12.4246477302633 22.5382521905946 28.4545387182226
3.90351032623602 6.10991700880928 12.1427721278108 27.2805441663859 40.4035341951788 48.3887605268155
11.4399822713569 14.8088977256359 24.7089133953358 44.5712012151932 59.8415868279025 70.187343453318
5.03148071868328 7.44498948172388 14.151336365183 30.3452730132394 43.9082550262421 52.2751670303536
5.56419301994409 7.98655921427445 15.261770466255 31.7993075264281 45.0173643260938 54.0132523995417
4.01812584056487 6.29575465988397 12.210048402517 27.5415388539676 41.0918039366633 48.7841053071019
4.3117022652176 6.63628493951969 12.7659722150837 28.3607252424366 41.9521789980162 49.8128572238207
9.94633828207667 13.2749399983119 22.2400540315564 41.2808674261912 56.737298194106 66.2654703522058
5.67951423636739 8.15166650134048 15.3888426576709 32.0840309367437 45.5548356851818 54.4089275712379
0.402188035608621 -0.520189605685612 0.240735219333886 6.06055195990854 14.8949694852217 19.0675925077348
3.97163432358105 6.1880116091031 12.2796151833401 27.4772629416919 40.5963551993208 48.6344980145771
0.421162280537449 -0.544960986831591 0.15342278932371 5.87357366749851 14.6972279050104 18.7906175097233
0.206594260292828 -0.255149229607115 1.08987922551251 7.85321302422939 16.9816098235216 21.8091109076464
0.486094844288358 -0.602004724436991 -0.0772220427363139 5.35096333369152 14.1708563027785 18.0248012891923
0.881220606674199 1.96923767027811 5.61952742276441 16.6354517173693 27.6610499732287 34.3138168419248
2.55658493833397 4.45771725199431 9.49712837414767 23.2479793986269 35.9306692476433 43.2235662631614
2.20651911212734 4.01282491245889 8.98369625503001 22.2734944047406 34.6577364090653 42.0031815261084
0.453351307838773 -0.589105089864352 -0.0248416580850718 5.48371895862565 14.3710211442503 18.2506052264883
0.942439775832129 2.14827020622767 5.62774986838687 16.973127496223 28.7172339405001 34.8862219100358
4.38528177923506 6.72043992764154 12.9085873028224 28.5672792048118 42.1600573672931 50.0707676605407
11.7053195471437 15.0464822313146 25.1855908962927 45.1558850725983 60.2502866733405 70.8493960356864
0.14566584725136 0.042512707265136 1.89263871095161 9.5107719881287 18.89284332975 24.2494656535684
0.60714842692982 1.46419339820183 4.74031942466865 15.0495876401927 25.7000349078479 32.1225133332316
0.156940940549552 0.343157363935896 2.47431449900902 10.9001534214569 20.8747648122961 26.3099356092237
10.8644045110403 14.2092689754511 23.7750811687352 43.3110735395173 58.609100341569 68.6773509182114
0.147812925152466 0.339896927006473 2.44818325264186 10.8959164212003 20.9346078431065 26.3168179529153
0.378198679620849 -0.525129506660186 0.208805947247366 6.01032636556456 14.9777622221105 19.0573176168673
10.1410506514491 13.4147738207098 22.6518987155512 41.7432750793016 56.8992871807642 66.7574922372019
6.41799280655674 9.46895796679498 16.3625167053861 33.3046026232915 48.6940179652926 56.552640994775
3.64191927331117 5.82107371500868 11.5685264408238 26.4947563562238 39.744622602477 47.4224717530927
12.3840532472513 15.6935223866643 26.346965343234 46.635786310739 61.4584544638456 72.5627755930484
0.224140957628562 0.632668694657124 2.99858393877684 12.0433863621664 22.4512375530172 27.9740333040107
10.6351253213723 13.935526367416 23.4518094504868 42.8242152379211 57.9775984950758 68.0594781667728
0.740915896834516 1.58805981349604 5.01727605753251 15.5292823069385 26.1447479959504 32.6958547795387
0.318518185032752 0.921951640496882 3.54113524230432 13.1250406197488 23.8393560591072 29.5206422367153
1.72700327544129 3.2990521348585 7.77414604026202 20.3605182947664 32.2797460338546 39.372376166028
4.89564128214179 7.68920082532977 13.7524360545185 29.6470240331803 44.6388917141159 51.9393408364493
0.444140210666645 -0.585992106408826 -0.0121885331172511 5.52245130880753 14.4314505609 18.314945394486
0.296549129437444 -0.316956870219351 0.900052316369029 7.43690419060875 16.3674109533999 21.0952797730597
4.78653827716697 7.5224749609299 13.6283147478684 29.4221525821963 44.1860645132587 51.6109199200374
0.328402201940297 -0.472305766057203 0.39072747540495 6.41398039378442 15.4385766930028 19.669779473202
5.52711382267959 8.36660375202937 14.9589344663513 31.2515714482266 46.0736426934032 53.8943400646825
12.0256813731962 15.3708095815984 25.7123192061999 45.8543520630749 60.8984166456134 71.6767266185815
4.60883283561691 6.96475099947414 13.3661790591577 29.1994164740792 42.7208586925159 50.8464737848348
0.288428704816081 0.839855154323091 3.39570173894 12.8335865524648 23.4548487163658 29.1043585395418
11.1542841745636 14.5261107831599 24.2271272819873 43.9429808500534 59.2904481103255 69.4493502092447
0.3993734713906 -0.539920104159239 0.156847120263648 5.87986575731795 14.8068047388006 18.8527562360071
0.168801417773615 -0.130932983159582 1.45386924391929 8.58615644009092 17.779254608282 22.8876306447157
3.85278060070654 6.09859830959669 11.9042097522994 27.0779490525015 40.5743327222369 48.1955425380374
0.275053010341755 -0.310727859634709 0.949292846284811 7.54919447686867 16.4684558926264 21.2611850772946
3.1483930397358 5.23403776011149 10.5726497772407 25.0261171700168 38.2307569669098 45.5646366541782
0.38626763772399 -0.509443539657624 0.288773388095452 6.16966157879252 15.0062645670533 19.2296941512426
0.333247197090379 -0.438895137614054 0.539486703487474 6.70223832794091 15.5648578820168 20.0173539384018
0.282626097927789 -0.332647522906202 0.882308362692304 7.4121651242936 16.3208068856606 21.0604824941994
0.244138912711221 -0.226327519540224 1.21410550910682 8.09096287754519 17.0442757981374 22.0524215160073
0.221478922540759 -0.0879827992654545 1.61130148224422 8.88898214386376 17.9100528404892 23.2099236559448
0.219365214110865 0.0716251336234699 2.03808537590795 9.73356620072644 18.8420263620658 24.4265939611351
0.242076354546939 0.261961827713076 2.50819304128517 10.6527214437385 19.8828730661992 25.7432260132373
0.283607037229623 0.459586872301317 2.97085343964499 11.5456928770942 20.9085258951676 27.0154721217228
0.348276813324854 0.699030421705995 3.50898288520857 12.5755522354438 22.1066974227673 28.4775092599588
0.46692323450052 1.00394841621009 4.12061540711974 13.7299020180832 23.5152448577822 30.1080905571333
0.627452005982748 1.36303518679421 4.80275315225101 14.9982089573485 25.0906348599015 31.892520184359
0.853705206407162 1.8104209747517 5.60617677845837 16.4598675366245 26.9334458461955 33.9383027024925
1.13649567372857 2.31618865365404 6.45845256240514 17.9749704313188 28.8823987004697 36.0491241279929
1.48416391559872 2.88939471820485 7.38358126433933 19.5664516916726 30.9342204567106 38.2503155882629
1.89436388272444 3.52130333603937 8.34687101814856 21.1712177904685 33.0279796963172 40.4556449406824
2.35089441046504 4.19490358963602 9.32199907098073 22.7565703762735 35.1261244910551 42.6241469654082
2.85758130568093 4.91413682498497 10.3204781439408 24.3383204145003 37.2307640915514 44.7730110388973
3.43092963158599 5.69278456350805 11.3785103284785 25.9635058112141 39.3634290127834 46.954167610641
4.06010019586853 6.5224463010328 12.5132978357909 27.6692574827143 41.5454210675974 49.2191362729532
4.77872787682515 7.418032438569 13.7299559754842 29.4391611144338 43.7323873395912 51.5193149677288
5.54972985988555 8.35652295788282 15.0320228650973 31.3076787934784 45.9696415730996 53.922750005155
6.40569432207413 9.3585742233787 16.4650520599043 33.3233244733032 48.2628174939629 56.4703266936512
7.34643837778894 10.4177518054103 18.0320741459642 35.4879029897055 50.5954296364631 59.1582145429835
8.33568534997476 11.4993303002396 19.6750646468671 37.7288147427373 52.911388934862 61.9043004965095
9.33650680262286 12.567738702325 21.3331035342695 39.9682473878588 55.1483843385532 64.6194239526299
10.2421443279772 13.5168329692908 22.8219149524225 41.966592827768 57.1018609615002 67.0220095175544
11.1000808176668 14.3927998053515 24.2449263700568 43.8509749134136 58.8608813333978 69.2632622821777
11.7283939400095 15.0251217945813 25.2855793243238 45.2206168027335 60.1135108970196 70.8823420892073
12.1413306115438 15.436657715506 25.9683063029822 46.1156223597971 60.9213790381765 71.935991947061
12.3422738571211 15.6396476727956 26.293851299636 46.5475555683136 61.3262403131908 72.4469577741059
12.437685439384 15.7408974865352 26.4423780438059 46.7521031896536 61.5385738870853 72.6937008188987
12.3824077941497 15.6983818515524 26.336131581938 46.6314081915523 61.4820453453864 72.5639845153965
12.2334796305645 15.5663734601116 26.0703439716061 46.307052439199 61.2579321570658 72.198301178445
11.9854239976874 15.3340187044085 25.6414018449261 45.7663023107451 60.8333148753572 71.5763417098297
11.626252952867 14.9907383159601 25.0250648306888 44.9799220598014 60.1905682373232 70.6649088190244
11.1798285388945 14.5529055832129 24.2686262357098 43.9992619278309 59.3459297546996 69.5169784924523
10.461787078983 13.8341604056661 23.0580077424704 42.4117020516742 57.9289006488397 67.6433223899582
9.56330879941212 12.9209384665028 21.5446731562892 40.4127710139904 56.1014231778759 65.2692251237182
8.59078847826843 11.9081288270317 19.9150732056287 38.2347216867549 54.0279642460689 62.6565879195198
7.61964774958692 10.8621910783115 18.2963018548186 36.0370575546046 51.8218440968187 59.9833007352878
6.70475156055588 9.83827525939779 16.7749033257389 33.9357069519794 49.5886838957676 57.3847732453123
5.84408879845827 8.83883047919583 15.3368185641895 31.9180385448863 47.3357624520859 54.8487951927522
5.04105548684665 7.87793700595155 13.9888555589653 30.0002515245714 45.1079528227099 52.4061497087563
4.32590259401757 6.98207564967557 12.7752518979053 28.2335984832946 42.9333206272178 50.1097569364936
3.67264030758521 6.13336185342673 11.6385234576367 26.5461245228766 40.7840933768404 47.882675082771
3.08497653191282 5.33795703726748 10.5798941605996 24.9355324153273 38.667578945013 45.724375585923
2.54271593863363 4.57624704392942 9.54037626811072 23.3195586946547 36.5340319896327 43.5366710178348
2.049791239088 3.85552780488106 8.52624854582287 21.7019225488387 34.3928320320299 41.3272072618887
1.62125728435786 3.19438715956831 7.57667986988371 20.1299970730898 32.2800813307056 39.1564980653208
1.25697444819837 2.58852201240987 6.65693451479138 18.5404439051938 30.1527924757179 36.9424393597704
0.94797674368045 2.02479939519777 5.74895837962383 16.9119680716755 27.9966734277858 34.6582185711053
0.700216756582718 1.49984014703664 4.83567922008161 15.208221511002 25.7810763987539 32.2503626188567
0.510230400435522 0.995413549264505 3.86812672054041 13.3460714164456 23.4336459038538 29.6033791775475
0.361499579091396 0.411983894463332 2.6282271537022 10.8951822489073 20.4465388532888 26.0981164566269
0.302827741340689 -0.0559538245411613 1.52562809457022 8.67805754436633 17.8511008181309 22.9163882857582
0.268325002595835 -0.239224533800034 1.09294448668255 7.803750633528 16.8544675348703 21.6821502635265
0.203849011619686 -0.207248835460825 1.2371880245658 8.11737408440798 17.2126527525922 22.181314016129
0.159919801781114 -0.0745918170726797 1.60690233464819 8.89390833342232 18.1241101537866 23.3381099205405
0.157121462599981 0.136025401836746 2.11510950051615 9.94265181732122 19.3855118714679 24.8702912068347
0.192626350845414 0.404313546199189 2.71933090445407 11.1624220639318 20.8598528943145 26.6323387732462
0.292242768356621 0.736190140196274 3.38673032356689 12.483268355447 22.5032906959185 28.5165035085845
0.449512119158664 1.13123876020592 4.14535964326179 13.930512057856 24.288750160624 30.5565557677291
0.674765706095885 1.59171749931451 4.97781273005619 15.4679856420038 26.190616405087 32.6985301446432
0.963061908819428 2.10945737886322 5.86800498778723 17.0659584424616 28.1715319139876 34.9018729370308
1.30839002784667 2.67254838638147 6.79161016395545 18.6832377157153 30.1849375203344 37.1096063402072
1.70846119819377 3.27383237691324 7.73935330354997 20.3015230044809 32.2012311270541 39.2937587170483
2.16397604806643 3.9162197862735 8.73901020640659 21.9599085155552 34.2325083102396 41.5038981151885
2.67747203955801 4.59598890899582 9.78611007582442 23.6433608253736 36.2484093883486 43.7136675828627
3.25685404648065 5.32249137562882 10.9280498852968 25.4150877738186 38.2738040113328 46.0008862073144
3.88303574279068 6.07573263819281 12.1338264043311 27.2354376578432 40.2727865599436 48.3184797753353
4.53282556429238 6.82462702550229 13.3612351637395 29.0374662856331 42.1612858758178 50.5782084645299
5.17052060174435 7.54154787671643 14.5576244254238 30.7643542566789 43.9128898620182 52.7236502279765
5.73472518462505 8.15890872006015 15.6120927369182 32.2577883688192 45.3692208863508 54.5601220738943
6.18915478230069 8.64667402522219 16.462193380534 33.4447916347575 46.4896375714643 56.0089774540019
6.44773089249341 8.92405907014347 16.9389828869209 34.1129623821985 47.12828969667 56.8244261316904
6.56683102308123 9.05493991147394 17.1521270783797 34.4197821715753 47.4410070391778 57.2023862736178
6.63212513397347 9.13151846488439 17.2598924918693 34.5874306169803 47.6411080610646 57.4143831455759
6.59729530162508 9.10345603065805 17.1777472751265 34.4958989439535 47.610739341065 57.3133075400202
6.49772128852893 9.00636960135503 16.9752936413715 34.2368838469513 47.4233922604062 57.0084031008647
6.32666427418614 8.83307286603283 16.6371164836389 33.789892426798 47.0637777804345 56.4748239788217
6.04106888360003 8.5345590759614 16.0834879073528 33.0382201753211 46.410597971005 55.5670238195089
5.72222214378517 8.19790352689029 15.469501965242 32.1971239535878 45.6618382742797 54.5473518254954
5.25726479747734 7.69507123091404 14.5774491773295 30.9528083948029 44.5047100047775 53.02519835182
4.68918047884809 7.06640824195901 13.4890859729761 29.4087289229301 43.0123848504078 51.1200018161475
4.07570316668698 6.36543233668587 12.3125607455511 27.7006613555149 41.2789097945059 48.9874709879733
3.46106842565527 5.63511057861619 11.1177864073338 25.9215707081784 39.388496545792 46.7355832434761
2.85529387192827 4.89398900130635 9.92033046420429 24.1069904277636 37.4065798645674 44.4163464132139
2.32104452275874 4.19727208867849 8.83300842373647 22.3883688601077 35.4062979868016 42.1746090692067
1.84611885103291 3.53666731165079 7.80577406081545 20.7079950784458 33.3812605208614 39.9452417925522
1.41801642563376 2.9073159268141 6.82170956983201 19.0559739671529 31.3503595139215 37.7267562176558
1.04053578591739 2.3159975943297 5.88851192456183 17.4453223136785 29.3344470096778 35.5381741744159
0.722092210957284 1.76995893568532 5.00143291271368 15.8668073734102 27.3408993616077 33.3663765167021
0.47752755725656 1.28699680481564 4.18469779224123 14.3546461723325 25.4127069819257 31.2555082244489
0.291409399882315 0.854339680400691 3.41525312965935 12.8859229618768 23.5421286763177 29.1828946614975
0.184544661386399 0.498838834519434 2.73682999902041 11.524951330922 21.8007895221248 27.2323071992167
0.129249252106096 0.194837075452354 2.11877600839522 10.2424236446069 20.162950254928 25.373941936243
0.136052865995332 -0.0442617200456451 1.57506561268079 9.06959088662476 18.6848300952694 23.6502097781183
0.183721918412585 -0.238157285762892 1.07979800574818 7.98338239067187 17.3506280602454 22.0378054673488
0.257658417108171 -0.39177737279996 0.645147223139385 7.01324944892278 16.1786686485084 20.5839609545748
0.346069352764141 -0.50244495410896 0.289311558344201 6.2119306553416 15.2358940160799 19.37118180622
0.424356450786807 -0.572448063208655 0.0396449661575493 5.64410053113459 14.5765490381485 18.5034324441581
0.481240678229985 -0.614361444350812 -0.119783500955511 5.27913528265579 14.1523507153237 17.940885064371
0.524118327449378 -0.644892595298158 -0.237651098079318 5.01219337933693 13.8417760579908 17.5274226163182
0.538366936661582 -0.654087257217263 -0.271770143759278 4.93429241946028 13.7389609728663 17.401514386694
0.535883459105609 -0.654324307859429 -0.266179137016887 4.94871904838717 13.7380786473147 17.4176529586758
0.5160428562089 -0.643271992629727 -0.213399889491874 5.07125819605527 13.8560667464593 17.5985307375459
0.478432113267656 -0.609567811132138 -0.0818749569532647 5.36362174324233 14.1595975348275 18.0330043938901
0.43397233021652 -0.562644860099785 0.0925694038754508 5.74507427630769 14.5606655317264 18.5995553514121
