8.54814578499849 12.2742282941286 21.211702257492 39.724411661989 55.606940875927 64.5736779533792
8.05714918611049 11.7690068571611 20.3647987027488 38.6470371378161 54.5212805128599 63.2364084370429
3.67708178387456 6.30422037896444 12.9543137664021 28.1770570124543 41.7943082833714 49.6456662418965
2.43678128082868 4.66496627589431 10.5360739522996 24.5709671119607 37.3872685259744 44.8579871888923
6.99572787660717 10.4642860097165 18.6820353819429 36.3060378842612 51.6661965063118 60.2311591275198
10.5201072980302 14.6584859142748 24.2391387969521 43.782033814908 60.5613717078587 69.7452781265041
0.0228655385832942 0.732311865266636 3.45320552875283 12.8306501349639 22.6338880221022 28.4805616213914
3.82564498202235 6.5127684752041 13.2291414392634 28.5388776560325 42.37130951961 50.1747932656902
2.75876417468509 5.12559197733538 11.1598521292304 25.5371009287469 38.6002822001848 46.1523060285852
0.145970679019099 0.238916276216532 1.7344475289934 9.28543975647799 17.8387837631761 23.0985466433899
10.32085927156 14.3969411496089 23.9322500794691 43.411068933987 60.0197171779436 69.2388328506189
0.550951876332894 0.259661911005505 0.959794755685843 7.30630867425151 15.0702600312523 19.9379001426804
1.47485531736951 3.34292147454473 8.38795314870901 21.2612255675641 33.3800237117799 40.4019588157787
8.1306233423846 11.8079555366229 20.5106552929233 38.8559863027794 54.5630988247772 63.4415170133228
0.906126036783191 0.36812632014673 0.647080708624722 6.26582718034278 13.6222340099494 18.2364788884137
3.25051268894542 5.74301184531523 12.1392775583223 26.9715369411722 40.3241431400827 48.0521610074789
-0.00573887018385241 0.511139283352388 2.9075407406233 11.7074977008009 21.1928012650022 26.8531581302839
8.05565196605187 11.7075150027581 20.3790718602591 38.6962404419626 54.3658743616952 63.2159818982815
0.103904393576305 0.253778849710887 1.90173778896331 9.62787215476502 18.3388139390559 23.6492691345855
0.645633908801759 0.281583790179743 0.858328249365186 6.99273658055212 14.5969829929954 19.4189028230226
4.66211056837972 7.56321274361632 14.7639638633699 30.6959081702132 44.9469324888332 53.0151819518044
3.86696537358949 6.56390717112352 13.2856669717499 28.678440090702 42.4608548956343 50.3218560149847
0.829603465504038 2.36730040257384 6.74815981340303 18.5687625442842 30.093166925634 36.7273518239021
6.02126473493117 9.23668691929262 17.1077406689028 34.0889422759612 48.9011798596173 57.3551604728264
3.47049636286381 6.06530022042622 12.5316475787576 27.5785314160333 41.16965303098 48.8836623865559
3.51532661451383 6.12044997524469 12.658506701815 27.6483968816592 41.421860327796 49.0659065966858
9.97013489385633 13.9341662894223 23.3910073694738 42.8037872318814 58.9912598696357 68.3379236303666
7.3190189428705 10.8385142650883 19.2037233014944 37.0443574416535 52.4823975827571 61.1486309955912
0.270952133059785 1.33974414810404 4.89039802282846 15.3659885627307 25.9667644830834 32.2040279974856
1.11104761532418 2.79497039000907 7.5592281671172 19.8133506586223 31.7043444998179 38.4934679468468
3.14380901841309 5.6316098210232 11.9231762695776 26.6278220891606 40.0687565778523 47.658892838337
1.35334240235941 3.15754446381655 8.12502897811117 20.7245311222382 32.9078653359867 39.7670020542722
0.241047211135422 1.30004299443824 4.77354688357472 15.2110746254349 25.7288859104802 31.954657546564
2.03972483156669 4.14197163188456 9.68658067182606 23.2226551820122 35.8480559326716 43.0925051519596
0.0392478370636166 0.3424990459306 2.27868029535671 10.4240835360611 19.469497966821 24.9119316657673
0.824862716687591 2.32745693869106 6.76403313463245 18.544361741336 30.028555548938 36.6973875760727
0.450792304506403 0.227416058089741 1.11438589569584 7.69165108036416 15.6253479716548 20.5760311083429
2.20073803426464 4.35340994845388 10.0343228907607 23.7427574636721 36.5053466615858 43.8087324034287
4.60495791657569 7.48949762595618 14.665615752061 30.563920202259 44.8046162866672 52.8432232162216
0.186263160711603 0.223740200044003 1.62488865320256 8.94334594615683 17.4958406178405 22.6236508212814
1.11352265118885 0.436747417814045 0.511971546630334 5.72536572220392 12.941576150138 17.3703176371999
0.00487170443225805 0.592156197370254 3.13933984243217 12.1479731341063 21.7919200036005 27.5121612677287
1.1553183006018 2.85809073098682 7.64193145620739 19.9554742692871 31.8912844842989 38.6861709807097
0.459970750416543 1.70468753644226 5.61529399796623 16.6017389414624 27.6417860465974 34.0046637424596
0.0309155032651684 0.719689133445568 3.5038897546369 12.804345578221 22.7229738171614 28.5190813273683
1.45242873963303 3.30710873556118 8.33642475960774 21.1588986033356 33.2823719801356 40.2752075810882
1.2604026583448 3.00965704976714 7.91332554930722 20.42748016482 32.3488313561418 39.2857522084811
0.484035406056976 1.74674909793227 5.68803065091652 16.726544365193 27.7948540811692 34.1768091754787
1.79366358559579 3.79841077208637 9.13620961559056 22.4396478685308 34.84767937065 42.0129645455047
0.880581290215119 0.306839596747578 0.647101581498853 6.24382647274515 13.7708965789438 18.2680272065519
0.248794044626137 0.212668473259693 1.4725337941848 8.5891801915874 16.9285379039934 22.0368188624199
0.018989409416596 0.671822958885608 3.37782672497164 12.5947677697175 22.4295287533521 28.1988645819106
3.90215608849734 6.64352000421533 13.3682265802327 28.697247489868 42.7796684149264 50.4699043063367
7.73025284552106 11.3173562551302 19.8984224546332 37.9627110376547 53.5576640068518 62.3326165083282
0.417760262709296 1.66838378463028 5.46836852417469 16.4685794422395 27.3316486892555 33.7339127676991
0.137153552805826 1.05474664192595 4.19344001621269 14.234288680154 24.4095273581103 30.5127969902743
9.26292248873935 13.1390159862878 22.3370779534075 41.2232103787249 57.4652740062038 66.4984744643756
-0.0053680563558855 0.529126828390964 2.88713248691014 11.7146227046769 21.2188208273151 26.8494549893047
0.504109352076061 1.85066943138578 5.74666423366711 16.964730892663 28.058564568209 34.4563043328106
3.54950584026206 6.15272896505245 12.7340848655506 27.723633342918 41.5130392692791 49.1708260708289
1.47943862975411 3.35096211683456 8.40778984620028 21.2917241869375 33.4032412416426 40.4400743218246
0.814632798826953 0.314851630069163 0.711590065006259 6.46649511031937 13.9938235195828 18.6042227003252
0.107971813628235 0.257507483137841 1.87850133612551 9.60759212956057 18.285563679007 23.6052256878715
-0.00136735121934826 0.521278241956719 2.94096152204325 11.7622919782969 21.2642787795425 26.9306644600852
7.38578311229001 10.9518695961952 19.290269748173 37.1845717373392 52.7587239672911 61.3613510199162
0.0882320844337574 0.268570762092503 2.00142143626949 9.75193806069516 18.6468895025626 23.9155739805799
10.857219929286 15.0462495225856 24.6930606158028 44.4898225536023 61.3102802639026 70.5823073593611
0.489809823924092 0.232940762641316 1.09161099222903 7.55484656238984 15.4603057219386 20.3697348706847
2.34467061384319 4.55987289047308 10.3547451331937 24.2305958748467 37.1016746039704 44.4591597363916
6.15719201070942 9.46540605220701 17.295454991588 34.3301575137765 49.4452984859621 57.757181438885
0.000693375702621652 0.445562706481305 2.71017132372433 11.2753155711323 20.614428462442 26.2050736522912
0.00271193210512894 0.468614332185352 2.78189649895494 11.4424579157835 20.8255737187022 26.4427117148734
1.1885496438456 2.9156172746257 7.72390985428679 20.078435198616 32.1181829279821 38.8800064744502
6.34982660713687 9.65287462980683 17.6578587289103 34.8561764803207 49.8470196486183 58.3572154575015
4.77089900110386 7.70726136363078 14.9507479496361 30.9903758712256 45.3283124725544 53.3982866315515
0.942453414511594 2.52179120075696 7.09660635380418 19.0820358839221 30.753975152376 37.4618168718529
1.63090888151745 3.5683848602842 8.77834485075747 21.7979457790943 34.1269198327488 41.1755114704186
0.110535013031917 0.247032271948384 1.89488904645952 9.51676626980864 18.3582955807766 23.5611735189813
0.0472103541891667 0.818456971603927 3.69304066702324 13.2924701606946 23.0038662660806 29.0861374757215
8.75001424389525 12.4797292945059 21.5258909023715 40.2473466001853 55.9565586148008 65.1245978130721
13.1148895739433 17.6657911742247 28.0656943248357 48.9442709766281 66.4477013392856 76.1224680701487
0.468383538136549 1.7583495032979 5.63435659240998 16.7494912599052 27.6866035317656 34.1291576016365
0.381024785200093 0.199870007330296 1.2128697829906 7.91171914256605 16.0298382729473 20.9783449846163
0.331838227022082 1.50279740438762 5.152562452723 15.9213227388048 26.6364081144893 32.9612872790415
1.31249451853184 0.501683292635382 0.387035533100255 5.30030949062445 12.3856610518183 16.6489145330296
0.343790670159661 0.216681043368188 1.26793444371198 8.13950610861183 16.2602379240673 21.2877286970553
0.440180180169504 1.67441033650185 5.54122131272675 16.4811423366035 27.5422749617212 33.8495447242394
5.452605037829 8.57423637741915 16.1262433600562 32.6615242611725 47.4335136976429 55.6076253058159
1.38864273044786 0.539744563133318 0.360238172844969 5.12538884190359 12.1364132567564 16.3602281109519
1.33783701264958 3.14301192424737 8.08115385121923 20.6672692339781 32.9070265892367 39.7106234255942
1.05946963242472 2.70995608170698 7.37401478687504 19.5816936507414 31.3206469798561 38.1185301660112
0.33992327719977 0.194682468966189 1.28748394024409 8.09568089275459 16.3107555462651 21.2835146586026
0.0224114094100008 0.732947697256355 3.45801204468232 12.8297402566173 22.6799125232217 28.5011254327193
0.938375038852825 2.51972603222187 7.0543912826104 19.1742871765234 30.4735464919321 37.4148525408649
0.0968183403991823 0.264676484516851 1.94176679193045 9.69954408932907 18.439808816203 23.7666833773192
1.11126371606099 2.78513170308664 7.53714881803005 19.7964693513307 31.631831778217 38.4466344534957
0.978685783781011 0.382322376636623 0.574980492619652 6.04427230266265 13.3432846028715 17.8879824815546
0.714982691099674 2.14863212592588 6.42127403545223 17.9502118558829 29.3310985443888 35.886822132043
0.434975219163257 0.227551994414221 1.14249273430246 7.75851009365285 15.7401234950697 20.6874875374846
0.0299372621386034 0.75511271848577 3.54356191911299 12.9398608356151 22.8568203133675 28.6908178202856
2.03435455670488 4.11735335076615 9.66941930093232 23.2472778447139 35.7716077961787 43.0834800140328
0.194837632420741 1.19036352705812 4.581278466502 14.7927296927798 25.3338665545278 31.4264640381779
12.8275920096808 17.3335959863992 27.6438053894791 48.3861116259015 65.8070173763673 75.4318502682999
1.03611686090851 2.68376299207582 7.33725929902747 19.4659956468188 31.3527470735778 38.0309713240073
10.9356341074544 15.1358797063695 24.8372654202134 44.6426259921646 61.5170146873476 70.7966152858024
7.46988062092543 10.9934973138629 19.4961123903561 37.3566497643766 52.8585616003546 61.5838395871611
0.0393888570489371 0.337240182204741 2.21691825297781 10.327627786295 19.3516855665665 24.7471467368264
0.0924934699664179 0.946188702128306 4.03447651772833 13.8167981506262 24.0740700664973 30.0130493979415
1.09588167994445 2.77685008216378 7.48937016792846 19.7064863394786 31.6679663008887 38.3691959196663
2.34918670674644 4.5659441780461 10.3193738802674 24.2308341337165 37.1109160518901 44.4389543031179
6.67423351499619 10.0848393273712 18.1705152264658 35.5120672132744 50.9063190747778 59.3024907741423
0.278660270888121 0.189299287735422 1.40076970495604 8.3759282614686 16.7506900359752 21.7495756911917
0.43767835560373 1.66456118678698 5.53971074929387 16.4688122264125 27.4544938577405 33.8111214447739
2.84177220312391 5.23240894700864 11.3649209535239 25.7648196977927 38.9967820061055 46.5102962305874
13.7324643705502 18.4100989294376 28.9295146107003 50.1056718540849 67.8856878209036 77.5836061826428
6.59457666242104 9.98522408739099 18.0321841143276 35.3891169375861 50.6048609511386 59.0768615453405
0.666368888131984 0.276311180121209 0.848697559936403 6.9180096430831 14.5620028496069 19.3257062833665
0.0353507324280906 0.346409121053229 2.2750593477683 10.4845911865396 19.4882181779227 24.9554482258305
15.6363572879794 20.4782029376579 31.7270720989458 53.7937815621942 71.7190231929822 81.987391685084
1.86073311859415 3.8691805010612 9.28844354905149 22.551505834727 35.0572567399387 42.2155478727087
6.70371294417154 10.0697683401155 18.2465425780909 35.6450165653374 50.8160666153203 59.3817726017202
3.30259153153477 5.83517270479495 12.2653110944871 27.0698815118056 40.6621677686719 48.2783542021745
0.0115767292073736 0.441921924240703 2.63101643825405 11.1448553584762 20.4346352034659 25.9913285717792
7.46111247449694 11.0006438301613 19.4597861027471 37.3609701927006 52.8655861790808 61.5699106949699
2.71249210827436 5.05614710154254 11.1083383797889 25.3621878058265 38.5404538723202 45.9899719267738
6.99324692746313 10.4680975282644 18.6903368807199 36.2310043766459 51.7545633049374 60.2211815907777
1.39498472246121 3.22071099048667 8.20658081996662 20.9851096671428 33.0172527755292 40.0234450823024
4.09439457111337 6.80386446809426 13.7284574067265 29.3266954406053 42.9982176239623 51.1011352586626
15.8928769678294 20.7308209002204 32.1124014710425 54.2900024637165 72.168294376819 82.5607649471119
4.72468270773513 7.62616864989732 14.8599848905699 30.9224420319926 45.0985646453669 53.2381602429467
4.40373171593102 7.25856922798635 14.3080654737203 30.0440051283156 44.2587767713276 52.1943884595705
11.9782551600145 16.3670552729765 26.3797165887918 46.7040335642865 63.9515996512499 73.377232610052
8.39626743348312 12.1121442036435 20.9276954589458 39.4522896752603 55.2190523123926 64.1743953648074
5.62622757011457 8.77988397216925 16.4265171110191 33.0857224215481 47.9013759489278 56.143837646056
0.765995721625944 2.26667960095112 6.55453202490956 18.296574220833 29.6376963825448 36.2983449270576
3.11885314430148 5.58745477791552 11.9240962067572 26.5826249177432 39.9956479432465 47.6037902214095
0.0715069910888442 0.298676889939429 2.05767219945103 10.0089890859438 18.8579913327158 24.2302764811774
2.75583442908638 5.1088530187983 11.1706973592191 25.4817186493906 38.6486274234688 46.1395746690319
0.296013495448814 0.210887286352086 1.39077549268695 8.37321753167771 16.5890387655353 21.6797966770348
6.73507615816336 10.1230167957411 18.2470472021598 35.724498369562 50.900626941477 59.4568825866699
2.46509994873546 4.71102137388436 10.5855573927925 24.5833609591606 37.5286402895986 44.9370647090999
0.296948968881212 1.41053964638256 5.03627389406413 15.5949076350592 26.3839779633295 32.5836108822265
3.36914540286205 5.91183002641359 12.3444689894118 27.3173908027479 40.7246327530217 48.5005663708079
2.74928041192153 5.12655680501735 11.1574596686195 25.4959112040573 38.6824645914538 46.1452638840771
1.75155498014452 3.74702762178722 9.04814610237313 22.2488052498035 34.7019748085904 41.7865095177842
8.26356260558608 11.9368334473178 20.7613588461593 39.1040783131948 54.8886433547326 63.7921640800707
0.0414536418801249 0.783892994012477 3.58475024748294 13.0490286048179 22.9642854317772 28.8279499844222
2.74379521961774 5.08700725237958 11.1653112136852 25.458042843739 38.588838168397 46.1035041246579
1.89557511339645 3.93892734448267 9.37605208019156 22.7378139794527 35.2434990593254 42.4379296344
0.0880219993924624 0.913079139006312 3.8846425570864 13.6081429114409 23.6819405195397 29.6384463042764
1.30548020090597 3.08078553548661 8.02636045938856 20.5580438223285 32.6302349927279 39.5177837088347
6.46471057330436 9.8248599212672 17.8313886506918 35.0436496348511 50.3196064880444 58.691206389961
7.54468082217888 11.1267191310231 19.5877576132704 37.4690827120544 53.2037235119366 61.7947350992983
2.04754573636897 4.1631819908041 9.68561206318975 23.2895232432866 35.906059291866 43.1553926409469
0.734515374976752 0.291869784422121 0.771059446593931 6.67167710881296 14.2100160978516 18.938831765954
8.33591232922646 11.9764925631274 20.8708005337914 39.3648166785059 54.9265458377307 63.9958289167179
0.147858018099962 1.10334929160924 4.29703203598914 14.4190440898548 24.7313463621437 30.8082904136513
2.84568993218647 5.20803198944163 11.3960585028619 25.7728229899326 38.9546772119168 46.5231630980387
4.04873291910714 6.79454503942558 13.6564292577617 29.1475504371016 43.0957746133175 50.9817080315842
0.38270327211946 1.55865517951448 5.33608267446048 16.1253167427383 26.9776845252592 33.3101185292862
0.140011534516876 0.243409103483687 1.78668926146423 9.37301524306216 17.9895858317318 23.2442036845066
6.70138731771615 10.1177987758164 18.2146259439834 35.5730983384821 50.9796809321127 59.3809945451495
3.37019209998317 5.93804360809258 12.3392719996191 27.2942316882978 40.8378865319626 48.5117638973195
0.00842558527157964 0.474197992086233 2.73169756288815 11.3756694423808 20.748348168131 26.3536388099007
2.44227658587672 4.69033884229331 10.5146397981818 24.5327328774335 37.4677423863427 44.8387230475743
0.161038965749524 1.10723146288596 4.31938648355158 14.4160943898281 24.7290830037046 30.8095940012203
3.5367865095421 6.14172574190402 12.6931983470998 27.7489250044243 41.417255680559 49.1385718188646
8.0976528695272 11.7840471535868 20.4371210045107 38.7738434044474 54.5311389051223 63.3516964523859
4.28247178349092 7.09413583145953 14.0653044193191 29.7648660300973 43.8440314433654 51.7787051214614
4.86566260240728 7.83746726132325 15.1043973693412 31.2354029887708 45.6499415065348 53.7212893719576
3.02871538526965 5.47642656959795 11.6895668129356 26.3384534787997 39.5585250531769 47.2131229930578
9.8061159302877 13.8061095160381 23.1102166391092 42.3477884438294 58.7968964570726 67.89983118201
0.0154560996792624 0.662859130291401 3.26648462364437 12.4429740813655 22.1751602701744 27.9304430535769
6.9089921489128 10.3785751283421 18.5182714690846 36.0884784882719 51.4917231929499 59.9755326426471
4.79213895342826 7.73369829786497 14.991724765988 31.0322821978009 45.4051746866653 53.4653580988558
0.00860961536226633 0.423395000602681 2.63767293246387 11.1523237720529 20.4290044573951 26.0000965822612
5.9635232495372 9.1989949634335 17.0078002286875 33.9002967198541 48.8840575677377 57.1954705671445
0.156095003809605 0.235723962094369 1.69615899374488 9.19522515275236 17.7521850469992 22.9677859239727
-0.00291412827767259 0.514728304457682 2.94703607669793 11.7504156123778 21.35488473155 26.9530366860035
8.02628466822072 11.6244566354787 20.3749660741549 38.6714376719649 54.1601733670773 63.1404223811347
6.50240230052119 9.84835916984502 17.9122597126426 35.1587981067018 50.3474617182444 58.8014504874639
0.0109345974499288 0.433237714762975 2.63252318537586 11.1151306075824 20.3832824158162 25.9565491825449
1.33936308030172 3.14789027714706 8.06935817367951 20.7560744902463 32.7382476853146 39.7069299760773
0.651567434011301 0.237188270121112 0.860796693961166 6.9139768981465 14.7138321057418 19.382842768804
6.45270019335806 9.79757920436207 17.8073567459942 35.0636666601743 50.1673904647149 58.6493202035252
3.40035115399153 5.92567729742824 12.436932329146 27.4124827751343 40.7965426518091 48.6185322028562
1.46877897370381 3.33105750250652 8.38618880017018 21.265015726063 33.3762082721419 40.4096194187038
6.5339148589321 9.86540042494575 17.9577855751725 35.248104930661 50.3490044500226 58.8757232191951
4.04266249984461 6.78935523549211 13.6336871682007 29.1278810562857 43.0817979830018 50.9503066976958
3.54092670013221 6.14324644604013 12.7099832672093 27.7196546984718 41.4513255400071 49.1404261109277
0.0633947945255571 0.303557997890199 2.13690045210047 10.0778217793638 18.9915206953885 24.37441305719
6.26674812680837 9.57414735016679 17.4995150147213 34.6397855373623 49.6853780708363 58.1069737660201
3.29515025118606 5.82832822504098 12.248515792677 27.0448216747276 40.6515975536493 48.2528142587493
0.863546332645726 2.42591632079087 6.81773928794243 18.7827638439356 30.2256037159339 36.95241192949
0.190638173583096 0.224027119901967 1.66851101548965 9.00614260241936 17.5527459280639 22.7187758672438
0.23923825034706 1.30372269353644 4.74606265551506 15.2022167294612 25.7406918510827 31.9438285960694
4.26417308851667 7.06324475334078 14.0235142392759 29.7190304978458 43.7393367013398 51.6955619849441
10.3955368517164 14.5422503349959 24.0229466435785 43.4919715061805 60.3627407123953 69.4321565319615
3.75235833335102 6.41154859714378 13.1214433139802 28.2909658751252 42.1675807159748 49.9096387787351
6.03972587712991 9.32680727815684 17.0973645730703 34.0799823694402 49.1398121390223 57.4218696793004
2.75081755620698 5.10355019330324 11.1924408571148 25.4542540053037 38.7134675953091 46.1477161095137
2.85683919406946 5.25930453944768 11.3837738803945 25.7404461082821 39.1755896712148 46.5641993728
9.67779619105107 13.6329705505047 22.948465163888 42.0965813144265 58.4453397087219 67.5767808057374
4.53799686065254 7.45393215144444 14.5311524803007 30.3460667795223 44.7767324817596 52.6509411176452
0.744193423825909 0.280281990130892 0.791996201147213 6.66934294283593 14.3042293829937 18.954820440882
4.43102276063624 7.26795256055603 14.3281993927715 30.1608712007463 44.238507422033 52.2623321968495
0.823950765664661 0.302074081358869 0.705075718151594 6.41005388667239 13.9426002557618 18.5325241229117
0.0315747514153608 0.351765969207441 2.27322392039042 10.4555648887032 19.5221549648594 24.940285905829
0.869059299542432 0.355392313392209 0.672171228117646 6.35906386728252 13.7487860671489 18.3903858921516
1.22842022663821 2.98333007570878 7.79059082158195 20.3123198533761 32.1905374564497 39.099296424737
2.71181671589315 5.06442921978437 11.0683242510642 25.3570193843443 38.5288040314838 45.9695388221882
2.64624658277413 4.98908381790825 10.9231731356774 25.1782404253143 38.2913099414242 45.710675758126
0.909758205711874 0.360825768296872 0.647433071029811 6.22982639369116 13.618925838126 18.2016436998268
0.380724806130876 1.56891128416181 5.33465892616603 16.1329711906974 27.1305830221816 33.3681480009766
2.9512262617231 5.38049288532526 11.5735514914593 26.020059431104 39.4949709521542 46.9289283590003
12.1742586212276 16.612636423388 26.6842007453793 47.0842455099041 64.4095716218646 73.8578510311334
0.0352667677148888 0.786890942829735 3.59915127823083 13.1145550907763 22.9512771652537 28.8787002258421
0.831484184500472 2.38391365488482 6.77145350020785 18.6615041276777 30.0840249188791 36.8059955853667
0.00897871378161264 0.594580468023502 3.12087898966499 12.1073438728239 21.6892393136444 27.4315032025822
10.7353966267906 14.8893225477088 24.565915692235 44.2480212775057 61.0244620814561 70.2966011269819
-0.00814005675487954 0.490435842800661 2.86726064912516 11.5997097603254 21.0430798351806 26.691798237945
0.64067309275031 0.261113986999321 0.868763003481039 6.9691318143279 14.6751747866765 19.4276475459763
12.1443646039253 16.4561853328286 26.6823261337151 47.1419178439267 64.0562707925124 73.785462360311
6.11527071067281 9.37429460866181 17.2577030598577 34.2778815853163 49.2015155527774 57.6360023254976
3.30256989554584 5.83022254798449 12.2616467918595 27.096919064749 40.5995223569754 48.2769200900462
15.1713133846895 19.9913005042746 31.0254870701573 52.8908323859015 70.8308867824926 80.9220994708214
0.00126759857137212 0.554123137725961 3.05923088849308 11.9646953937138 21.6364589579981 27.2737909557802
11.9902927334008 16.3598397917105 26.4044087392487 46.7569881716495 63.9129524311283 73.4037541939041
0.374421510698339 1.55083210287357 5.30206166828489 16.0571542342613 26.9609886528042 33.2328913474118
0.0266385165101086 0.721563893677759 3.51610412054271 12.8289130649262 22.7745541039089 28.5644651233697
2.3290936827083 4.51658529296038 10.3076987476506 24.2209756292645 36.9476905762041 44.3866236310209
3.93292426015669 6.65085002588635 13.4454281353892 28.7886130724764 42.7403061912724 50.5497115892797
1.02223344892114 0.374987519522408 0.537344704137045 5.89394729528939 13.2670825523135 17.6734825740556
0.188846807533673 0.224761408341106 1.63286188717438 8.97089988508609 17.4438254130735 22.634592133269
4.62486407914602 7.5077859635237 14.6892165507161 30.6215630015807 44.8003997067497 52.8910894608084
0.469452423299056 0.220672485828103 1.07872230953405 7.56715089528853 15.507387289293 20.4031972387922
6.36733342140767 9.6828952644397 17.6420381636298 34.8747073722629 49.917469602055 58.3813234751304
12.5309034017033 16.9989984113528 27.2152484123059 47.7924258763477 65.1595003119323 74.7182537803831
3.69255067293123 6.31487853990738 13.0315184559283 28.1798167080732 41.8658417298394 49.7026060694661
0.0249819162280499 0.69599559634412 3.44378783455675 12.6918995346782 22.574869481676 28.3525787018989
9.89954647850085 13.9580207920848 23.2773337085026 42.4847479165294 59.1842793187399 68.168082628753
0.604626493257379 0.260783857641238 0.911938131710046 7.12167973378203 14.8290845050704 19.6505749163685
0.00516143430962813 0.613108251187165 3.11800214390307 12.2158860859527 21.755253278309 27.5416755011523
2.79788359771004 5.14962079443489 11.2930713390324 25.6095319670053 38.8047967444873 46.3215553267053
0.215445184711634 0.219665220333674 1.55817074248988 8.77669902754003 17.2913966520713 22.366881264371
2.58365669459122 4.86490521400484 10.8527099725668 24.9696306294789 37.9634367489256 45.4479098175953
0.775287483767192 0.264818923116325 0.732663584573009 6.52864445257496 14.1971647139778 18.7523211735689
0.525831346615238 0.208572728434781 0.994375216078796 7.31503549086049 15.2995148221114 20.0482061888114
0.263628602377632 0.211953128718067 1.44883253194967 8.50484974029899 16.9355544506429 21.941993479368
0.10363703057741 0.274784466302013 1.92901573406778 9.6426285026858 18.4731692374693 23.7220454217703
0.0217208109433472 0.424937913703944 2.54509451790776 10.9840785316344 20.2432195934286 25.7654601504383
0.0272899340158591 0.659875710852459 3.23380957671323 12.3903354996067 22.0563051068676 27.844139804304
0.11330960120517 0.968754649379769 3.98654265451501 13.8394574109957 23.889459005213 29.9362679547201
0.28632738104002 1.35453653938565 4.82241446577043 15.3543988509985 25.7373056278974 32.0705243443728
0.535598644515777 1.83736506553201 5.80752782523036 17.0848884640062 27.8253906093253 34.4829016593002
0.799214825177582 2.28808140310039 6.6517553780975 18.5035583740381 29.5766641008493 36.4604526717703
1.05074201906852 2.69794535617201 7.36589419605941 19.6893103880121 31.139999163666 38.1384533298082
1.33838546530034 3.13605843821031 8.09210100454689 20.8534255314789 32.7220225970099 39.7948057169306
1.67703000929298 3.62750686553341 8.88126926104081 22.06357043212 34.2982540860061 41.4752784516443
2.15715125316466 4.31227911010334 9.94198553565287 23.6970956497957 36.3455993430045 43.6914277670128
2.77182472170883 5.14623225224728 11.2097631919021 25.6190624052447 38.6630155434943 46.2565795615169
3.46416197424481 6.02349462542522 12.5363445456236 27.5997829496947 41.0012222410314 48.85669358495
4.16144162948439 6.88719290499765 13.8527817452114 29.5066117024388 43.2080834655543 51.3349696855922
4.70772624085115 7.60377562707745 14.8291952861599 30.9257449651388 45.0446448107416 53.2277889727174
5.44600220574366 8.54187101493545 16.1449290010779 32.8290692439107 47.3776087196757 55.7242142306011
6.15326805885012 9.40151809148918 17.3169860702909 34.4567001665498 49.318404062455 57.8137779752277
7.10304647506632 10.5240956374893 18.880989011303 36.6186300207445 51.7957038320573 60.5464937849915
8.2236317528706 11.8394497767621 20.6944631770956 39.1210811235268 54.6327301134615 63.6854484935986
9.31720200613277 13.1594440345514 22.3908900741615 41.4526687785693 57.4031882212082 66.6353525990102
10.4843013341798 14.5284353495326 24.1828718576579 43.8652317887646 60.1960561163793 69.6614675198964
11.602805000235 15.8164247684666 25.8857565538473 46.1231019345426 62.7894941330458 72.4834934548563
12.3665153364958 16.7044827234579 27.0190388328317 47.5837390706411 64.5364763197395 74.3258411513992
13.4110748574618 17.9479014552686 28.5506293474667 49.583621112352 66.9679919603633 76.8491251463743
14.4060446388024 19.1213063904187 29.9659723143185 51.4566108444377 69.2143424284434 79.1847361438811
15.4410661184523 20.2758984643587 31.4557977296279 53.4307543053258 71.3651719003524 81.5679504727165
15.9704540697984 20.8211740510757 32.2323571050204 54.4449829678282 72.3398968965055 82.7498465826267
15.8780238568586 20.7105832086147 32.0876760219931 54.2590641965031 72.1288682041204 82.5213714151787
14.8254475421766 19.5932665460149 30.5299435885307 52.2297671114426 70.0793323525509 80.1141102189765
13.5745184999932 18.1838388630397 28.7288616284279 49.8259952201179 67.4219195078042 77.1970317245126
12.2855107412137 16.7140494521615 26.8550110191467 47.3063704532799 64.609447199662 74.1212006705995
10.883037725124 15.1049542959339 24.7540035870445 44.4777922279971 61.4746275617827 70.6510391396554
9.84511136068872 13.9014092929059 23.190289972932 42.3684371378213 59.0794027577343 68.0334151440044
8.93846285423749 12.794104190173 21.8089848612038 40.4991995835926 56.7782958354761 65.6395341168916
7.8407638119059 11.4833362608973 20.0639455869518 38.1208799204961 53.9834503013838 62.6261973501213
6.82540555152035 10.2736105178511 18.4134249677723 35.848649532055 51.3343036853274 59.7437033391388
6.07425081258202 9.34659277762151 17.1926467162724 34.1582870087679 49.2430752692845 57.5465746278721
5.35006782164679 8.45453497535885 15.9496784860074 32.4132440527696 47.1653693737931 55.2959466078899
4.57830469204079 7.49159348778554 14.6061158047483 30.4820447341603 44.8500005591778 52.7835133326903
3.81347855791874 6.53332412905004 13.2026299395077 28.4591981823243 42.5123693707199 50.1635372352745
3.30767261923863 5.85612937074765 12.2659279363248 27.076216080545 40.7587579893154 48.3197228027976
2.80757668376876 5.1910525420434 11.3060203680223 25.6425595088603 38.9725866736239 46.3987526465032
2.34559070194577 4.56659934822985 10.3541812833154 24.1999507400994 37.2104659934955 44.4692987462186
1.82501491941506 3.8395839734005 9.21539903665701 22.4296144397511 35.0453814695859 42.0884046770079
1.30576530959995 3.09356884233401 8.01248361101544 20.5315144809434 32.7238389277311 39.516805214871
0.945564761763299 2.54807527065531 7.10459095774948 19.0937179741516 30.917171566337 37.5239183246962
0.70899748031204 2.14739340296542 6.45567112575949 18.0290751350659 29.452670229418 36.0067604297316
0.466264426185339 1.72359327416724 5.68554447022014 16.7265214227251 27.8049713858703 34.188587144471
0.26477822423274 1.34439722521461 4.93198387229979 15.4111645641576 26.1498463492048 32.3289724412979
0.111516744623879 0.996037161052622 4.18266437766196 14.072636906693 24.4144086132406 30.3952843278138
0.0204071003007193 0.643462117496637 3.2940744452841 12.4292017372237 22.2037853620021 27.9484128087897
0.013939577371067 0.382289051272849 2.49752676237889 10.889851492017 20.0656431703196 25.5989848122408
0.0257483737981199 0.353663126125377 2.34760013367813 10.6231282325463 19.6542148992664 25.1671262033881
0.00580221205584671 0.527521492306884 2.8860950119458 11.7476754938806 21.0784481451953 26.8275949143746
0.0389974218967989 0.784526784845369 3.60809676746178 13.1342332590003 22.7818421744104 28.8492534927603
0.0941691349439241 0.986480208465754 4.10141216991243 14.051043273741 24.0680124544786 30.2193629132645
0.189727052689407 1.24944794167752 4.69080796688884 15.1339119679646 25.5573135774319 31.8226117990518
0.352186961843988 1.57474262920937 5.32778570134066 16.2449817001513 26.9947079033441 33.4095888735685
0.612429839503312 2.04347086209766 6.18884546626518 17.7088339323866 28.8583648743954 35.4721672362477
0.964127045447021 2.60274580747153 7.16116202662152 19.3054033389507 30.8846341135384 37.7004771676363
1.38132704914764 3.21493397945454 8.19014005246657 20.9503738170514 32.9674407308283 39.9714198274242
1.8530695808154 3.87258636579281 9.27556637308175 22.6453690401918 35.043610113864 42.275806662194
2.34247043112983 4.53098454433822 10.3432732827307 24.2726483093601 36.9858367183426 44.451240858814
2.85508918153224 5.21408579276418 11.3840201227637 25.8544437339177 38.9157468036058 46.5554456985619
3.3985737368535 5.91696949699226 12.4374933640161 27.4132094149334 40.7693722666855 48.6118244983157
3.98329022440068 6.68301225921167 13.5316691803185 29.0200857415833 42.7433419804496 50.7319507730754
4.65625791477718 7.5350450294885 14.754140629881 30.7865345265462 44.8720646415602 53.0418593799181
5.42522255174563 8.48176300923798 16.0972581130596 32.6758732927612 47.1194116580192 55.4922622698957
6.19709279851545 9.44361680773463 17.4162441785728 34.5180091796675 49.3607256468536 57.894189850542
7.03296620411776 10.4921304169314 18.7796206696823 36.4237856908364 51.7110138937533 60.368618718242
8.01443518388392 11.669325933336 20.3452409580051 38.6145031038138 54.265690247438 63.1393856380342
8.75473136816694 12.481364547571 21.541176472941 40.2548273873707 55.9481473381444 65.1325740077352
8.90260986424346 12.6378446297101 21.7809394570255 40.6036840630602 56.2897557872113 65.5468150882698
8.72088561272347 12.414915693152 21.4995352868204 40.2273636444545 55.8324218788904 65.0635000968078
8.07786453335775 11.6773546075982 20.4643438093221 38.7933908981655 54.2710625678828 63.285815367278
7.16840698209628 10.6536702349077 18.9851531271225 36.724981594261 52.0750245188816 60.7409961307657
6.21620126551149 9.53666215422804 17.3962144853233 34.4743814947555 49.6077437039252 57.9395144087114
5.35556922888093 8.47719020822063 15.9325757248216 32.3675056271954 47.1682262259135 55.2543277705381
4.58806718665756 7.5192529060752 14.6161236076587 30.4672242451133 44.9320215579141 52.811886177226
3.89468741605552 6.61338138777435 13.3783771304817 28.662800699922 42.6980183798035 50.4299224246807
3.20560416089589 5.71497474582222 12.0661526126685 26.7460909345179 40.3971839241595 47.8993948298321
2.64338531455316 4.9778560688885 10.9623261071836 25.1161422245634 38.4124563424342 45.7332527579958
2.20332562288945 4.35495462805095 10.0355845123661 23.7015965686373 36.5912923582355 43.8050628085124
1.65966817694206 3.60393814557918 8.84450201470656 21.874874150131 34.3863145163448 41.3556381695296
1.26254833436689 3.03577999959191 7.90059913890951 20.382676380931 32.5711920314672 39.3261017414569
0.976542494360938 2.58846137629464 7.20309650623231 19.2401943899621 31.0116332588811 37.7075352446783
0.672989044434104 2.09824120828633 6.35362586060218 17.8515341016819 29.2566592562835 35.7737149157448
0.403900789839523 1.62397170582394 5.44664125441795 16.3392567740172 27.4270430189564 33.6740914942721
0.205272956685454 1.23525272104239 4.66904712118296 14.9735195911518 25.6769809031836 31.7284287042545
0.0935695177548972 0.946540834142094 4.04273609097002 13.8113586523127 24.0963197461449 30.0175300541428
0.00948853263914365 0.657696106877935 3.35826545845718 12.5344623613323 22.4057854977938 28.1356159333737
-0.00680011540348413 0.451608629900575 2.7657174508586 11.399057958484 20.9190856580195 26.4352602087877
0.0230905940923555 0.327031108403419 2.31915796368284 10.4670039057153 19.6320985385658 25.0161093025404
0.114441640405087 0.240198557291986 1.86858185942582 9.46157562680995 18.3029286995958 23.4816781841173
0.25138331589715 0.185625858346969 1.44438183128823 8.48263891263256 16.9594953535184 21.9424001993539
0.424224863424241 0.187636989696145 1.11902459563226 7.66692360504324 15.7687762128513 20.6146322491143
0.666308692511393 0.241535639172815 0.809805219117971 6.81084679579888 14.54317990743 19.2042476522846
0.975639920810972 0.345572842270939 0.551034758169529 5.9762602973226 13.411702463578 17.8205622000993
1.18786302407748 0.446586607331201 0.439496600057161 5.50568756405472 12.7144875963739 17.0248327364499
1.38175220132396 0.53720082478031 0.360963074388566 5.1245625455318 12.1423419492917 16.3667402039848
1.45397642371539 0.557906751802919 0.320836837627531 4.9958986846711 11.9858345013911 16.141482839293
1.38870822539076 0.519421391335017 0.319552027348397 5.0882506410637 12.1181772856931 16.3067251065234
1.22013707207804 0.444594809436867 0.375527098122681 5.37133597716084 12.4787129555936 16.8014225618153
1.07625715109828 0.383054408146853 0.473400924400686 5.69770810471683 12.9524385382908 17.3578174921897
0.956934896727681 0.330097452287592 0.577070028800897 6.02535901429625 13.4725574470913 17.9072879132474
