0.298526936625973 2.18093768301153 5.94685611738465 11.6355750151934 15.4526027432772 17.3616209118638
0.230720042928175 1.94427383917599 5.3710788823449 10.5154793464205 13.9465880756036 15.6611597652139
0.295383925604593 -1.29986612470151 -4.49024161401769 -9.23779996395601 -12.3820193013305 -13.9552555358764
0.194604035162685 -1.11299364838997 -3.73011387690823 -7.68357169524875 -10.3217043453276 -11.6414899460129
0.291890407259167 -1.95703757048759 -6.45502759338623 -13.1914498525577 -17.6709211152326 -19.9102585666093
0.29449866296958 2.40235727752586 6.61984996881209 12.9207971367936 17.1025368915463 19.1937630176126
0.241860651464423 -0.430083407276926 -1.77375024546887 -3.77714173244682 -5.11509439901842 -5.78450676918536
0.245206252401704 -1.48913287464236 -4.95809475690177 -10.1893861583141 -13.6791197044438 -15.4226468830309
0.242148514115227 1.21415294015317 3.15971660728493 6.0750684680012 8.0195853010789 8.99214229599202
0.230337973305572 0.0624170988624138 -0.271183224746814 -0.747576909803729 -1.06747687375494 -1.22766003530231
0.27959935763395 2.26460027403916 6.23501432232184 12.1818694493469 16.1434200185819 18.1243994917225
0.316548200249414 0.144208827721616 -0.199970241706779 -0.712229486965948 -1.07860206497 -1.26265460406474
0.224476243858581 -0.916197681388767 -3.19794100145003 -6.61766852841973 -8.90592779098203 -10.0510798679676
0.230281608815635 -1.8386404935407 -5.9780264409683 -12.1838634265344 -16.3173695579194 -18.3842044599651
0.23837099606432 0.0359294196048131 -0.370584452224227 -0.976938521063629 -1.37155907105736 -1.56905730940842
0.322320824789145 -1.18503608640434 -4.19789921346688 -8.71039812905751 -11.7278340559293 -13.2366992126963
0.308565936899513 0.527471843923358 0.966163297792153 1.65327511578328 2.12497286918607 2.36198346706135
0.204597182417018 1.84517748462191 5.12510816896082 10.0498937330013 13.3288524015718 14.9685590127546
0.255913826678181 0.317157857797684 0.438937996741984 0.617861986509061 0.730114684842092 0.78519874701658
0.18596473915551 -0.0995649986425876 -0.670817056564874 -1.52066833423346 -2.08900854585841 -2.37326713499304
0.187462969894819 1.72686778673041 4.80663352318489 9.42536801911108 12.5023906166125 14.0410145644087
0.171428848450009 1.33763623508231 3.67208813689885 7.17816847029029 9.51737662808309 10.6871343208448
0.285192854713035 0.939296673440601 2.24765783737808 4.2041308407999 5.52031441994012 6.17845009813134
0.254124696225607 -1.6165302617952 -5.3596537184752 -10.9820337900415 -14.727374151018 -16.6006454276189
0.209140451583062 1.32170752372278 3.54613672157264 6.86734935409175 9.07217292880289 10.1733815176766
0.264604963591628 1.70994517291549 4.59863265687769 8.92074253212339 11.8133243617724 13.2601550994672
0.265406673952853 2.05039098815328 5.61941777417986 10.9779389690641 14.5523634435552 16.3386325178604
0.316378928301064 -1.93853903285662 -6.45033301697815 -13.2251856778441 -17.7440376268774 -20.0025368905933
0.231944447506097 -0.8437059100684 -2.99465292323251 -6.21692286262703 -8.32970477598035 -9.38519400544063
0.246323037554336 -1.17679301894122 -4.02195116387378 -8.28465345115254 -11.1245966420348 -12.5445514932652
0.233328189681455 -1.40319553660233 -4.67460286811912 -9.58773524772424 -12.8629055085517 -14.4995830113913
0.26467169251805 -1.22091252040694 -4.18902127015081 -8.63040138778262 -11.5923526130219 -13.0733728393792
0.240559356226992 -0.74744355331616 -2.72309690587602 -5.68810205025738 -7.65640110331586 -8.63979927339061
0.233253004446207 1.2182435737171 3.18797334735149 6.13962159577008 8.10381728265178 9.08602740053056
0.288006759474011 0.470404406613601 0.835091191064327 1.39885077113581 1.77436897851285 1.96052030073855
0.348485236542843 1.14224963328691 2.72572807324133 5.12362468545113 6.74256738384554 7.55087048210245
0.237654673364756 0.200208654772085 0.12447323760626 0.00352445433438151 -0.0639680525550979 -0.0967742452988682
0.242935912474929 -1.30660612584328 -4.40328312417395 -9.06037970868914 -12.1595989680114 -13.7087908334696
0.262690511023217 -1.70327263825075 -5.63502749561702 -11.528407268325 -15.4497289211932 -17.4096347529898
0.245178844736289 0.408888978881578 0.737074200048244 1.22585557991727 1.53875843725692 1.69465526276508
0.276797979011602 -0.000573502412582678 -0.554053456052883 -1.37647695429846 -1.92417521193748 -2.19770304992269
0.285677059121801 0.583053352571573 1.18055168447904 2.06908029009837 2.65669226631489 2.95218762502102
0.211283721949933 1.17341475456531 3.0953138352716 5.97540902790692 7.89018172936686 8.84811232513547
0.247924100303949 0.957059466773594 2.37639860079667 4.52942282257674 5.9813820921713 6.70709405655325
0.249307007380779 -0.692311446282536 -2.57378096932029 -5.36344737167454 -7.20988590652384 -8.1324435769199
0.30346358568778 1.0731005592688 2.61185616054214 4.90637607562141 6.42981669349759 7.19166107316113
0.354396515939112 1.19847788221101 2.88444737654465 5.4266606577038 7.12191395916745 7.96853882094013
0.220147345841877 0.93640631598945 2.36848348065687 4.51536411260606 5.95519963198211 6.67455623742587
0.242295514311181 -0.968023133497936 -3.38802514418641 -7.01973056946247 -9.43679796656491 -10.6449310356995
0.303371061215736 0.334679595319143 0.398461143591733 0.482240333427881 0.538355428430106 0.566546327670699
0.266158392173646 -0.216818370014274 -1.18235529395852 -2.63577267352382 -3.60747155820181 -4.09254838978086
0.307652828861253 0.750061046006434 1.63573125246589 2.9562659065832 3.83318804546559 4.27306959452627
0.215582668488988 1.77614241068799 4.89794762650626 9.58600256413304 12.7161981467336 14.2820675785015
0.249827434615818 2.02840303711536 5.5867609259401 10.9233449376738 14.4970262911298 16.2847073770605
0.308044720696819 -0.643628322310815 -2.54641263842482 -5.40887294231048 -7.31695046643075 -8.27060427286267
0.284748081119023 0.635423407165224 1.33868109021744 2.39264185497014 3.09635732561736 3.44942676358326
0.219682163897871 2.24788018061893 6.30583325193008 12.3948414608421 16.4330082318395 18.4522993618378
0.235161868918978 -0.419540243745929 -1.73022321133706 -3.65558350443903 -4.91834912201688 -5.55089826043782
0.269156536023961 0.762738859094714 1.74872962942037 3.23958505844281 4.23626030780471 4.73442366991947
0.273783475158285 -1.61130819812006 -5.37996500176908 -11.0301702278601 -14.8052988302405 -16.6938203033442
0.235178825879873 -0.896709525667216 -3.15793539776277 -6.54373738975492 -8.80992399058321 -9.94336714840081
0.342987456091917 -0.0160004789111051 -0.734202806665545 -1.79461427964212 -2.48389322815695 -2.82792187264917
0.230764338709365 0.0614562182769597 -0.279196796455508 -0.80250749759595 -1.14214010453998 -1.31134482476877
0.266722889368062 0.51864129737143 1.0222319695609 1.77316182947165 2.26204293861559 2.50591453958787
0.229492364602206 1.83082978369622 5.03325387279581 9.84647599618809 13.0621169849896 14.6699148588368
0.232153558407756 -0.418650938322189 -1.72339306641964 -3.69990866268295 -5.02919372762601 -5.69482186071337
0.223744823455352 2.14884852288276 5.99929797876592 11.7863492604894 15.6572080891115 17.5925120561158
0.266597672400384 0.291696300453658 0.341564027457374 0.405237280056701 0.437520047729943 0.453399962157239
0.242295743001324 1.30706327958573 3.43809159308766 6.65609220159217 8.81163462909698 9.88924288763709
0.33705624957536 -1.88932064053083 -6.3439725226764 -13.0172022816088 -17.4539400118749 -19.6722844529795
0.353145023764147 -0.445842811037533 -2.04138241521374 -4.44417114347936 -6.0530993606536 -6.85683871030661
0.26464951158083 0.48580334075628 0.930659999833419 1.60293046881172 2.04425167302289 2.26367527895456
0.215031432935135 1.2125739251957 3.20868958101506 6.22503892242921 8.24098372623978 9.24902594411917
0.299361320507093 -1.61028604900051 -5.42747305452166 -11.129690758923 -14.9385432130118 -16.843887083105
0.243881077529795 -1.71395622199966 -5.63102647015325 -11.4845271334977 -15.372595085124 -17.3158763154211
0.26875405614992 1.15908176997333 2.93938891768821 5.59988954840632 7.36743616368716 8.25064143385127
0.242346902173555 -1.18942878877109 -4.0544805351433 -8.34334569741029 -11.1858267311719 -12.6067316095669
0.253657432751408 -0.388564074808864 -1.67104340573385 -3.59241882734284 -4.87816235281802 -5.52123517831722
0.204581234963519 -0.334077253520309 -1.41292007559442 -3.04753215290483 -4.13572416613034 -4.67942962715717
0.273325154324707 -1.87862799701882 -6.18235838038358 -12.6345131446932 -16.9386991549152 -19.0909448980112
0.300506399170834 2.38045696602006 6.54012523221463 12.7538564064441 16.8897304759425 18.9587750145908
0.328193333710625 -0.645087818535696 -2.58997590769272 -5.50277970179787 -7.43806884999041 -8.4049772172238
0.197987511374333 -0.262634588808686 -1.18569729508032 -2.56631635635332 -3.48171338693602 -3.93960522138805
0.21902766593862 -0.692222199101668 -2.51761824206564 -5.25168600349588 -7.06691417236084 -7.97516215233672
0.34260335499767 0.175701744141225 -0.157364510506349 -0.652985176822627 -1.00244686649538 -1.17774407217241
0.257214386137232 0.191171870507301 0.0578864534392855 -0.166975183459369 -0.341942064908471 -0.429539819707722
0.266811052599888 -0.929668344932272 -3.32131691841826 -6.91000971914386 -9.30683048460021 -10.503289653893
0.252711554140038 1.96245281606829 5.38220593550127 10.5241501220175 13.9592866588467 15.6762098035144
0.322744661324185 0.109383087236103 -0.315412121584901 -0.951526363013371 -1.36706933341895 -1.57330385467867
0.278206172848659 -1.2173215984869 -4.20805022858878 -8.67155834555639 -11.6283371934462 -13.1072506440518
0.303704164239219 1.05302666405357 2.5535865597249 4.80509726813322 6.29064152223866 7.03331720031788
0.261424495837839 -0.231101493575209 -1.21666909232991 -2.70831831820559 -3.70357297202131 -4.20078078745393
0.250655315188195 -0.459932414423302 -1.87993623268032 -4.00855128133882 -5.42715949562518 -6.13540932051073
0.36432900389701 0.927039414005606 2.05396643992962 3.73615149682526 4.86784519838043 5.43437883634493
0.244199765264601 0.337988031449307 0.524173075100247 0.795833535611498 0.975540464745685 1.06590141499945
0.289095799344614 1.19776365570476 3.016212829438 5.72976371658165 7.52291530502347 8.41883802470468
0.231661254337801 0.0887584335629637 -0.19680023684195 -0.640870170607795 -0.933508615268701 -1.07942604906445
0.259707352304774 -1.02197054672447 -3.58605054220072 -7.45112289894374 -10.0452236209119 -11.3436154116568
0.308186450825546 -0.111534022437457 -0.952720990142207 -2.21766167322141 -3.05903321046473 -3.48001427991058
0.274847788410228 0.599766914589634 1.24896089231002 2.24859180019656 2.92082063605168 3.2560960466629
0.286989029507513 -0.942994269118414 -3.40172431612231 -7.10228247991641 -9.58542348070212 -10.827679534972
0.27012533922082 -0.816869980446175 -2.9928837151724 -6.24487896530277 -8.40115832452614 -9.4807939006833
0.338554024354827 2.385122500789 6.48022627332869 12.6251225202134 16.7216793208182 18.7707192823922
0.217648489171846 1.19429472112775 3.1469947887173 6.06782894805224 8.0283950618822 9.00916107344249
0.252196628056057 2.23228376573814 6.18976704609096 12.1365532918053 16.121509503951 18.1138141034705
0.285940918215915 2.14702204583608 5.86945671984727 11.4678637137975 15.2157251416461 17.0898423069644
0.262274301511679 -0.289809877616045 -1.39546998364784 -3.052145769502 -4.14987576440558 -4.699290003681
0.254806418664705 0.769207959141214 1.79740913450764 3.35771873727708 4.40621427103311 4.9314168835766
0.231962008655534 1.22148616895202 3.19877853469911 6.17511706948185 8.17796115370806 9.17996882767751
0.223406284514424 -1.19784347249671 -4.04126002127998 -8.30348666120309 -11.1373884858675 -12.5551460683047
0.241559154570676 2.13173070247696 5.91096715379186 11.5614697420026 15.3195066262849 17.1974171404108
0.2392821535224 -0.288434411166419 -1.34593745984164 -2.91348869257493 -3.95417861918794 -4.475000359612
0.28513523387474 -0.912791118318584 -3.31027896111525 -6.88565421522545 -9.25267285709826 -10.4364623705036
0.239965820087253 1.38568820550244 3.6764490483873 7.09883052881725 9.3843349913848 10.5272019283952
0.278050922862741 2.40316381874968 6.65188143773923 13.0175654290755 17.2704610089037 19.3959320618398
0.242132686432694 -1.72358598422225 -5.6550534047786 -11.5557303121232 -15.4770530619553 -17.4366295133203
0.297656212646039 -0.0711967691990894 -0.810187070263681 -1.91034296141209 -2.63774332783347 -3.00233062411823
0.238034380293377 -0.199618166905259 -1.07560315423681 -2.37669610027785 -3.24777075050834 -3.68291645977084
0.284602107214051 2.54921503632988 7.07846315537092 13.8836865196539 18.4142826691895 20.677847225221
0.2918834052704 -1.27124159438138 -4.39770330621752 -9.07145503939335 -12.1640615204189 -13.7096110808199
0.259094561221753 2.01282592656009 5.51937051780719 10.7870643806038 14.3085000116389 16.0697127745448
0.251449404911141 1.62052321527435 4.36011312169835 8.47632391832264 11.2106724789804 12.5777956391267
0.281695141577174 -0.399599954637291 -1.76487240601382 -3.80027119068458 -5.14793795074566 -5.8220926027786
0.193195784302749 1.95014285239665 5.46315177035065 10.7267654780149 14.2399168017252 15.9970017717143
0.279472035697055 1.45532202743774 3.80763305987005 7.33559755499095 9.67978861109532 10.8511687904662
0.275471683523827 2.18589437662331 6.00678755340029 11.7369792994135 15.5578647321692 17.4679587618935
0.352305957410844 1.05923305929352 2.47356094495384 4.59174776098559 6.0107416213648 6.72044701235995
0.260463442052362 1.42504519548272 3.75645750087774 7.24303978246134 9.55845631366252 10.7161975165016
0.280278772214365 2.57579290848313 7.16732395889818 14.0463853256917 18.6262810271209 20.9158400834348
0.284461296142586 -1.44854038148172 -4.91241816564966 -10.1028510502562 -13.5756384975774 -15.3126868328644
0.206513894611662 1.77409763790405 4.91052602510392 9.61499346742611 12.7590741486202 14.3309981032887
0.307385236460093 2.33123025767355 6.37977491239412 12.4381410558564 16.4735505347178 18.4919403376814
0.238262298772516 -1.90747796665912 -6.19677296165822 -12.6424293880284 -16.938818649277 -19.0865011291047
0.263153679860961 1.97284692393911 5.39137165324064 10.5285978171199 13.9521268897781 15.6625483708186
0.250513237732946 -0.774436320387899 -2.82410447331821 -5.88224741518806 -7.9214381560357 -8.94077602164688
0.338261896581343 1.57223914741301 4.0409027502517 7.7325001442893 10.1938020569944 11.4249286602712
0.290732844929424 -0.155423086892534 -1.04747322906049 -2.37104468845506 -3.25473135068364 -3.6961431652674
0.295342872011321 -1.34259551245151 -4.61718283730868 -9.53272550262047 -12.8189069567955 -14.4622744005144
0.327615514424114 0.366548069203508 0.446197748687785 0.584263790094177 0.675077051913526 0.720229336389063
0.286763716017131 1.78566711883355 4.78213116654475 9.28137455626617 12.279765868733 13.7783751262311
0.332901710592472 -1.28972951491117 -4.53304381256878 -9.38185759764258 -12.6145966665195 -14.2308356430659
0.204006084622144 0.859655816859517 2.17031434406131 4.13275220858958 5.44165872564641 6.09600828328265
0.268906489512396 1.32463266778099 3.43444217758165 6.60491112755527 8.72907647692155 9.79042604804622
0.310597555234536 1.35495444992445 3.44281397922269 6.58347811961938 8.67866237936799 9.72460847384353
0.296862495754532 -1.11832692143394 -3.9469966971917 -8.16969721377886 -10.9745518350192 -12.3776355948183
0.306003464228387 2.1863325804313 5.94744691480151 11.6083018089367 15.4030541465834 17.2998863733613
0.287961081404635 -0.522899806425003 -2.1466256256181 -4.58621505367949 -6.20460038648192 -7.01362495448228
0.321289571727452 -1.34144046755338 -4.66685002980153 -9.6765820111239 -13.0247567148233 -14.6987970128981
0.212939992715132 1.18850231584972 3.13702165554879 6.04464702244699 7.97405999071626 8.9388087307085
0.241008824422111 -0.611387802338323 -2.31449512086531 -4.88428446349323 -6.59386309053363 -7.44849835387184
0.284206823796317 -1.18100233231842 -4.10931400238098 -8.51006917200804 -11.4567461817023 -12.9306410846682
0.230476214118152 2.08707283121746 5.79998201542329 11.3560801458123 15.0602240243441 16.9136349820366
0.369531428024322 2.31232421079332 6.19653415872145 12.0397414282187 15.9480196462933 17.9017292757055
0.240783655503515 1.10471928602822 2.8317597767056 5.43050904756753 7.1704013805797 8.04106738901437
0.147875888719815 0.105925801069267 0.0242447286836038 -0.108136837856076 -0.209138760407331 -0.259172133240877
0.312114823652353 1.94267201725428 5.20427294437944 10.0973754444326 13.3524584463233 14.9801022838121
0.285615168928691 0.628640050459334 1.31556478740712 2.35446306127367 3.05042091524056 3.39968301520868
0.256879278782665 -1.47535438707236 -4.93917369332674 -10.1476512371761 -13.6441380471732 -15.392726894864
0.315300409427588 -1.50817296871517 -5.15390662045083 -10.6230206983958 -14.2768670208607 -16.1047088098855
0.281586562044339 -0.87491102670851 -3.18820856265725 -6.62951865352624 -8.89471127436072 -10.0284678173227
0.266822250855683 0.259280127314442 0.242950685392275 0.20274937242173 0.169683354437111 0.152971677890129
0.243101378708529 2.13609527172867 5.9206448636745 11.5793257525277 15.3432565611419 17.2244800554573
0.220477940950843 1.31915703732477 3.5154071253968 6.79325054807741 8.97758268919672 10.0694517052555
0.245402809150895 0.480309917627056 0.950179295927629 1.64396024262691 2.10095558612269 2.32931263806262
0.234817039830967 -1.18866591670792 -4.03564695108125 -8.30295357231219 -11.1330188746143 -12.5488047916875
0.220766519442178 -0.667546612109734 -2.44565435879006 -5.10996258173391 -6.87179950491357 -7.75332625073524
0.259070428147554 -1.46542744966041 -4.91383191367128 -10.0842752502875 -13.5352425987305 -15.2615346892465
0.172842879751268 -1.91491522280097 -6.09291984086703 -12.3813845615585 -16.5806542599861 -18.6801776209917
0.234424771233817 -1.52967045399224 -5.05618119807103 -10.3763009689238 -13.9423956072393 -15.7254138033369
0.210601579888317 -1.67791625734813 -5.45750487200731 -11.1586417326943 -14.971610957824 -16.8781988506867
0.263651932388758 1.27209010952769 3.28814587028498 6.30032294790409 8.30630316842394 9.31003403034101
0.204217861439285 2.10552321233944 5.90948075216506 11.5935752395111 15.3573385633434 17.238591183333
0.294986798907113 -0.435484190742992 -1.89582959036737 -4.06603815389154 -5.50110457751239 -6.21804579794165
0.341690398511898 -1.87405198157395 -6.30515514240122 -12.9490546344131 -17.3890584180309 -19.6097261617088
0.236468346625369 -1.75580703728705 -5.74028409862431 -11.726200148643 -15.7134500448185 -17.7062058287936
0.233777714439384 0.426752643037265 0.812931007799201 1.40263106659351 1.80032138162392 1.99857621529944
0.229254074486745 2.00462013814344 5.55584645144689 10.8986848992593 14.4580298358812 16.2376917338089
0.372659272061033 -0.0947836058806858 -1.02680493199769 -2.4363392005701 -3.37758212889166 -3.84708089698387
0.302116784478475 -0.550323961659361 -2.25369978141567 -4.80448988399864 -6.50819324200508 -7.35949968554597
0.234645581002309 -2.05915923174922 -6.64665574123092 -13.5224125963162 -18.0985523518424 -20.3865681878339
0.260276078801813 2.08380820258595 5.73044554567535 11.1696768037719 14.7681007821353 16.5659397473399
0.25526380140267 -0.499359487549887 -2.00847300381865 -4.2529657453582 -5.73570687137931 -6.47588030671631
0.225806041779642 -0.87964726687937 -3.09044625625357 -6.41483988407719 -8.62530534095153 -9.72878300739162
0.289665845214648 0.38448256959493 0.576464160184541 0.863511498430491 1.05716964605272 1.15452223995126
0.299128246686297 1.89180233355719 5.07746913060842 9.86439848266501 13.055134513934 14.6509054074225
0.31984428547898 -1.17985020576166 -4.1793132922857 -8.66763512677607 -11.6573807841933 -13.1526525312188
0.326589048220184 1.05026138936486 2.50080995501704 4.69727992858293 6.16561703665213 6.90059685352542
0.259006643295954 1.97697204277069 5.4117620264454 10.5683201070281 14.004669953063 15.7230009486287
0.269819485102404 -1.50650899007262 -5.06112788421677 -10.3998398307884 -13.9544193525448 -15.7317472889251
0.230637787930842 1.64584082349722 4.47354607025753 8.71189065695075 11.5307068908348 12.9402029526439
0.323644134514289 -0.308891422224577 -1.5761671375773 -3.47668359401288 -4.73695677524287 -5.36812410357953
0.306439695632514 -1.62620983108079 -5.49284316037641 -11.309142849399 -15.192154674941 -17.1343330254413
0.2691219633701 1.64570381055588 4.39874857104337 8.54335578088664 11.3049411208593 12.6855833360991
0.364146204953718 0.92457831189869 2.04589559519188 3.71782970289476 4.82936059185845 5.38412865734695
0.286252371612384 -0.280999604880818 -1.4125346604839 -3.09623427323878 -4.22371827683726 -4.78819266359632
0.186806524559936 -0.711581492180572 -2.50875476936524 -5.20219904549819 -7.00005977643051 -7.89946309502917
0.272788882524862 -1.45153757389814 -4.89855224343866 -10.0378084107951 -13.4489230320308 -15.1554745625762
0.29897958866278 2.50552541427708 6.92008519780746 13.5686262998577 18.0018904522289 20.2173424765644
0.234741209194315 -1.67460478514507 -5.49236545637743 -11.2162570849269 -15.0264883510477 -16.9324634687593
0.20338744059743 -1.7707489186754 -5.71963645607297 -11.6464966092026 -15.6025036894617 -17.5807422628997
0.228210241500939 -1.52371962728128 -5.02673718254351 -10.2695334655928 -13.7569413625992 -15.5005949572873
0.227840719959844 -1.54549524086966 -5.09209408287333 -10.4220814224766 -13.9773976388925 -15.7547660762545
0.301794129490701 2.22754504536774 6.07610704105461 11.8564602022578 15.7183962750596 17.649201679847
0.243612604252088 -1.77065494091158 -5.79729252761571 -11.8488629621834 -15.8964908355759 -17.9202160184558
0.249002437921946 0.282252820627315 0.34634696005189 0.42574044217219 0.471715851961616 0.495001779839879
0.266285838978278 -1.45483089313366 -4.89768689092363 -10.0481417085371 -13.4837145616807 -15.2018516358796
0.330088946997204 0.336114295953927 0.351011609130418 0.365211020792406 0.382396361556245 0.391951806676393
0.264287320692513 -0.286950877706475 -1.389892494285 -3.03433392998193 -4.12165390341117 -4.66609915173969
0.237564048503455 0.0377105148857491 -0.362407838195448 -0.959623292145845 -1.35238581440005 -1.54882830924354
0.24085727947149 -0.856014806352007 -3.04862432288645 -6.34160530144873 -8.53310816458429 -9.62769992231992
0.287218900555121 -1.24069657036232 -4.29555607631583 -8.91011241302349 -12.0073185960834 -13.5558469107603
0.2615615474614 1.24881728340341 3.22319196017724 6.20902903757121 8.2073503855066 9.20678449037265
0.272586401790958 -0.0390587086646307 -0.661572414828315 -1.60052482339297 -2.23300768143322 -2.54796487842505
0.281295292299484 -0.904091814082858 -3.27592724886559 -6.81878513139823 -9.16439607199406 -10.3378900941324
0.224616337183273 -1.55958626509118 -5.13040173456497 -10.4913242690525 -14.0731100289863 -15.8640723281669
0.207672139343445 2.35207864356481 6.64086841220706 13.0769969435483 17.365385773113 19.5098415805757
0.181993851970867 -0.457469725594866 -1.73642001465899 -3.6650232953282 -4.95873447246871 -5.60550426118046
0.257716652151526 -0.75555449103158 -2.78352825498841 -5.82286360909027 -7.8379487796613 -8.84599464341798
0.252809925636152 -0.566383593290416 -2.20439636242092 -4.66852672327146 -6.30984826708787 -7.1314366204048
0.279802146864117 2.30795940105653 6.36559717605879 12.4630958187766 16.5344977586886 18.5703862267128
0.312234418359556 -0.508929878699784 -2.15349016126685 -4.61929377948859 -6.2611853975442 -7.08292441647737
0.241046461404748 -0.145903243095428 -0.9200890110509 -2.06220257461443 -2.81637267901759 -3.19400448297151
0.240547862691144 2.21984014151608 6.17694152567217 12.0964227568202 16.0363139507378 18.0055873542291
0.31578501368455 1.89842675796884 5.06356137639392 9.81858121985062 12.9923425225511 14.5784298173944
0.31230473028257 -1.42787692560832 -4.90727207984976 -10.1152603030001 -13.5747396858442 -15.3041318953475
0.263175283025462 2.53831512483373 7.08750828466006 13.8932840695564 18.418285418738 20.6796862280457
0.296555559102624 -0.572853996614597 -2.3116111226951 -4.91742768973039 -6.65658725338742 -7.52607428629066
0.305017774491727 2.28578935087857 6.24607926524858 12.185874580131 16.1662228017246 18.1561212909712
0.200394540227899 0.873888384321543 2.22107852626572 4.23677277042762 5.58408358944056 6.25744734936219
0.240796782410623 -0.695394628933632 -2.56708682129322 -5.3807844110872 -7.25069964778307 -8.18555233313857
0.243682456121118 -1.04399926837328 -3.61822563998922 -7.49825627633094 -10.088856105607 -11.3832517386096
0.229833982510677 1.7225090514912 4.70960912576641 9.19234268153532 12.1690076917325 13.6568257514158
0.337101659044899 0.0353732662573173 -0.569899701671309 -1.49547970617555 -2.11733896571026 -2.42920000103856
0.26596645540939 0.354543602942701 0.531716101230349 0.799067999728985 0.978800995148604 1.06878624317023
0.256973586947813 1.6659630177107 4.48529170501772 8.72515243291436 11.5442392019175 12.953813557505
0.164524931022847 -0.255128938744387 -1.09179031177487 -2.32840804013006 -3.16505235284741 -3.58397472947531
0.31881722799149 1.78270390145112 4.70987253180256 9.11011641234736 12.061861788255 13.537801205127
0.331682654808857 2.59254148734815 7.11176973459464 13.8803640411868 18.4005023600753 20.6614355324105
0.296937535404635 -1.56880598781298 -5.29884427392546 -10.9313191247937 -14.7065690394662 -16.5937399306075
0.249912975362747 -0.683898775111356 -2.5509771552371 -5.30986984264039 -7.1397126545874 -8.0559186026882
0.222429671463823 2.3933033913079 6.7349409589005 13.2353139463928 17.556078015422 19.7173444055646
0.241767066031745 -0.124350247259473 -0.859644449723034 -1.95757617071568 -2.69233071146081 -3.06062252380043
0.277232972733582 -0.277618766016795 -1.38824259110861 -3.04808434322763 -4.14835210499349 -4.69825226997602
0.236738290371944 -1.49978996027748 -4.97473434920051 -10.2100083067026 -13.6978461239136 -15.4421616063466
0.251861770227294 0.435445834017039 0.801981746795226 1.32072005971751 1.65694403023425 1.82543612869578
0.311414861472355 -1.34053526524033 -4.6474267395523 -9.63653647364282 -12.9729280212175 -14.6419359666812
0.260316355309602 0.340655561987151 0.501386407305134 0.741905238851038 0.902241371050575 0.982408311821054
0.321142279927481 0.459005112807426 0.734724506865309 1.14870721790597 1.42502865378464 1.56317795597384
0.275533606743737 0.455074637503878 0.814486020371211 1.34754809405447 1.70055940165273 1.8771458397355
0.267261602425145 0.480602157361916 0.907328733478115 1.54658165020658 1.97237290393669 2.1852816952125
0.253661184269157 0.503266986468377 1.00247736707868 1.7513013678507 2.2505088270055 2.50011242313218
0.23803178555874 0.535141745546629 1.12937550664783 2.02046819500049 2.61439412962287 2.91136207399245
0.276004838603518 0.620699496109991 1.31008276401604 2.34431154443395 3.03389630250395 3.37868593607551
0.303581186203858 0.699481318388499 1.49128216854549 2.67902576966189 3.47091401293884 3.86685661895967
0.32078158607333 0.778302047449761 1.69333960096935 3.06587787429852 3.98076091010857 4.43820847886198
0.33788859622113 0.865819689439038 1.92169910496574 3.50565325846082 4.56247705246668 5.09085321189798
0.386175012555949 0.974155508122529 2.15014206432324 3.91420506094698 5.09115101484937 5.67958605265021
0.415082817941726 1.07397625662779 2.39177980337772 4.36810162656361 5.68540328989748 6.34406215051
0.329657476970621 1.08279387163572 2.58906040489281 4.84860849266471 6.35507440049884 7.10830396263627
0.234499860999869 1.09875829147072 2.82724926502233 5.42046744008661 7.14948160748902 8.01398261741523
0.234627403246135 1.20137616365073 3.13490699810298 6.03464926404065 7.96755207122177 8.93401253336942
0.286582878881245 1.34793259539272 3.47062513815833 6.6547973434129 8.77779793501208 9.83928850918275
0.26248244720226 1.43443212330777 3.77867499509923 7.28967577681883 9.62635128610095 10.7948482556176
0.199808579275166 1.44354972388144 3.93101072003122 7.66261628453617 10.1506489516691 11.3946552202494
0.236196722726529 1.5490383021264 4.1747175617663 8.11328412784261 10.7389749898334 12.0518215356286
0.289221064371803 1.68233047128199 4.46853706276831 8.64815737749243 11.4349658150331 12.8283535140559
0.328416917062871 1.82019223385479 4.80375348626486 9.27881564095626 12.2619403991124 13.7535116698361
0.323886635819881 1.93964017049117 5.17117462855896 10.0177974324934 13.2470815575227 14.8618085501199
0.263733163974557 1.99454859109934 5.45615285494786 10.648933478227 14.1108677729189 15.8418296870591
0.270263296430942 2.09549823202699 5.74592634976815 11.2221457245022 14.8731787271252 16.6986790324975
0.250368645515203 2.16532596602929 5.9952554071943 11.7398669738629 15.5694063403391 17.4841847893031
0.249075505563503 2.23826770511165 6.21676652158272 12.1821201707115 16.157460210849 18.1451851205197
0.303578408774553 2.37620539535079 6.52146080412246 12.739326152657 16.8845058567878 18.9570995002628
0.254118736545425 2.41489825296592 6.7365031906485 13.2180447780847 17.5387166253891 19.6990652177078
0.274955806169725 2.50713852132817 6.97147015666123 13.6685914028971 18.1336359564389 20.3661468577747
0.283424014815474 2.56846492065231 7.13857056255168 13.9932350313753 18.5624589792528 20.847091483014
0.284610104709802 2.58509494793075 7.18616884825789 14.0858818549088 18.6845609899937 20.9839414381291
0.309063719521606 2.59230960035456 7.15881666184653 14.0082458486736 18.5742397683286 20.8572474394188
0.352264399824257 2.63233861636655 7.19249684954255 14.0325719307847 18.592716583904 20.8727846237261
0.349670426826452 2.61315279685328 7.14016028768254 13.9298886568665 18.4564555581299 20.7197341901783
0.327734456930845 2.5676515677998 7.04732992086434 13.7697202247105 18.252304230389 20.4935596821664
0.225269425753321 2.40483127299537 6.76393225208337 13.302826231398 17.6616104006108 19.8410283390833
0.202891755512602 2.2876788785607 6.45729505965339 12.7108735289102 16.8792619479552 18.9634841711011
0.370477978528041 2.34932355029738 6.3069084609743 12.2451698165484 16.205348075492 18.1853825416368
0.260629025609024 2.16710131461006 5.98022785328887 11.696348533545 15.505578114395 17.4102330822793
0.199407825746453 2.01355238876124 5.64178303384935 11.0857120039063 14.7170611857472 16.5326834724555
0.233691175146445 1.95298380085579 5.39144612154759 10.5516940838658 13.9935751824435 15.7144478471672
0.210679173617207 1.83255545215781 5.07627508257004 9.94277360618316 13.1880942954637 14.8107181587313
0.217815517754184 1.77521180930353 4.88989103999541 9.565310081176 12.6859271257739 14.2461354453546
0.299005189292495 1.71950404011181 4.56045881164522 8.82286130841236 11.6658701599326 13.0873152163146
0.311052348095882 1.62020635119547 4.23849264675289 8.16632580224981 10.784994240112 12.0943253763398
0.309774382440598 1.51279813730193 3.91885299046684 7.527775208778 9.93359595031004 11.136510881978
0.255591796443962 1.37871169139322 3.62495811587121 6.99417964138287 9.24017726203426 10.3631818871073
0.233548552927372 1.2814740788934 3.37725163733039 6.52237574810615 8.61993983874592 9.66869234533582
0.228023613653674 1.20261280929353 3.15180433401993 6.0758351832758 8.02674649773526 9.00213164624203
0.292085212006231 1.14232723746986 2.84283022239752 5.39315327930231 7.09303750295128 7.94299175612341
0.316976215596065 1.07563760939026 2.59287566212467 4.87040416747346 6.38976654715142 7.14941051331698
0.252538605788857 0.92576130713964 2.2721870161591 4.29220273273935 5.63903610610266 6.31244783195265
0.253772142998195 0.834901822461809 1.99715755933301 3.74058870626279 4.90292123855569 5.48408570664152
0.302028812481598 0.716641306472147 1.54590260525336 2.78913079210536 3.61748825794594 4.03168826872262
0.225497333724458 0.311323434137166 0.482981548120179 0.740375403348334 0.912378415128854 0.998359488681443
0.199445669609051 -0.0301983887934702 -0.489458895043311 -1.17888204195276 -1.6385684330963 -1.86841063715001
0.232912492366139 -0.206370008995634 -1.08495369671245 -2.40250566533388 -3.28088667286322 -3.7200744569248
0.232440194840699 -0.288607819187394 -1.33051224280426 -2.89697463011804 -3.94166601743942 -4.46401001794446
0.087163980927531 -0.54197532040887 -1.80017775705029 -3.68892085702897 -4.94858962309846 -5.57840751323678
0.00297276789634568 -0.720995753096148 -2.16893891576464 -4.3407249729733 -5.78858330416429 -6.51251118948295
0.146774840565384 -0.688749793083958 -2.35981469435791 -4.86622236262768 -6.5369414126184 -7.37231171034363
0.313152612432704 -0.627606445305182 -2.50911214478943 -5.33151253354492 -7.21300589791212 -8.15375903902919
0.244430669239939 -0.766441660741587 -2.78817806429974 -5.82090239610478 -7.84241270938198 -8.85318626753234
0.216679426543779 -0.879779341344592 -3.07265706007429 -6.36230416304211 -8.5548516939934 -9.65113638591852
0.30708396455916 -0.884979439431193 -3.26897559383482 -6.8476913785794 -9.23658583269232 -10.4309159215644
0.281566822797111 -1.00553646178754 -3.57955614602423 -7.44375969323378 -10.0220903450862 -11.3111602604522
0.215351952994424 -1.15592949750191 -3.89847915930776 -8.01250496819421 -10.7550828624771 -12.1263802523235
0.308074172498918 -1.17014960765957 -4.12667894337351 -8.56002057759861 -11.5146208841613 -12.9919605829517
0.295856882277218 -1.29858043896754 -4.48753823443207 -9.26933310957917 -12.4560676036187 -14.0494813573332
0.296457427644541 -1.3912740583162 -4.76670959236656 -9.83050601066284 -13.2069814179058 -14.8951931007968
0.293207850808572 -1.48328833023557 -5.03628095824593 -10.3657203533492 -13.918662319681 -15.6951345033456
0.276543677872422 -1.58590429994923 -5.31084755054471 -10.8974405543351 -14.6216072312742 -16.483697644337
0.277866838103322 -1.67113483055442 -5.56917782141821 -11.4154572654191 -15.3127552847605 -17.2614092533004
0.265171929303361 -1.76578062020329 -5.82772653718882 -11.9198556574184 -15.9806403344567 -18.0110582349492
0.292194216722452 -1.83026031615779 -6.0752242413615 -12.4418387007327 -16.6861828211761 -18.8083549259694
0.263943547051087 -1.93771942850291 -6.34105820471501 -12.9458860385903 -17.349235384438 -19.5509031832693
0.219462724327022 -2.0525733013712 -6.59666637375678 -13.4123043470049 -17.9556666363566 -20.2273642659114
0.211914188853624 -2.0849309832813 -6.67867163240598 -13.5682585356521 -18.1605540493198 -20.4567335240732
0.213459274170753 -2.05096063194225 -6.57983165556754 -13.3724226669648 -17.900297307262 -20.1642550018283
0.332669071371598 -1.89883431077333 -6.362076809621 -13.0527943741255 -17.5091132327585 -19.737441381567
0.303691484218352 -1.83097848999824 -6.10034277247644 -12.5039605137341 -16.7726009533663 -18.9069390926224
0.252592595516971 -1.77444182548054 -5.82844040869879 -11.9107532789138 -15.9667556213277 -17.9947104646602
0.24366821043156 -1.6942154315692 -5.56998981222465 -11.3834773848411 -15.2591174059961 -17.1969386528197
0.280634610181736 -1.55621147692915 -5.2298205470388 -10.7416825197806 -14.4172707367463 -16.2550255826872
0.215324102942854 -1.52556378354179 -5.00725351244722 -10.2306448408894 -13.7128118725216 -15.4538996175165
0.220890705146499 -1.43828056655998 -4.75662197913874 -9.73414967328178 -13.0523853664388 -14.7115094712448
0.258848186681514 -1.30345641778398 -4.42812508922812 -9.11397064996583 -12.2369517555074 -13.7984803810267
0.265934520455442 -1.2070913888584 -4.15339437966796 -8.56776877156554 -11.5070522790893 -12.9768414410493
0.239989034772648 -1.14821006076435 -3.92462632458939 -8.0888639919715 -10.8647350072427 -12.2526800822265
0.255477188681465 -1.04427396339288 -3.64375628309098 -7.5433999278225 -10.1434736934064 -11.4435007137665
0.27051818141394 -0.926297301482757 -3.31997006538644 -6.90962485507432 -9.30202461857434 -10.4982543152052
0.284324702048154 -0.832832747289734 -3.06725396218113 -6.41691902313792 -8.64860270827418 -9.76450814329636
0.262117668773344 -0.758068769645223 -2.79839891439822 -5.85968957170015 -7.90091475007673 -8.92151634768677
0.259841431743241 -0.655493250396311 -2.48606122862916 -5.23375998858786 -7.06628646629603 -7.98252944042426
0.319769188670458 -0.508384012730477 -2.16470453650425 -4.64857893377627 -6.3047193670773 -7.13276346654234
0.422737893446725 -0.337943524025719 -1.85927743496214 -4.14177278193661 -5.66373902541631 -6.42470988036891
0.28378745506934 -0.359496547918114 -1.64611929148056 -3.5745665020064 -4.85975634759008 -5.50236033340545
0.2235021409916 -0.31938298673024 -1.40521710881062 -3.0327608290172 -4.11719467707614 -4.65943211104569
0.230297844444347 -0.239378797190374 -1.17871731013858 -2.58804029938661 -3.52756746798104 -3.99733379165604
0.12546632210366 -0.248226227158801 -0.995631577245907 -2.11638697446255 -2.86348011295064 -3.23702872506978
0.324870622882893 0.00751081869042697 -0.627145001939115 -1.58043633842387 -2.216539444106 -2.53457609362273
0.325965977792692 0.0549222211422867 -0.487117692191945 -1.30121034788838 -1.84460430427618 -2.11628110899599
0.313403949618345 0.0892505924894055 -0.359081441820169 -1.03088665417697 -1.47817198684269 -1.7018337147524
0.369985116711419 0.186760104968446 -0.179680747888159 -0.729512273530208 -1.096452482773 -1.27990322633369
0.361218523064899 0.214122727973354 -0.0800564750313341 -0.521710929630135 -0.816871508508986 -0.964420786568091
0.242750532951264 0.15052973947898 -0.0339026762602083 -0.310691768061182 -0.495145333962098 -0.58737621969681
0.289943510331532 0.251581283834242 0.174842101536931 0.0600105420745932 -0.0164735068146278 -0.0547168161152504
0.342897816897515 0.356010496365894 0.382313092136567 0.420905533835327 0.446722351939353 0.459621625277336
