2.36307901760384 8.88638516893753 21.3048096248322 72.4444324022756 149.516473974138 189.704936531647
0.987803049860803 7.60229351404868 20.3280126298124 71.2688668254932 146.847226015096 186.444338469371
-3.63791212053358 2.03770494571468 12.6663874308411 60.7316018289228 134.083067549494 171.62886168397
-5.05170600953912 0.327391477810019 10.409037683959 57.4684587547104 129.553883688584 166.591263711689
-2.44344640741466 5.46877867544333 20.7619799658777 73.8028146522246 144.222749292503 180.475554512801
3.0422073570565 10.9529847186107 26.202240496098 80.319705521651 154.884956544595 193.501277618837
-6.88905371494898 -3.18547992361649 3.5710424363921 45.6951081056989 115.042877123797 151.063891312003
-2.49457672346317 2.85237442118455 12.9739881306085 60.5314524398911 135.417896854431 174.669682093619
-5.27996045234893 0.468149782971921 11.3787884621011 59.0664138636428 130.349622717352 167.137550956653
-6.07207181357486 -3.35078454638813 1.44592993737981 41.0100963498156 110.524770184724 146.764945778428
3.51171081295347 10.6509464186187 24.4687192942661 77.0033334122436 153.378940101247 193.535884213503
-6.18933625202425 -3.60712304515256 1.06148523789101 40.090491950555 107.87719444704 143.705604376955
-5.9459775102241 -0.926518460897388 8.50231058035301 54.4782381843967 125.585436324687 162.411950106742
-1.23455470214891 6.34643850578365 20.9778312109359 73.506084392115 145.557009873838 182.599618654808
-6.58163690609645 -3.80179537564892 1.21050908915274 40.5038225034338 106.865219992947 141.58829484543
-4.09986730058447 1.46032061665148 11.8897358832578 59.6053746683137 132.560579749837 170.026619188148
-7.10407323785406 -3.47658504905141 3.39258263616074 45.1553335274154 113.871628139438 150.348654185871
-0.962895938369207 6.39013868870117 20.5945418489938 72.6622403883332 145.132390973776 182.628788022137
-6.39292861690796 -3.4918706724644 1.85751626421753 41.8565982460127 111.045512091554 147.749094101537
-6.08819659333822 -3.58916349282924 0.936190155314624 39.7931797047617 107.466574657357 143.337024364653
-2.2061484239681 3.84827076291953 15.3414118465778 64.7601236402883 138.798975788335 177.239820104035
-4.82571321769421 1.64851172693961 14.0246738399801 63.3839189023669 134.041490142559 170.52470924522
-6.68774563783608 -1.84758954188946 7.44492945038264 52.8453034334947 122.820911958555 159.858747283384
-1.63682432627948 4.81935779675165 17.0606722045497 67.2172017029557 141.180799202091 179.110889464723
-4.68886644250149 1.37817592017323 13.0319425350253 61.6005929206815 132.88756327532 170.080888064186
-3.58378128936157 2.48385642995795 13.9208339925279 63.1144402833244 135.941922847242 173.387987900338
0.230429104859709 8.14197410608093 23.259874609918 76.6313014173317 149.311771894597 186.061772060594
-2.20323056240062 5.67122486429049 20.9510983528318 73.9660413423953 144.548533071276 181.079053149371
-6.73197844126541 -2.54008387209643 5.32124220436986 49.211750393304 119.449805986151 156.364332267515
-6.13259714134887 -0.925201196374918 8.73014067306872 55.3486260491456 126.348200427104 162.658426411226
-3.28636602391851 1.89479833730075 11.6877168779809 58.7120423844045 132.984253707018 171.908896989998
-5.71892236370786 -0.462938658654925 9.28218123090962 56.1309413979534 127.672821212984 164.251437424556
-6.54594594887724 -2.56813959997302 4.91195852040441 48.2145495155328 118.679896130715 155.959256052281
-4.76916124392803 0.279952688635866 9.9376224924692 56.4008602162004 128.951502474132 167.327479988156
-8.47053157183444 -4.17628660998476 3.9075315020468 46.5184025872591 112.148912398463 146.332858665336
-6.16409938311174 -1.44533934711419 7.35045325319821 52.7653959656229 124.083097740354 161.051031994167
-6.42126865065967 -3.68798619581944 1.29239873427452 40.7020996896426 108.543034093075 144.370101667431
-4.26056235966185 0.699872508189887 10.0742684342924 56.4522450890486 129.850637683306 168.448330187761
-2.3204779347367 3.83052304388055 15.6124821352012 65.1208993649022 138.74501814137 177.341757714037
-8.23512090065384 -4.22988819842428 3.16250778465661 45.1182634648303 110.756676988006 144.529522238899
-6.78503345187184 -3.86749977174494 1.30331219580024 40.8719479351814 106.861010487284 140.817091128377
-7.02410583040137 -3.32244302909965 3.57796394179269 45.6259989717198 114.780221922352 151.04844267097
-5.71617762677904 -0.770182759494135 8.45654764573009 54.5524597066129 126.348144599222 163.495499521963
-6.81557882640942 -2.15763590481346 6.47844557890743 51.5311059602441 121.838449340142 158.042149908836
-7.13170991824407 -3.13299973857323 4.1846749708937 47.4026133015687 117.019253739146 152.91624678102
-6.02460452452077 -0.951844522826056 8.73886153066394 54.8104193219565 125.690100527837 162.969135180163
-5.46002674951591 -0.754248019184334 8.16338708274118 53.715972602125 125.837288311766 163.861832702609
-6.75660729454233 -2.12270424476895 6.50366496169413 51.5187664975944 121.872693607158 158.256944736223
-5.5871229568952 -0.46646060056694 9.17103341283141 55.5016008749403 127.044821405581 164.125364255022
-7.41907977971371 -4.10787554409957 1.80923614437796 42.2177432747157 107.829285993471 141.323920362286
-6.16920857798774 -3.45788883252427 1.42179188527265 41.0407713698702 110.036106560513 146.448341824157
-7.09850697064776 -3.18822261309138 3.94629908002121 46.6047475431964 116.018012810313 151.6710428913
-2.85650684442509 3.21096104586357 14.5788829485003 63.9372686163778 137.643778522737 175.313590980785
1.47933861462507 7.72200781445709 19.6319924625649 69.9808782358139 146.82972719847 187.111843423402
-6.82522808044809 -2.41859562473627 5.76693930456703 49.8809629295845 119.864228762026 156.156882974454
-10.1869043653327 -4.22801434411339 7.03824177098773 52.900247169028 116.252229216953 148.495067517902
2.63479423717103 9.82523701471122 23.5084051313822 76.130627829255 152.17114625991 191.319784972575
-6.48570871020488 -3.1905292064509 2.84101036533588 44.0469291827832 113.847221551036 150.598950662663
-8.19158596582675 -2.9293141251014 7.25068160243978 52.818724688584 119.960204115965 155.380690745006
-3.41710736564972 2.77190600147753 14.3949408717606 63.8412387418369 136.757894254282 174.085566223316
-5.98853405155432 -0.940902867889819 8.51961523342189 54.5343675897434 125.604003879734 162.299948311935
-6.57058645296225 -3.75120686915702 1.24272198948814 40.7630610539402 107.744636069526 142.408377563278
-6.17359905807566 -3.34166202263182 1.62221180982726 41.452879427761 111.032044152762 147.057842920738
-6.93133995402489 -3.36671318088388 3.28162843781839 44.9717610067913 114.150283723249 150.549803768655
-0.59460940797115 6.26253702027855 19.5533604438611 70.7212211425579 144.341605363012 182.941351728063
-6.98418755849093 -3.57841990302971 2.50230281488405 43.9330945943287 112.819447204422 148.167065399221
3.39694835460778 10.7073285922526 24.8430183694859 77.598093104116 153.57823392895 193.268496215959
-6.92775719510776 -3.89705543415517 1.665440016792 41.6914602148506 108.676910549065 143.826370686574
-4.79277974985125 0.628879462067116 10.956836374491 58.2785715872999 130.439881722953 168.234888940857
-3.10608371574938 4.88743802375791 20.1563251470346 73.228674153281 143.254116714826 178.700085310186
-6.87394681238166 -3.35595615245894 3.01924071613024 44.9062091265143 114.518343364275 150.579002341006
-6.7586660852997 -3.33764292544862 2.96604598796862 44.3243598625807 113.776892639493 150.150266026464
-5.83270838395719 -0.685884765039812 8.85467722991694 55.3855785451935 126.955286557504 163.595394219243
-1.49180871075222 5.14417840759428 17.7632243034604 68.3206144552877 142.068053808378 179.899690563528
-1.99316738242493 4.01785064559893 15.5489283375738 64.7846434396007 138.908728956031 177.9093006576
-5.97937062209072 -1.14534112194284 7.83048380936578 53.5906043460054 125.182514939264 162.110412396066
-5.1433819818817 -0.226400918187762 9.08418824502589 55.1775111289796 127.404166338391 165.39041009463
-7.09881743944625 -3.6335620748722 2.51325339061517 44.0318063249075 112.697571744016 147.674234613023
-7.32298230112654 -3.34137046151502 3.79091130097551 46.4001269212694 114.954755569826 149.675254715091
-1.41697878509423 6.51548405241491 21.8184857621533 74.9809096819032 146.298008344849 182.771144677571
4.12932026459378 12.4992969162953 28.7596640145948 83.6919987584166 157.945252769114 196.356363716128
-6.77255703914425 -2.337906333454 5.91601595680588 50.1364288968435 120.195929910266 156.571835635772
-6.60598025585452 -3.65501171723748 1.56972229228608 41.629603594444 109.731781891075 144.960291587967
-6.89523504686326 -2.55917802535543 5.46696502800628 49.3501123630754 119.226131690772 155.406930072581
-7.28283500266625 -4.05703500154994 1.64530903325369 41.6589134835362 106.42470064843 139.345735868056
-6.12417610816805 -3.52524773802141 1.18152294242399 40.3643266914218 109.01105282951 145.352175888917
-6.9923571224753 -2.18051727570843 6.72110693732811 52.0859198149684 121.987059012433 157.828727628093
-0.80546102707531 5.27835638447497 16.6297474014038 66.4024310992898 142.082498496159 180.717325441093
-7.16028071381322 -4.01769157651599 1.53040993044169 41.4204958776031 106.36425147959 139.377608816259
-5.80519486138312 -0.445911652066458 9.44048927206781 56.5120478092668 127.953044581602 164.177057993951
-6.0726714304759 -1.30956402327256 7.77561564763937 53.2258454727179 124.30110811039 161.846385802855
-6.70407848313658 -3.66830189399142 1.70343425853417 41.9941462702024 110.139856074545 145.278843049438
-6.75208370783527 -3.11406534848476 3.55973378556818 45.5943249342255 115.261126963466 151.681684047118
-9.27120373573258 -2.99838432956822 8.86137857270614 56.0888840459086 121.437097232061 154.575056214876
-6.87508800825715 -3.68080462936504 2.29155800218 42.8656065332003 111.145766771607 147.369813524042
-5.70515266232896 -0.88129686655584 8.14503109945776 53.9508244010235 125.819574280372 163.197901142054
-6.93227325438968 -3.92969639088173 1.43511135557078 41.1019285144164 106.808888282336 140.76983452152
-6.61343453156305 -1.69210418618406 7.45880701581723 53.2130268034461 123.584520096624 159.82204547226
-6.15662111260769 -3.53111411906787 1.18406411171577 40.4793354401527 108.849182252929 144.896831659684
-7.39214758187457 -3.35281795006821 4.31763361968292 47.1141130758562 115.637305401754 151.823686337422
-5.47472923575683 -0.22727890606005 9.60866623886165 56.242578463177 127.90214921371 164.787383857006
-7.16118341579994 -2.70481768417621 5.50115359956676 49.8969923200328 119.616627172117 155.431891743103
4.09163109344375 12.3045723559269 28.2666362979394 82.8993734378648 157.429340561087 196.089045244332
-5.93215668181503 -0.904977412709616 8.4018560128527 54.6376906481416 126.195555325768 162.861526773648
3.86193837421343 11.1492621504856 25.3292602077606 78.1766014477118 154.383876984865 194.578789295538
1.48876321487864 7.77260409957399 19.6307650034885 70.1807909192731 147.173361403801 187.096405401186
-6.21774344056153 -3.27565003772779 2.04555545960222 42.3133799601324 112.030784830752 148.79403942192
-7.29315152172359 -3.01039922339188 4.90283157788574 48.6034486522204 117.861418624201 153.505119534756
-5.91311536931838 -0.810452901612581 8.6319697968547 55.0452052334463 126.572820017709 163.152173746825
-4.70402500000769 0.508760466975857 10.3478351003093 57.1562482256225 129.699741472149 167.466212184366
0.884242309208404 7.16833698588274 18.908902078353 69.4311192084903 146.140891863228 185.438548270288
-6.88978046590297 -3.69500000695942 1.94248463326694 42.6440278119754 110.821667948302 145.719950556099
-6.82991655925834 -2.19808335179246 6.44002189269172 51.4380475851768 121.539362172357 157.910606719607
-4.64357557684766 1.13349278079677 12.173945117374 60.3281210403696 132.139988191031 169.675877784892
4.33633750253313 13.005404854477 29.9675150689402 85.5357406986039 159.100211190578 197.393251158942
-1.25738881225961 5.47865795474472 18.4110245244926 69.2344867571318 142.810255216368 180.954517286618
-6.29538257104757 -3.64512009189237 1.10331989830794 40.3290451914776 107.889970180878 143.335463162072
-6.45953785454759 -3.34433822241058 2.14527864635436 42.687078220151 112.07469284183 147.810171778967
4.1488808964528 13.6878811913545 32.304452696034 89.429010896391 161.184161152156 197.940850878846
-4.84796608192734 0.267798276824117 9.82491780178615 56.4962843424304 129.191352446046 166.846664411731
0.578444453379618 6.66775497033499 18.1664717129697 68.1313846619463 144.717337203609 184.501576993131
-4.03070745682743 2.03499777697213 13.5135487723561 62.5854591683203 134.85510338693 172.150303200367
-6.38899782539831 -3.22877025979886 2.56182700507564 43.4936598902079 113.413839344238 150.35827543853
1.1202909234399 7.34340677554579 19.2153207822667 69.4593428840143 146.053036082066 186.174355580072
-4.85202450555003 1.05299336585826 12.2316276899521 60.6610335348244 132.256182011472 169.220473561827
1.17092161093286 7.56098399402002 19.5120410821535 70.3001260984469 147.038732971916 186.329897982908
-7.00367495996709 -1.46748254323792 9.04307563974398 55.737515126024 124.967771894586 160.787578766019
-4.9694771707972 1.55583767358732 13.9694240843585 63.3621201770695 133.943993840987 170.01913948682
4.05033663553554 13.7216367831222 32.5905206243523 89.9421662544232 161.375290234339 197.891842468015
-2.53173057194271 3.41699488103398 14.5729773405482 63.449225651963 137.555603065229 175.42617385293
-2.29833059728115 3.74919159740892 15.1083223144905 64.5297677579601 138.747053418157 176.828027188538
4.19169700016766 11.9309821078207 27.0622541884228 80.8434375190294 156.237333485348 195.947158848642
-1.36303440885634 6.42395691003869 21.5219980269401 74.4516052081648 145.915243077419 182.794644777346
-0.618983920611627 5.44277021146346 16.7934904384496 66.5422676807453 142.339721675932 181.232926696191
-6.57558365469 -1.91693442091874 6.78919445867238 51.6626803376958 121.986176549984 158.464003849855
-4.47055384062486 1.537217918115 12.9883938639083 61.7603769070553 133.487071532206 170.799401835862
-6.25713183276645 -3.3292037048276 1.85986101507319 41.9773737428289 111.464204639125 147.623417567859
-3.55173327741128 1.48830985928366 11.006804751292 57.6768311621532 131.860085163102 170.832911890471
-6.98919997713882 -3.86661373635188 1.92442937040866 42.2119653826394 109.56164661976 145.082754425875
-2.29149951604097 4.95703910355464 18.9417895824302 70.5256899454762 142.077790807979 179.129294030808
-3.88712977335549 1.10505467370547 10.5246399275566 57.0389627305587 130.897495847935 169.690197085655
-7.02136060765769 -2.47158324057775 5.95747464143325 50.6504580762539 120.577641386753 156.580393855279
-4.9445339464025 1.05713701910268 12.5043680385414 60.834711612775 132.104352668376 168.91833713471
-4.55487931278861 0.965328077714666 11.5886377941154 59.1079201143433 131.246804445497 169.320298460317
-5.0779382179062 -0.126263679591805 9.26579239905499 55.4350362957981 127.691581490471 165.704492737368
2.1365068535123 8.60369674221968 20.8817731119147 71.8833894779459 148.938592315734 189.033936699736
-6.46859254782201 -2.95108153481726 3.57706032818046 45.5267747239898 115.862245613574 153.05808014235
-3.5026884689527 1.53240091491371 11.0210149780389 57.7048866500269 132.007112702042 170.991183313803
-4.82843064538386 0.127127207353683 9.59486085282632 55.8431573168838 128.441764326221 166.866069324499
-6.51327285557425 -2.86210124927079 3.92785806154408 46.2445115988325 116.603592192236 153.752408966652
-5.76015123836802 -0.585690355926004 9.04161675067717 55.6855830800825 127.172051285739 163.926343773524
0.62040359226194 6.83943010754462 18.4519599195642 68.7863644068709 145.409255961028 184.654173608684
1.53930979996057 8.19779445987252 20.6540699183451 72.0570199178106 148.631531716515 187.620293449064
-5.66161058543212 -0.263178287276991 10.0021906419381 56.8361702251658 127.991137781334 165.035669409249
-6.83142377681153 -3.89171023282557 1.40407596612839 41.0728785200883 107.516637663408 142.111074707444
-1.50976643109585 6.18762058712098 20.9748407079325 73.5761970129709 145.123797439648 181.64099267249
-9.13730612654352 -3.816059974301 6.41022306475439 51.4194679744493 116.64296823292 150.765034792255
-3.58288130160046 1.74080065623117 11.6887614410018 59.1269939052929 133.146876228073 171.455136129614
-2.19678927664955 3.21793176755226 13.5060292577529 61.3045710228021 136.346824248567 175.824453769646
-6.75853497034803 -2.32122461161877 5.99741232271397 50.537975760027 120.735584010986 157.4611108036
-6.1764944057837 -3.40620706771357 1.59111516546575 41.2866374227471 110.76372904507 147.335159749626
0.912255682591755 7.20441745418688 18.9612995265451 69.505042796181 146.221339227561 185.523149523496
-4.66744768954845 1.31447373912173 12.8122763236134 61.2127646486283 132.62847329729 169.96105466487
-8.96269763875019 -4.22428611140525 4.73075612370762 48.2200968688375 113.232349166158 146.95992615749
-4.67492929755786 0.590122091103886 10.5151510072685 57.4424416510936 129.988750642478 167.65998411107
-6.58923893531346 -2.73958358511738 4.43062958376624 47.2321916518313 117.530183121421 154.535166820444
-2.70114304626776 2.53230656582338 12.4317638544862 59.6940805644482 134.544513429522 173.83417826826
-1.2181021169145 6.35388354104141 21.0509655169726 73.5953742760361 145.51799216407 182.789530503163
-2.20268925756135 3.33315838391164 13.8246461334111 61.864222539126 136.744321622502 175.892107874809
-1.68725601597572 4.11142130791295 15.2159517546662 63.977159411041 138.767300642034 178.160072800083
-5.11258304950683 0.738452881307837 11.8656909315576 59.8247064751191 131.148784586427 167.963219987773
3.10356199357743 9.9388424888094 23.130612034766 74.9087330206104 151.65271423654 192.005013593395
-6.57962474917864 -3.10482978943466 3.28758895616714 44.9821566748484 114.886123033093 151.657460498438
-2.07064356888315 5.5401782573512 20.3758098617217 72.9420497789693 143.953943441175 181.059637291393
-2.35858382627598 4.01296429562685 16.2444282993959 66.2218405033687 139.41409718459 177.737252318864
-6.64160937772496 -3.32270274378747 2.71587427901276 43.8251970123915 113.449931032893 149.709609268281
-0.0955084615426197 6.00140659851974 17.3875457357199 67.3198301481631 143.562616774041 182.615429036861
-5.99773960211697 -3.33362672215854 1.43782609834244 40.9418396923046 110.396950240773 147.065447683433
-7.1517507259945 -3.32274207070976 3.60352102673545 46.2904730253079 115.746563384821 151.346110504258
-2.24598046073815 5.93513618049222 21.7036866768164 75.2240394955421 145.459755094264 181.313754650206
0.56565265417546 6.71116150422781 18.2245351953436 68.3702075018484 145.004257480275 184.454452440479
-6.6321754644708 -3.30827419001655 2.75402404856955 44.1624290856774 113.947412924408 150.487759309033
-6.11648364263767 -1.12900439378477 8.21636154957665 54.0487044940914 124.958302973106 161.600834925266
-7.6383627237165 -4.15584326509634 2.105858990655 42.9270963996932 108.704144277381 142.257422201259
-0.444583337948129 5.78496680147324 17.7863520554251 67.7723593327382 142.809490724923 182.340898802239
-4.12700123099342 1.54100972251947 12.1358513934627 60.0782989419272 132.936962668611 170.101793922619
-6.76319384514929 -1.28378403669765 9.12027294140452 55.7810416707219 125.397111728621 161.474954915035
0.290671609087015 6.36278203798682 17.8588254042848 67.7210226151589 144.043879839813 183.76485552125
-2.28313557331293 3.13574439755208 13.4109972623512 61.1791388601493 136.153084649949 175.480828234124
-3.67275102778128 2.39329009089442 13.8812581327347 63.0435527639331 135.663774773661 173.197697495487
-6.36371200852573 -3.35855601295889 2.10652723706532 42.6106046083873 112.226144435096 148.940766393059
-1.33901591742939 5.20597849916495 17.7468644823191 68.1653501201711 142.025596229427 180.353213383343
-4.01363341334718 2.0673511448726 13.5477658806993 62.6590017584156 134.981343031766 172.195457568579
-8.32929399031264 -2.63230639763298 8.28658740666938 54.7622708670992 121.680897798042 156.451652653349
-6.55435639250986 -3.53602829491558 1.87861451051247 42.2875103164769 111.152118742292 147.064856345274
-6.73329368855784 -2.64462248770279 4.95642459140072 48.2920744086021 118.402111607325 155.057411910811
-2.56889032423659 3.08191505500676 13.7336030798173 61.9511126912907 136.362690601536 174.885919981538
2.37954683904855 10.8905482909436 27.1320066083927 82.3254013619546 155.52146243157 192.597703461395
-3.27980321467747 2.97861210400404 14.7681000750701 64.376942528458 137.266922568453 174.677406107212
-1.23667336373866 5.18202822757438 17.5989319091216 67.8093209714663 141.761240197418 180.681394459657
-3.85285089666 1.74146689605223 12.1491617214713 60.2169703073088 133.66254046656 171.255316541028
-3.83438914972722 1.97772560937924 12.7938254496974 61.3690228524786 134.54708207895 171.845247023371
3.15351591478876 9.98583868422285 23.1428311062473 74.9840381065184 151.820550364771 192.173321114592
-3.42086975947485 3.73901207021635 17.2638896409083 68.6572045980546 140.010976158818 176.135987767548
-7.23420167359359 -4.03851231347369 1.73480533684304 41.9832423454045 108.051841064347 142.164418761942
-2.57060882998665 3.19437187995373 14.0383513016642 62.5072739734391 136.787229055806 175.045838643384
-7.24240731609068 -4.04965864543687 1.69050243396843 41.8869385717466 107.752006641125 141.655377767925
-6.25691837802458 -3.27491112230051 2.11103893294909 42.4665948714485 112.156295620142 148.832099769003
-6.54674802650988 -3.78609264721129 1.19416415127085 40.4589068666204 106.939005821297 141.764567696512
-6.19105228444695 -1.2709746345273 7.95847542311747 53.6156140807673 124.421757490052 161.100865792163
-4.00307137729549 1.17105037222229 10.9623448978842 57.8406847807597 131.248781065723 169.685725317182
-4.6954929459745 0.728722392050249 11.1590212782767 58.3765651178268 130.501119085404 168.526352171166
-6.53181367929215 -3.76349163828682 1.17471235374322 40.5351414499855 107.246477751699 141.937847581441
-7.12033931551446 -2.2914455714061 6.60530503328933 51.9558486419815 121.707652296986 157.298098111763
-3.72947761325843 2.09258806633423 12.9514334316953 61.5704224785542 134.800880169468 172.229269573176
3.67177809120821 12.0897564649121 28.5320123864257 83.6610181107721 157.283958520678 195.78338645674
-7.08414658384637 -3.22822023017327 3.76856126890645 46.1924720342246 115.226622296633 150.76461672167
-6.65493870291231 -1.86175217260739 7.05209891313665 52.1979324452866 122.42342493547 158.564418765858
-6.65123162673425 -3.16429000542513 3.24158615507192 45.1361632183522 115.177705244255 151.907423818132
3.61737831879077 11.0681761507571 25.532212830953 78.7435510782553 154.485699436988 194.289089249644
-6.84684463153959 -3.30185351944623 3.15289742784398 45.1571092886941 114.904110630391 151.147950994791
-6.48237030542202 -3.6920331995455 1.25692764244182 40.7952875116279 108.268166019054 143.309033690082
2.88965532937199 11.0367645272451 26.626302075725 80.9153416490109 155.149885189624 192.782850597245
-0.661903691402549 5.46631253923973 17.2430685154716 67.010952144957 142.088785898957 181.600198762571
-2.8737834410279 2.29046045086582 12.0445053330128 59.1379121248172 133.936364867257 173.207136966412
3.89907656349467 13.4836881374928 32.2073547365312 89.4207521532503 160.866392565481 197.54893729024
-7.14913787622782 -3.28493182276643 3.72477771244693 46.5263907389321 116.016905785767 151.687962845617
3.79593313410454 11.6047952006797 26.7550798978299 80.56642550729 155.745365912323 194.85827895591
-6.93238151777139 -2.34517636377573 6.18349037843487 51.0020755881318 121.045718159135 157.214397652684
-7.20823642690418 -3.14053547418159 4.28109877028802 47.6439232046913 117.186714289677 152.889856004791
-5.18692620029701 0.161271415299817 10.182796834066 57.1313602990967 129.078246414805 166.044346040566
-3.01305582061363 3.0237388291949 14.4351895116418 63.6896913010189 137.066512985536 174.971347682971
-6.86177969827328 -3.86357096421798 1.38057300451457 41.1704850995171 107.457889001417 141.216680895734
-7.32296368297114 -3.92867209432207 2.39990428676082 43.2550629277536 110.346400266243 145.653081596893
-3.05228434646442 3.26070520384274 15.4201892083803 65.1331388165486 137.584294870901 175.6178875506
-6.41631902394387 -3.62773484196277 1.33458025876091 40.9738396578693 108.981772333703 144.439320093519
-2.49963868502462 4.64250065415849 18.4242050108601 69.7645546428656 141.312489751835 178.446391579928
2.77841517672609 12.0822140870056 29.9738580728271 86.5800653513379 158.2950453101 194.578695227963
-2.81046111781742 2.85103735709893 13.5725497009987 61.9552979458832 136.068305437711 174.779881436642
-7.12597618249328 -3.15367280878031 4.11179079807693 47.2593919217237 116.869515506193 152.767564094369
2.43896141397508 10.5517590809765 26.0145707611425 80.4759674260688 154.529888124459 192.178084285637
-6.18792478900899 -3.59902236345523 1.05755548878138 40.1775239519143 107.993790305809 143.742640001494
-6.92133413601752 -3.31825181508421 3.15630975381664 44.9322650914958 113.955598647552 149.444242185949
-3.72688314850973 1.71475983873066 11.8599641787963 59.5695159751905 133.313435484151 171.280620913092
-8.39184804879972 -4.28519184742655 3.24344839996165 45.3526000979914 110.718238019333 144.075296355435
-3.74013653491883 1.32084513226501 10.8255447568539 57.5498041508531 131.608439077855 170.309892693858
-7.56081395342042 -4.14542373206048 1.96927412274198 42.6305342103593 108.327066953446 141.786911225307
-8.01014911899486 -4.25214770486443 2.49756138450842 43.8532312557793 109.322879346274 142.426856523566
-8.41308428288541 -4.30636870858712 3.17699147789491 45.2573750215549 110.528993262081 143.654062238679
-9.20723701426252 -4.4567529193561 4.20671961783443 47.4423029626663 111.799995725883 144.032563918718
-9.92399154240152 -4.54293948096209 5.31857331280161 49.7071781711532 113.189593338916 144.719993207202
-10.4838335723651 -4.55843578907341 6.38586977347784 51.8253939303914 114.557108361685 145.635492815038
-10.5912564792356 -4.40371165711906 7.14484588088033 53.237248350745 115.926973928926 147.224417962968
-10.6555925450044 -4.20327349928835 7.87376360260865 54.5911667222676 117.324931445994 148.630712112447
-10.6757319799563 -3.93003317449265 8.67481938904087 56.0830558764174 118.973144253588 150.154163486476
-9.92251590415408 -3.39772394861021 8.86921644845541 56.2653062560892 120.498239751627 152.726449991912
-8.99579155748605 -2.76231862375922 9.00684943268601 56.298975379471 122.159829713828 155.513048397637
-8.26413766758364 -2.07599015341674 9.4917027547732 57.0134744005396 124.240251211801 157.945646320746
-7.37967724453674 -1.31756027075706 9.94993540556444 57.5556911273267 126.246574841688 160.596073055786
-6.5294883996506 -0.49766970685753 10.6913819289881 58.5259002783856 128.4259227535 163.351338896271
-5.69414309978624 0.323085811867873 11.5821705893208 59.6726569604766 130.459897950163 166.195758467525
-5.08670499054423 1.0438732952772 12.6602763730136 61.196210288599 132.294388287429 168.639841995029
-4.98772782727811 1.60323518820707 14.1298413681917 63.6459290749061 134.13497296108 170.09093916834
-5.16610701615066 2.13389461431689 15.8877008096091 66.7317855783052 136.17571118506 170.923034534753
-5.22601243060201 2.78463289686156 17.7784132323531 69.9800133471558 138.45608653437 172.036161275555
-4.25481312231665 3.70853384422328 18.7090055807459 71.0888424981615 140.348448571884 174.67223993015
-3.11264258891152 4.7785075795575 19.7637279074573 72.3134194437186 142.487927301825 177.683205503567
-1.69652101954587 6.03010136431376 20.8545290334773 73.4637841179517 144.840256997504 181.193585208113
-0.466985351265724 7.34722769580165 22.3210331743714 75.3719026960905 147.608811451607 184.297804869603
0.639610948815604 8.68567445401811 24.0111672228069 77.7120260771276 150.550963904718 187.153892655013
1.76540942598914 10.0239330844853 25.7017135443954 79.9988211140048 153.4066966038 190.053405465989
2.90504450802987 11.1792545886998 26.9838108575784 81.510414761923 155.564255939782 192.929531080996
3.60261537688813 12.330458164376 29.0187729345821 84.4795747347792 158.145576999961 195.160557993636
3.88827730676787 13.1334314246056 30.8286099450267 87.2476581666197 160.079562894758 196.502472135666
3.99785190367625 13.6339383461231 32.1712666248562 89.3330074253993 161.298598466329 197.345265976209
4.11322923018658 13.78073795228 32.5861837957338 89.9058362623547 161.497769775111 197.922120109845
3.96516101671084 13.6913410087073 32.6598088272006 90.0987919341109 161.377637186313 197.783506637651
3.44657085551055 13.2352473422979 32.1717210814977 89.6378204418968 160.705987967765 196.621471514934
2.86069438812765 12.5761081354254 31.2198773516852 88.4962794868466 159.560310128671 195.151531237322
2.6123550148548 11.9273906315272 29.7804942043795 86.3821035004074 158.070787305852 194.158480594618
2.35771367044313 11.1667306434098 27.9777426037095 83.6934475972888 156.300782106971 192.917129456882
2.35894172127268 10.5319062938603 26.0887360973808 80.6596677050248 154.57820138512 192.051445349497
2.11910921744164 9.64741568866715 23.8263081640089 77.0798745591481 152.381091786706 190.348274006145
1.66277723897138 8.53933049566876 21.3944300517514 73.2676374603713 149.584781323607 188.203829335595
1.07090477872051 7.40996537138949 19.254019772242 69.927703153314 146.693750103831 185.998448194301
0.131767345167665 6.27222525325759 17.709733705138 67.7909265379338 144.212377853093 183.23406836116
-0.921035012539413 5.18736379591967 16.5501427228527 66.3598721515171 141.973228301142 180.397213703749
-1.99796432780154 4.10437647464604 15.4751286799978 65.0733402657956 139.679817951928 177.571383634215
-2.96176511149207 3.10676280481937 14.4757128539195 63.8153253838699 137.420775723648 175.030510783381
-3.89262601095887 2.22121916952361 13.6914622238403 62.9035927791237 135.466822667978 172.519872652488
-4.87341784344236 1.37312678490113 12.9808947685152 62.1988422853747 133.745836667044 169.686915878066
-5.57169538665979 0.667337679442604 12.1652983740366 61.147137936515 132.083967294223 167.285976344174
-5.96238328633458 0.0188704273521624 10.9795427019247 59.2862001101552 130.132131326164 165.228760724544
-6.05200487554901 -0.554810115660276 9.53339347070915 56.7776068522619 127.928399892498 163.664474758124
-6.07544785566736 -1.02654688153751 8.27111704249037 54.5161703494631 125.954653488727 162.327362618583
-6.53721822165689 -1.5747473814578 7.46445269442609 53.3270424075128 124.326757425484 160.084014887326
-7.0113972036272 -2.10866524566632 6.77891407974945 52.3262560092282 122.619371779254 157.834472666907
-7.27942702831569 -2.5462553939215 6.04639656094525 51.0461766504813 120.787991954525 155.86104491928
-7.42751594382182 -2.92576730545568 5.21253598947463 49.4414938133599 118.797170918132 153.657044148811
-7.107915360533 -3.19461745114599 3.85656196312424 46.4840338816315 115.923215095149 151.234110881473
-6.65613402020666 -3.31645956453648 2.54399692177863 43.6255348287854 113.292587469278 148.677861080737
-6.65457368710684 -3.37534118735994 2.30688700347807 43.1617980439067 112.526179019668 147.553990951444
-7.05416912683196 -3.41291770067288 2.95794657121842 44.6704320286584 113.504481864377 148.043059009845
-7.29889327525584 -3.3640831044595 3.66788751295446 46.15710938133 114.711126389548 149.400382755435
-7.56388096027188 -3.25295161990493 4.47791780162689 47.8365306619994 116.263346985102 150.632571651546
-7.83962911319635 -3.08419680940429 5.42255261160451 49.7877293663175 118.103243387807 151.877570738552
-7.61016026097448 -2.74836184748815 6.02432532045063 50.80850312358 119.6263962372 153.865860096949
-7.25313065331264 -2.29154433735152 6.75259347784147 51.9820240708106 121.406305240301 156.237521188649
-6.70681036693707 -1.71757338375659 7.4953601567542 53.0559099427972 123.258411386615 158.959386955443
-6.15840333573205 -1.0964419548386 8.34828691749303 54.3178250987301 125.207883725866 161.61751561408
-5.67808066073759 -0.472020705415419 9.27015826004667 55.7382976235072 127.1981513217 163.93082771854
-5.22755375817187 0.143167245024241 10.1928587390506 57.1752291133952 129.083249552149 165.947513009662
-4.82907698924405 0.784865529997204 11.2313243060212 58.8564471233469 131.095650921769 167.733219599721
-4.23321022417111 1.48065784976362 12.1348077841769 60.1460897649615 132.882192492485 169.824649226168
-3.6546432515305 2.26267807470763 13.2624046440034 61.8402289648967 135.001067126304 171.899804719919
-3.04917864923568 3.10638776352792 14.5277142765 63.7400652980385 137.250694016667 174.08313785268
-2.3941208814797 3.99565983403317 15.9132551558904 65.7560143046481 139.463544456589 176.480837436511
-1.78228755903156 4.87253756472909 17.4001920485637 67.922357500894 141.610427315762 178.887575686796
-1.44052114892159 5.64968814960253 19.0941263755616 70.5466100513052 143.697848252227 180.77057659395
-1.31499874294411 6.27295395441902 20.7783012670049 73.2592484481292 145.4987002242 182.153307660669
-1.35064752498438 6.5346700991592 21.7189514891693 74.7933124285214 146.299574150109 182.785076228375
-1.65887289963812 6.4970905642021 22.1604627731359 75.6691463832754 146.541698235577 182.481754565773
-2.06454513399733 6.28868325916008 22.2829045136654 76.0820496234302 146.380741590866 181.820357999269
-2.30471685324747 5.93656611117355 21.7849984347049 75.3896386546533 145.546098063164 181.219409553342
-2.6784328427317 5.48351348305448 21.1350676223109 74.5488403052304 144.592726683897 180.146470075876
-3.09909905997438 4.92357318222452 20.2475847203813 73.3730975675503 143.360181096628 178.769711320878
-3.43133125542914 4.3091080022 18.96271066629 71.4696864224504 141.854253742435 177.203453493375
-3.52084624883413 3.76271918556181 17.4881607470821 69.0953956075452 140.232140096414 176.045702272237
-3.55547051661598 3.12114775400569 15.6371333703059 66.0343738019959 138.171185998431 174.660724227035
-3.63321677856638 2.42183059661932 13.7330088662539 62.8688226470766 135.866798725874 173.076749438997
-4.02355425466721 1.68338448397278 12.2613446680958 60.5643663356646 133.756200013789 170.947873724335
-4.75246264742243 0.882278322561613 11.2121699114723 59.1465775558899 131.808331632966 168.233733318155
-5.51805342931434 0.050174438918176 10.2151559398421 57.8128633309309 129.688518105019 165.52676669536
-5.92432740812908 -0.560469052007192 9.33029445122821 56.3844045238174 127.666666086182 163.780669898103
-6.45740688638092 -1.17054067644653 8.5617970080727 55.2460300266488 125.854122486546 161.586272575937
-6.99747883370652 -1.76315672519946 7.81314245454134 54.16202148764 124.096615544188 159.230916936655
-7.2442942408269 -2.24078226343508 6.92151527884468 52.6365275593635 122.246224270792 157.398478488617
-7.41051026145051 -2.65748085453811 6.00516457820969 51.0233200461691 120.456236854071 155.517348861168
-7.37967853712808 -2.9567592887742 5.07984952646919 49.2641464872954 118.710093051778 153.932740607503
-7.25834046343804 -3.20423447380502 4.15828646281653 47.448819325135 116.920882088752 152.444375395086
-7.25857231377374 -3.40219622230272 3.51594918900877 46.2004596903972 115.48928925102 150.711986605402
-7.30930404953547 -3.57015125736821 3.03716225695135 45.2652889232962 114.196620919554 148.90301961876
-7.21379860348503 -3.66749893200795 2.58546185613984 44.2568069439675 112.793576668716 147.438178010423
-7.20269610864101 -3.76733410799853 2.2297846056163 43.4638853242962 111.433715569438 145.63485846038
-7.13789662936427 -3.82238774987892 1.91097429409148 42.6771472797043 110.117628693845 143.947773527914
-7.08415635624618 -3.86620879995419 1.66280503720454 42.0244310866324 108.863390149637 142.313890696424
-6.98500253202417 -3.8885218903888 1.47452927255139 41.4709385920591 107.769926293573 141.20421835664
-6.99950989718117 -3.92661292830834 1.4353936089883 41.2805408418682 107.02781331365 140.328897084219
-7.17863593765219 -4.01423773722452 1.5376763977628 41.469194853268 106.474535614425 139.359043928395
-7.38486673523237 -4.09078499156052 1.69442198404321 41.8161499805048 106.323611140714 138.841559326872
-7.64662071645885 -4.17137592979629 1.89005364814013 42.2964249515589 106.422365122485 138.438959126388
-7.83497143807385 -4.22454916019724 2.01714428165084 42.6575521111307 106.726730722633 138.401870787614
-7.72612031357314 -4.19373045850824 1.95052575364224 42.5475943610788 107.163607754615 139.345198417415
-7.49532312167543 -4.13307011079447 1.83153388530941 42.2828080641898 107.634649180344 140.780914117987
