-2.26695046648911 -2.36965279683439 0.419181585546109 3.48513324303865 0.559876654340183 -0.639706088854194
3.98095538656684 4.1603887155675 -0.713116473005014 -6.14744361744628 -0.965817846785048 1.12287281642088
0.0935211872533904 0.0982746136857822 -0.0173326752955477 -0.144079779853916 -0.0229987368610331 0.0264171688054281
2.06375362260312 2.0979047524882 -0.360175843031862 -3.15037096892866 -0.512552046885619 0.576371698124248
-0.387786227668606 -0.402040587507044 0.0716241916759377 0.593213818213639 0.097321822490516 -0.109138514767622
1.04238475720846 1.1002825063363 -0.191601799611858 -1.6105626484735 -0.254864118980905 0.294756014144916
3.70823987164708 3.84720881991259 -0.670064427392902 -5.6945558839261 -0.910772509711622 1.04250780607412
3.3458165255892 3.47307939082836 -0.611593914133631 -5.12938955609977 -0.826431720577015 0.940363365827508
-2.20690752874846 -2.30403697796561 0.396679392480165 3.40343979151627 0.535010005452496 -0.621704564245087
0.849913905175805 0.907452193285449 -0.155398642971581 -1.32331338920259 -0.200106270715501 0.240807550862637
2.06023774051293 2.1793159958391 -0.373303616546584 -3.20095577322578 -0.498942232646837 0.58550382408144
4.03351402842468 4.16108918575364 -0.713733393689475 -6.19579681597405 -0.991589066981215 1.13323215195542
2.51427318320265 2.65336302586473 -0.458852582517839 -3.89358974081599 -0.602004635605734 0.710564059545208
-1.25022879208974 -1.31863453669166 0.234785647857762 1.92680643048717 0.3080322190706 -0.353808292723467
-1.4306171645098 -1.50638733348984 0.270331096675782 2.20053684957444 0.355106492971586 -0.404711670846918
-3.57737401658454 -3.75349370836469 0.642007840001219 5.544058653596 0.866238174956039 -1.01372704312443
0.992276086542817 1.0549531880624 -0.182424138957241 -1.53948201036713 -0.239562915505354 0.281268395887409
-0.666945077610529 -0.698266176449865 0.118660487306106 1.03311682510055 0.15672840459468 -0.187853862884021
-1.80009718587609 -1.89306270184316 0.338590283045409 2.76852078311731 0.445339609698781 -0.508722340158028
-2.07138091350896 -2.17280855754261 0.376087950090874 3.19812267446487 0.499893211964765 -0.584113589181379
0.100942989054436 0.127694638222076 -0.0148016918759811 -0.176283465367799 -0.0120495914930719 0.0294059092251368
0.229962995972893 0.222950169608313 -0.0440538221369543 -0.339125441732397 -0.0642847844320971 0.0638949177451838
2.58993676200894 2.72374447681339 -0.473121915306465 -4.00195721457741 -0.630518647272625 0.73230600861439
2.87548061856608 2.97306484324356 -0.524784155045126 -4.40013128363144 -0.716288030533074 0.807743759818023
-2.33144830738874 -2.43251991068615 0.420996160929311 3.59179655757381 0.567788600977274 -0.656741108692331
-1.79460737683042 -1.88596725387234 0.335297577179916 2.76169386757784 0.441711318710951 -0.506831371039296
-3.79575920344123 -3.89676951285279 0.653068544877558 5.83576275751558 0.920387227230322 -1.0625084477138
0.746699519350448 0.797358294856244 -0.137369718296299 -1.16176410385563 -0.175383390454348 0.211408633838955
2.61239313196922 2.74122219135679 -0.475175045640466 -4.03362669348864 -0.631007087255895 0.736823060535839
1.80267615939544 1.89509626711325 -0.325820103792769 -2.79189350886605 -0.436427079128298 0.510466814482438
0.0662358814199083 0.0805680480487089 -0.00975881022448935 -0.1137166661982 -0.00846420939362765 0.0191266767102924
-0.92679490960234 -0.969982088764838 0.171306753536682 1.42220811028862 0.23154298993351 -0.26112041177777
-1.77212980377966 -1.86491863536123 0.336675730300278 2.72187075354865 0.442640004595053 -0.501184523587425
3.15849121090868 3.30643009804189 -0.583506286493665 -4.85792253283247 -0.776295313792333 0.890594587136585
-2.01947212191208 -2.12651041052394 0.38541601055541 3.09957634017828 0.506088321982944 -0.571087887866024
0.459626236370785 0.464089787350016 -0.083251483066752 -0.696640493034786 -0.118458919279663 0.128665290535824
-1.56185954901686 -1.6398970099495 0.291598827344934 2.40196358322869 0.385491118438137 -0.440925590870054
3.8534450463827 4.07972575061589 -0.702872819212956 -5.9804761958246 -0.9260275256782 1.09233786803314
-3.38705263067728 -3.52775813424764 0.61077310695444 5.21744502337061 0.828723801451426 -0.954925767171244
-1.47540893171294 -1.55264356301485 0.277208962403037 2.27033797623155 0.364937329886543 -0.417132950048838
-3.19397736236992 -3.31525162420454 0.578127110141371 4.90492696830689 0.789159204362684 -0.898945931145606
1.14847340407242 1.20612054434545 -0.207950581825581 -1.77534986643565 -0.279388164552655 0.324632449900462
3.97787992219775 4.06571900845562 -0.703921865254114 -6.0799297385313 -0.994307983885867 1.11504035709716
-0.612719205507845 -0.610913534110093 0.122361420022774 0.909909585864999 0.167870606161828 -0.17120799340555
-1.77049842221088 -1.85371772405997 0.327724802401411 2.72269007077645 0.435599043306184 -0.499352379037391
-0.44726911371624 -0.469038157493221 0.0869298809182366 0.681604526751099 0.117576214160723 -0.126598971621265
-0.326203364938653 -0.341230455010901 0.0650793963437637 0.494233210991608 0.0871479250772235 -0.0921944406725778
2.83623164783884 2.95742759061328 -0.520332914113228 -4.3585041556986 -0.701618035071311 0.799704785981545
-0.698448096001677 -0.727058300570283 0.133983289136066 1.06502610395163 0.180036650493991 -0.197294880971826
-3.20428513648309 -3.30621570450905 0.564526920047977 4.9209762859294 0.778462697480988 -0.89747609645259
3.40352867628244 3.60911253276779 -0.635873193814983 -5.26671562184894 -0.823876581691803 0.964320170879915
-2.13218531451643 -2.22663059625519 0.384212763132558 3.28773457630892 0.516905331051839 -0.600684213411261
-3.51839026182959 -3.63391458002837 0.612671683295232 5.41760648191201 0.845521002167863 -0.98620149677668
0.225238976694437 0.193149726747372 -0.0491808030027514 -0.306895717954434 -0.0788089120055225 0.0617187264976217
2.81392446619559 2.90384986043809 -0.506640701505116 -4.31165304910473 -0.700640372292951 0.790999259715367
3.11633538148892 3.26730959165145 -0.577003851043748 -4.7960282421958 -0.765416574273366 0.879340323560456
-1.67324222608028 -1.7610337548585 0.316942157264354 2.57197584529152 0.416202482826952 -0.473240656579775
-1.16359488184892 -1.22406357590684 0.209287563621319 1.79916580226545 0.277481332213017 -0.327512851048007
4.11655280832299 4.26675862358179 -0.733827379941845 -6.33416042374559 -1.01511045519303 1.15990248859771
0.627678730416511 0.641240222684184 -0.110442085181976 -0.960213267738998 -0.155428713397397 0.175786114130587
-2.65134739029196 -2.76158192454407 0.472159834156761 4.08869110952099 0.641202221695152 -0.746153424593131
3.47669385100644 3.59936151519688 -0.629335483462968 -5.33055292712587 -0.856804643749419 0.976339324111923
-0.668557778962501 -0.713996852915431 0.114314272057975 1.05116165933391 0.148616782429269 -0.189025110192403
-2.19272829461482 -2.30470596819965 0.417052260544558 3.36457482308014 0.550185985264938 -0.619990883999671
3.15860894683594 3.3477633390873 -0.586265036928395 -4.88924148515698 -0.763208290465509 0.894333617233374
3.61420966934348 3.77573838187723 -0.660216446139538 -5.56426738906988 -0.885227736447083 1.01913536700998
3.15650260685663 3.24324444938686 -0.565238162967918 -4.82776895959216 -0.789538202818381 0.885917859173723
-2.09192895618941 -2.1968014410373 0.395619728211932 3.21209261784326 0.522466773066417 -0.591333870246043
0.188857747595688 0.200355077686364 -0.0334083294264102 -0.293869336840217 -0.0448076120987355 0.0533550808278546
-0.764181557394756 -0.799049488379748 0.138128563315089 1.18126341539483 0.183241089971212 -0.215771761628331
-0.676519734961441 -0.715365112986153 0.118462906435557 1.05565259335209 0.155183305681136 -0.191053602161178
3.48609510971796 3.69647380162657 -0.650475408293684 -5.39541681988333 -0.841844156892124 0.98742639228711
1.11996463641107 1.13921711696512 -0.202343722769329 -1.70378692401428 -0.283221365569174 0.313633089464572
1.81001174698627 1.88234318861829 -0.322603479027405 -2.79065182367088 -0.440614800831644 0.509858077630645
1.57999309535757 1.64944921526696 -0.283986994672596 -2.43780753209185 -0.383785501738795 0.445516400871727
-2.00851897266702 -2.11104453088738 0.364636256980189 3.10431349630161 0.483036618037139 -0.56664824399083
-0.0792308647363282 -0.087705105978613 0.0126447785030212 0.128714542392361 0.0143916093178299 -0.0225507401668907
1.54259455673051 1.60613862439485 -0.273677347302334 -2.37997887689289 -0.370444271635666 0.433433734460985
3.66956589073575 3.86024143552552 -0.673453626505856 -5.66728174149595 -0.888491791718917 1.03635962677785
2.10640116297506 2.17052417015419 -0.373995998839385 -3.23061420351885 -0.517480765945079 0.590668828198673
-2.57805415054923 -2.67963494809838 0.453837469762457 3.98002438751634 0.624669678978784 -0.726307598056102
-2.06706872252783 -2.16622171890678 0.382399429576453 3.18267288290778 0.508817685680647 -0.58395049855516
-4.17232928214738 -4.20270823399457 0.702235777604038 6.37437217974958 1.04604398398362 -1.16622547423335
0.125776488721642 0.13188026671867 -0.0230368092505604 -0.193855551336792 -0.0310229057624787 0.0355409619856181
-2.68796906953979 -2.77376558986448 0.471446373606458 4.13205244383134 0.653750763371272 -0.753787816788231
-1.09088184730375 -1.13184085361614 0.194667831415542 1.67735397178815 0.265316624449482 -0.306353835483175
-0.303954812678513 -0.313015006539813 0.0602380836570511 0.458530826945128 0.0816537247808135 -0.0857586563408939
-3.89880456312906 -4.04644758035916 0.676323723311734 6.03478435328608 0.951865561878672 -1.10253233814939
-1.70126302708703 -1.78635716779485 0.314212355031187 2.62082992253031 0.415004341888278 -0.479906418696012
0.322621397990809 0.338291378226108 -0.061564137006894 -0.49418025340311 -0.0814792773281705 0.0912065842197728
-0.722890295110007 -0.75610708232493 0.140753975090957 1.09948201115003 0.191023143360735 -0.204422943471632
-1.80790326255267 -1.88960325634325 0.318647261861978 2.7963192269923 0.429208706216787 -0.508431102531627
3.09586912856769 3.24832165865252 -0.573838554200866 -4.7660539094235 -0.76018922282293 0.873907986082469
1.0483301468736 1.04412522378667 -0.195392767471434 -1.56750619286421 -0.280575683515723 0.291409103855857
-3.13591892707204 -3.28204496099561 0.568437801419596 4.84360193436043 0.768629836926654 -0.887552644868196
-2.60111863143321 -2.71230583616104 0.468312777465531 4.01012927534752 0.633803476690147 -0.733419723029158
-2.77813029227472 -2.90285128449844 0.515164097311398 4.27145490268934 0.694243517721111 -0.786064025102376
0.361480736908176 0.393467098437492 -0.0633829004794998 -0.571120397061526 -0.0812969791015469 0.102834162628474
4.15567801880604 4.27481369752791 -0.738899343656887 -6.36996482906488 -1.03126383451563 1.1673335363909
-0.68048134944537 -0.711358755543589 0.133131246386086 1.03364576754211 0.180857338079447 -0.192418923824459
3.97944613984209 4.11460794262388 -0.710241221029964 -6.1124651774133 -0.982121797792332 1.11931577069587
3.18681556555194 3.35582174619408 -0.590915014653306 -4.91629336174182 -0.779882566334413 0.901116651209318
3.65162373218752 3.87206730694023 -0.676297485972449 -5.65849310512899 -0.87801054205108 1.0344400328082
3.42579959538271 3.57199794806804 -0.625044733257943 -5.26870181226058 -0.84141446264097 0.965239967897195
-3.06046043831082 -3.18976047301404 0.548155336665402 4.72020762349294 0.744705338704261 -0.862863852551111
-0.207599869936831 -0.225563939300083 0.0342740026385145 0.331512471587023 0.041787348452051 -0.0587727168588065
0.610233838795532 0.631942324768425 -0.107697331657698 -0.939983087166764 -0.149516741155614 0.17186357178431
1.39257248846809 1.47448764028117 -0.252631175273369 -2.16300342497828 -0.336440654344844 0.395375285354857
2.52211043907788 2.59210989508336 -0.452740217467425 -3.85775832134329 -0.629076632278031 0.707769422254568
-3.93994735390278 -4.03908651564246 0.673081553264807 6.06412394955422 0.959553500590144 -1.10569205929747
-3.46927533693761 -3.63058773839299 0.631131412989919 5.35501231912059 0.849790899668182 -0.981260987402636
-0.0215552814521439 -0.0203804107133468 0.00377803153870786 0.0319981629045089 0.00595678976146928 -0.00603031318474291
0.89781952257757 0.951072990614322 -0.160642128413942 -1.39597154850208 -0.209699766867002 0.253332440980083
-1.41736221558136 -1.49008910077158 0.264786401396836 2.1815581665738 0.34902670802164 -0.4003792157975
1.4986327626537 1.52983858266333 -0.268974144440131 -2.28423602574069 -0.375342985264214 0.419309186622437
-0.15619366295226 -0.174500611329016 0.0244759608912583 0.255104312822928 0.0276323996893854 -0.0444588274774744
-0.45966411649413 -0.475320775152315 0.0854799796848181 0.700628785103397 0.116915631398293 -0.129155398869385
2.77919646362457 2.95118022240896 -0.51636842695246 -4.3066447963843 -0.668648538207233 0.787392156271648
3.75674975938286 3.94713762125766 -0.685643532475069 -5.80379420920924 -0.911529080275273 1.06146891086283
2.80663404873851 2.98809671109622 -0.522187648280229 -4.35465381899145 -0.67106404609129 0.795461677362329
-2.46848272632274 -2.58402987105548 0.462723520258975 3.79050731250385 0.618246814923841 -0.697983016187438
0.648605736477357 0.68575426104383 -0.122863730693431 -0.99963169527777 -0.159638392154038 0.183632574178589
-1.51927036407187 -1.59593093767239 0.273662038225165 2.3484712650146 0.363640542259514 -0.427999500508859
1.85929994207579 1.94068035432604 -0.334494413119596 -2.86782584677587 -0.450543269278699 0.523852983954856
-1.17184278172489 -1.22280680140252 0.218618396420538 1.79843800361482 0.292333216562572 -0.330940326319099
-1.54425328301092 -1.6249862006836 0.29284143217469 2.37308611489173 0.384862502028874 -0.436820607449213
-1.17988646609868 -1.24294142917202 0.223072213948348 1.8152720015279 0.293480529634786 -0.333976504706582
-0.325105917232439 -0.338642840577794 0.0595997568832281 0.499766193399992 0.0797000418321513 -0.0916177102781115
-1.85495287465383 -1.94543397707461 0.341705110558387 2.85687221114825 0.451797039187257 -0.522924693799987
-1.46266412290251 -1.5313364251887 0.268705650550865 2.25155500987906 0.357553780589703 -0.412304751826166
0.849294769640038 0.889348986510882 -0.160255675502941 -1.30327220952946 -0.213313537768735 0.240210763488804
2.80940759679769 2.91035524277597 -0.507572727910456 -4.31279485476211 -0.698182857786893 0.791321016465713
-1.43428420236948 -1.49856021698368 0.261554125786451 2.20621910328859 0.348244159202699 -0.403233503708271
0.115637663053767 0.116453605656463 -0.0221158328921817 -0.173685031372023 -0.0308662186135306 0.032407191715538
0.222606423168657 0.213418402345907 -0.0433192199026699 -0.326011809994146 -0.0636868751326 0.0618392972459928
0.307076613907075 0.296525311545507 -0.0568907496888851 -0.452604411185217 -0.083452551827615 0.0843019347404428
0.392458927788158 0.385013744091711 -0.0716597303027646 -0.58442911870598 -0.103708474720704 0.108221554056938
0.468765956482608 0.467604871430556 -0.0851366188897855 -0.70568278826803 -0.122566793072395 0.130660051476766
0.559622425419339 0.558989601736915 -0.10034991767824 -0.844844371034165 -0.145204652668118 0.156147602094725
0.632884085749244 0.637828991200039 -0.111381699646247 -0.961381733048338 -0.159003930966677 0.17640490323628
0.719530593612982 0.714980137728632 -0.122760170519024 -1.08538084201815 -0.175500875773626 0.197258091774876
0.819231473914872 0.805547299572452 -0.137023745256249 -1.22900150425355 -0.195110500388083 0.22174735862269
0.939918462703298 0.935908482442435 -0.162745442660165 -1.41693799345075 -0.230011691894896 0.257952901211556
1.09102035081516 1.10440882992743 -0.196207278349468 -1.65599368744429 -0.275753150062607 0.304638570313204
1.2435022067561 1.26286673748177 -0.223819076234429 -1.88885600287742 -0.31369443571425 0.347101341450382
1.41174554867529 1.42349675877448 -0.252664507079211 -2.13688399642614 -0.357311512276844 0.392552977613201
1.56301194246188 1.56662367632324 -0.276600719905697 -2.35926136212494 -0.392116283467565 0.432034750693921
1.72245330121318 1.69091078323801 -0.296358038560209 -2.57064777274345 -0.424054552166167 0.466655305175536
1.88356381962287 1.83169295854283 -0.319210463345162 -2.79653166641139 -0.457844999205818 0.505041571732065
2.05188254306474 2.01250868259488 -0.348877742453795 -3.06363344102491 -0.501123328740228 0.554712481308761
2.22694541444686 2.22283126803692 -0.385396566371561 -3.35837453770066 -0.550519491950658 0.611808111026996
2.4131805679762 2.43422514327898 -0.42454001978381 -3.65843547505212 -0.602757118345094 0.669478930767438
2.58209379158974 2.63800338174329 -0.462004563092927 -3.93612699430521 -0.645652686026386 0.721936283804489
2.76027900303067 2.8187290449306 -0.495712871876692 -4.20089754089685 -0.689327011823956 0.77005743456278
2.91657476554634 2.99759070458639 -0.530044343139929 -4.4486931390947 -0.72776591259958 0.81629508311706
3.08344660192076 3.14405486007052 -0.557531272869353 -4.67933677204178 -0.766060327699571 0.856677738682467
3.24372557837837 3.28539067972593 -0.581105765022886 -4.90553958024846 -0.802033719213629 0.896012230353288
3.40456082458869 3.44998662383318 -0.60714858114914 -5.1555318216367 -0.841132656604573 0.941603248854932
3.58060437008208 3.61921500138252 -0.633192787426432 -5.42073607206114 -0.882718012877368 0.989125569315036
3.74457027071413 3.81907452553689 -0.664173478214773 -5.70185302706814 -0.921813802750707 1.04155660978816
3.92215603382106 4.00840465968493 -0.692840632746833 -5.98659541219256 -0.968107935649044 1.09441054648503
4.04232734181142 4.15011693041419 -0.71730666745699 -6.18790324654075 -1.00135299187975 1.13305057546341
4.14727928182752 4.25701493067719 -0.737487049691804 -6.35044529814563 -1.0330998800003 1.16457730378467
4.16658406159217 4.28101255531321 -0.739310432210747 -6.38255635198179 -1.0321298356715 1.16889525871828
4.17404125041079 4.22096208537907 -0.723193538202789 -6.34055490567771 -1.02050565514822 1.15428472956944
4.14278480069441 4.16924710685986 -0.713010294516843 -6.28142728447176 -1.01293396278032 1.14280999523433
4.09207905606555 4.14382690730228 -0.711351882281585 -6.22845740735258 -1.0118946807023 1.13754540261781
4.04008841767569 4.10027170153015 -0.708720804323205 -6.15696530536117 -1.01308188751015 1.12881736756516
3.93254713640195 3.97440306291242 -0.690184550141946 -5.97104918249407 -0.98190969074274 1.09277649472265
3.7639255401525 3.78233085702079 -0.659009283867708 -5.68744163771432 -0.92851460897127 1.03686745005127
3.57707427065576 3.62463157000131 -0.632550489041867 -5.42750074894234 -0.884283656134806 0.99137728639175
3.41803515972987 3.47718133470492 -0.606260889871318 -5.19830580036153 -0.848598134680724 0.95091501982635
3.27663086464088 3.33644958708695 -0.580793574006956 -4.98796750286008 -0.817499197700065 0.91341046098048
3.11279109081039 3.20145369420773 -0.558185148182689 -4.76349220419735 -0.779488028238306 0.874512713217243
2.95004191170036 3.04048915719965 -0.53094442106082 -4.51911725619168 -0.740308201302858 0.830417861603688
2.75847042404493 2.82617105543576 -0.492927829189863 -4.21089834865005 -0.68548958759665 0.771284766229755
2.57325574073807 2.56730717427885 -0.445503227100515 -3.87498714527591 -0.62949590435371 0.704048512357553
2.40340042178544 2.35339844043587 -0.406999190736283 -3.58956791596225 -0.589003265991298 0.650530664096538
2.22257334605813 2.18324558691257 -0.376342731951704 -3.32983690461207 -0.549516311500879 0.604994436886041
2.0462628703041 2.00239017308656 -0.344582725916278 -3.06116389235731 -0.507078159250134 0.55573515481907
1.88013331999566 1.80329308942248 -0.310713669664914 -2.780171974067 -0.461113838600749 0.501030001615126
1.71500570877766 1.61593712242534 -0.279444031857286 -2.50892033458004 -0.415729006502246 0.448900745204098
1.55762880017518 1.46276028135487 -0.256002332980356 -2.27143469061046 -0.380185146201993 0.406678164805194
1.40482560308408 1.31741546120255 -0.235284308008576 -2.04316138006741 -0.3502754148132 0.367651742651374
1.23084613131081 1.1711288660968 -0.216788092219337 -1.79953672422989 -0.322159647180884 0.329414249044548
0.977208348684695 0.945918068537468 -0.183661366967446 -1.43767353316055 -0.271880537569512 0.269132791888585
0.583461566719982 0.546755953717266 -0.117098959177171 -0.838640945996611 -0.177497519706872 0.160963884531146
0.00336865084328271 -0.0185854875560582 -0.00266443474762588 0.0138185251141681 -0.0137362259989496 9.86994216542434e-05
-0.464132611038002 -0.463985837451288 0.0924697898700942 0.690779564205465 0.124784883580013 -0.12954599273857
-0.883212978542997 -0.896778935168353 0.164551009780562 1.33310967667032 0.226378252225179 -0.246033536072033
-1.06503703214412 -1.10145546389828 0.186047294765315 1.63291623986082 0.252722035034147 -0.295924883249218
-1.23797801197302 -1.26640300404277 0.211537182465891 1.89140276284817 0.288456019843277 -0.341285001066088
-1.41582382808435 -1.43455709803068 0.242581222545067 2.15024858852125 0.33359743299542 -0.388598807006352
-1.57524882803324 -1.5878293973882 0.268589214765078 2.38635399802064 0.371872369558119 -0.431147653495729
-1.70491272509846 -1.75239251336576 0.295101550406433 2.6125961940833 0.402889247131995 -0.47341120267577
-1.84235769110429 -1.92511462266479 0.324187538008369 2.84988996405685 0.437052867835673 -0.518071721920239
-2.01656936695584 -2.098178920211 0.356852845702058 3.10921771005795 0.482358060583171 -0.566083885400324
-2.19186794307567 -2.2782959741892 0.389060884111932 3.37619895486419 0.527691361538191 -0.615401946128883
-2.35016310465718 -2.42986805628799 0.410270081489163 3.61648105048961 0.563421740092158 -0.658012873557571
-2.51790802867638 -2.61222304899052 0.440699482688051 3.88472046430758 0.607219124731873 -0.708008642077109
-2.70751616775201 -2.77581296519517 0.468612239326527 4.15142872638823 0.655392382489984 -0.755661850764725
-2.92437500918742 -2.92379332962674 0.495424614144196 4.41941019175935 0.707593565265056 -0.800847410453176
-3.11867494291782 -3.10624375718522 0.530421371006495 4.69643156107491 0.755551408645073 -0.850796410954957
-3.28987686907554 -3.28122629825026 0.56072730031438 4.95687810652577 0.794950493349196 -0.897851221010864
-3.4145424269101 -3.46449822351253 0.586050924873066 5.20256381998213 0.820936007577677 -0.944239322991511
-3.55787278225865 -3.63860002828604 0.609693661533334 5.45424807878056 0.851592895603315 -0.990412968137195
-3.74870470484505 -3.75295302035601 0.624324293072891 5.68872400421613 0.893075606894836 -1.02844571017357
-3.90339630456053 -3.88838677448527 0.64511479392115 5.91493770918916 0.937044721875037 -1.07016502039877
-4.01594504744873 -4.01000643252497 0.666179109848608 6.09872048845648 0.975769111523444 -1.10679263669996
-4.11311003718947 -4.12620814659166 0.687630858158263 6.26858751843935 1.01745169495372 -1.1432691412385
-4.16104868679046 -4.19604614367465 0.700943142066088 6.36136374551613 1.04174170038521 -1.16401638052198
-4.20264066102819 -4.17200685047093 0.696556210053618 6.36943509499912 1.05059864951866 -1.16095486130013
-4.16326859586437 -4.0059463440337 0.666095189658288 6.19921449265383 1.02063387764197 -1.11723313690009
-4.04557732275745 -3.82755006259571 0.63521027636892 5.96433790280574 0.975613304403966 -1.06711638071364
-3.88613646798397 -3.68308047734897 0.611877212966874 5.72735724408482 0.927545118808954 -1.02281819831414
-3.69899277325229 -3.53865938303378 0.591693850604919 5.46917709900547 0.879922437978935 -0.978174832403698
-3.47076618886926 -3.4015958053769 0.572949459446071 5.19202028753003 0.830146985434477 -0.934334105932016
-3.22606932718769 -3.28896753315693 0.557699435246163 4.92651137333807 0.779260595660518 -0.895380061310052
-3.02447306018409 -3.13332030079718 0.535355451993877 4.65219359583107 0.731903586497674 -0.848508536201769
-2.83003983722847 -2.93197101149692 0.498271956246541 4.353724647755 0.680445414111619 -0.792799317971216
-2.66101030547567 -2.77124341800233 0.47322021290446 4.10370140444494 0.642935703055539 -0.748685255075561
-2.49892898757533 -2.59929018940141 0.446240300711294 3.84918854511384 0.605602753579592 -0.702745125069659
-2.33856399380893 -2.43654926687737 0.420482435794507 3.60132583358169 0.568177331744518 -0.657972864888781
-2.16213660666727 -2.25614039599581 0.389831503292234 3.3307945286271 0.522467368647483 -0.608088782200962
-1.98778836953389 -2.08781746602742 0.360400858252668 3.07135065201835 0.477520518391584 -0.560456698742908
-1.84896566292427 -1.92960251036734 0.33566349120123 2.84403547112171 0.446114192963629 -0.519142849399169
-1.6886391500172 -1.75791002984033 0.304095869304935 2.59513672096011 0.40546347593039 -0.472942275166118
-1.51462143773442 -1.58662859021738 0.270727303336104 2.33906322996699 0.360910834518105 -0.425672176905026
-1.36443631541016 -1.41163424362209 0.240945911100742 2.09428958965022 0.326858758820676 -0.380930236299959
-1.19899149973063 -1.22795379278578 0.208101257855821 1.83331714409346 0.287895634477501 -0.333110543831353
-1.02199012473034 -1.05713864966328 0.178072660381368 1.5723007075675 0.244318679033375 -0.285827737588176
-0.830058755638056 -0.866492601359737 0.142705007144371 1.28667019198906 0.19261488321495 -0.232792897546088
-0.661468545847918 -0.707475791836625 0.11252881683941 1.04129410411468 0.146071174084447 -0.186999463083048
-0.590936320055633 -0.611929880417564 0.100661479160221 0.913007822555834 0.134127080000841 -0.164511674046128
-0.52160544794896 -0.521103871751107 0.0875379497165077 0.789508153008813 0.12122994003184 -0.142359954905506
-0.448456559012468 -0.447545639324491 0.0758352605739088 0.677065629832351 0.10614255648638 -0.122415376936832
-0.351901856464326 -0.35714393089222 0.0596567852823907 0.536995864766996 0.0816289432023825 -0.0969371619876402
-0.227101485354655 -0.243663766767992 0.0365738567193345 0.360709164070141 0.0453437712443426 -0.0637492850286647
-0.125442219025951 -0.143545989676308 0.0186096151122333 0.209025244406673 0.0193425356997006 -0.0358704214873925
-0.0542938767683325 -0.0620764386006944 0.00769382625235642 0.0910207124321086 0.00774500358677621 -0.0155177141226999
0.0227475669947004 0.0223211876217977 -0.00512373066923327 -0.0326540018997432 -0.00700754396580524 0.00630608306670767
