8.94672272033392 12.301509057774 21.915197358643 41.5573004737652 54.7366521676048 65.6950535619332
7.86708009865789 11.1677956489769 20.0045812890778 38.7716272432504 52.1047303578514 62.3650809753796
3.26274856513883 5.4547431507831 11.7662212463082 26.5355896143559 37.9007863377505 46.6612833337751
2.28170687406275 4.18750461794937 9.31716503980007 22.4325243545806 34.0241700947966 41.5155716904695
5.17652795445091 7.69513879438726 16.0989147976408 33.4139859826181 44.1603920555725 55.1267008045694
9.86654744310588 13.2410999555052 23.5374341844874 43.8596170161103 56.8314644549219 68.4220288231968
0.289613702857806 0.99877796039742 2.95167737239076 10.9811067709308 22.9253405611879 26.743414050037
3.83728792801319 6.15338252104203 13.109243670043 28.7249473106994 39.9369789858356 49.3766963898649
2.50778881017848 4.82951510305597 9.53789693510959 22.2579802959732 35.3239283834114 41.8980608348962
0.0992166918120605 0.514597505330119 1.85404816154666 8.71979701998599 20.8173434421092 23.799748892332
9.46751331475007 12.8335297530325 22.8372882644124 42.8641723668675 55.9216167647745 67.2432295998057
0.0396120213453641 0.31893461267253 1.44778158369185 7.94193128469961 20.0250342149578 22.7344563753734
1.55058185488641 3.15727669732816 7.30745661082278 18.9494968854688 30.6775822285591 37.0883606391314
5.02526777836229 7.52148737895013 15.7683523686174 32.8881109056204 43.6774419737948 54.4823984034486
0.0210358337800027 0.239315943282736 1.28531370246477 7.65435652293517 19.7169376613105 22.3228036511179
2.96240635979818 5.07834841024115 11.0396297629158 25.3362379886026 36.7780061120221 45.1651425865574
0.278916686325651 1.0386620479466 2.85984465155481 10.4882641312043 22.747780093035 26.2937570828917
6.9836186451314 10.2121830668373 18.4169572689311 36.3995543606013 49.7996871475046 59.5018324895768
0.133242345653576 0.647718033872573 2.10403659665205 9.11399725521556 21.2823983016273 24.3930943482908
0.0340557813310764 0.284223150107719 1.3894746302408 7.88483177642379 19.9307048054749 22.6224364512067
6.27158729857107 9.43684771050906 17.1027280806892 34.4450952703863 47.9280512357631 57.1366080632769
3.675285989916 6.37464768027919 12.0963431808846 26.5216891479653 39.8186024785773 47.324518886432
1.31653570077883 3.04393857347433 6.48773348515293 17.0000296293817 29.728599336639 35.0527282125424
4.48156541395491 6.90584656852082 14.57149501662 31.033132159133 42.0238720103025 52.2162216092516
3.37214458782298 5.98660009163341 11.4563910566372 25.469786119309 38.7178835476502 45.9953300032595
5.46305046130388 8.52207649459756 15.5927645219079 32.1216789706477 45.6100514503773 54.2927787621614
7.79916586444015 11.0872946347602 19.8874332932121 38.5756968406948 51.8851156586959 62.1222848451436
5.18209464027375 7.70074861871947 16.110829383942 33.4298812178252 44.1720924224906 55.145549770711
1.12285704084179 2.50925195041112 6.01291092852282 16.6864313308444 28.514137384658 34.1835199966954
2.61527573496301 4.63228757870217 10.1561943096841 23.8939068576133 35.4534924964389 43.3570155612132
3.35339682450464 5.56753219310542 11.9783322353934 26.8927571689784 38.2435719377705 47.1060688636384
2.88796981941952 4.98581490791697 10.84033617847 25.0401780829932 36.5360892950683 44.7955999812179
0.867397046245855 2.08991197843278 5.18114923219597 15.1698612455183 27.0266529914343 32.2212496853943
2.80936135765967 5.24564727992697 10.2172803141251 23.4220362528647 36.5806300845849 43.3919435003048
0.146200239435509 0.747140624731493 2.31436685201394 9.47959464616507 21.6777759913802 24.9295814605203
1.80949344069102 3.8142214009625 7.80061334587698 19.3038892102295 32.2096501727392 38.0710703116147
0.0523030591172746 0.389615151386299 1.58917420466246 8.17127925449828 20.285428578692 23.0788335610161
2.97118464508589 5.09117919526329 11.0533255481785 25.3788325557637 36.838234285991 45.2192017211062
4.6504561218376 7.1044393576199 14.9453141432294 31.6421551547399 42.5956584995945 52.9662233547408
0.0930726338340826 0.585941446520795 1.99468435250366 8.89199266485483 21.0569478601985 24.1138367014302
0.0269138562917637 0.241672963410968 1.30098199888801 7.73361343498982 19.7672455609102 22.4008941526042
0.355397070591983 1.19541176630123 3.1484074646671 11.0187075339409 23.3122512732419 27.0073881803499
2.41852791971132 4.70764611340088 9.31009310458906 21.900455572953 34.9819807967296 41.4401191976848
1.32999575676014 3.04786893315254 6.47805404615725 16.9881403205677 29.7274812422409 35.0261561731196
0.858340904298519 2.07027827885503 5.13135930747944 15.0948975783404 26.9683605012822 32.1207896089358
1.7413144744702 3.72037271610131 7.65862823062419 19.0462274042176 31.9147120878182 37.7410661456921
2.14810274694541 4.32038553127226 8.6639721751097 20.7907274093522 33.7926156847459 40.0062387770104
1.33116542440991 3.05028272659774 6.48298569989078 16.996296923334 29.7354784870585 35.0372220960049
1.81077153429853 3.53616457729234 8.04986644550749 20.250211800376 31.9328638336421 38.7490129811221
0.0270968747354899 0.316266910972333 1.44073031300297 7.88357903973754 19.9913621334595 22.6884001289117
0.107552228350228 0.524073874231103 1.92801090194526 8.99618897714109 20.9936952260126 24.0966515178422
0.479671855121539 1.44506002750547 3.60379026969984 11.8478732393431 24.1997658171642 28.1240529319189
6.04350121954402 9.18351497608592 16.6796117424425 33.8044390479797 47.3006567878415 56.3566781578496
8.25908455605295 11.5845919493435 20.6976566252052 39.7955942529628 53.0902185480885 63.5939905302739
0.797829389137271 1.96873275019599 4.94413588109711 14.7188390134413 26.573299947101 31.6354052442464
0.344126536857499 1.25672718586809 3.29657301813547 11.2732161021348 23.583261455633 27.3976454110604
9.49005635979043 12.860043176169 22.8737222244741 42.9262543834437 55.9937656349231 67.3199480989137
0.244533868089895 0.892391997972648 2.72456847987602 10.5458789238343 22.5026861591329 26.1659633386262
0.764001950324309 2.08987020166854 4.81294986449555 14.017530204814 26.5225446496722 31.0934591170392
4.53838716706292 6.97859618785737 14.6958027557258 31.2639659648826 42.267739126541 52.5049623788106
1.53496628689959 3.13458042265705 7.26333323395529 18.8716321906105 30.6018789159435 36.9889963228733
0.0484893150298082 0.320247680047647 1.4777272132372 8.09993667373583 20.119338935081 22.8892566318818
0.112876907396534 0.554205144047597 1.93639273948358 8.87998684633376 20.9782167098291 24.0160734768151
0.306232971154158 1.0851545612729 2.94256029249663 10.6447734136356 22.9120230338074 26.497616501479
7.04601083467673 10.2837114983537 18.5290829331973 36.5774714625298 49.9859252142362 59.7203175466491
0.309144215789174 1.02205732021944 2.99060771947026 11.086259625683 23.0349483129343 26.8666565753187
9.17364922418397 12.5301406641922 22.3245858522617 42.1256227030756 55.2321806830848 66.3656620786238
0.0513665355495418 0.407939614509129 1.62830527174336 8.22892903997572 20.3540864245803 23.1727487475261
3.29161796640206 5.88544767785243 11.2752593005881 25.1877180680977 38.44509773438 45.6403794446752
5.14320119948805 7.6595324888528 16.0269074622755 33.3098888861305 44.0746975178749 55.0012880350434
0.473596205598422 1.36898678010343 3.71102698120914 12.4560501992757 24.3791409969618 28.6740694911253
0.282738565412946 1.01970582260419 2.8167360376979 10.4207778547151 22.6698139565204 26.1843957111629
2.60657708889379 4.97050365177496 9.74841922671572 22.6455219570438 35.7754848693073 42.3986642256211
4.60316121814315 7.04492078849544 14.8413707471743 31.4545488799406 42.4020493118335 52.7322341417282
4.58599097121652 7.02973953527695 14.8024524928526 31.4145366607561 42.3868499239905 52.6867469017599
2.12303030085326 4.28327681677528 8.59549034059114 20.6792709193228 33.6819972114809 39.8613818393683
2.41052439716653 4.36486812338487 9.64998200607834 23.0246679565909 34.6115420839341 42.2651986773274
0.300213060891097 1.00074580934704 2.94535248556783 10.9998516427911 22.9505172649786 26.7516703816025
0.235167012390631 0.878397110537518 2.69422717463695 10.4700102508421 22.4331806016775 26.075035356853
5.12126166102588 7.62899412727814 15.9772849738977 33.209900914991 43.9629320143432 54.8744980873255
9.7701494181389 13.136756617131 23.3753682805266 43.611029100842 56.576273030936 68.1223792859513
0.844279060850125 2.04775546554928 5.1029319508429 15.0089912308713 26.8564185057598 32.0120957192578
0.110746157501102 0.523344381715707 1.92636227001188 9.00361308855032 20.9971279517499 24.0988659998972
0.72122639614327 1.83504081910235 4.6739890482039 14.2229474145916 26.089572544924 30.9901759272058
0.0106481490470465 0.195221547983178 1.1909492768115 7.47315155658101 19.5331581968905 22.0721435263064
0.0665025669320665 0.424636438343473 1.65998082535719 8.31437927948799 20.4280493032352 23.2679895705414
1.6961130192335 3.36838621058371 7.69846366831278 19.6733431856379 31.4140543912145 38.0106837365339
7.34984004499709 10.6213130195266 19.0656315702105 37.4080934890465 50.834683950834 60.7308334483479
0.0143942347985574 0.196180754546813 1.1979018074189 7.51432307130675 19.5586483127808 22.111014481365
2.96666741849223 5.08635609634313 11.0339035069692 25.3635924149537 36.8416967499848 45.2004376321384
1.65454161764938 3.5815314935729 7.41283985826193 18.6229017933836 31.4701088906288 37.1844313865142
0.130257146551278 0.578618017512521 2.04664182949053 9.2437924866826 21.2308758065272 24.4187021037051
0.328393983816133 1.08175557943286 3.12584425274384 11.3193276375175 23.2547707986819 27.1875795599913
0.82844227181125 2.2176163989423 5.04881320640975 14.4354895311212 26.9656971373324 31.6577149699948
0.132708483875098 0.664685129487861 2.14071636966433 9.17166852226045 21.3485410989377 24.4839238771638
2.25743277919844 4.47842484828338 8.92610709053307 21.2445609092013 34.282556502141 40.5935788046103
0.0162313450946025 0.229785548896723 1.26214095788695 7.59251679485399 19.6645889348148 22.248946026722
1.97448745098917 3.76296065679276 8.4696631843516 21.010204731278 32.6979649333079 39.711553446411
0.0722092312450861 0.409631330892565 1.67466140883403 8.48690433771999 20.5001213276317 23.4152430079934
0.407850244046849 1.33324633160483 3.41270851289671 11.4939725159165 23.8224307594633 27.6663366264342
1.93787341907821 3.71287807913961 8.39448405745295 20.8438030738053 32.5012216453888 39.5021208786727
1.246953396043 2.7028044368762 6.39172887385533 17.3716419912058 29.187356184269 35.0652732593117
9.70613757140041 13.0719298195993 23.2627639991152 43.4524314585681 56.4334843509725 67.935086037543
2.41283474442696 4.70010205818338 9.29596685107116 21.8786206280116 34.9613759207232 41.4123088171406
9.50710133833314 12.8726495601182 22.909124371353 42.9618181432091 56.0036571610155 67.357728792436
8.57215025840785 11.9144926530407 21.2501579306634 40.6048574385748 53.8604618077564 64.5623960651882
0.150794041898983 0.659018594179265 2.22040594775982 9.55503574388246 21.5444016563423 24.8545770832667
0.681948617854611 1.86990006136173 4.3832963908612 13.2503624965638 25.7089322347126 30.0293789607078
2.51387707204134 4.84162587625895 9.53270591495027 22.2805778738558 35.3886080390718 41.9296298874147
2.50801122246066 4.49169642249489 9.90336099288242 23.4373218379881 34.9884211831199 42.7837266038716
8.45006324491367 11.7883076486153 21.0314693265769 40.2926176973721 53.5754119859207 64.1909328317912
0.164901929315768 0.673291447412223 2.25116511622037 9.64926214277454 21.6267182263156 24.9587151258253
1.58854326471086 3.21367662154435 7.39712360292131 19.1455562615028 30.9033677384935 37.3379572317406
3.77850660502878 6.50301506783023 12.2922198973279 26.8526192213981 40.1837799754173 47.7398292447082
10.0037911520125 13.3736175360335 23.7846315443681 44.1889427807114 57.0994371669149 68.8049872543838
4.74666563174184 7.20857047160708 15.1584076688455 31.9494779797726 42.846466402137 53.3378386551889
0.0507323626552896 0.332428756692416 1.50386090182027 8.1462898090828 20.1675388712503 22.9556520711342
0.124626761913702 0.596344109492175 2.06752221350472 9.21357429138784 21.2425315380584 24.4237250194853
10.2517379969312 13.6227913742831 24.2190972122246 44.7969962654105 57.6423782543034 69.5210692158
3.0755802865516 5.22392882463171 11.3038051837087 25.8042186080325 37.2480817729357 45.7510603256237
7.95343013553878 11.2648411560297 20.1501884535563 39.0042862425551 52.3547560396382 62.6489039135581
5.04527157757232 8.03650723428208 14.7977073953499 30.8747051390507 44.3430523507018 52.7547686286679
0.266063951157242 0.935476883433378 2.81422608736501 10.7298358438546 22.6816843096618 26.4033722276113
8.05514587013122 11.3702459800165 20.3351714961709 39.267535344609 52.5926267217976 62.962494744532
3.96255235998561 6.73447048170202 12.6683719917088 27.470221213856 40.8339792577721 48.5170816705855
8.63848893496664 11.9847237638302 21.3661015446956 40.7761328387699 54.0259241579751 64.7676046365245
1.45359448560891 3.27425055902589 6.89765029308256 17.7145154600696 30.4840453084831 35.9985804642448
3.4161695258659 6.04096993522926 11.5504500345247 25.6177796215307 38.8645979481862 46.1808197656154
10.298869595562 13.6703697136073 24.3012616203678 44.9127181159665 57.7469126025699 69.6575325638121
3.92699154569668 6.25896713457958 13.3186775363934 29.0510152219311 40.2257989206285 49.7786206946373
6.36111637289613 9.53867108948598 17.2669065315717 34.7011811258326 48.1892232092077 57.4504424151214
9.68511884133827 13.0523293267661 23.2239523892321 43.402864548987 56.3967047853017 67.8780850559373
5.11036571377652 7.61713070531907 15.9536721149457 33.1748765165391 43.9331746650222 54.8321020120897
7.40208950483113 10.6777038501884 19.1606833535776 37.549028520443 50.9697204480768 60.9008789009294
1.05140553380241 2.39003105883969 5.78892420970791 16.2505608934996 28.0636945918009 33.6198391559793
4.40173504028319 7.27297394290226 13.5513530837523 28.8944965156586 42.3092188590649 50.2986730198608
0.113181853408458 0.559744724755284 1.98967578197015 9.06540131729958 21.0942191370027 24.221601360126
3.2975380685422 5.49943295009041 11.8433461252663 26.678473503882 38.0508327950772 46.8400247269841
0.0741308949424336 0.493690879985451 1.80280004460129 8.54698091632018 20.6904368102457 23.6206057494573
6.25678687847772 9.41356011673924 17.0886126447634 34.3967398267529 47.8404943105695 57.0720027553249
3.19037742345367 5.36609757671461 11.5840027504821 26.2550277165535 37.6587035748002 46.3124126279862
1.1024248561331 2.65588061038469 5.78955441858131 15.768046270005 28.4167909748676 33.4056322387853
2.93768091314344 5.41542887621253 10.5150942830803 23.9018122450883 37.0619948284412 44.0025338077833
3.24285745814188 5.82171685315674 11.1771754444976 25.0183303645727 38.256529157689 45.4253322051148
2.32611251874711 4.25427231109422 9.43948554541168 22.6644227517129 34.2641561177229 41.8124386869993
8.86284858165816 12.2151186885502 21.7662338831719 41.3446593727774 54.5419989861812 65.4424351920525
0.472117534055876 1.36712519415452 3.71339255555038 12.4402545820551 24.3535217455753 28.6567368523321
3.42493837047362 5.65639762314687 12.1442347432604 27.1736829770499 38.5150308861523 47.4557667514298
2.70846370258848 5.11001951812317 9.99108358026443 23.0441299695704 36.1827831143868 42.9094301862549
0.557571414810021 1.53144532296042 4.05038426861635 13.0733524642229 24.9731451518473 29.4862058867219
2.77193300997983 4.8367496343894 10.5525859978148 24.5591993485538 36.0820126507824 44.1929270880577
8.27006603739163 11.5995438692199 20.7114398853603 39.8275609600517 53.1387467512349 63.6351746607665
8.94712673359228 12.3044021520376 21.9129065841755 41.5618212465958 54.7527334153208 65.7026454863254
2.05705166614318 4.19334105418435 8.46762444150608 20.4395110672636 33.3956125508442 39.5547369464315
0.0266179693600985 0.294687997460727 1.3950115456405 7.8130865544798 19.9099080058167 22.5774640631564
6.81507609942416 10.0258944116776 18.1106525558562 35.9337300478671 49.3381424842471 58.9357469137458
0.411292988777385 1.39006486581096 3.53909943430871 11.7159375866913 24.0570580485878 27.9926746967539
3.86378225857385 6.18964740276319 13.1693935307295 28.843751325235 40.0675583259851 49.5268762448956
4.08659977781027 6.44941696709014 13.6799780324969 29.640666780468 40.7780358316855 50.507054515226
1.39224800716342 2.9275951219607 6.8382840387269 18.1635516776636 29.9526167027049 36.0840794343018
0.122266261526954 0.596772068371029 2.00281442701883 8.94460314024332 21.0926535295631 24.143461923447
8.46790567554435 11.8069579432732 21.0631799581154 40.3385522272134 53.6183540202523 64.2457674880912
3.31898224865853 5.91787891732347 11.3425394333651 25.2822278794828 38.521736313191 45.7578177269618
0.190768271462575 0.872866801991705 2.5605531882237 9.930137558273 22.1554277419253 25.5531693824124
2.52938596250106 4.51950995158348 9.95785521789599 23.5277379564018 35.0728065953924 42.8972992657363
0.626897242806462 1.66119284323261 4.31660208109994 13.5664815971126 25.4533072323251 30.1316629297614
3.72845057077866 6.02346005211199 12.8571266616568 28.3215705277537 39.5683774668862 48.8781763360033
5.05623967871821 7.55648095302937 15.8358865610327 32.9933027564742 43.7719118069857 54.6108294959494
3.9946777158898 6.34028093651706 13.472169698998 29.3035769806858 40.464202707164 50.0910370644482
4.41120786614487 6.8268551106837 14.4125316872075 30.7952797445207 41.8214267280854 51.9260694047426
2.69418873860311 5.0863234338633 9.96719985387323 22.9826373723753 36.0910955597112 42.8277073364537
9.02070034747297 12.3739775715849 22.0510162740297 41.7395169970782 54.8856090875082 65.9081797610126
0.331609867461196 1.08319294402547 3.12645597055748 11.3217575443616 23.2582804194882 27.1881984559391
5.14452122204198 7.65935011961002 16.0296083214468 33.3070375395827 44.0651972474293 54.9964401652176
4.74708388311786 7.21457657901871 15.1592451088027 31.9752106921614 42.8937142117981 53.3737303158786
0.261695363230248 0.960171187638355 2.70238874268658 10.218127874139 22.4498976913229 25.9001606937976
7.77518947880548 11.0767996098136 19.8292043762756 38.5373603407859 51.9176073943212 62.0896517385647
0.0927533498015942 0.492264508126349 1.85067249041786 8.81135387526424 20.8312433590851 23.8683018276591
0.669137214210906 1.7335089168916 4.45111643369338 13.8394969926637 25.7387918592751 30.483936629459
5.21620507949989 7.73776130688173 16.1843423410932 33.5388710567837 44.2647586877717 55.2773568410072
8.14075319510038 11.4634868612808 20.4820622181726 39.4928025273779 52.8222738833518 63.2347291412097
0.385979860362882 1.19028054392117 3.34328753962113 11.7544136313135 23.6882277862699 27.7512096106988
1.43814434782217 2.99042192531276 6.9795873212621 18.3716884563704 30.1188107729958 36.3489025529667
0.0415259852939132 0.389582859366487 1.59381911114227 8.15865601175436 20.2833232367939 23.0822220569732
7.09015895703284 10.3375906633289 18.6059298941038 36.709714947603 50.1379407296519 59.8855037822263
2.99215051097842 5.11568399646297 11.1123606666868 25.4553775754813 36.8885076486351 45.3138345369574
1.54024413960079 3.41186251922566 7.13479226636505 18.130235217537 30.9295048515683 36.5444422523996
7.73238171346287 11.0295330295463 19.755579854568 38.4229021867106 51.7990916796206 61.950734908227
3.97101436928784 6.31241311381795 13.416669371748 29.2174474460742 40.3882538414069 49.9848519579608
5.3309902072645 8.3691097358039 15.343052902015 31.730219513326 45.2118466560185 53.8104307242387
0.216192029540857 0.814126222130334 2.55552034679572 10.234802636164 22.1986168511369 25.7441517799068
4.6555384181852 7.10520759235305 14.9573880404033 31.6377056461886 42.568444377774 52.9567995942243
5.10445769310185 8.10598012433113 14.9109485866478 31.0536890887983 44.5263341901179 52.9761213099023
0.9252580708655 2.38714886065267 5.34684041245022 14.9699341045882 27.5409581842643 32.3678125684853
0.174758712424696 0.702915975126784 2.31572092432514 9.77111321924053 21.7458970373317 25.123834587929
0.666595849714487 1.73765259643307 4.47548808414626 13.859614481573 25.7366782271984 30.5163136485785
3.81255228668388 6.12337056124974 13.0550636446933 28.6316421029052 39.8445160988297 49.2611218849469
10.016172673592 13.3933317192256 23.7995324908203 44.230991626994 57.1693908682356 68.8612047316432
4.59393340816837 7.04216022651783 14.8197956000388 31.4567234802607 42.4396908823254 52.7410392599618
4.72457395846248 7.18479865934055 15.1098638166866 31.8795931581446 42.7894641281408 53.2534645732206
4.05009250739821 6.41036565009009 13.5940305360169 29.5253479577662 40.6944139944286 50.367818666615
4.22395095904752 6.61422938485326 13.9882051020327 30.1516019168039 41.2647585774634 51.1388607615257
9.21259276383485 12.5729556374574 22.3874155209127 42.2253980146882 55.3401366797846 66.486444349955
4.89621899255153 7.38500391988813 15.4879574330247 32.4908679270193 43.3594607351295 54.0049754292992
0.033906035107361 0.343321941326023 1.49635540099405 7.98567125364885 20.098683221712 22.8320579412699
3.84704125737983 6.16443764271678 13.135107477572 28.7590411219446 39.9602417807719 49.4184971012737
0.0276196326114198 0.314745419185038 1.43723651678664 7.87919245556068 19.9856832861525 22.6803205003662
0.150781231592494 0.660650360601104 2.22338616628356 9.55794659589795 21.5487752541907 24.8603906020327
0.022185467436674 0.245089510920791 1.29699771397758 7.67406323966677 19.7386654701084 22.3517591587978
1.36967494674813 2.88750434971398 6.77647598534219 18.0132585737219 29.7725753666157 35.8894469573646
2.91654321047272 5.02179938309579 10.9266752294481 25.1571662643167 36.6176561724349 44.9422865112001
2.82569770378862 5.26828136272793 10.264946574917 23.4925909953739 36.6410126275435 43.4824991894837
0.0362532895467404 0.277677784911245 1.38159970538156 7.89853495569996 19.9269843270741 22.6223288192389
1.64894555172489 3.30050444494975 7.56526100170432 19.4417246737156 31.1915829708699 37.715372734848
4.26373369204313 6.66075837725807 14.0785181148176 30.2943915791381 41.3940930998512 51.3145756335473
10.068683304491 13.4430328884004 23.8945789125023 44.3549699035734 57.2662070783576 69.0043886564593
0.281880512836863 0.98329824382033 2.91934724037826 10.9157680714434 22.8619432833101 26.6588791322063
1.07353352514697 2.42577142062398 5.86107084578636 16.3787646753346 28.1868456598458 33.7855786726706
0.507515134450659 1.43683173341891 3.8526971881297 12.7173809772646 24.6321423033687 29.0184342469835
9.67943226400609 13.0496502319694 23.2101482424867 43.3929457986577 56.4026100681063 67.8691405270544
0.520783715141321 1.46285727771913 3.90402172027714 12.819831135141 24.7362927663755 29.1523145093985
0.0618354545596107 0.367973000705503 1.58400088382325 8.31513901558556 20.3281789099906 23.1781202291168
9.14777840825796 12.4996410349813 22.2817320253782 42.053139407131 55.1491060752605 66.2760031313813
6.99526660935328 10.2353365665297 18.4327611196559 36.4537076415357 49.8938698930917 59.5767468030038
3.72473681744242 6.01977684676413 12.8476334804342 28.3110390710711 39.5634594737171 48.8656798039527
10.3138009145255 13.6863998916467 24.3266281627376 44.9511089091524 57.7855522151268 69.7036959173889
0.711016577188508 1.80894580836235 4.60370464652817 14.1219544687059 26.0156822001132 30.8525732350988
9.4490078036526 12.8104007616617 22.8106158361709 42.8127367646389 55.8535484076865 67.1785595475681
1.17518182615551 2.78321469873048 6.01463159717807 16.1668545715937 28.8444534665753 33.9364236027939
0.889593340457473 2.12309627340457 5.2367237989517 15.287987180312 27.1578346872525 32.3713699798281
2.17472280690211 4.04065651554934 9.0320085751006 21.9423349943124 33.5545118837807 40.894858359875
5.82187687924256 8.93193919670081 16.2672510009377 33.1666805960542 46.6596406531033 55.5753791805627
0.0404096362027106 0.288758984097735 1.40801249667518 7.96185558363417 19.9837669406889 22.7017598578134
0.0949823362861582 0.569114565513389 1.95563378170214 8.82585588203503 20.9853570982224 24.0124039666161
5.62555400262945 8.70974660456129 15.9110158462609 32.6109118133216 46.0910868062574 54.8953317813547
0.0825485890804612 0.437759417938053 1.73826654100935 8.62451038521614 20.6292671182341 23.5934724686824
6.11843752261392 9.26110130322818 16.8343786746768 34.0132154895558 47.4656800809681 56.6062615503698
10.2337808206751 13.6099853299793 24.1834403685241 44.761948692437 57.6335368039128 69.4846585553454
4.35213254119728 6.76291878246908 14.2798884355334 30.6063718017482 41.6702374751176 51.6975733649685
0.836059086489564 2.03203508359436 5.05457246492925 14.954305649652 26.8308354594769 31.9380482855298
9.8886368268689 13.2648643951254 23.5751345317489 43.9167200538373 56.8889041470612 68.4907512322399
0.0519744637881622 0.339023649282609 1.5179440123504 8.17115124503278 20.1934827046125 22.9913133811559
0.194706774436861 0.782374791369189 2.48759531694281 10.0680768741383 22.0452592937994 25.5439554087607
3.93923501222747 6.27909203740647 13.3412633355288 29.1200309278607 40.3220628553718 49.8677836818296
0.088744562340417 0.574127192485391 1.97153360264685 8.84883133892782 21.0116178018032 24.0546230092506
3.44123258719492 5.67703564052288 12.1819131289318 27.2394552219887 38.5803950257748 47.5379086191008
0.0344141144228911 0.356768958408682 1.52562981971858 8.03482809560882 20.1525262084837 22.906236489644
0.050725689252169 0.435522001752201 1.68975703736832 8.33190292951099 20.4667824221822 23.3296456865606
0.0815799931820132 0.550520078561573 1.92410579678652 8.76146723841299 20.9195869777438 23.9328886805308
0.113196166160865 0.662598642734891 2.15103494344807 9.17710527259644 21.3583230683804 24.515420423146
0.161269394064589 0.807391462779828 2.4377725830739 9.7029309867085 21.9144712441846 25.2456414999442
0.223409664408615 0.974111873611586 2.76175224171428 10.2961154657449 22.5434224751766 26.063608460647
0.307866202872182 1.17638622775617 3.14639313498958 10.9987540896616 23.2907112944234 27.0247749646148
0.401480803520203 1.38614323761756 3.53979691698652 11.7147033543518 24.0537091432039 27.9993823777874
0.52083907040132 1.64133166143115 4.01340833915553 12.5739757387037 24.9709234170958 29.1647634876682
0.697628448336176 1.97893229179257 4.62286083139714 13.6717761505603 26.146857510489 30.6378270383161
0.917293984114597 2.37676084338984 5.33178825754069 14.9410317140698 27.507450806788 32.331550682465
1.20416689776857 2.86763383041885 6.19449869976836 16.4723175618975 29.1489335061401 34.3618666569605
1.5468204109869 3.41994569725705 7.15074145668286 18.1526472530509 30.9487427899483 36.5726719116784
1.9443088650494 4.02683511694363 8.18877885022232 19.9548044835363 32.8734284668471 38.9253291802241
2.40116721112478 4.68338870187167 9.29601306345557 21.8480723937596 34.8871117370325 41.3727434105705
2.90829829021747 5.3768874833791 10.4524820488782 23.7967410692605 36.9497931206416 43.8690614928342
3.46514431721185 6.10292843111112 11.6526104239651 25.784770320207 39.0386912176427 46.3912669610073
4.0695990670628 6.85632241278604 12.8911519054393 27.7973735572722 41.1313642354268 48.9187872851683
4.70067432021303 7.6241811048853 14.1522468565956 29.8223108574348 43.220489727751 51.4468717702228
5.36919808317861 8.39724144328318 15.4212874483952 31.8051975864767 45.2271598030828 53.8891050105767
6.04579482993919 9.16994856210806 16.6931518697511 33.7761089644466 47.2068702440392 56.3080147435606
6.7286926707861 9.93045354160064 17.9523328610747 35.6939248135806 49.1023730756388 58.6443197985425
7.40402333623891 10.6643653072827 19.177404503767 37.5261753159001 50.879840345997 60.8595705781696
8.05594058858984 11.359662504285 20.3468434805879 39.2496883532198 52.5250008425753 62.9308131239534
8.66895828708575 12.0033188355663 21.4371866460622 40.8363510244863 54.0173898662229 64.827724908265
9.19698279568175 12.5499552782299 22.3686391407421 42.1765666527518 55.2614618514412 66.4222581482825
9.64537067844736 13.0089289277811 23.1577903265137 43.2999818668728 56.2890288185486 67.7537425429993
9.9570768374902 13.3252606501053 23.7045663199713 44.0725342345927 56.9886477592271 68.666626444769
10.1549633328807 13.5248761338042 24.0508819615622 44.5592826435012 57.4263219439083 69.2405625943393
10.2605752360607 13.6313975916207 24.2348354753519 44.8182286356217 57.6601225458994 69.5458211622572
10.3237504165135 13.6956441459112 24.3444894430474 44.9740585616334 57.8030187799848 69.7300120068161
10.3304310020714 13.7038902709838 24.3550757892496 44.9931579299534 57.8265060526612 69.7539326648205
10.3024579944507 13.6777143952482 24.3046879450738 44.9280352369492 57.7764429015552 69.6790476495073
10.2235302214807 13.600062672791 24.165161887176 44.7374517828754 57.6133065271507 69.4561608286964
10.0932129090073 13.4705519355089 23.9351909463063 44.4199971785956 57.3366689305694 69.0836313690052
9.90390580445438 13.2804577207093 23.6018781064765 43.9547562428272 56.923710074334 68.5357878141124
9.56778419137026 12.9399268195466 23.0095204524299 43.120846219261 56.1739580846294 67.5508259693263
9.11972599085204 12.4822525894126 22.2181308097995 41.9983916198805 55.1541727690968 66.2212869411115
8.58316235563483 11.927832038226 21.2680835849497 40.6363307736166 53.897988076271 64.6016254399682
7.97635038518871 11.2910696435687 20.1886573601799 39.0670530688353 52.4238491222384 62.7258850284225
7.32916153549632 10.5990619975173 19.0278069077488 37.3522994288505 50.7816988651012 60.6635676789475
6.6557540354852 9.8635848764892 17.8045223955126 35.5151363406419 48.9902190359188 58.4389787609798
5.97732391384392 9.10963338182292 16.5574710378665 33.6180935959644 47.1161006482525 56.1295020118537
5.30490759413778 8.34055330195917 15.2939739689008 31.6575196398188 45.1429855240227 53.7222769023508
4.64969070550479 7.56957683268937 14.0305694472744 29.6632689257388 43.108149076544 51.2541968400354
4.02066540903501 6.80608847207559 12.7798932088987 27.6556617528866 41.0347500194542 48.7492945032052
3.42396370997142 6.05497012464866 11.5447673835253 25.6399452648692 38.9327812131425 46.2119013325433
2.86748867562346 5.32454366418489 10.3360742748044 23.6340432283663 36.8231515354139 43.6632392012527
2.35620197397894 4.62147233560838 9.16385851027381 21.6558086085108 34.7260064610059 41.1260119721435
1.90145714622983 3.95294314305728 8.03319757822211 19.7108234895828 32.6499358880358 38.6014079952712
1.49280329399561 3.31328315033389 6.93564266489854 17.7958028184337 30.5977371235689 36.0909901659362
1.13045788089707 2.70117939185694 5.86644372855833 15.9055386862038 28.5664346153358 33.586492153675
0.809458044741811 2.10764540176186 4.80745801623731 14.0134165725555 26.5307236682897 31.0515327695292
0.472398203329173 1.41818563974425 3.5515909183656 11.7587563375423 24.1003811520846 27.9949433063844
0.235289378791264 0.873185758900678 2.54135555552959 9.95690547313318 22.1456181881175 25.5151406834981
0.148908800132151 0.659149287817953 2.16370782376904 9.33601408439895 21.4215600092891 24.6234048957225
0.157324301426313 0.690565786031398 2.27510636794321 9.62364006822089 21.6378136035052 24.9704773897754
0.217459461077063 0.838809484335136 2.60914538139568 10.3031186019565 22.2729828978676 25.8561782187499
0.323979665079239 1.07214531651616 3.10590619550246 11.2683017443984 23.2043653884962 27.1236964221835
0.463558316599894 1.35882241540796 3.70445126984285 12.4086304504855 24.31364828752 28.6213156766273
0.651559240430237 1.70820974598986 4.41809638693343 13.7410557161096 25.6151382082409 30.3621693112018
0.874651054372736 2.09842204955078 5.2071349621597 15.1919772084298 27.0301289549977 32.2497905918081
1.14090756455454 2.53330223507706 6.07601940180902 16.7630355016682 28.5586178676869 34.2815411085699
1.44681551647639 3.00458135919259 7.00835519546114 18.4227084269571 30.1676343746843 36.4149435544336
1.78757375780447 3.50263158313974 7.98512488469773 20.1355141130797 31.8207503827683 38.6027619464803
2.15738408687124 4.01819191603349 8.9889111210074 21.869531793037 33.4851218332237 40.8035175929628
2.54728297774711 4.54213009814645 10.0048601306458 23.6003362360956 35.1353737822869 42.988167914117
2.95281381020917 5.06511815636959 11.0150128624078 25.2921164501868 36.7338820209005 45.109268650178
3.36271844202619 5.57660306050807 12.0024332222463 26.9183144073613 38.2538467650906 47.136252996389
3.76700320604672 6.06758844373031 12.950454400462 28.4566348805408 39.6770138622174 49.0438360853449
4.14431739948302 6.51340090703004 13.8123668472171 29.8324520933805 40.9342745253945 50.7404197311507
4.48885333510948 6.91351361424592 14.5871493880749 31.0553266886424 42.0417166492432 52.2428554235696
4.76746464871337 7.23135452299703 15.2041799083514 32.017062824395 42.9033802736059 53.4197877063056
4.97553974005049 7.46557686130231 15.6601040604327 32.7204516050896 43.5277610419074 54.2779267155649
5.09752130593324 7.60223049137466 15.9256578334531 33.1295624117979 43.8908183849435 54.7764630057228
5.16259927215533 7.67542976807761 16.0671298244194 33.3490524902595 44.0871996177177 55.0441648642898
5.21151396488654 7.73104458789937 16.1736204942009 33.5166561371431 44.2394853703442 55.2490732797099
5.22080098075085 7.74285356140488 16.1942744441418 33.5540207642132 44.2780723153164 55.2957696697922
5.20078331422124 7.72205573251625 16.1514212339817 33.4941385014029 44.2308704861867 55.224155319446
5.14992075949676 7.66695314447222 16.0415146170493 33.3319485916331 44.0938371254211 55.028081133527
5.04322499272276 7.54887094776029 15.809110410705 32.9804651039249 43.7884929404894 54.6009524613043
4.91606505647828 7.40736189955182 15.5315089577608 32.5580369835019 43.4190499458835 54.0869397063487
4.70857280543842 7.17303522257473 15.0739637873985 31.852829193042 42.7944835502919 53.2258698308903
4.42999413853564 6.85408200261093 14.4533258348544 30.8856203711438 41.9289881192118 52.0411990332934
4.0925868273805 6.46061961509086 13.6904476304268 29.6803274166292 40.8372775852635 50.5589530570554
3.71601899174416 6.0113992060315 12.8213237222937 28.2868800346246 39.5601921237635 48.8371039835008
3.31968514176981 5.52998452219032 11.8904480018639 26.7787257600058 38.1672745977928 46.9667365961714
2.91402996247711 5.01984140729308 10.9051656106661 25.1507601127813 36.6424679345368 44.9345148268634
2.51543369041424 4.49841663955789 9.89581528133147 23.4523165937415 35.0341466660882 42.7997472991705
2.12880575467105 3.97633354103384 8.88241095267675 21.7244566355291 33.3863214454411 40.6169519428332
1.7596622375354 3.46084996104765 7.87835624801042 19.9904200703457 31.7221354996273 38.4154356787954
1.41865814126759 2.96231100191758 6.90126464363536 18.2770568201887 30.0675184699523 36.2265945145845
1.11660900389255 2.49407877847137 5.97579789529524 16.625561815137 28.4628589930117 34.101881845878
0.84995195775911 2.05625736556813 5.1026147011094 15.0440443245843 26.9199127786867 32.0547736507928
0.632190235281212 1.66689339303991 4.31595333210533 13.5904380203896 25.495326166785 30.1587205796549
0.447949709243219 1.31465535150119 3.59685399240696 12.2436546495413 24.1729072324691 28.3929946341715
0.308539886699971 1.0176956537431 2.98012499390361 11.0666697579181 23.0164792882916 26.8394532281206
0.203821719561872 0.769219822542836 2.45510602877432 10.0497813651469 22.0190849528081 25.4899785288422
0.125856034225754 0.563760787386727 2.01453458330521 9.18516791025267 21.1724269664659 24.3377616100985
0.075839679588118 0.411409300985391 1.68151259392301 8.52126052613265 20.5247231807502 23.4492353512796
0.046667508720033 0.310859716064089 1.45800292248508 8.06725995586769 20.0844242129309 22.841345594412
0.0294104377630427 0.247932374648402 1.31623811673451 7.77190699291139 19.8008344757579 22.4481332735054
0.0167546235394765 0.20241746794538 1.21282836232755 7.5508706252205 19.5910432115657 22.1565259153398
0.0104909986425871 0.186071301694563 1.1735365764803 7.45368751460873 19.5053549154917 22.0359569707046
0.00666328981255936 0.183370309716305 1.16507083485684 7.41740812021383 19.4799136639851 21.9992844678381
0.0058830796364225 0.197037210540035 1.19268938586064 7.45123213347442 19.5250764791692 22.0598967916175
0.0121298211808747 0.238409805993799 1.27861017901585 7.59631091873498 19.684310735278 22.2745737948328
0.0226556278962727 0.294675383554617 1.3957791068453 7.80274897061537 19.9056188036702 22.5728911830559
