7.62782126746233 12.2057508316851 21.353199364273 39.58315085081 54.7026299764923 62.2309945009959
6.62057981865164 11.0737224111993 20.0711972431383 37.6693493078304 52.1586606985604 59.480961479555
2.06439167850058 5.49007929129334 12.3645229811142 26.7080873904858 39.0050911924029 45.2045309837579
0.861098328769324 3.89916194075715 10.009123123047 23.1312317531618 34.5785618011328 40.3642893971944
5.48300303365125 9.95524862865194 18.927865530212 36.0246313777488 49.8605885846303 56.8008443382652
9.81718839055692 14.9457426689934 25.1735828891374 44.6529346129803 60.3690102278035 68.1765211145026
-1.18464882680726 0.28268824117859 3.24250592577761 11.7426675812368 20.1768362581944 24.4549249975955
2.63489474789131 6.09453786468925 13.0716525744455 27.8605315777699 40.6061212850281 47.0188507336164
1.10410077020162 4.26476729113496 10.6410082400837 24.042252882129 35.5917919331278 41.4456012789537
-0.866502233897343 -0.0673645345836901 1.54669487679267 8.24894827986609 15.5940811684322 19.3201672132848
9.30245735667577 14.2333647060759 24.1437046149922 43.2668906334919 58.843506577532 66.6462486737929
-0.608751062584663 -0.142697326055885 0.85674550820916 6.60364556812392 13.2496378709226 16.6171612078615
0.0400371722092636 2.69789999693267 8.0625609383487 20.0581881999632 30.7482998700343 36.1662584325569
5.97308975969413 10.5125103679691 19.6794819772742 36.9811994716513 50.9525341198601 58.0370667416758
-0.500980063144145 -0.143232155737658 0.625180755037642 5.9353217431762 12.2137404575319 15.3636376991685
1.64839549670095 4.9434405146067 11.5667660299356 25.5165839323237 37.5420448921155 43.6119327313821
-1.15937167233059 0.177121183052822 2.92675614774357 11.1734518464938 19.4394783211931 23.6298544413899
5.89573447290821 10.3665111619498 19.4179765845811 36.6022929240788 50.5263619279447 57.6107965643944
-0.975817527550306 -0.0731047331062572 1.8000105374705 8.88158130975766 16.4573131536314 20.3034037466358
-0.539528537148078 -0.138301745658579 0.744006477486982 6.32909236202307 12.8715049080434 16.182019310667
3.6082774951056 7.40640637763555 15.0041309200524 30.7137419809208 44.030213083804 50.6642509087209
2.0957562808844 5.64988677886798 12.812303530192 27.270919259272 39.4377524557146 45.5873507457243
-0.458538536297588 1.930116896771 6.79581319486241 18.1508802623749 28.4290241684434 33.6161930074086
4.38085750417855 8.43641100085997 16.5763285752358 32.7589319445906 46.2383346756417 53.023196126644
1.83202486262265 5.23869726426301 12.1389209780985 26.3041940403418 38.3372619555971 44.4437054446091
2.60542147776932 6.19369074299148 13.3290060225947 28.3192656415136 41.1275077872748 47.4667323934141
7.36303752232176 12.1934410821021 21.9017287979592 39.9659414610113 54.425660451703 61.7406115811891
5.63797924801949 10.133129252667 19.179025962034 36.3582535825455 50.239829403571 57.2251371021553
-0.924204642743817 1.03165370472448 4.99029404452851 15.2040578597824 24.8303569955618 29.6420595347855
0.056878806480569 2.75227855148211 8.09241260783686 20.4095604729289 31.4316864334287 36.8673214755369
1.90160880580821 5.1588726626186 11.7385244392976 25.88108695891 38.1711558199731 44.3658236749128
0.344865464209877 3.15619656105359 8.72585041563189 21.423082693974 32.7219340346882 38.2953036592759
-0.952078829903271 0.911536643434364 4.7126713275146 14.6517985355919 24.0976741605673 28.8593289027562
0.876585774821756 3.79814769794594 9.7191542768585 22.849090602477 34.4246323438431 40.2444845817272
-1.28824195503935 -0.0446753673056524 2.47218615586737 10.0918216664931 17.742645332241 21.5923441465519
-0.314791026989467 2.12830776028935 7.01276519534269 18.6742446203831 29.2915254511061 34.5595845016953
-0.74558392462372 -0.173382714966358 1.03535438756511 7.0907092529378 13.9379306759629 17.3975797676766
1.06509067766185 4.03689227377474 10.0343390193693 23.367315855712 35.1361688803076 41.0370829749325
3.69908621103631 7.50543436061117 15.129388146713 30.8734473640568 44.2055655785028 50.8379811007
-1.18932529576313 -0.166440322388361 1.87848478655162 8.87057754742888 16.1396248791493 19.7660477052001
-0.497333525863962 -0.142524792257936 0.582831877419015 5.81765935741054 12.0278816338743 15.1010290071893
-1.14372399721928 0.285841115029784 3.18760733593287 11.691911817754 20.1500839946681 24.4132264601582
0.130223936122073 2.79467869533994 8.10676327622147 20.4478625877767 31.5373719615153 37.020451127991
-0.71957725065965 1.51620058759618 5.97393771977752 16.9133388305807 27.0048057815893 32.0048365189401
-1.20958974298575 0.45704150974965 3.78259972974982 13.1034643765917 22.1449003770996 26.61111547202
0.0897908188587859 2.76162593895871 8.1843863456863 20.3511727579181 31.168982896437 36.6379427367941
0.130979365166067 2.73539601027457 7.99675559303172 20.2295055355893 31.2473404398009 36.7534465754978
-0.695217952574954 1.5435297654471 6.02020737897085 16.9853968291089 27.0954208811046 32.1122220060003
0.331500938047643 3.12924749981137 8.77932294527656 21.2130376159164 32.2028319025658 37.7725238262793
-0.764025551735665 -0.223729129766374 0.849225572062805 6.52875389013728 12.9902160356182 16.1777687237159
-0.879596267337584 -0.135811706200146 1.41000290972282 8.03234390260255 15.3167817491335 18.9933228032669
-1.14501129624324 0.422759028642942 3.54269345335099 12.3971042245848 21.0972569426498 25.4363259662547
3.10768102361921 6.81411646853748 14.1630737567541 29.5514641111574 42.6732588480549 49.1570331554603
6.60265529609075 10.9759182579981 19.7608982112384 37.37023025462 52.0434094157276 59.3942506997937
-0.87185862122532 1.17434951364769 5.29625180671454 15.5125479106746 25.0532641330364 29.8708721408382
-1.44813573327772 0.48726273271838 4.34246954673302 13.5150306824208 21.929948859179 26.1525311653834
8.61405398717376 13.4532995746925 23.0690303819364 41.9028883234205 57.3491974123303 65.0006972431865
-1.1298800616097 0.149681684633054 2.76630526601351 10.868840929727 19.1018822623805 23.2892021687849
-0.941605300355863 1.26822176905162 5.77892626140827 16.2599137189317 25.7595544064281 30.5873850310528
2.87974959287055 6.52201149724474 13.7206258891082 28.925112689355 41.9226357627915 48.3113999275306
0.0298809604159125 2.69291770227602 8.059623853278 20.0480507718325 30.7287277276 36.1381455055362
-0.6204769497258 -0.163987196865333 0.770069861451545 6.38648228211748 12.9061330838037 16.1475405248265
-0.916706830658638 -0.0463133339417833 1.69163784660248 8.56066158144609 16.0111859711713 19.7814516799361
-1.13598259559666 0.208935937480896 2.94906987782962 11.2273799809481 19.5460260045352 23.747206802562
5.67745926735917 10.0137933697371 18.8128651784842 35.8489998774416 49.8054286806512 56.9023017728711
-1.22459486548806 -0.0872803009783205 2.17457425791373 9.86116472196215 17.816238411825 21.7526214959571
9.33900443217083 14.3265031286409 24.3873407673625 43.4971735434233 58.944843274152 66.7371645687711
-0.833742620595143 -0.204464916801149 1.10910844933653 7.24539521181231 14.0897698044353 17.5221907760273
1.17450957607361 4.26625744971667 10.4973156154896 24.0354078217166 35.8394036778288 41.7576058511185
5.02368059167355 9.42320476700276 18.1737736568696 35.0137027569267 48.7042569718903 55.513059875517
-1.24950083521856 0.0960481815464159 2.79719707496795 11.1831571795806 19.6258902742979 23.8208442558801
-1.11045285523027 0.165912146336997 2.75364877828383 10.8425376552452 19.0615487810928 23.2071739792129
0.202960101626116 2.94100087583658 8.36781780530334 20.8607792758347 32.0316737085475 37.5370746204985
4.69648630378217 8.8428666119856 17.1690513069132 33.5780864617637 47.1769206846819 54.0238190245295
3.78385977989372 7.58847053780483 15.234819766107 31.0023890980681 44.3582457953625 51.0299792496334
-0.12935931303809 2.41800433366895 7.48848893758435 19.4716085530528 30.321732862095 35.6834812765047
0.478073262719228 3.25188448015491 8.85856322836132 21.5029940310501 32.7543352716815 38.4010843368863
-1.23337211249997 -0.106786631994293 2.11427410628189 9.72408273445206 17.6140923099128 21.5073231824322
-1.23274612839631 0.258035693566504 3.20038794427683 11.5437090476934 19.8065906717422 23.9788132711362
6.21174668916138 10.8533310727926 20.2183099731199 37.7016408759558 51.7200565072793 58.8290208961159
11.1536814809325 16.5800570168957 27.5236734819103 47.5792027850745 63.4312701713213 71.4378750953994
-0.8248388274279 1.25702192358086 5.45461622165325 15.7849188402834 25.4009277849583 30.2591487887642
-0.903500887676598 -0.18143243943666 1.27111549101917 7.71047253489521 14.8232259687954 18.3669548833847
-0.950199863767059 1.02353378466524 4.99411076905181 14.9911235985456 24.3912999336227 29.1325487228104
-0.483477885180169 -0.140159721354585 0.532291771286814 5.56316294848108 11.5513753198633 14.5042839771032
-0.749032627695461 -0.138915862533101 1.14617973114967 7.36509805216307 14.3647528875075 17.9176692445589
-0.698441471051576 1.56111738846431 6.0465900222714 17.0291705449099 27.1296113436518 32.1181527902283
4.60949592464767 8.62474336822644 16.5880722987172 33.028507716251 46.9367552125222 53.8246959702094
-0.448034786382665 -0.131334644349071 0.493685993686529 5.48839573190903 11.4717472701431 14.4116237632208
0.359465046159198 3.20365846058025 8.8149354654626 21.5720153411588 32.9023905892011 38.4798200715584
-0.178515177852552 2.31784184527616 7.38494303783963 19.1680661777063 29.8028264851859 35.1505359139276
-0.963276989088489 -0.182980803463956 1.37787156987542 7.97800274428637 15.1958450710112 18.7841140217948
-1.16713271074589 0.313376122597904 3.31633235437684 11.9322616451837 20.4683241702664 24.7976044401466
-0.913328223094914 1.57129878346327 6.53455993537531 17.3870603476033 26.9485321643662 31.7710814916084
-1.04566652530663 -0.0826307516231719 1.91572195859185 9.09187477864024 16.6648831451854 20.503079014365
0.0465559846372239 2.65265584079204 7.86584740831367 20.0627181369265 31.062634782617 36.5145215688961
-0.532547409982975 -0.156263704048693 0.616168996167317 5.86931558421835 12.0628758143223 15.1525085846316
-0.407865044426205 2.01356779112769 6.83477919536063 18.3226600511625 28.7682404341272 33.9388854558557
-0.732428819523715 -0.14784210659605 1.08088914468444 7.21257193778032 14.1477885651078 17.643855173367
-1.16818473679032 0.414294812286832 3.64721639326613 12.5457630051201 21.2005868833704 25.5756896609316
0.490726963313939 3.3763049400476 9.1852455729402 21.8384687483405 32.9654352087332 38.5960985373715
-1.00480562293066 0.984178181023575 4.93899249385657 15.1482921219275 24.7471453296524 29.4937847521527
10.9477950246757 16.3178917791006 27.1529879638773 47.1018027198422 62.9161625590282 70.9050384513539
0.0429329307615979 2.69927707428041 7.96412279212056 20.2348982223883 31.2693759350319 36.7042811649733
9.75735923717386 14.7833990181168 24.9226925111358 44.2628602916344 59.9190726088769 67.7977770237913
6.63875685325874 11.0240621895454 19.7559215760219 37.4377355472559 52.2314500740362 59.570157234532
-1.02243982240051 -0.000428400420175053 2.0980133445687 9.48061433183419 17.2652007846805 21.2278053954557
-1.1049179806407 0.707637172579179 4.32560505089752 13.8943566949706 23.0366801295047 27.5876040861806
0.113521235719615 2.81174402866468 8.15480859648496 20.5323100811601 31.630695637399 37.0953475617912
0.974308787837159 3.99330542995967 10.0904334288444 23.3114961868754 34.8820361194125 40.7257915330347
6.13506766950724 10.4448095401261 18.9706814811977 36.3906735767683 51.0286653695068 58.2448166457493
-1.05889239745192 -0.180983432035439 1.55614637576107 8.41362927886842 15.7954618960116 19.4509495685383
-0.71382628123702 1.48738644735277 5.89081781000686 16.7658250219707 26.8126047107403 31.7933118747364
1.60389044316446 4.88618837566693 11.4972160391615 25.5114505542574 37.5777063686051 43.630707986634
11.7196858299507 17.2606232635491 28.4670357888938 48.8066398967515 64.7749326646019 72.8619467644927
5.03496290607349 9.2504175041815 17.7497565963524 34.3868666765938 48.1159136138732 55.0458076579571
-0.620580055211759 -0.157319355343139 0.822623266840998 6.5498167873334 13.179421349221 16.5036075034421
-1.03735157523 0.00157946346794168 2.06789335852298 9.33249381965152 17.0063247177599 20.8903782453833
12.5437438458277 18.3396485637635 30.0582665732518 50.817134574921 66.8477354798359 74.9900395313812
0.79761947014124 3.72049226081454 9.55762927303872 22.6952854643803 34.3303591905739 40.1093919085885
5.70768263123126 9.90891814976838 18.300267543407 35.4063198226863 49.7836506328086 56.9424340088534
2.29365669169591 5.80625397374258 12.8089378497115 27.5358898027088 40.1306450337866 46.3791944707752
-1.12121517566129 0.0820647668794017 2.55508875832386 10.5302618514077 18.7120484662578 22.8518210860896
6.29563965227786 10.6175452325461 19.3044431503082 36.7311332159488 51.2629509126423 58.5497272029209
1.5536082632052 4.85225227535475 11.4498077482687 25.4733140361628 37.5482650981965 43.5722552554862
6.48161188462606 10.8647550028065 19.5340412206274 37.1638770271652 51.9367608537092 59.2187345900701
-0.159505505019558 2.52546146263938 7.93719043508681 19.8563146337203 30.3757600657318 35.6901790487834
2.01848027299496 5.5765544008247 12.7366056245562 27.1136083800506 39.1904269879008 45.3101755479963
12.6180340304726 18.4423501437663 30.2169778593128 51.0190032008127 67.049425042444 75.1938841166704
3.13644329601062 6.85328666976051 14.2982394866879 29.5413762051301 42.4582957367007 48.9532108394793
3.49775303317231 7.28221530858519 14.8044452115111 30.468919592609 43.7889543261913 50.3892745627433
10.5472368406172 15.7656123347923 26.3175791081397 46.0582638725571 61.8564770306419 69.8354392582398
6.12850128416661 10.7225126102637 20.014682412032 37.4374952066245 51.4414033754173 58.5528358009083
4.73829303754176 8.77074106974502 16.7862449001377 33.3015259376059 47.26075107088 54.1858995667024
-0.574558618078499 1.70786672184767 6.31138656516509 17.2098826456622 27.1843548493137 32.2316851048244
1.93712118978344 5.35041142458702 12.1943846480016 26.5825351867443 38.9010150019349 45.047864760559
-0.974450802430463 -0.0290374617764325 1.87638663725321 8.94879289811745 16.5165017849154 20.3581048559741
1.60114214044657 4.74269953104603 11.0826055600684 24.9472706753919 37.0877317128488 43.1866872985836
-0.941308094368034 -0.182829157882609 1.39754081034253 7.92912787505354 15.0424031132701 18.625646100977
4.77153248327991 9.01696555685645 17.5963800707068 34.0873065605969 47.5478996298426 54.3722970520288
1.33649019728947 4.392169262077 10.5522863893533 24.165783846734 36.1421684290068 42.1454071156213
-0.881602954067644 1.22471711687727 5.42591472021916 15.9489831146068 25.7524303854557 30.6103676216489
1.56751055679964 4.90726789634135 11.6567681903605 25.5500183514064 37.3873757443953 43.4026601525962
1.4424545016786 4.62929819361029 11.097235254127 24.8618800765057 36.7610418743671 42.7778212572049
0.543876911080932 3.35499896559597 9.04813430613808 21.7622092639228 33.0371062081514 38.7159974611252
7.37626116022043 11.9064347482933 20.9474475333699 39.0414539214489 54.0822247760922 61.5622389414768
-1.11145353182715 0.40637529495161 3.51409636083406 12.4197915864136 21.2040308338109 25.6493078225975
1.63241962934695 4.7773871754929 11.1098089617008 25.0212988405714 37.2174745537926 43.3275513095748
0.755448709561244 3.61974234694234 9.423539304528 22.411832472867 33.9110387495066 39.6854726891974
-1.08120083663438 0.529272486466257 3.81864505083483 12.9905571119791 21.9426396016278 26.4660707450853
0.264307872141846 3.02624142092873 8.51369837691816 21.0819261864688 32.2952607652224 37.8340408251221
5.85421108791359 10.1072275929967 18.5255854861432 35.7702710109851 50.2844771434556 57.4458540525384
7.07367212910097 11.5962084592677 20.5288001991103 38.5176459296425 53.5018856776643 60.8849301717929
0.563472628045028 3.47978327488702 9.37681114923969 22.1535756483819 33.3342150822386 38.9952971790802
-0.656044661998364 -0.192036946241515 0.770539052018866 6.36319888078263 12.8247556879885 16.0586491324861
5.80442421594481 10.3292611223321 19.4572037524726 36.6073810264335 50.423178044533 57.4396036711629
-1.30292133533504 0.590704192297025 4.43380832618046 13.7940261007291 22.4688006718462 26.8621232730323
1.84565954704071 5.10154674864136 11.5877949169632 25.8115030991404 38.2315834669353 44.3931962886676
2.94918028199842 6.48289639889364 13.604829369939 28.6644789775302 41.6135062215078 48.1128262538272
-0.792151937009334 1.314850354379 5.55793178101261 16.1947837952368 26.0927265391211 31.0200824474214
-0.911232397180854 -0.0708631430016453 1.65359883351934 8.54129157434157 16.0108191192551 19.7987347753671
6.16634666772674 10.4824889827696 19.0208753876689 36.4599320393497 51.1106842517603 58.3329254782339
1.77156409628723 5.1451979716638 11.9836172982331 26.0830374857505 38.0879343681738 44.181726524359
-1.36598301662457 0.0671001826339193 2.95520466443475 11.0091444037807 18.8770591520944 22.8365886667137
1.0315848877258 4.08239614931885 10.2386318134516 23.5286885764636 35.1359332243665 40.9989768559495
-1.03353794614411 0.70147930147208 4.2339623815604 13.7187048835532 22.8525078019124 27.4697773483739
2.37750418218484 5.75307209155432 12.5623064301073 27.130314212213 39.7441802055005 46.0875904762603
6.01077269517422 10.5465667197414 19.7316588224527 37.0588956591861 51.0414421689599 58.1462346528911
3.02946227854302 6.61898408313933 13.855462617588 28.9768711155571 41.9148953438665 48.4295643803755
3.74847467599186 7.52100388673682 15.1312634574988 30.8205865141839 44.1308922118279 50.8191078399722
1.31113653738509 4.55184978499013 11.0944785792154 24.7180748545925 36.4005245724136 42.3288341247422
8.58635497812946 13.3695525595974 23.0101105469278 41.7158237144414 57.0196020740818 64.7183537475902
-1.14522985443247 0.269442767386643 3.15611043014222 11.6607182056341 20.1534034808804 24.4612414758037
5.48497396022397 9.90040772296573 18.8064587467913 35.8668290964502 49.7231937381943 56.7001028617379
3.91319445360852 7.80083533341872 15.5852364533959 31.5083467594378 44.9197691278981 51.5909189569142
-1.08937693611705 0.129308395459532 2.58440946152486 10.5003438916183 18.622145794476 22.7121302463552
5.16487854947811 9.28086071114404 17.4449059952833 34.247621254979 48.434569727864 55.4553251882786
-0.866350682071699 -0.0787203184826984 1.5502306779057 8.27304770713398 15.6327060158226 19.3798378468427
-1.27522955779276 0.23289228876816 3.22722004140615 12.052524962652 20.7674326365769 25.0674696921608
5.8840764692218 10.4890473922725 19.7298816085952 37.0805805509894 51.0106932193154 58.01778376552
5.73965899435234 9.9590632700845 18.335451497468 35.4943016074577 49.9421110019907 57.0908573468095
-1.19419675570792 0.0726451506407102 2.64720116805352 10.8372270486993 19.164708990147 23.3290557722936
-0.0884248981859898 2.50959630957689 7.74610939678911 19.5439766503212 30.098566153789 35.4440554039387
-0.910920088033884 -0.234540724546469 1.10548791262595 7.16768702165582 13.8778845834038 17.1911938227355
5.12966229724774 9.24995440021365 17.5824116709906 34.2733074952397 48.1961367462656 55.2246580678263
1.71396920740899 5.05386708303378 11.750027429179 25.7768677752422 37.8363932959839 43.9162102092749
-0.059436336189319 2.6530496335145 8.12379828429689 20.1679703079602 30.7937759157143 36.1626154871485
5.47455036636464 9.63219423232115 17.9533279147708 34.9034788311613 49.1495325105879 56.2595242080694
2.86785223809446 6.39234618473223 13.4990737131651 28.4855325154551 41.3635183176022 47.8401072558554
2.55422975239417 6.12636824044282 13.2499266593892 28.185991348542 40.9387579553133 47.2648763172312
-1.08531251544712 -0.0445048133268695 2.09682396672899 9.61369943925654 17.5009824935984 21.4739468330788
4.7606365602824 8.89069976642515 17.214693833599 33.6577585273866 47.2977131927584 54.1779027834199
2.31378004139359 5.83564605137313 12.8463437372998 27.5971433265712 40.2131609448068 46.4653342964063
-0.761075471131731 1.66821349283754 6.58401026751583 17.5641914220528 27.3329174690753 32.2898059271913
-1.04132187570734 -0.134562303946384 1.70865534123175 8.76399970373663 16.3174809006319 20.0930491144642
-0.996407858917377 0.862784087324039 4.62806208261424 14.385385466592 23.6627251864527 28.3519882829481
2.83928333129432 6.42314098577025 13.6336995715105 28.6144540193514 41.406031841797 47.8518473973574
9.92013825373758 15.1659651792024 25.54774258802 45.1482729311941 60.860629296723 68.6149332542401
3.06103098039658 6.75373460582146 14.0625771192946 29.4060970262655 42.483570340964 48.9194402084079
4.76803125714236 8.85862722484226 17.1340861427426 33.5742337086004 47.2457919334139 54.1470726288673
1.92183435495265 5.24623659230267 11.8213704295134 26.1802074979168 38.6732550871606 44.828004647946
2.16088726811134 5.57980724055698 12.3230023376198 26.9204458125004 39.5573397067957 45.76349734563
8.64027571711519 13.4238542446338 23.0319557544693 41.7929058460456 57.1831664873814 64.888926026404
3.88851603615946 7.91475837849386 15.8702923339447 31.9024878763184 45.2661965042946 51.8518888432322
-0.782062432249436 -0.221037145565785 0.920607081407621 6.73866656059564 13.3209262122678 16.5875538332826
2.93938871296549 6.57229791614368 13.8690206439404 28.9414944163631 41.7735831312165 48.2352214545248
-0.739260860030389 -0.218786197509951 0.834495879307321 6.51030817451354 12.9884875989677 16.1986924021015
-1.03227438116094 0.0100514593427728 2.14376181697108 9.56349721627897 17.3660761727363 21.3386633039349
-0.509809751033079 -0.144211364663852 0.641674904340129 5.98577297135626 12.2932609109168 15.4612390573301
-0.176667873455491 2.36487611853694 7.49331028988557 19.1395296853282 29.5967946139859 34.8953019715817
1.40517882745913 4.53647499794964 10.8708313884348 24.5416795308235 36.4627957311415 42.4839400200507
1.25238487418883 4.37353258687134 10.7200429378424 24.2498662104813 35.9748793125802 41.9273223488104
-0.542121210944464 -0.151122673086435 0.668711188036938 6.10096091733919 12.4872646869195 15.668007144125
-0.763190196070902 1.47023760887553 5.8901674714503 16.7691490229978 26.793447648116 31.7375456747449
2.25456961384838 5.69547678972534 12.4888321915654 27.162822519189 39.8531500955843 46.0874794492577
10.9473054767109 16.3171201121585 27.117386655518 47.1355281879125 63.0324874356336 71.0086423377314
-1.20704341580949 0.300234878203869 3.31725928150521 11.8456243303128 20.2681969434238 24.5329084609592
-0.541326030643069 1.79920527830353 6.49876651821028 17.5036567171048 27.5306597993808 32.5948619141302
-1.18846815735227 0.234464726027535 3.12518990499711 11.7887905355634 20.4275456643605 24.7511725142951
9.76627436192079 14.8132855781298 24.950761681716 44.3373210517891 60.0380772480493 67.8953186968277
-1.24613052820522 0.1465436465822 2.94996488116071 11.4987054894157 20.0545631620798 24.308576899894
-0.692087235927227 -0.170559944234514 0.897514242749052 6.74252308172532 13.4389861362056 16.7789812359406
9.77989462044611 15.0031027664518 25.4787074297063 44.8508245769594 60.2678633699134 68.0286882727993
4.85635757808649 8.90793477309583 17.0879472827254 33.6090098911472 47.4485272566354 54.4181797030397
2.19608366938345 5.50919138460297 12.1826476606652 26.6041360226376 39.1443865771635 45.4342272037389
12.4199757089121 18.1951825767253 29.8646586918443 50.5865092114242 66.6018533283502 74.725555501507
-1.26354257374625 0.278290226101152 3.34364613450287 12.2768849744501 21.0635937216156 25.3995292187214
10.2353219988665 15.4388488880432 25.9414480769546 45.522205579248 61.1708239189686 69.0766313709366
-0.809772531943602 1.34737964842541 5.65902818559262 16.3472547970114 26.2599686889773 31.1788587891849
-1.21622411289965 0.473919143646807 3.83381629970492 13.2008636107365 22.2659548186328 26.7368573447365
0.75014281167887 3.74567510681031 9.7708404965231 22.756155268459 34.1077610495788 39.8473953011532
2.99480607955912 6.66234663069653 13.9709283531354 29.2511265636203 42.2757497347613 48.7335964281447
-0.593366268866872 -0.1613654727072 0.6866085513857 6.12074801468495 12.4746381591504 15.6056982336588
-1.04845672726071 -0.153216269249179 1.6928634382568 8.55667861639988 15.8544624501383 19.5317192711511
3.28819688873393 7.05670853555772 14.6533903371319 30.1106822790371 43.1171713442083 49.6431875954806
-0.785744005022224 -0.172068139249213 1.08614761853703 7.24122553300018 14.1691236501589 17.6346868738082
4.50864623821732 8.6835269374 17.1187474357108 33.4385581780358 46.8083418990921 53.5786262402288
11.1457856369122 16.6960361798918 27.7528439576703 47.9445979172516 63.8107797980184 71.7142219385988
2.79716654786737 6.32561138502596 13.3686656755231 28.4100632279318 41.3659418357465 47.78588768121
-1.21775086323505 0.430017133885424 3.71850390140386 12.9857801610918 21.9932178015222 26.4426543459635
9.51626539573539 14.6393539520739 24.7791572901288 44.1559021081383 59.8045125849681 67.5259289324849
-0.625106083031793 -0.152927775237671 0.85565329618385 6.64140949991114 13.3245211169118 16.6870783946853
-1.17609732540344 0.156253407752562 2.81613356662999 10.8346276706668 18.9380765560252 23.0495621927207
1.8597236605571 5.1406329012978 11.6548085460558 25.9209229292003 38.3608710793457 44.5131025654869
-1.20108754749814 -0.174641705721196 1.85710343189258 8.80392288626552 16.0237904279953 19.6123486518537
1.49140121017738 4.60275528474767 10.8478097900008 24.6537097244945 36.7833195856909 42.840697009618
-0.851539165010593 -0.235191782476306 0.983582347766781 6.87409302506591 13.4731530854082 16.7248926818101
-1.02412424029784 -0.23411840788156 1.30763998870333 7.61094400538589 14.4440063174306 17.811776817696
-1.18606129905374 -0.187934985384509 1.77397737027809 8.61786800197771 15.7668480090477 19.3099088319884
-1.35744371869048 -0.117332260519842 2.29431902906166 9.6413307252095 17.0254958887953 20.6786016499068
-1.48188763552579 0.0105589557456219 2.90843027713378 10.8112629759561 18.4653242508333 22.2527464446622
-1.54263668749716 0.185451262334886 3.55333675825447 12.005522935727 19.9354663203697 23.8661945818437
-1.51227312486342 0.409378920594998 4.18802248105286 13.1849912362497 21.4412676450402 25.5536558458206
-1.44531385538734 0.661417711646596 4.81344023168405 14.3087657100146 22.8665549030792 27.1351300887646
-1.3385829969854 0.974327884154867 5.52840929909335 15.5680700259363 24.4598580348932 28.8946195776266
-1.09911579102597 1.33137660336389 6.15641574853021 16.7010748527946 25.9934096890933 30.6594944146784
-0.798977032389567 1.74478771293126 6.82330671575966 17.8841127804394 27.6089893281515 32.5123179957673
-0.452438186792844 2.26124730836298 7.64847607993404 19.27472432706 29.4481515482508 34.5497527415722
-0.0391120769142776 2.82264695240021 8.49478319141473 20.6697096244564 31.2899636437829 36.6018638468373
0.458993415500677 3.49704466704282 9.52205202521967 22.2914393073728 33.3576685109454 38.8949241498835
1.01532770434541 4.22099378535063 10.622636087673 23.9799042098506 35.4580587448321 41.2369149674814
1.56354783560831 4.93604382181369 11.721892738292 25.6287932266061 37.4552609158618 43.4490080040823
2.06335058097034 5.64520299677002 12.8465751211312 27.2702213345372 39.3687618299875 45.494814887762
2.57115022663515 6.4054487774979 14.0420744420252 28.9750738191536 41.3226251929799 47.512486412728
3.17461390635 7.28001568570974 15.3967618970053 30.8862184445338 43.5058233581492 49.7827476917205
3.88959442393026 8.12109744148564 16.5289672560826 32.500844478402 45.4676709774754 51.9480054863247
4.72099103849278 9.09271455446607 17.83431981963 34.3392515148874 47.6825348955012 54.3959047042489
5.68481093435423 10.1947799880872 19.2846104159657 36.3650753705253 50.126739771671 57.1097302117777
6.7254575424282 11.4320119138415 20.9106939575978 38.6057731497872 52.8023140526035 60.000772979094
7.81511016911063 12.744553592053 22.6280277571929 40.9526837711028 55.5864192673818 62.9706831688361
8.93194959547206 14.0707452087792 24.3405707999419 43.2833637719632 58.3520101988165 65.9239428487969
9.92371645570546 15.1921249230382 25.7449525412659 45.1959818748945 60.6440127048579 68.412609801041
11.0153473269696 16.5110454571514 27.5041335438588 47.5162635202383 63.2769417900472 71.188222784823
11.8459388131387 17.5383404018839 28.9159927090733 49.3462025805489 65.2890839690872 73.2846132853834
12.4169250192411 18.2411644075584 29.9161415617361 50.6241503826363 66.6457746396068 74.7109390858949
12.634551260427 18.4701810557743 30.2498056790186 51.0541634172691 67.0907060475942 75.2262731793272
12.6141939127462 18.4442906672545 30.226044625422 51.0329499473894 67.0597496656621 75.1993220951425
12.2300258748857 18.0179748237387 29.6380098789385 50.3014670350701 66.2808253003335 74.3328751957092
11.6440979051324 17.3380269352233 28.6878126767911 49.1142129031843 65.0212865317797 72.9661039260993
11.0080902131383 16.5419989512572 27.5420541988529 47.6781629932794 63.5207505634708 71.3952496319401
10.2314979731961 15.5712181743103 26.1418841871844 45.9062365533152 61.6557565899384 69.4369157675773
9.51466909928194 14.6479973309097 24.7979435382552 44.1828055705179 59.8300210223553 67.5441801498798
8.5427319223822 13.4327469398059 23.0818781439305 41.9275871169369 57.3415513284045 64.9379485576773
7.4132984431341 12.026414193068 21.1243943826655 39.3213336494881 54.4148286490246 61.8471294205069
6.34230669448057 10.6954787779561 19.3023215981045 36.8524839764703 51.5810058149915 58.8369603581539
5.37718040803924 9.53986719515058 17.7783314533453 34.7290061966525 49.0333626730025 56.0962612392355
4.53733482885152 8.54638502378289 16.4826423529446 32.8842845200965 46.7652812589642 53.6310235295551
3.74429487172594 7.59554535699199 15.2182449496167 31.0743517037493 44.5433418822936 51.2014387366776
3.03267897461554 6.72328449280719 14.0392568704334 29.3734778923129 42.4557224426702 48.9177602579549
2.41309183085491 5.96967280392238 13.0220712258696 27.8734095353044 40.5755752437511 46.8525624756442
1.80571048126618 5.24735920560216 12.0363577838337 26.3947596303555 38.6991520681306 44.7753682166397
1.28248567823059 4.59034410276784 11.0884692465377 24.9576710108039 36.8983183308008 42.793259303469
0.778241006139254 3.88865174935891 9.98496342764021 23.2981789633868 34.8921661203693 40.6050744394659
0.322159144029005 3.18285704464474 8.80495211061313 21.5273395680764 32.8019736526997 38.3434256154716
-0.0411235942265231 2.59368341274054 7.79677790543709 19.9766263824837 30.9465114595587 36.3390111218275
-0.405745093490726 2.07289671776682 6.94243715246318 18.5854043706064 29.171252538638 34.3774383911282
-0.717458231459704 1.60346998065839 6.15146061814002 17.2435089696621 27.4256762556326 32.4339222094715
-0.939899661810606 1.19581478215592 5.38975277883993 15.8925656424847 25.6640327801206 30.4761053710925
-1.10284425181132 0.812190763567642 4.56758130113275 14.3661858135685 23.6605146901435 28.2455296931438
-1.14421083353207 0.404140398058132 3.4573509285621 12.2156226161474 20.8543393105455 25.1497227013351
-1.08106636537319 0.102519292405632 2.4187308152306 10.1122288701142 18.0869604082035 22.0739232556032
-1.06964067089594 0.0251071578947032 2.15058509987915 9.49754359584275 17.2209897993254 21.0918186058574
-1.17324118014111 0.0940132795877797 2.55703854849573 10.2722861526637 18.1734062704056 22.1387219211258
-1.2315411774843 0.22574492337822 3.09833012530505 11.3422135694002 19.5430879188521 23.6842212393336
-1.24305919509047 0.428131518504644 3.71148744456326 12.5213372261968 21.0654933021111 25.3538487516725
-1.20957353494204 0.704645071100769 4.43463587474844 13.8583707613606 22.774808773835 27.2107344483661
-1.04586459777496 1.03122425844491 5.1042663970339 15.0774583870879 24.3709584468959 29.0008916237114
-0.794600267075071 1.46787378852932 5.93759250107346 16.5254812586594 26.2365710681968 31.094614123699
-0.455006369542215 1.98621590828203 6.85668831231745 18.074199168412 28.222823590439 33.3313442470522
-0.0702474777098107 2.55902925189563 7.84148740787544 19.690280844183 30.2710864134897 35.6207517684111
0.32793202982974 3.14930641915803 8.82467977049258 21.2679673742046 32.250791397308 37.8071149376267
0.737654131830667 3.73706031606789 9.76435431607568 22.7429632280304 34.0853583891183 39.8181276515256
1.18159965662263 4.37361031198893 10.755896913239 24.2607368272928 35.9492007966161 41.8338468595413
1.67485327042591 5.01730374451516 11.7066924950469 25.7031979060058 37.7321828978227 43.7905689870536
2.25367480009864 5.78259779062014 12.8218171329424 27.3563064451302 39.7499346459646 45.9740398465263
2.91088583725881 6.63804877536582 14.0512565055168 29.150119708519 41.9199946294003 48.3150917584146
3.65975469551236 7.58031153889688 15.3874083461379 31.0603694327985 44.1994284255379 50.7808726423912
4.44254605530992 8.5574104396722 16.777837474572 33.0214051799047 46.5089729437114 53.2772115409472
5.20035046077388 9.53057562101331 18.1989710381844 34.9753519465607 48.736225461324 55.6527399548967
5.86419470566079 10.3991652600138 19.5090666406251 36.7443920341699 50.6893031930523 57.728637172467
6.19785499241201 10.8334679860469 20.1806220464731 37.6472733655564 51.6647598258219 58.7706972380856
6.24651575176007 10.934754321738 20.3611876447573 37.8926439755171 51.9132678475137 59.0008331058542
6.14706616170632 10.8464599976083 20.2591015431059 37.7665697327946 51.7570302634542 58.7972180986963
5.89079712029431 10.5094574726389 19.7655376862767 37.1266515967 51.0561168619751 58.0560305319572
5.52684942981277 10.0571810400759 19.1049395822064 36.2563492790755 50.092092631294 57.0110563683436
5.05835220569629 9.47015869824297 18.2454143400693 35.1098204846134 48.8099280158009 55.6246328838533
4.48192980237661 8.73119067647966 17.1366488446986 33.612639865007 47.1389949860816 53.8278751053552
3.93009843917942 7.98807387032641 15.9948359389691 32.0696242105739 45.4385227049036 52.0239985436091
3.26689239512462 7.08037238320668 14.5953988273888 30.1447588913273 43.2870526030202 49.744176129069
2.56780311831703 6.12049877375558 13.1267944494733 28.0844363548002 40.9383762006402 47.2467928313554
1.90317571945619 5.24619836874212 11.8340811452841 26.2056879815806 38.6959526260954 44.8322929623324
1.27866862816309 4.45763820688243 10.6986476442354 24.4895616556907 36.5522413742837 42.4858089715569
0.68283277827539 3.6863988374483 9.57100825334577 22.7655786117331 34.392037411099 40.1075919092667
0.287658491284471 3.10897164059915 8.67207804340708 21.3472662776769 32.6162967453351 38.1603432068729
-0.0911270692996794 2.56769620201889 7.8075617328937 19.9457033656508 30.8234688048685 36.17727778644
-0.448901576063253 2.04755213885681 6.94868771124926 18.5301924224494 29.0024166406628 34.1535681498447
-0.732509735683265 1.5691036315579 6.09659284216765 17.1181946931104 27.219427169299 32.1895116992094
-0.975977011815447 1.12370022117382 5.2501234687156 15.6869038853631 25.407276551807 30.1890359725577
-1.13515892825886 0.75013738456449 4.46423321958229 14.318464641614 23.674409394981 28.2805075514248
-1.24551113837916 0.412839354862334 3.6987177508137 12.9554532106268 21.9453150533458 26.3731993127169
-1.30549411309251 0.174100696810979 3.08947968757555 11.7873316941504 20.4077969666553 24.6504817775564
-1.32133873850885 -0.000152654641830229 2.57576876884437 10.7325353828377 18.9788181952542 23.0338964310232
-1.25219901234876 -0.10913335067171 2.12435863956093 9.7413314483255 17.6240510207088 21.5039006970921
-1.14915657682937 -0.17929257560833 1.69702527880732 8.74031792185585 16.2205531263551 19.8987498362325
-1.00061046144406 -0.204398869083854 1.31688430101873 7.79687631931242 14.8818579240044 18.3658401131199
-0.823615475740854 -0.196419699494425 0.984289019576816 6.92682079297427 13.6293833040384 16.9216358300047
-0.649455116809329 -0.171844451740672 0.739211167314477 6.26047815635703 12.6661362831586 15.8119490567653
-0.530294962840485 -0.1462528310094 0.59582771151409 5.83156093329737 12.0210607807958 15.0610259196637
-0.459192904540617 -0.130838304517229 0.503648578137887 5.51845153892259 11.5170842560262 14.4580965125998
-0.461275325873387 -0.131152949539074 0.497940357386021 5.44997482542123 11.3710080677496 14.2728197855901
-0.511561375217712 -0.143532511478771 0.530729071966724 5.49788786850841 11.3941555106025 14.2808888532935
-0.591257442030924 -0.167763323120606 0.584734312396445 5.64869229372061 11.5950633695784 14.5028209170441
-0.667406681871326 -0.195202864569223 0.672516967023818 5.95579249052656 12.0834286539335 15.0861175844155
-0.73727142302029 -0.219041745896653 0.792701547342398 6.36017189318917 12.7304067112668 15.8650778815689
