8.88294794945756 12.4725156083296 22.0195414440471 41.1172999239328 55.4472726996695 65.5628474976352
7.81068852694036 11.3209381963718 20.0947867694931 38.3897197135284 52.7258687092065 62.2494878376428
3.21407058620205 5.61227615910162 11.7986823958305 26.2664445830153 38.383297131689 46.5625795464114
2.2413435093133 4.32221770639488 9.32045489061146 22.2743322015745 34.3304946316784 41.4508725797108
5.11102711544413 7.89336444628258 16.1720306814866 32.9776709387152 44.91653679904 54.9688065361702
9.79624148716944 13.4269471588646 23.6517401798127 43.3760078690068 57.6109641225601 68.2756188918866
0.267736066946924 1.0729863830037 2.85696773911114 11.1712771833777 22.6920840993469 26.7730976647551
3.78366993130831 6.32365600469178 13.1559920361936 28.3991918974413 40.5106438341559 49.2594585326526
2.48415858216454 4.8970489819917 9.51552911077843 22.2702596496683 35.3555620842731 41.8789421573911
0.0818554932855856 0.56769831548159 1.73094259200381 9.01531647449952 20.4256631041516 23.8529463917198
9.40016418768798 13.0127116882221 22.9472610252765 42.3997832780357 56.6706448667652 67.1031963876523
0.0225662307797998 0.370180864689993 1.31790179625357 8.25845156230559 19.6016646652598 22.7929247813473
1.51651752763308 3.27338325366687 7.28358629750189 18.8906940810954 30.8280838057427 37.0522893325343
4.96141422355361 7.71605737887051 15.8383962703564 32.4651976173323 44.4110541730211 54.3298532114888
0.00373832153859707 0.291781090354186 1.15425029887568 7.97261433416454 19.2905607937496 22.3822978899931
2.91626110617889 5.22912826678877 11.0639462828238 25.0986292199111 37.2101346348277 45.076388617785
0.262771693449579 1.08501756872864 2.74529769999365 10.769942471338 22.3782935972594 26.3408854103359
6.93303868948608 10.3506770647811 18.493619385142 36.0703022844267 50.3409867099314 59.4000637027173
0.116916325874752 0.695209169580834 1.98010200484607 9.41932975156295 20.8769523454136 24.4470061493857
0.016291307515339 0.339372839687566 1.26186257723846 8.19001724787963 19.5237289040615 22.6792102564832
6.22553323430971 9.56424359502969 17.1685780167035 34.1569966186277 48.4066584978809 57.0459762021524
3.64531374749038 6.45957391590806 12.1069855960291 26.4271947404939 40.0085640286099 47.2803235446732
1.29810896821151 3.0966810443628 6.42366927847234 17.1396621154631 29.5713304755 35.0639085492484
4.42251397815813 7.08935310182197 14.6316027638083 30.6526196640139 42.6870137838369 52.0797554817413
3.34389534284595 6.06688127179195 11.4590763658937 25.4014865028717 38.8689523640841 45.95731446091
5.42211260161249 8.63626388714163 15.6438167890675 31.8876292948604 46.0075500346198 54.2155732950394
7.74319948366462 11.2390212212779 19.9759649333851 38.1998947368996 52.4974865290965 62.0077901859468
5.11658442074647 7.89900480454893 16.1839780176564 32.9934295301525 44.9284520829343 54.9876171384398
1.09239900898708 2.61415050653471 5.97127444356149 16.691208671362 28.5656268807137 34.1651716043683
2.57173236666839 4.77585729860496 10.1712217889784 23.691641689813 35.8295233580808 43.2790795880362
3.30388669785639 5.72728719181505 12.0133960528381 26.6134299993037 38.7423563292252 47.0041555350124
2.84210825368554 5.13574339341774 10.86348216495 24.8070138719618 36.9611966973661 44.7081836066566
0.839365320429677 2.18683391536596 5.12612012765545 15.2217849214072 27.0052174985327 32.2155912955601
2.78413295929596 5.31778174837449 10.2045481834859 23.4035170680611 36.6577780582075 43.3657159045333
0.130335658716489 0.791960181446673 2.19135805926728 9.78625666998405 21.2709501423396 24.9829301543026
1.7890298799214 3.87301886693606 7.75546574968573 19.3862396061402 32.1372837311232 38.0686482272507
0.0357631890401411 0.438077244683027 1.45901003695781 8.492262646902 19.855979482483 23.1374427846472
2.92480977245727 5.24260264569595 11.0784277731211 25.1382008452836 37.2751345341846 45.1295598203659
4.58963191241239 7.29212343878224 15.0093471772565 31.2451726835032 43.2859640788574 52.8237295905579
0.0771166141365399 0.631144711485198 1.86756531132516 9.20924262945039 20.6340122437093 24.1701946659876
0.00891475139589259 0.297909852621238 1.17311285167136 8.03824157763978 19.3607797353963 22.458018934362
0.339038996146782 1.24268344056752 3.03835559896011 11.2871350292883 22.9625200089247 27.0512806715724
2.39524655062683 4.77441502340686 9.28571051696939 21.9187678515251 35.0045192133553 41.4225717476229
1.31138937347857 3.10133830356084 6.41439983331356 17.1257260973173 29.5731156594406 35.0370185456155
0.830301617690846 2.16718402883084 5.07617715143426 15.1473221220187 26.9461364330333 32.1152921654055
1.72125196318173 3.77785578459926 7.6108828028151 19.1370857474753 31.8298475613637 37.7405302695438
2.12615157710235 4.38338979728488 8.63057966991842 20.8371495807256 33.7735250125406 39.9952828737027
1.31256013503213 3.10374169777293 6.41937053000279 17.1337936788108 29.5812500997773 35.0480562708411
1.77444443988215 3.65913161516131 8.03641544092481 20.1536944571377 32.1422765456282 38.7022749331615
0.0106768679890615 0.363767127933193 1.30780679643745 8.21351963115929 19.5485093615999 22.7491656595145
0.0880902266652224 0.587860196170828 1.81375692149863 9.2534302752906 20.6586041072945 24.1427009747943
0.463014534950995 1.49340960981247 3.50048208542259 12.096910187632 23.8789758920342 28.1631223511667
5.99888010363184 9.30726739577534 16.7416338634627 33.5305981176749 47.7577606161045 56.2696896874488
8.20001984151743 11.7443749021184 20.7934236978903 39.3912869955967 53.7455531549161 63.4723009872486
0.770536789392032 2.06305072842523 4.88464069693608 14.7864224643897 26.5277798716381 31.6338366985325
0.328305654184515 1.30102651741596 3.18656145168633 11.5458763136072 23.2278129170508 27.4417303508107
9.42244234721489 13.0398981340369 22.9842268293939 42.459677564992 56.7461122231828 67.1793427975464
0.223219023571435 0.964313687387405 2.62564864068162 10.7505096263602 22.2474274463882 26.1992064619188
0.747342769558455 2.13712121424228 4.72474016864886 14.2280599018701 26.2598891657277 31.1218944345682
4.47837693273238 7.16432987084149 14.7579951671243 30.8747325565253 42.9452891959557 52.3652790357964
1.50104047947586 3.25026491410774 7.23882393487893 18.8151459127491 30.7487634201323 36.9535787774518
0.0299797475164231 0.37923446356493 1.35424875113264 8.38886696756821 19.7363878711822 22.9428636142667
0.0953870772765402 0.607961112887584 1.81485453615618 9.17038322515769 20.594225189764 24.0680621937572
0.289917259252984 1.13234278839048 2.82970458080375 10.9207936939905 22.5508822628944 26.5435125951582
6.99503205941777 10.4233443811817 18.6070298930962 36.2435015452528 50.5341699512658 59.6175186463177
0.286795901892355 1.09829142009506 2.89824182054726 11.2674595132142 22.8151214383697 26.8944372581596
9.10842694848383 12.704310505376 22.4310639827893 41.6763354184632 55.9576483816048 66.2302402603575
0.0350588754965663 0.455033391946333 1.49760647540929 8.5532498885968 19.9199224332241 23.2317542044619
3.26376593267684 5.96477796005455 11.2762498352374 25.1248886055343 38.5879156930292 45.6037835001501
5.07789518926193 7.8572988832515 16.099623609318 32.8753127887463 44.827955687275 54.8440466203791
0.44942280802135 1.45228145299828 3.63172549752096 12.5922735844056 24.2280492537488 28.690471500611
0.266322216960482 1.06748032760072 2.70261214935785 10.6993877569265 22.3046538536049 26.2311865943782
2.58234227506049 5.03992902339111 9.72997192945814 22.6451516222281 35.8257010493738 42.3767349304892
4.54305085408896 7.23091942878506 14.9038123615937 31.0642209104097 43.0813963855189 52.5921562686705
4.52580871856434 7.21594215749704 14.8651327288392 31.0232835551503 43.0676494380295 52.54641017485
2.10116273239429 4.34607677647837 8.56141294073963 20.7277292604402 33.6598641486595 39.8509368285981
2.36891054405824 4.50319951340602 9.65831068041864 22.8478043429496 34.947218134923 42.1950614942901
0.27796433071549 1.07656294642906 2.85217633760659 11.1838291823761 22.726452037407 26.780152235817
0.214145128698084 0.948873950798959 2.59379174550203 10.6807547585561 22.1687699804459 26.1095750706735
5.05651103468259 7.82555712671086 16.0489950042208 32.7796953537174 44.7088104710978 54.7190365714962
9.70072332482109 13.3204385649961 23.4881372666753 43.1340323192899 57.3455922330202 67.9778444828534
0.816546793129655 2.1435678848632 5.0460010026339 15.0675917045756 26.8247552841314 32.0081424888836
0.0911049926611663 0.587914627316005 1.81273126144757 9.25821287878447 20.6659129411064 24.144465151965
0.694670520411055 1.92681045923104 4.61007046452227 14.3059791261707 26.0202592995641 30.9926750202707
-0.00662151794083909 0.247354591143091 1.05839784833357 7.79605506621613 19.0996980184616 22.1328925334607
0.049801659117512 0.474087224970321 1.53154018471402 8.62931120166012 20.0075636612288 23.3252900111978
1.66050185860245 3.48910733990079 7.68144312895929 19.5896813019094 31.6034116010377 37.9675700373743
7.29675160195361 10.7665467189238 19.1490977291514 37.0530758430234 51.4144002885214 60.6229572708689
-0.00325805482255815 0.250441959993373 1.06714734589042 7.82952106519378 19.1364228446103 22.170432779771
2.92011460287232 5.23813435022027 11.0593254956338 25.1216789490824 37.2807625569414 45.110277635378
1.63479184553617 3.638182495525 7.36191131088167 18.7231008284171 31.3713383260449 37.1861807602374
0.110293664997573 0.644671961641366 1.93560217036023 9.48936757857248 20.913292554609 24.4621761699361
0.306009733826494 1.1580559076047 3.03464558942283 11.4971573565791 23.0402737107283 27.2142599772207
0.811651419675005 2.26503847828758 4.96364422282065 14.6379248687476 26.7151891453124 31.6840481870533
0.116560562360326 0.711147461891534 2.01651229426494 9.47917243679914 20.9400481574802 24.5380605137035
2.23494176106659 4.54297606624 8.89648274731775 21.2792462851909 34.2808380437829 40.579879038825
-0.000822467523619272 0.280826397669016 1.12964414018285 7.91661456966255 19.2296393922634 22.3095413341533
1.93647805959224 3.89077507897626 8.46303390966162 20.8885479122434 32.9468801109254 39.6575057387594
0.0533896902050785 0.470263049088442 1.5548791798171 8.76344262169835 20.1359455613175 23.4657930362134
0.391608447490122 1.37978693758174 3.30569790734691 11.755285908124 23.4835610809946 27.7080825813841
1.90046042847314 3.83901446830914 8.38558372393897 20.7305581261327 32.7369054986358 39.4505230498824
1.21531885671475 2.81140718055953 6.35606918376768 17.3551879630339 29.2718199098139 35.0410927967181
9.63717120352481 13.2545860977197 23.3748786540383 42.9783595207308 57.198146924007 67.7915421559444
2.38957329151251 4.76681970847589 9.27147137688327 21.8972915837312 34.9833796198408 41.3948499413131
9.4395209060743 13.0523223462861 23.0194121826409 42.4960308888003 56.7549493036103 67.2171816373886
8.5109071690373 12.0795673322396 21.3501285425244 40.1833053550887 54.5423219151352 64.4358136414253
0.130890609527377 0.724776604779707 2.11105914260631 9.79621929715183 21.2337777852204 24.8965326270103
0.665086970883096 1.91846219422756 4.29031714453842 13.4717060544215 25.4297153259522 30.061116345733
2.49010910417767 4.90975414083293 9.51139188839619 22.2892474061073 35.4254302563964 41.9098224780852
2.46568027417944 4.63201672443994 9.91430124369559 23.2505842317842 35.339759589586 42.7105736760567
8.38960661745988 11.9515318764035 21.1300312174996 39.8769369000021 54.2481379121429 64.0661218273056
0.144406563939659 0.741734527214985 2.14440404677107 9.88002226607916 21.3315498473814 24.9986608418186
1.55389247019871 3.33154937349424 7.37587001859529 19.0772862678594 31.0686236759875 37.2992493655261
3.74786542816141 6.58986900828138 12.3057063197354 26.7484012669312 40.3880232910813 47.6935072762388
9.93266314623556 13.561120886796 23.899820441345 43.7010829582507 57.8860267462642 68.6568004701198
4.68528795985724 7.39753512058312 15.223585517942 31.547579655591 43.5449525578719 53.1934676133569
0.0322627240237217 0.391251612121443 1.38056455929652 8.43487897594145 19.7851826106216 23.0090641455104
0.105736040548891 0.657218335790604 1.9527670569884 9.47599684818204 20.9001198589417 24.4701718879064
10.1787428950209 13.8143469046382 24.3366720561865 44.2981026300683 58.4467637196478 69.368907047045
3.02820354938182 5.37798876066438 11.3320826797428 25.5513275965136 37.7045871016022 45.657532306975
7.89637390520533 11.4198310904678 20.2421288529762 38.6156334087604 52.9858909966618 62.531784053809
5.00695031764694 8.14383164035257 14.8402875002557 30.6707549535584 44.6956073722421 52.6848371883066
0.244377415433662 1.00901373463225 2.71762291182316 10.9260328344416 22.4391566205339 26.4346769993711
7.9974541875057 11.5267066655922 20.4282702774405 38.8741275031222 53.2311816702261 62.8439142314339
3.93081885245913 6.82428414127981 12.6865906944766 27.3502053349756 41.0616469047751 48.4670749881087
8.57674936816998 12.1509948649687 21.4669961043815 40.3507537378626 54.713685503671 64.6399215373727
1.43471536403938 3.32817424589813 6.83901797930228 17.8384804766931 30.3501251056096 36.0058937356984
3.38767564985636 6.12184895214348 11.5540945533495 25.5463180819914 39.0204271613729 46.1419966359562
10.2255056873478 13.8627297483226 24.419306890769 44.4116406549312 58.5548156760143 69.5045887596024
3.87268661909676 6.43092284155079 13.3672004194757 28.7181009598945 40.8111308088506 49.6588927419255
6.31446786324196 9.66762888774116 17.3344892319824 34.4067354791685 48.6773144389308 57.3582769285731
9.61629946703228 13.2347511492189 23.336001152503 42.9292253509294 57.1605193962628 67.7348553457493
5.04570637037789 7.81349934963161 16.0252304966194 32.7453515288867 44.6778913999554 54.676930922177
7.34866734570794 10.8237678716221 19.2449220166896 37.1910163487461 51.5539918047845 60.7922011874806
1.02176535477423 2.49218279118222 5.74270694008882 16.2714839151254 28.0902730378945 33.6057740633608
4.36739046181523 7.36976966932116 13.5799554781607 28.7392585786669 42.5892296550075 50.2403500108792
0.0943834534585621 0.620210761621389 1.87365458564738 9.33180221329696 20.7457640069643 24.2690604019035
3.24843950420687 5.65811046713696 11.8771565059174 26.4040628645571 38.5417225705711 46.7397029687867
0.057953343112851 0.540166374786873 1.67400121162678 8.8669465719359 20.2630583962312 23.6781607740249
6.21090964107618 9.54019257236935 17.1534279620636 34.1123119496588 48.3140142775121 56.9818535755771
3.14214875993301 5.52246202180107 11.6150513315066 25.9913532640137 38.1324225117643 46.2154963749751
1.08454663362799 2.70727342293823 5.71623199132738 15.9337315992253 28.2206173340938 33.423388297598
2.91182694986058 5.48912717466137 10.505588253792 23.8731334699992 37.1543395026405 43.9737906721276
3.21531387449547 5.9001632180648 11.1766598108941 24.9604885261254 38.391999125256 45.3898551124699
2.28525855695612 4.39049846925206 9.44506768533035 22.4979325192964 34.5834019188707 41.7454382370351
8.79963841625023 12.3848091513564 21.8696199471168 40.9087200592081 55.2462748621033 65.3114806325964
0.448087657856744 1.44979474071503 3.63326413165952 12.5794799011644 24.1979675056287 28.6737498285122
3.37472062805421 5.81798371399425 12.1813799519603 26.8861605861873 39.026985512325 47.3511976175059
2.6837664305623 5.18069828161619 9.97543702251821 23.0349400679621 36.2461000109541 42.8853935609039
0.53263418615079 1.61747137955134 3.97621897923206 13.1918911987672 24.8492760958486 29.4979363433579
2.72707136473956 4.98397116328001 10.5723458230519 24.3389953780555 36.4864867013315 44.1095332889363
8.21082919150133 11.7598382799012 20.8076865585531 39.4213922974253 53.796790760736 63.5131153939526
8.88325946836471 12.4756612160897 22.0174711219861 41.1209502685984 55.464640032678 65.5702458579534
2.03561792012538 4.25471828457741 8.43090665032604 20.4967252581734 33.3606467635799 39.5462031032176
0.0099845475168467 0.34347608982055 1.26248990862937 8.14015548899287 19.471071968442 22.6379398159761
6.76558509598939 10.1615719325197 18.1844539241852 35.6152718877793 49.8632116562831 58.8366826766855
0.395333382193506 1.43502329872065 3.43274677934691 11.9778172025663 23.7176919200852 28.0340744120942
3.80970071664495 6.3610617121366 13.2173822847097 28.5130790361111 40.6491914172869 49.4079788987884
4.03081615397772 6.62507513905016 13.7323648199652 29.2920773149611 41.3888053140514 50.3820092242855
1.35934269439125 3.04021832913196 6.80909900444381 18.1240073203723 30.0729696985301 36.0535249359921
0.105647843303217 0.645863376831691 1.87871875440414 9.2482078989025 20.689464637178 24.1974870979647
8.40732800191203 11.9704712017828 21.1619665990014 39.9219424656509 54.2925170726578 64.1206844538406
3.29102965832475 5.99736019609733 11.3438061172512 25.218566357442 38.6659179403722 45.7208983429533
0.174953229204543 0.917400571310154 2.44071070554297 10.2287082091193 21.7608821509279 25.6042485753216
2.48688302005888 4.66030428068918 9.9694131636283 23.3386640203753 35.4278515239221 42.8234329890727
0.601264162771402 1.74971391176269 4.24688994725884 13.669582270772 25.3531442498708 30.1393921485204
3.67573905604332 6.1914509863567 12.9014185599 28.0056768381653 40.1260689899 48.7642609896358
4.992092423337 7.75171584554444 15.9065023464009 32.5679108040895 44.5096688057831 54.4573192667145
3.93974969411949 6.51383032426276 13.5223965686442 28.9637962037649 41.0606254628858 49.9690339001265
4.35265697819482 7.00920743287506 14.4715578064056 30.4193090078977 42.4770334557501 51.7913183143639
2.66961138883419 5.15649457103766 9.95052421849252 22.9768840798317 36.1494549660446 42.8043505810522
8.9565023819696 12.5458439122059 22.1558725933005 41.2971747145421 55.600101129105 65.7750311467311
0.309185858728524 1.15963997909798 3.03537662050813 11.4990557268403 23.044598199789 27.2147500630517
5.07935817275527 7.85686036785186 16.1021746897296 32.8732001408519 44.8171050926398 54.8396097937885
4.6853938884004 7.40426021198256 15.2250902900627 31.5705219659958 43.5968145366729 53.2283267498275
0.245169290377077 1.00856549805936 2.58717669104099 10.4988092016326 22.081494234546 25.947720033685
7.71928379521736 11.2290041961593 19.9188108047799 38.1580913232767 52.5343164077143 61.9751916534903
0.0739505015660013 0.552847014459451 1.73300396421896 9.08208134634865 20.4760861251139 23.9170784566688
0.642951542841107 1.82399348344302 4.38464873664772 13.9312281394702 25.6560308590192 30.4887951461242
5.15040538340047 7.93663335469816 16.2579597137539 33.1002922940288 45.0247564441416 55.1185104980057
8.082405040129 11.6216384010251 20.5766040493143 39.0936195342175 53.4695518121314 63.114674283899
0.362798420765346 1.26979749007053 3.25714981917613 11.9142347878945 23.5010773794909 27.7735617404224
1.4050647683646 3.10349865083616 6.95102180471326 18.3297882586324 30.242959716748 36.3175675866451
0.0253039874382964 0.436060588566615 1.46217525262467 8.4864617976542 19.8440241467966 23.1419685941515
7.03887193635266 10.4781976915019 18.6850903010171 36.3713983546847 50.6924680743901 59.7818721207197
2.94575953937315 5.26711289944959 11.1374625273193 25.2147349317318 37.3254893680599 45.2241161728766
1.52102906640108 3.46679073433387 7.07952303418724 18.2440879433041 30.8105845614586 36.5493383403223
7.67680699493949 11.1808774575901 19.8444116999318 38.0466702264251 52.4112331405857 61.8370315950194
3.91625574359921 6.48553686127496 13.4664329975274 28.8795202803867 40.981672535964 49.8634763054928
5.29088815809104 8.48110416781133 15.3914419050497 31.505673844197 45.5951537035027 53.7355209531648
0.195091674160195 0.885246609184326 2.45423441186742 10.4469770484396 21.9317468065797 25.7794433008242
4.59495803023635 7.29232563707591 15.020889492162 31.2429341159049 43.2551057865971 52.8151106826605
5.0657652809101 8.21428304827192 14.9547768144818 30.8453450031137 44.8854395601706 52.9051375344739
0.908179299944598 2.4355900028115 5.2660790021873 15.1592773794514 27.3099030617277 32.390963608214
0.154176458871783 0.771766528293154 2.20997742385828 9.99849779894093 21.4558996876537 25.1628889832674
0.640565065756082 1.82761205668901 4.40837632979095 13.9537362034336 25.650290816218 30.5217268134731
3.75920500025818 6.29295252991677 13.101085611451 28.3088297074921 40.4134265171245 49.1448578457595
9.94469267061262 13.5817499971421 23.9154041303202 43.7402525707644 57.9603315844257 68.7122858278597
4.53345251749842 7.22900512325768 14.8830324606173 31.0630996535634 43.124485358835 52.5997441884262
4.6633489501867 7.37343992469405 15.1747883362815 31.4788301000196 43.4860089075165 53.1095821896625
3.99433135934699 6.58588516708002 13.6462115921351 29.1775720199019 41.3039539053946 50.2429577743772
4.16665913494918 6.79345800966016 14.0440893308272 29.7885912479757 41.8992279397015 51.0086158657649
9.14702680624337 12.7480593835577 22.4946088820294 41.7731035545032 56.0701107533224 66.3502994492365
4.83304957045054 7.57800255878529 15.5566747307794 32.0737903019759 44.0833107176658 53.8547044728183
0.0175270345359997 0.390665048321738 1.36406087125084 8.31407000044735 19.6582320767498 22.8923168338068
3.79340870371021 6.33473029422059 13.1818898788033 28.4331733931837 40.5341112827738 49.3011924712189
0.0111707985651408 0.362437237143183 1.30441574027092 8.20857559164484 19.5436284758353 22.7410023830396
0.13091600092055 0.726218954818426 2.11392834943255 9.79968320112479 21.237339975327 24.9024376643819
0.00492029750898877 0.297390009947846 1.16595745929273 7.99246415827923 19.3121164143281 22.4112232335807
1.33719422246253 2.99872450071652 6.74499469547536 17.9818147360565 29.8804388110567 35.8610271651588
2.87074308916422 5.17169696153033 10.9499575996857 24.923587521311 37.0432938679956 44.854859316361
2.80043200820374 5.34044123539431 10.2524737713656 23.4734176886336 36.7191968108142 43.4560502827041
0.0180618783475846 0.334993515951408 1.25559606083146 8.19658047413636 19.5304026123321 22.6779403319962
1.61373805804626 3.42001346910154 7.54643040151328 19.3646509196151 31.3706321271203 37.6741380841016
4.20610436128299 6.84081154027779 14.1352314274767 29.9279746368169 42.0341272461577 51.1831363953119
9.99696829689448 13.6319448135295 24.0107263779129 43.8629192507859 58.0593059725527 68.854954729331
0.2601249490109 1.05696653272624 2.82385281669409 11.1088080183396 22.6243437489175 26.689236388733
1.04369786353745 2.52854899952434 5.81590072587671 16.3960040037331 28.2191340868032 33.770511104622
0.483016831185195 1.52133269970077 3.77566430283076 12.8457906054659 24.4930479133994 29.0328009325659
9.61056227885189 13.2322781729688 23.3223969909118 42.9185249855654 57.1675089046137 67.7258141080546
0.496109903149041 1.54801784222306 3.82813366893685 12.9442755990918 24.6032437452551 29.1656998231067
0.0430689888996819 0.428293641860845 1.4628841771315 8.59581922564121 19.9576443546533 23.2298114392139
9.08270914489568 12.673240718628 22.3875700748393 41.6062368817904 55.8711976788657 66.1409530607908
6.94458739871202 10.3744511475697 18.5105375410213 36.1207513415963 50.4402202724136 59.4745742417614
3.67200890608993 6.18780839395053 12.8919710263761 27.994971395107 40.1214280742433 48.7517117822103
10.2403010718529 13.8790867666952 24.4448959221086 44.44905862869 58.5949659975999 69.5504631616441
0.684416612827472 1.90087696473607 4.53979349319771 14.2047935334241 25.9466070781434 30.8550969286179
9.38186684998856 12.9889217826241 22.9200087399947 42.3506819344818 56.5991955908618 67.0389650198559
1.15708414711344 2.83521914000044 5.94443213272773 16.3235367432025 28.6616871313397 33.951954968353
0.861251646992534 2.22100770567915 5.18326021696745 15.3343916342061 27.1449109329933 32.364261832732
2.13527748923493 4.17271251624511 9.03155216535284 21.7979879018085 33.8390615478663 40.8342087101083
5.77867792986207 9.05200176602512 16.3251204544687 32.9079837673346 47.0940506480309 55.4921199638964
0.0220136329615693 0.347112115799683 1.28317890587001 8.25539026194334 19.5938441026508 22.7564978160467
0.0789011745646258 0.615096469413532 1.82855366594635 9.1418507402384 20.5641261885378 24.0686896761376
5.58366405083857 8.82634808977856 15.9650969068863 32.3661582740904 46.5046883898351 54.8154140431919
0.0634209688292832 0.499883628993601 1.62044450260848 8.89377268713771 20.2759535394673 23.6424765384734
6.07344977798426 9.38549699556488 16.8969236071481 33.7373252449248 47.9262889740493 56.5183279026233
10.160737804931 13.8017467565179 24.3012345808371 44.2622299022124 58.4390566508777 69.3324044330784
4.29386092626139 6.94458950824391 14.3382764573836 30.2331184358183 42.3213727588792 51.5638071339453
0.808233050524213 2.12822110055599 4.99814761836349 15.0110766885939 26.8019028519313 31.9337086774839
9.81810232748543 13.4512223424591 23.6897688048715 43.4316528882791 57.6707167328531 68.3438549722246
0.0335265908651238 0.397750663896201 1.39474085476422 8.45958600151901 19.8114016662816 23.0446284458349
0.174265507797693 0.850411112101578 2.38302463731631 10.2932762342841 21.7589229232817 25.5819645700095
3.88446828598412 6.45217985952865 13.3909612983843 28.7823874539194 40.9150709810357 49.7464551218168
0.0727888662281958 0.619294423256071 1.84407271837896 9.16707810346139 20.5871782204908 24.1112457992443
3.39082832862457 5.83909289638838 12.2195892774554 26.9498454888879 39.0957155671943 47.432651170175
0.0181232400572028 0.403585955293109 1.39331920389168 8.36400151401127 19.71104746768 22.9665013745385
0.0346122389015189 0.481418598555602 1.55897897269935 8.65815821923499 20.0300011574491 23.3887395329001
0.0656057415121824 0.59575632926071 1.79604604109577 9.08125242694003 20.4927963937174 23.9899601898778
0.0973410156810041 0.707220766229903 2.02565269492769 9.49054078808053 20.9412973111766 24.5705552886553
0.145494797472175 0.851596064621445 2.31603751346674 10.0071566940554 21.5114581440209 25.2981565742176
0.207667515953513 1.01810683589497 2.64430523889294 10.5891496412969 22.1573404683974 26.1130563472653
0.292084434182783 1.22049321225432 3.03423375125852 11.2774723535468 22.9261772357764 27.0704276564231
0.385606163227527 1.43053899210671 3.43310748406764 11.97841992323 23.7116988776299 28.041121302336
0.504802659809808 1.68623482241882 3.91335028697311 12.819332518866 24.6564284676437 29.2017682972096
0.681186580362504 2.0251985009406 4.53155213025989 13.8920422924567 25.8697925565772 30.6685637292074
0.900250577839054 2.42498561517327 5.25067443975901 15.1316782430364 27.2744946925465 32.3549819500368
1.18619589874537 2.91872361730173 6.12572095466377 16.6266958321978 28.9698964849517 34.3764696104014
1.5275658727249 3.47489835667452 7.09553931306655 18.2663951876906 30.8300092218435 36.5775197045478
1.92338313487509 4.08666997766728 8.14805993621342 20.0244785534217 32.8200435200236 38.919700328069
2.37808606292478 4.74935840191319 9.27036735706229 21.8708241577385 34.9032511013145 41.3560611690235
2.88260821461375 5.45012189310733 10.4421356815107 23.7708168929395 37.0380675351567 43.8409513073814
3.4363686434348 6.18456332297756 11.6575025941039 25.7091695517411 39.2006717372376 46.3514627674302
4.03727808408845 6.94743020439371 12.9109347196543 27.6718738361699 41.3675298417056 48.8671451274753
4.66456566004421 7.7253186324602 14.1866202058595 29.6470909585837 43.5306801098907 51.38336050728
5.32890822144592 8.50929078741714 15.4689702594539 31.5825310487286 45.6082853541925 53.8140375891301
6.00123944120411 9.29304603599467 16.7537150220145 33.506940178739 47.6576733703953 56.2214810763403
6.67975901574277 10.0647169609026 18.0246902705017 35.3808951580433 49.6192479397662 58.5466494802676
7.35067271412837 10.8096539678081 19.2602389060555 37.172836446564 51.4579107884289 60.7512174424333
7.9982606823059 11.5155573201868 20.4389045576683 38.8597523925357 53.1590517975569 62.8123582683732
8.60715682789916 12.1691431451556 21.5372255083483 40.4138346005669 54.7016500970703 64.6999169000837
9.13156704175624 12.7243422514723 22.4750155423241 41.7273267438259 55.9872405453601 66.2864507861563
9.57681700040368 13.190547738793 23.2691447045569 42.8291510803399 57.0487242078275 67.6110925488086
9.88627520073418 13.5119413441718 23.8191740504439 43.5871913548547 57.7713749599408 68.5191366595811
10.0826987413929 13.714792917741 24.1674624548235 44.0649419329079 58.2234485205737 69.0899497353118
10.1875143926676 13.8230809861588 24.3524725575979 44.3190235870586 58.4650361712668 69.3935192047482
10.2501864544368 13.888444371457 24.4627949484708 44.4717781617038 58.6128527947901 69.5766447227241
10.2567532362866 13.8969559893331 24.4735558953991 44.4901065833504 58.637545412551 69.6003268736003
10.2289170242793 13.8705108845966 24.4230402043419 44.4256367118671 58.5863721497382 69.5257362200779
10.1505445614081 13.7917005113422 24.2828848607021 44.2380665614594 58.4182847617834 69.3040303013636
10.0211623199005 13.6601984155946 24.0517805175688 43.9259295130587 58.1329960021848 68.9334945511343
9.83325078669521 13.4670810526625 23.7166762733955 43.4689472356074 57.7067100677405 68.3886336466692
9.49955043312251 13.1211611574662 23.1209042529803 42.6503439132885 56.9325537845411 67.4088905889223
9.05465156414434 12.6563055681842 22.3246782073715 41.5490328489214 55.8793777159945 66.0862326415576
8.5218029272784 12.0932227179924 21.3683530929385 40.2136276922304 54.5815565934547 64.4747792344041
7.91909478809972 11.4465919684863 20.2810961228949 38.6764731718163 53.0578586056473 62.6083089492299
7.27620220671378 10.7439762732228 19.1109755845738 36.9984353507416 51.3596572692572 60.5560037238599
6.60718408710272 9.99742626534721 17.8770025805955 35.2021816002055 49.5062483973875 58.3420692431276
5.93312688517105 9.23229838170095 16.6183407313093 33.3485333538002 47.5667638881714 56.0435917102383
5.26495935768588 8.45216179134995 15.3419750566927 31.4344423508133 45.5240660319387 53.6477542703007
4.61378653980878 7.67052140333104 14.0647972739893 29.4885517942922 43.4171239304349 51.191276516346
3.98854176286627 6.8969500108285 12.7996448304557 27.5304558776845 41.270108031027 48.6980894799639
3.39528975041223 6.13653459494843 11.5494807472282 25.5648279013071 39.0937989195975 46.1724603200376
2.84187199695634 5.39777310224838 10.3253917798569 23.6088991328244 36.9100805058623 43.6355049442291
2.33322263361671 4.68740715467936 9.13763365544501 21.679935548124 34.7399252809898 41.1098353639403
1.88057114720345 4.01296421639129 7.99144958222917 19.7827707965998 32.5929780022429 38.5965366584584
1.47357992511967 3.36854757069945 6.87855313198796 17.9138893692688 30.4723197345422 36.0971600500287
1.1124631464787 2.75293356396098 5.7943107902379 16.0676444216558 28.3755633722218 33.6034047820383
0.79226360662455 2.15721953837895 4.72058912208999 14.2172660776953 26.2775785414529 31.0789266141056
0.455611418353206 1.46719858725897 3.44805032393194 12.0075324788703 23.7798632201868 28.03416515403
0.218204995516966 0.92453464044803 2.42612403374057 10.2336469500953 21.7826724896777 25.5626109319749
0.130820905068602 0.715861669932383 2.04726420909421 9.60866808376016 21.0641511828758 24.671392910501
0.137888230984678 0.753909580426332 2.16465249260428 9.87111901811998 21.3179664812981 25.0134195890223
0.196706839728066 0.908139260619758 2.50691093311209 10.520279980521 21.9988443257474 25.8922439548045
0.30174042067685 1.14765628457779 3.01374530531065 11.4498698420013 22.9842784262621 27.1511823350078
0.439670201995961 1.44079408995378 3.62347919774496 12.5512014411228 24.1530371018972 28.6391100332087
0.625727893253827 1.79728357325158 4.34954880017121 13.8403428503218 25.5209008387148 30.3688441136574
0.846656883633242 2.19504056540995 5.15161878968778 15.2456914826215 27.0060445818988 32.2445036687441
1.11046852096139 2.6380220303502 6.03406269869311 16.768920540967 28.6085077628375 34.2633818587018
1.41366090582407 3.11790040406912 6.98020336158816 18.3793607807384 30.2940245865131 36.3832166259372
1.75145464438682 3.6249646647773 7.9707207411439 20.0424608641103 32.0247541485948 38.5570008337278
2.11808735636274 4.14983558025537 8.98792192838335 21.7272061685402 33.7664679129827 40.7434809701643
2.50466242327975 4.68321682844237 10.0167770048032 23.4098895089871 35.4926360133511 42.9138419380263
2.90675751997234 5.21562742363807 11.0389482639886 25.0559237869322 37.1637969286213 45.0209136768221
3.31319840725177 5.73629456938236 12.0373335011096 26.6395394458019 38.7518752685312 47.0343805521201
3.71406373504982 6.23607464219962 12.9952269463176 28.1387658375557 40.2380216731931 48.9291275780553
4.08816381099392 6.68986495677604 13.8654632845272 29.4808269738618 41.5501646725213 50.6141373466545
4.42973976042846 7.09713751919045 14.6473268658836 30.674466911323 42.705483923321 52.1062072499357
4.7059172501282 7.4206775524674 15.2696413913976 31.6139016861562 43.6040245201388 53.2748743053978
4.912145364174 7.65910726407282 15.7292558074506 32.3014094111811 44.2548988800711 54.1268897212238
5.03300520789867 7.79827312747183 15.996935077239 32.7012544088566 44.633503388843 54.6217617371228
5.09743615056479 7.87289420712127 16.1395728326007 32.9156082386964 44.838555149916 54.8873771711009
5.14582530141579 7.9296586028792 16.2470013806737 33.0790751398809 44.9978324786885 55.0905963958573
5.15495375124318 7.94182473832787 16.2679655727007 33.1151052600402 45.038649490241 55.1367748949257
5.13503894730954 7.92079640827724 16.2249304507577 33.0560449223362 44.9900594104152 55.0654942894016
5.08455679553526 7.86484731698345 16.1143351861412 32.8969110933511 44.8478741278115 54.8706524003437
4.9787589814365 7.74475731841312 15.8802503053774 32.5527916592366 44.5301565694282 54.4464531882722
4.85270901273404 7.6007741011802 15.6005749579202 32.1394392525707 44.1454569491899 53.9360600906516
4.64704408461143 7.36228190425278 15.1393593724554 31.4500027273567 43.4945878223332 53.0810665332931
4.37091137728239 7.03761895635947 14.5134370351199 30.5051101291339 42.5921602046968 51.9047023884066
4.03642957166843 6.6370944056729 13.7435856757209 29.3286254560727 41.4532440250754 50.4327022407322
3.66307987126743 6.17981924165489 12.865933007638 27.9696134923048 40.1202823464437 48.7225519951237
3.27010808962076 5.68978395619063 11.9254721108208 26.4995506442189 38.6659365110149 46.8647534154487
2.86792016346166 5.1704312256247 10.9291422461214 24.9144323310454 37.072618475337 44.846109444402
2.47272829494899 4.63960312107431 9.9076092459479 23.2621482709688 35.3910859676195 42.7254097674721
2.08941301552048 4.10810576630641 8.88134104985078 21.5822694689053 33.667560580625 40.5568663890985
1.72346909678654 3.58329723322516 7.86392304441579 19.8973826366605 31.9261670990781 38.3696434526749
1.38546600353599 3.07570647234469 6.87311432250608 18.2336863348797 30.1939236336712 36.194892923855
1.0861517237856 2.59888102527303 5.93386297913971 16.6313293347815 28.5128640988456 34.0837649310069
0.821981318863956 2.15292876049408 5.04703207887177 15.0978857481868 26.8954962455596 32.0496599138611
0.606361203419826 1.75613107256824 4.24727040509678 13.6898782941262 25.4006922569425 30.1656128796164
0.42402197091053 1.39698851638528 3.51569035963969 12.3862820315575 24.0119954208065 28.4110594093068
0.28619139266397 1.09388803436085 2.88761820536702 11.2483410066285 22.7959329684729 26.8673605777634
0.182780461648232 0.839983320678141 2.3525066712705 10.2661631463711 21.7457223478146 25.5264567244748
0.105895914403434 0.629773188346278 1.90311770143257 9.43189803380604 20.853030179106 24.3816025890294
0.0566906929717201 0.473584740461 1.56308741805493 8.79222216850811 20.1687105977332 23.4988275276758
0.0280983527925809 0.370111157282002 1.33451451188943 8.35594201584914 19.7017507614175 22.8950261953861
0.0112710287981751 0.304893884591203 1.18914836756996 8.07348553890815 19.3988567517958 22.5046823199398
-0.00101506412756791 0.257323697214014 1.08278387058225 7.86328303630396 19.1729208449796 22.215407126354
-0.00696548222962162 0.23920787329685 1.04156752795002 7.77371592682171 19.0760113075275 22.0963144936384
-0.0105193231550682 0.234944071447335 1.03173143284828 7.74325397749256 19.0420857082052 22.0606624364865
-0.0110468654630097 0.247187420578996 1.05856430020774 7.78108967207311 19.0815252181911 22.1218114355198
-0.00455923925922661 0.287273266097583 1.14459521295187 7.92751204891369 19.2391023826892 22.3363024727759
0.00617692833121595 0.34246063387489 1.26247455773199 8.13337252426303 19.4616340564772 22.6339753468195
