9.54449184099909 12.9718671604952 24.1867121396123 55.0881768039185 124.226495042365 211.180483367196
9.05841583172468 12.4537034960441 23.3496201750752 54.003732657842 123.1556816332 209.835860530857
4.67366721335387 7.00226387383795 15.942751008385 43.50675791842 110.494228108844 196.238682825976
3.43826695685727 5.36776979320299 13.5236501302678 39.906593917268 106.073710503853 191.450881404143
7.99268565759409 11.1208413517888 21.7381967403544 51.5616399903349 120.408200176719 206.829453579119
11.5228713277899 15.324104660187 27.2615021007977 59.0771822135475 129.247360819387 216.353565971864
1.02138588193698 1.41800081287489 6.44255502481107 28.1646261701997 91.3053507834969 175.079221017725
4.83156505366227 7.22139271329786 16.1862124335417 43.9158443378589 110.982093614433 196.781979870286
3.75531666757626 5.79547712995948 14.1724016450309 40.8494527537497 107.305491828428 192.732778331616
1.14376652666652 0.935044018800561 4.69931537325629 24.6593872748155 86.4711648420464 169.6940909313
11.3207716038521 15.0824982611423 26.9175869304465 58.7639740550974 128.641280115337 215.847167498511
1.552603429611 0.940058931340722 3.95584362097934 22.6647406523609 83.6860805528204 166.545016189088
2.47463499661991 4.02940020151742 11.3889791760403 36.5951806477525 102.036036693893 187.003613022136
9.1248334999974 12.4741401556303 23.5310480372144 54.1437203723392 123.279519832847 210.016860673251
1.90313789478455 1.04148263139907 3.65948893016605 21.5825198204819 82.2809732114578 164.83959043983
4.24630304236499 6.44003769889646 15.1242732569471 42.2994394333565 109.009056828749 194.64760383807
0.995364247024001 1.19959961587987 5.88520910527157 27.0742693018423 89.8019632815776 173.466833976001
9.05735540474769 12.3924065670439 23.4030521649273 53.9719590102712 123.064948733544 209.818829726986
1.10209485455077 0.957942769317804 4.86164292542484 25.0132119718879 86.938190948784 170.251321033863
1.64520360103476 0.956983684837377 3.84747050413016 22.3520988405458 83.2003551882143 166.025018800785
5.6619068565928 8.24541926669854 17.7584870078342 46.0472582437287 113.584636153208 199.617279419388
4.86769435839525 7.23279388892025 16.3022686695717 43.9627691871655 111.210573695017 196.893442549616
1.83175877354808 3.03761147042177 9.74840654680883 33.9063943949057 98.7089129264428 183.34622136273
7.01873977519237 9.93490108777021 20.093118223772 49.417452672425 117.586297474464 203.938901708919
4.4742081755712 6.7349919698192 15.5466852729841 42.8900891490356 109.848841861563 195.486929390149
4.51782841899812 6.80528669717078 15.6631338140024 42.9758895353393 110.092115121961 195.666793152376
10.9725882636825 14.6154919107714 26.4243728666294 58.0381069146177 127.782606397879 214.913096136611
8.31466736010799 11.496059177371 22.2545029802348 52.3076043579076 121.208588984354 207.754175269718
1.26752578835162 2.02387328718438 7.87431147463025 30.7249555181148 94.5887706844494 178.818377427163
2.11605271303055 3.47889287855613 10.5627181609537 35.1239303238214 100.397927186227 185.081056535245
4.14190998657651 6.33464023528396 14.8923403744407 42.0029110295084 108.684896102712 194.266355981353
2.3538324682957 3.84492960821878 11.1224017050817 36.0424811116486 101.607293032707 186.357101998209
1.24233713598184 1.97797032192357 7.75875963682004 30.567154526007 94.3340423527956 178.570309373637
3.04346752864581 4.82623254916321 12.6713013211668 38.5833140464676 104.449619610798 189.697807629731
1.03592475547716 1.01255188966823 5.30631905327376 25.7122325441979 88.2042499909432 171.498211905984
1.82735364600001 3.01740839171606 9.74567446431669 33.8835151757981 98.6991107971452 183.29083953479
1.44963924565657 0.922898772245514 4.0998737913066 23.0519119966917 84.2464140877122 167.178943883847
3.19723933331215 5.04338217299937 13.0074460087338 39.1199232096198 105.106022998825 190.416641770575
5.60374451236987 8.17500684135166 17.6581454512342 45.9110115515231 113.432517700915 199.446108826801
1.18985233444642 0.901028707803783 4.64774727850053 24.2245163004136 86.2330167391421 169.216535231117
2.11133674491982 1.10519232676305 3.52818485134847 21.0290382512398 81.6369899213209 163.964816155551
1.00608614183235 1.2900496635464 6.11361797948832 27.5039106565383 90.424829390892 174.114269208958
2.15478851065996 3.54444193318864 10.631721696105 35.2860605265354 100.553346670487 185.284512750763
1.45289105340601 2.3971307919829 8.60046043418 31.9333594801496 96.3353947036941 180.593537275462
1.03092966535266 1.40924616981646 6.50055455908856 28.1360887124767 91.3911555562355 175.117001231294
2.45214873846702 3.98742900566814 11.3375189290379 36.4923355322754 101.924481000755 186.88131445934
2.2623070115122 3.69291813529514 10.8911392946114 35.787004707237 100.960542064715 185.885250044393
1.4776811252967 2.43780659855895 8.67357567902203 32.0612461624428 96.472565861552 180.773820188924
2.79359363569071 4.49381098401866 12.1317229114668 37.7804887269761 103.499080218908 188.614330795274
1.88063431298404 0.997208128080095 3.6521887625731 21.530945674655 82.510335293084 164.846167211241
1.25173004308214 0.903163935877223 4.44742019947629 23.9584545137277 85.5262196192797 168.64509459383
1.01731977652601 1.37985414571254 6.35047927435119 27.9333126175508 91.113036365255 174.776909700216
4.9029962645875 7.33308326431682 16.3663179730695 44.0289937313381 111.446924973592 197.065259007105
8.72785736192013 12.0132726480942 22.8677557890598 53.3398677511048 122.162181393035 208.938812180335
1.42561986101586 2.33887189181315 8.46949510508685 31.7856407441221 96.0253148026979 180.326884975848
1.13424494664462 1.69210196520188 7.28224274095941 29.403476019848 93.3107982454692 177.058822341417
10.263594295843 13.8289469311131 25.3311363366215 56.5439339918466 126.136890333337 213.095096158047
0.998504848647842 1.21496772218515 5.86838995374069 27.0811871669398 89.8302051765166 173.460344350124
1.51137581868408 2.49237554276913 8.79506950600758 32.2511344604563 96.7389539012418 181.053113812436
4.54532771684574 6.83434378264092 15.7368823106597 43.0372625194345 110.20061305839 195.763854444532
2.47907992771024 4.0372574357472 11.4091409903806 36.6225274000338 102.068496967747 187.036594435284
1.81306635504656 0.997103476125837 3.70630381463197 21.7865954221454 82.6686612729008 165.19632769044
1.10270235539708 0.956354935369001 4.84206839261492 24.9756004735112 86.9363714086414 170.193200981002
0.999200100851159 1.21893297450743 5.91084144461416 27.1259650951408 89.887768828639 173.535327343896
8.38595407624775 11.6337768234667 22.2992619213287 52.5103406262244 121.399401559824 207.968299134956
1.09047356649141 0.950774928856915 4.99058073368425 25.0826031036684 87.3264573418143 170.509232923433
11.8543382431206 15.7321301562651 27.6855280820606 59.8193047552328 129.96623036439 217.187254993267
1.48766020034395 0.924003716231368 4.08386061608268 22.8910718774152 84.1004064546513 166.974383712804
3.34959086125638 5.24433331638211 13.344756201591 39.5691318309096 105.744370376071 191.05494217757
7.15290694906286 10.124487226099 20.3630524102943 49.5589491767511 118.241444239788 204.331120801193
1.00551497622755 1.13107108471965 5.69904557638488 26.6137262489796 89.2710980267135 172.798609096846
1.00102363655532 1.17232961525192 5.74382548828406 26.8079188837709 89.4555106044678 173.041062937438
2.18902857454144 3.60275840252154 10.7166945149663 35.3949164977638 100.819897101377 185.463595641129
7.3486852057231 10.3476879788089 20.6469782845825 50.1827987124435 118.537213244819 204.936998203045
5.77352936985918 8.39942319121175 17.9336612149953 46.3542376580634 113.938995708174 200.003245301477
1.9407324843227 3.21122110225554 10.0816802448828 34.4111588850119 99.4303738965182 184.055335258524
2.6291142482405 4.25307244811704 11.7573310829229 37.1619485748265 102.728607629542 187.778706390829
1.11221140335941 0.928561483266655 4.88429608810569 24.8395010078402 87.0624248845331 170.143184019401
1.04595320581085 1.50122334016826 6.69321440389163 28.5872287487673 91.7482622808372 175.657894558536
9.74619598729199 13.1417002877137 24.5620103794134 55.5156570821745 124.708361731906 211.691565851955
14.1128709370352 18.3381861524938 31.0854620036622 64.2270373411721 135.174342355872 222.703870529216
1.47669089194696 2.42739446111386 8.63489063121729 32.0674756128225 96.3719585440711 180.727190961407
1.38287174486845 0.891326167387658 4.19510024252634 23.2432025215466 84.7036876976994 167.566496772311
1.33596074740804 2.17751254263982 8.15439016400205 31.2406956056452 95.3431006045003 179.542366800575
2.30649583884055 1.17735294626189 3.4242718099035 20.5563579213163 81.1518573373406 163.221893671722
1.34421719343365 0.914470547319833 4.24774015723485 23.5159765136305 84.8633603339885 167.896632473317
1.43591607325816 2.36366126591195 8.53772857818153 31.8032491787524 96.2309160298701 180.433728077986
6.45003313504684 9.26361772455595 19.1048785530132 48.0180977361413 116.090850439463 202.194971106263
2.39614080306399 1.20752859899533 3.40068349563038 20.3967494631256 80.8793574357943 162.950935588279
2.3371730684083 3.83282327435429 11.0787314287455 35.9775262552467 101.639028003152 186.286266391222
2.05928597554139 3.3895748750816 10.3597922962688 34.9323304104611 99.9373585176779 184.731203191217
1.33972071888479 0.885301389016246 4.27128632706464 23.4239167014026 84.9912360149989 167.872910023081
1.01737810847209 1.42126569177506 6.44539167712835 28.1785981666621 91.33572276184 175.101233675224
1.93552317358671 3.15481972187927 10.131356599279 34.3660536434085 99.3432184629323 183.97835595463
1.10169914675174 0.960004473851249 4.91824671742657 25.0686349274645 87.054028650885 170.372249092095
2.11035814673678 3.47093440288007 10.5220948953616 35.1357416505176 100.280252417073 185.045132119275
1.97472363210366 1.06137184213144 3.59724391925873 21.338900674916 82.062720433296 164.464993419902
1.71040962712814 2.83163797074193 9.41472690245126 33.2713311834459 98.0040229275658 182.473382061252
1.4373960097345 0.91818118763287 4.12272031832757 23.1170918910756 84.3463210053426 167.291570850737
1.03608628556953 1.43895460963333 6.53761274036068 28.2845432146678 91.4855633717698 175.300304202927
3.03127807060034 4.8172752865606 12.6631129244436 38.5820172765063 104.446837782492 189.67830564764
1.19006487477405 1.87940775566564 7.57188718615959 30.1284263913559 94.0227874951693 178.014772152015
13.8263844203528 18.0076838747486 30.6601569692839 63.6773112774374 134.516059794555 222.020594217011
2.03564502773321 3.37175964620701 10.3305291137849 34.7840029723742 100.042990563733 184.625882805344
11.9347607463815 15.8208201973017 27.8260385622787 59.9941670877954 130.134335086876 217.406261011035
8.46727446427324 11.6931098275788 22.4718656225587 52.7227649827459 121.484256583108 208.191200906943
1.04708038408328 1.02606025092516 5.19395838638704 25.7079375496147 87.9454361306135 171.356652412919
1.09689615444932 1.64368175375366 7.02164069129467 29.143134381257 92.753539988531 176.592308031817
2.09604012635123 3.4644430447915 10.4831028767635 35.0217512164714 100.368352858978 184.957979358441
3.34775001368393 5.2609582765143 13.297067541599 39.5795033457744 105.748612849257 191.041920108013
7.66991631523926 10.7787921724978 21.1481043374678 50.8659847147802 119.55810350305 205.907165226055
1.27474345884882 0.878896240335265 4.38840464459911 23.6979419456715 85.4477425458654 168.336611056049
1.43277510155062 2.35305121509984 8.53148303475192 31.8093199861781 96.1067928711107 180.414841054629
3.84647275346979 5.91230371122044 14.3637521724508 41.0851019868682 107.653061867121 193.118132718475
14.7333272317787 19.0747642001299 31.966117248477 65.386727329392 136.60421196936 224.17783594329
7.59551687858834 10.6732788267802 21.0225626577625 50.722094324838 119.269522819233 205.66797533409
1.66387062199364 0.959415586205773 3.83652445304377 22.2614608969249 83.1922569761517 165.926942060936
1.02965121699655 1.04670358901262 5.25504459718275 25.8346042128891 88.1483482236599 171.540818130107
16.6373112428723 21.1251170810357 34.7904989044008 69.0217546013043 140.529042702068 228.568728983549
2.85735622504924 4.5581160120059 12.2699862279765 37.9007314166902 103.717415794925 188.814270876358
7.70230210178322 10.764844620761 21.2203366083319 51.0191553272777 119.431168087481 205.987345717499
4.30620523898032 6.51828803960663 15.2699715104122 42.3858826721513 109.338646418532 194.875343197202
1.00751711450863 1.13052842922957 5.60477851389766 26.5177972467747 89.0341270808193 172.604101118734
8.46038402565529 11.6951281870246 22.4320431363011 52.7389147822634 121.473616498758 208.175909094494
3.71904439796596 5.73649508989065 14.1056968254385 40.6712175001804 107.248173476685 192.564201678777
7.98710076433598 11.1638978292412 21.6703283029484 51.5805537647836 120.41334258958 206.827319462537
2.39376585008112 3.89901732113274 11.2343035674491 36.2725680746607 101.744660093941 186.607453548604
5.09069254219621 7.462228166453 16.7519748772335 44.6073623227156 111.751924770483 197.67463613228
16.8880517466165 21.3735203223211 35.1801931924088 69.5051769433237 140.985143642262 229.138747199007
5.72268340588487 8.3276402087949 17.8404416562284 46.254491205152 113.796685314465 199.815551151218
5.40176938004083 7.94482712920912 17.300711631702 45.3849484429548 112.915396855063 198.788584202593
12.9779905723229 17.0452361144681 29.3848726509457 62.0368636610131 132.588632699511 219.98747852999
9.39385711205804 12.7733238358374 23.961652212524 54.7294650874248 123.936888979501 210.754502831129
6.62425877647135 9.46956551642515 19.4052801921463 48.4494208244165 116.546439139982 202.738542773351
1.77048337023923 2.93313285338369 9.55652627653879 33.6148727347036 98.3125961850493 182.900852104023
4.12493429199294 6.27156496152097 14.9293813335858 41.8915031400317 108.668172643167 194.19988964575
1.06875112914598 0.997207015792861 5.03335274781722 25.3716369568047 87.4853384841285 170.826652459861
3.75668720272902 5.80801353747689 14.1380656427683 40.863855965946 107.256003568477 192.742450707919
1.29643497316242 0.906394766779626 4.38331226241067 23.7230698821035 85.2176589114745 168.282822243533
7.73248640192816 10.7969698168726 21.2644256368474 51.004775665867 119.641212877576 206.03976831119
3.46579686790465 5.40571877975245 13.5554696982097 39.9641298435993 106.136509970912 191.539917407448
1.29236922972059 2.10382605497241 8.02102703969933 30.9205894285583 95.0657290277209 179.173581960755
4.36514995811685 6.57608324014722 15.3644254345413 42.6281567025261 109.415434535758 195.094087290423
3.75615950065897 5.80582385764007 14.1557249117601 40.8380724806166 107.303483026699 192.763009197728
2.75115596811208 4.43475141796605 12.0252743973774 37.6140837783871 103.304102587923 188.392265799889
9.25973636525928 12.6352900649971 23.7367421070904 54.4674701145153 123.511736407361 210.398841758207
1.03657524210039 1.47032863415494 6.56569037424276 28.4129034152458 91.5692864956172 175.438057406254
3.7480458129601 5.78624617561209 14.1274770310008 40.8400067125892 107.202611798094 192.703268472426
2.89878736735183 4.62347236906574 12.3582466116017 38.1012769709996 103.840605251774 189.043629369743
1.0844605174439 1.59653899580392 6.87136103399743 28.9677774171318 92.2945990318439 176.247440091094
2.3064544914591 3.76534003182537 11.0244637150241 35.8795314399379 101.307088480431 186.114803055948
7.46120703315319 10.5177676514208 20.8074771892469 50.4004519617506 118.968246766838 205.290868159203
8.53558004387614 11.8244281752948 22.5726168865431 52.8020690016479 121.887371041286 208.392703751758
3.04458959802879 4.84338308802413 12.6912326281175 38.6083284889211 104.58869737136 189.74141765751
1.73717117666489 0.980889417088401 3.77481369925018 21.9951577758432 82.9005185773256 165.522088150143
9.33308167862451 12.664728435117 23.8996838155882 54.6024325127755 123.689669940346 210.577788076924
1.14665587715533 1.75090285318499 7.36237648630906 29.6562770637867 93.4797348750019 177.39678888262
3.8474452527941 5.90590813443853 14.362425187997 41.1254380166284 107.606997976854 193.114453770671
5.05625464424717 7.50661268389649 16.6131171288741 44.5324815117506 111.696066752038 197.588013559104
1.37940814712939 2.24782758311404 8.32271975919229 31.4806068779426 95.6066549238545 179.919936107332
1.13752793853899 0.950380428251093 4.74691118714637 24.7541899956689 86.6009993553815 169.846178040393
7.69695013271804 10.8119010344457 21.1923933006511 50.9267352016936 119.631887445593 205.986015788438
4.37427074214671 6.60861222533317 15.3529680775063 42.6109242472187 109.506006434343 195.118256508299
0.999416310048229 1.13700782360819 5.7763648550772 26.6389148122442 89.5237908786856 172.930735038107
3.44057198352873 5.38635912618778 13.4930015900849 39.8771271177273 106.114011102917 191.439823653348
1.1583606185747 1.7882114266958 7.31222176859577 29.7673351073092 93.3580678801581 177.415838596779
4.54168172841346 6.84929597948738 15.649104217599 43.1296345295336 110.023848750379 195.745617372722
9.09386599131479 12.4482102858063 23.4620294803807 54.0645269877808 123.22490928097 209.938976437134
5.28982348600758 7.80350214481438 17.0250361832924 45.1337205052621 112.461938068792 198.385502893249
5.87051025600686 8.54117398711794 18.0687854953791 46.6157147349803 114.252465370528 200.329014388538
4.02524993882503 6.14353836715384 14.7061705924467 41.6516512678146 108.256409150782 193.798725105363
10.8005107709564 14.4950987443169 26.0848610985458 57.7054458576745 127.412623683533 214.506246741176
1.01061543029321 1.35134169412887 6.24868336201563 27.8028950566807 90.8019196980965 174.538290227049
7.90478325239248 11.036310568214 21.5623122113401 51.3682100616602 120.176242811177 206.588854439959
5.78871988226568 8.41399666294339 17.9897767673345 46.3646587456395 114.04698012079 200.068023089921
1.00453538528946 1.13204046013953 5.59443289601444 26.5169414820222 89.0701149451511 172.590845806531
6.96290041056671 9.89016750240417 19.9822864263699 49.2619425801217 117.527432958327 203.788622872169
1.15862773910017 0.930941290142471 4.66703841597576 24.5727717558859 86.3369651217635 169.576163096774
0.99983439967729 1.20231518888656 5.94021867176885 27.0714329106023 90.0401792318911 173.534892111691
9.02128915217884 12.2846025047948 23.4271911987126 53.9165478979572 122.945280538397 209.722912554967
7.50106809442844 10.5424117415234 20.8868577556387 50.5218324551527 118.981295132617 205.402442186122
1.00847531605809 1.11726264062829 5.61392718079675 26.4699759419202 89.0049832102937 172.564077197478
2.33914747238738 3.82955362793088 11.0717288295435 36.0848241415467 101.404787983242 186.304368771265
1.64713823035085 0.930685349735083 3.87811414617444 22.1999536874952 83.4374909327499 165.971639809434
7.4578627706336 10.4778784381248 20.7976530029905 50.4444951962986 118.771967385971 205.261184256426
4.39400211191181 6.62383307295186 15.4252634090809 42.7323430096497 109.506348537021 195.204954683616
2.46788765991998 4.01160487807073 11.4091803446522 36.5602745612946 102.09366082726 186.996062545903
7.53193395860252 10.5588413459645 20.9344308802008 50.6279265869912 118.964603258332 205.480505179419
5.04984833455421 7.50005723204252 16.5900591420712 44.5055395497654 111.690059511645 197.557514417675
4.54357118280792 6.82559321214563 15.7149650424149 43.0456430072358 110.114922944292 195.744987661422
1.05971535617895 0.994364401732776 5.1112233770008 25.4506886772354 87.5888021641904 170.989926400453
7.26720449731149 10.2672261064782 20.4850421092184 49.9784456637218 118.340011818111 204.701326904691
4.29890817536098 6.51153115358812 15.2528902689455 42.3611976657327 109.335723158342 194.845263526596
1.86857063844574 3.07022466378428 9.87603562178577 34.03700696647 98.9657170369936 183.546774147302
1.18734349924007 0.91549146287835 4.65137279073902 24.3568074089657 86.1861154464271 169.328663358899
1.2384890216702 1.98180208101995 7.74635148264239 30.5392192332324 94.4038543995486 178.541605991327
5.26244442792552 7.76719966036019 16.9972538030843 45.0699871525541 112.390990418751 198.294665580604
11.3911225484622 15.2011409799081 27.0783442727929 58.7343359781788 129.13612331696 216.015819387973
4.74984820061137 7.09169062861479 16.1249515642565 43.6049379585237 110.855713833415 196.503578210418
7.0435905145572 10.0175556666621 20.0794707002064 49.4363465321152 117.755285219037 204.031228534286
3.75275393529278 5.79912933159798 14.1767771604296 40.7857614627126 107.389170276644 192.734235271757
3.85531492705566 5.9521907679855 14.3792931273642 41.0617050363882 107.857523250328 193.148811456994
10.6754407957905 14.3242839672061 25.9259466386 57.4590303302291 127.060083052065 214.181269586112
5.53575719532049 8.12659949749694 17.5645960927983 45.6015419031802 113.553612358736 199.223514424752
1.74297759186877 0.970016829656377 3.79459353878134 21.9744298082158 83.0008448059625 165.549027381582
5.42886286354815 7.97085256014324 17.3052610999959 45.5040415128253 112.90861879676 198.853587227679
1.82474853294338 0.991375799645382 3.70807928075945 21.7108247259956 82.6587703126495 165.117827161071
1.03913375187021 1.04064403557104 5.25179757941411 25.8323791217038 88.1212637878626 171.548901638439
1.86612831393278 1.0292710647156 3.68292202521358 21.6795891525077 82.4039750476975 164.992876296145
2.22789023825391 3.66141201267703 10.7933074885158 35.6410101127579 100.852438469885 185.700444960992
3.70906040052779 5.75947865854772 14.0413076436248 40.7219985923781 107.146379790727 192.577803747299
3.64844960999174 5.66528720027056 13.9251475144487 40.5205511554016 106.909762086241 192.321190512245
1.90547134441109 1.03382038513101 3.64836939755541 21.5531048687565 82.2800566091861 164.802128061213
1.37662154172228 2.25932349914165 8.33187884116446 31.4510383550179 95.8364152874057 179.942837660239
3.94886220653619 6.07202821907844 14.5698612742215 41.3438755677112 108.167384147137 193.51930465903
13.1755626531949 17.2609763735515 29.7203333919265 62.3709823579281 133.099922497269 220.472969460247
1.03362148080993 1.47143928435519 6.5911068750035 28.4319696809351 91.6560577130399 175.465868066444
1.83802329891207 3.05104312985592 9.77669610249095 33.9719178303015 98.7888514365424 183.393758580454
1.01122569965416 1.27884898153129 6.10510244062433 27.4595444061449 90.311580694256 174.037733305765
11.7357766841193 15.566574283376 27.5621418624665 59.5858633916603 129.657264725893 216.909888059388
0.995956109172717 1.17595456946851 5.85566839991221 26.9390191527204 89.6895493152947 173.290952223585
1.64539954245698 0.950107138342448 3.8582181304181 22.298724204997 83.339716239294 166.018748045407
13.139820702323 17.1363025863965 29.702966600076 62.4012655025324 132.850312740585 220.34981273895
7.12044473894 10.0540150411421 20.2464453051847 49.6618995013712 117.80462753942 204.249918735367
4.30934705087859 6.53676935753202 15.2164095389919 42.4796241592872 109.206507421358 194.88080417169
16.1686253203895 20.6297837640069 34.0982003503642 68.1094897186277 139.629030831208 227.505757238412
1.0037206161742 1.24233411411673 6.05375174876495 27.2876100877653 90.3164461438181 173.860418726302
12.9903012137337 17.0389538114874 29.4114461288222 62.0631099073684 132.593935606393 220.002493763447
1.36962194083968 2.24231641726462 8.28801817781456 31.3859079762944 95.6371463109809 179.827293888224
1.02574782383864 1.41157319709293 6.51313430938575 28.1569320000296 91.4554823225727 175.15714195284
3.32927317940265 5.21942060990812 13.2977737761707 39.5563059380951 105.632950640742 190.980599215667
4.93221380913918 7.33514068888068 16.445114615443 44.1254940794462 111.389789894358 197.154101178894
2.01556587622616 1.05349034982135 3.53961357651171 21.1900923134629 81.9918152638659 164.247528803211
1.19496053145263 0.915959573507501 4.63244494166585 24.309861267995 86.0912432995654 169.239034275782
5.63035786636136 8.18277602540651 17.6945548546053 45.95031338733 113.454270712925 199.493682639019
1.47497532608905 0.912744174643056 4.06311026987356 22.9064536774591 84.1559223297394 166.999017459433
7.36539199947015 10.3540478537751 20.6568353072911 50.1629261586969 118.656468956187 204.961260398636
13.5254000105175 17.6364738208451 30.2863180048405 62.9955188554146 133.9910666384 221.28621782434
4.69860325511664 7.00853827309443 16.0168284718097 43.5417204862652 110.481245208076 196.308137437304
1.02558795386645 1.38541364505775 6.44067680957271 28.0229009104613 91.2421730738814 174.950660497992
10.902497522556 14.6232937571658 26.3146160394599 57.7519855716288 127.925744307932 214.754840653148
1.6012115806325 0.944347826421529 3.89600978069611 22.4738615131133 83.4428391687039 166.253439234646
1.0071068586477 1.29607921681869 6.11352612077503 27.538936736801 90.4325567405225 174.134187095644
3.7986541237885 5.84588281711083 14.2669508841309 40.9524938534211 107.470548909348 192.91028834959
1.21859298870516 0.895766249190357 4.58351999610913 24.0454265306904 86.0572967258185 168.948860394492
3.58896434429379 5.561027686151 13.8154786386643 40.3435983628036 106.59337192855 192.043432807571
1.77163988455941 0.958570866237417 3.74660025688293 21.8124089146216 82.9242058599883 165.341113073092
1.52250589103203 0.899445791558266 4.02057106530057 22.5858290077469 84.0558018843541 166.628120141048
1.26659125447554 0.889216648779202 4.47508982923569 23.7680770751162 85.7125414203439 168.520119135857
1.09837228993962 0.941283678839012 4.96047964932847 24.8767981463185 87.372419433817 170.223293488939
1.00609865664877 1.08451360657628 5.59153019394474 26.1901485562648 89.2434379522444 172.206435350849
1.01275074177166 1.30855819032847 6.30403295598283 27.559205119206 91.0988819626114 174.284826076825
1.10636441275433 1.60679942423248 7.07380924017504 28.9880699908458 92.8945483902253 176.420214732522
1.28028376031044 1.98565466358995 7.91702645890559 30.4880700730544 94.7463510839046 178.560100743191
1.52545461281198 2.46381904019334 8.90223503282342 32.2090076230663 96.8707323432528 180.945695563231
1.79243197018894 2.9167224204566 9.73732266519793 33.6631423431225 98.5277935216311 182.983000618538
2.0484014373593 3.33889863513366 10.437699137905 34.891207427903 99.9970078816912 184.704720557927
2.33296504760106 3.80145274479822 11.1428724318776 36.0795686010739 101.603900407964 186.310227898689
2.66878911965205 4.30955913338551 11.9096321567741 37.3167098885862 103.181564828814 187.96349630028
3.14753109231391 4.995375540974 12.9554183135601 38.9689668168553 105.21844892862 190.169664932642
3.76427908911324 5.81697870027608 14.22268513926 40.9108272414258 107.464512671158 192.779260942643
4.45771535949686 6.68570973902449 15.5576403990618 42.9021332448317 109.727037860417 195.430243252329
5.15730510518296 7.54553248006632 16.8759396036463 44.783465257863 111.976007736541 197.899847424349
5.6986965824508 8.26996679734469 17.8431045546522 46.1632792379078 113.995621748746 199.669616757208
6.42968399807051 9.21347964031107 19.1516541468441 48.0307651006926 116.504156956355 202.044127752497
7.13819523119271 10.0748412108141 20.3260090111433 49.6724493984723 118.359333176528 204.197692889356
8.09099259541186 11.2030173870022 21.8974927034798 51.8435641122362 120.716685825493 207.021651883144
9.21956620982508 12.5274380995707 23.7223163341561 54.3557903243025 123.411854549004 210.2569785177
10.319736564664 13.8445570470834 25.4248725499845 56.6873225419217 126.170883398324 213.22084833209
11.4856708521323 15.2082305472786 27.2160144907904 59.0943330263467 129.018978305141 216.222458693148
12.5993304290647 16.4967734458379 28.9146356551728 61.3541381914748 131.652617481349 219.022104989195
13.3608629430319 17.3840022642336 30.0412257530309 62.8356263257217 133.353067606183 220.878298606987
14.4039616889076 18.6225046165604 31.570468377343 64.8274935176534 135.822847238114 223.361911472689
15.3986891587478 19.7910677181792 32.9926744030168 66.6891361979524 138.126846340933 225.657593937937
16.4388864476771 20.9357735351963 34.5004231869679 68.6532160460002 140.288184238973 228.056763498066
16.9694984859701 21.4685607085647 35.2939418948236 69.6649544627873 141.182456480831 229.313069421826
16.8699911961828 21.3508450851008 35.1584650192001 69.4679941336621 140.947429152693 229.095835440336
15.8183116467409 20.2301453396058 33.6048111761966 67.4258191784793 138.945844560451 226.653429590359
14.5669569809785 18.8188180441081 31.8045773639769 65.0092345142181 136.316201598725 223.724261754311
13.2786123916917 17.3533862318456 29.9268418483959 62.5044660678029 133.457151788387 220.679747967927
11.875052948391 15.758961518156 27.8187044071055 59.7013141428486 130.279846930962 217.22446600353
10.8469589843718 14.566265940799 26.231298224412 57.6308639976214 127.831069913636 214.616248926665
9.93844528925013 13.4789852648982 24.8164494161475 55.7897446106659 125.523858317372 212.202892707918
8.83138344781695 12.1803866443655 23.052740540543 53.4402279873554 122.693054342838 209.210969105796
7.81952502691896 10.9684224025556 21.3923592635534 51.2000748159337 119.99055657672 206.351473732764
7.07223022660725 10.0375130917517 20.1663870363919 49.517117429328 117.89422531657 204.135180812229
6.34724039313419 9.14366072778822 18.9275581221181 47.7651020904256 115.834613127953 201.874965900338
5.5749785648989 8.18005403203717 17.593596126888 45.819079234964 113.529045765952 199.361298712954
4.81492710095583 7.22330161343797 16.2019612066549 43.7899564907397 111.180602214518 196.759858907062
4.31135703801442 6.5415370536849 15.2706693274982 42.3960696076752 109.45624731388 194.904887789634
3.80962941775313 5.87652642455555 14.3020973133123 40.9336391366908 107.775699991754 192.90620480229
3.34791909153072 5.25049001574531 13.3422087274904 39.4795481767301 106.092235057513 190.922040889859
2.82600008508389 4.52473647175104 12.1997823567604 37.7124265131616 103.931625697493 188.538929601916
2.30573232520464 3.7809660912899 11.0029366397036 35.8283378378389 101.518341349373 186.039549516236
1.94438820469047 3.23744765326946 10.0986394627234 34.4057548360685 99.6253871877197 184.113736228875
1.70442042589896 2.84328964027937 9.43737058330756 33.3411233103668 98.2229395761219 182.548572717291
1.45699980780232 2.42234588272795 8.66541921162754 32.0401955079503 96.6063598399545 180.710850328244
1.25450016792874 2.04418225983892 7.91140851672911 30.7227546589651 94.9247194307792 178.861094928069
1.10804282467837 1.70092987330308 7.16068587872696 29.3835944773326 93.1771742322743 176.922728147264
1.01628644868147 1.35413238855137 6.26319606677755 27.763144770978 90.9176907922111 174.505690029243
1.00376187305185 1.09401414295611 5.45269836403507 26.2398306259339 88.7776124843811 172.150781402624
1.01367094549589 1.05925809810864 5.31613954905815 25.9638686246649 88.3835617297606 171.712307016622
0.997163145031285 1.22304835611839 5.87533066139851 27.0596099139234 89.8322817149692 173.368480974759
1.03761206073026 1.46758202398971 6.60891709638703 28.4296130963548 91.5211017840437 175.42290089685
1.0903402297648 1.67064204041603 7.09704179631605 29.3360424780448 92.8880002978804 176.743882401366
1.18315661400187 1.93488926196842 7.68779245997531 30.4077700639677 94.489469302247 178.269287651533
1.35529950127751 2.25251259320806 8.32789542801904 31.5210334313698 95.8915519981613 179.878716214532
1.62333713106596 2.71230970936627 9.19284265964061 32.9910575041309 97.6925076190202 181.98469421946
1.9702353748585 3.27276292242494 10.1682919813941 34.609035150012 99.6282097184291 184.262018950373
2.38162624126562 3.89778006722045 11.1928571029108 36.2749200518392 101.652327222621 186.557087560401
2.84796472242079 4.56984227014074 12.2713344727701 37.9771177524048 103.719689190448 188.865967288354
3.34168642356987 5.23542517032727 13.334007301749 39.6067387667568 105.678764625835 191.042969739122
3.85247597973816 5.91694687098237 14.368868574178 41.1732123543616 107.647475361679 193.122441025962
4.39120198453085 6.61611090471051 15.4264592410024 42.7289015302275 109.495018023311 195.18954451228
4.97770715848789 7.38122103582457 16.5222243655214 44.334392687894 111.499649512094 197.292115966487
5.65045590377096 8.23414319220687 17.7418107727254 46.0974268546508 113.651239244246 199.577357921585
6.41897464669498 9.18115390918191 19.0838846303181 47.9872340063548 115.882533137124 202.030725504924
7.19240062580488 10.1415148553742 20.4052252460549 49.8335799548445 118.097022342304 204.447289640731
8.02969263997736 11.179023679867 21.7755591845573 51.7321981372824 120.45650282587 206.915033072145
9.00655478611402 12.3396870480043 23.3577186254437 53.8994989927867 123.022910821325 209.686366378366
9.74917118053105 13.1442344453901 24.5734153144152 55.525690483561 124.700938700821 211.697725855399
9.89915257734428 13.2999811500491 24.8220145515876 55.8579546299358 125.086842327474 212.091615097385
9.71591445561487 13.0774315163074 24.5464421434585 55.4656140466176 124.666961251331 211.602383276415
9.07231960679914 12.338176097927 23.516700959576 54.0344870269104 123.072129834962 209.860632510175
8.16530411606525 11.3102715656166 22.0460546387187 51.9642761187816 120.872376087452 207.313793432662
7.21178364749157 10.1953958636887 20.4645762095368 49.7023554074009 118.406224142175 204.512225071759
6.35157509943918 9.14301274658011 18.9885304093292 47.5963867051545 115.988269925781 201.810891395598
5.58556686044018 8.19160413832446 17.6528890881709 45.7139047313529 113.73287755513 199.372803191323
4.89118366998775 7.29015558646601 16.3929535456307 43.9451080934765 111.45257612719 197.000239448504
4.19956031331355 6.40085336163501 15.06749896823 42.0607059762466 109.083527448344 194.487709429122
3.64435231653665 5.67439582976101 13.9532623539573 40.4377124652547 107.106517462097 192.308336898232
3.19776204520459 5.05126366418374 13.0131267351058 39.0138145397935 105.368465261366 190.334312041781
2.65174983866224 4.29767253329521 11.8258279473902 37.179821890287 103.199016529503 187.873199586645
2.26376825589217 3.72553721163763 10.9014811535957 35.6899322885417 101.302764478232 185.903832510285
1.9813830014481 3.27369415134943 10.2075895679983 34.540049447421 99.7441623961184 184.270182777531
1.67155379562232 2.78323979155465 9.3531029093136 33.1440655607353 98.0191036914604 182.307659331456
1.39990159441265 2.31455690256672 8.44578721820181 31.6427751619186 96.1682714109347 180.22447977367
1.20006802927269 1.92717340914197 7.6645838589498 30.2888219494017 94.4208528164136 178.284493242272
1.0887820304714 1.63701162058873 7.03645928855418 29.1337918411598 92.8225291124726 176.584789375045
1.00925861543635 1.3480931866604 6.35585279252629 27.8572577117656 91.0966022157131 174.720749125467
0.996160278672498 1.13886863572277 5.75774833750401 26.7114719957369 89.6308938026095 172.999364973842
1.02895514276276 1.01231953476164 5.3091484956244 25.7790280032429 88.381856067922 171.556710258181
1.11601297097756 0.921617250193455 4.85756032418051 24.7776150497474 87.0339463298929 170.046800903053
1.2467769745345 0.871842688493728 4.43273963109642 23.7893039922465 85.7125477442957 168.499241478052
1.4204784519246 0.879581650930403 4.10259420498855 22.9650969726514 84.5539267957091 167.144645055288
1.66722485197928 0.93573435705496 3.79530321295156 22.1017650329498 83.3476077128074 165.717311452694
1.96990778590853 1.02972338703842 3.54809795440542 21.2644043808914 82.1736689423831 164.370224288493
2.18102346044155 1.11786571086355 3.45416252897021 20.792879543475 81.4557882194141 163.595479312726
2.3884118753794 1.20400289071613 3.39854129759237 20.3980400168098 80.8970606429399 162.946729433957
2.45587303563916 1.23003561879301 3.36583656028979 20.2457142326467 80.7679710504027 162.714211973635
2.37728273857591 1.19938914850878 3.35783324408907 20.3200308723872 80.9705401026891 162.826460724225
2.20997784409103 1.1316251296196 3.39888525900161 20.6093218200716 81.4077369203399 163.252916830816
2.07271320965561 1.07360287828766 3.48198952733872 20.9571133257251 81.8425840321971 163.830551464633
1.95753569844529 1.02014598126317 3.58055775051117 21.3046851521 82.2473714506818 164.463682110596
