9.54512890445483 13.0400629511305 24.0671289323375 55.2501368818554 124.052451853486 211.197969189408
9.05917124570276 12.5307840335589 23.2162274891389 54.1820600744362 122.964786244149 209.856519784943
4.67526493673851 7.07765502534926 15.8000356793891 43.7190021604159 110.241100387163 196.272323017398
3.43961397979049 5.44527322483918 13.3815123584128 40.1116206794076 105.835670652357 191.481095895616
7.99403844773238 11.2290234597058 21.5429994638483 51.8329662922566 120.109085506516 206.861749173136
11.5235717090691 15.4164661320017 27.0976403145004 59.2984510200392 129.014333796484 216.373695063711
1.02251412326963 1.49536960421538 6.30027663104791 28.3682892539557 91.073765026598 175.105447399674
4.83211270829341 7.29077750383113 16.064942728178 44.0779119588082 110.811493794667 196.797995266491
3.75698784921901 5.87729461896977 14.0233186097346 41.0656087347704 107.049148862891 192.769298474976
1.14468648337495 0.998644191979271 4.58336436999527 24.8252956774729 86.2815346562088 169.716127276792
11.3212692994724 15.1598281690824 26.7870590802288 58.9324616634217 128.468660783975 215.863633710978
1.55287824409083 1.01663967116855 3.82304600823065 22.8373049682628 83.5139675553546 166.55669186702
2.47546569929588 4.11019631167273 11.2440780124314 36.7950852824163 101.818692239769 187.025134357957
9.12646653554505 12.5694446466462 23.3576749692125 54.3904924668812 122.99609627132 210.053198181027
1.90373849329356 1.12618682051944 3.50757918881503 21.7888176733986 82.0643618906477 164.85686565644
4.24755217494176 6.51682984602422 14.9808037517644 42.5080820399002 108.768513618708 194.675435960202
0.995455150706275 1.28194537984468 5.74607145874367 27.2488696942264 89.6353855977842 173.476147715488
9.05816872593396 12.4904426194571 23.2232870463969 54.2214023064089 122.79844591476 209.840176472525
1.10256144974976 1.02775354594877 4.74484853987349 25.1636274397457 86.7831550749091 170.266998320092
1.6454274174114 1.03670276204582 3.71333918992096 22.5197262643288 83.0392258245109 166.036307533945
5.66256441553103 8.32397677975553 17.6200912886107 46.2337382241729 113.387059339108 199.635747393359
4.87019687026371 7.32373108402711 16.1323498075535 44.21782801958 110.894736000701 196.943989357063
1.8316496909184 3.12763643842095 9.59476023787421 34.0977338420238 98.5326189417223 183.35191968995
7.02028701000397 10.0112612239997 19.9490260953257 49.6319674422617 117.330591961181 203.972029220994
4.47501977110195 6.82454433524849 15.3844293382842 43.1142237298827 109.607926231792 195.50816490106
4.51899964651806 6.88716150189534 15.5153248553816 43.1836356728327 109.858238413059 195.694359836641
10.9750153098004 14.71067369834 26.2398071564952 58.3195357527433 127.438952137861 214.960956437842
8.31561634933215 11.6040118877986 22.0610207882388 52.5719769093136 120.926672749993 207.779284085353
1.26780880701038 2.10547274270024 7.7339920529431 30.9048993102162 94.4117796569396 178.830332853713
2.11750830867544 3.56276497732022 10.4074199128069 35.3474028246775 100.140844103681 185.112779755486
4.14240809492508 6.40593578506105 14.7677055935399 42.1689952040146 108.511517165319 194.281643166814
2.35512024605102 3.9263303871517 10.970176535049 36.2637996514465 101.352735892035 186.385960152194
1.24233403872478 2.05760357731458 7.62310068863991 30.7367091018958 94.1755875085864 178.57706108444
3.04374017893391 4.90414500494905 12.5413535522586 38.7461576287641 104.290640157806 189.710283665547
1.03723919468293 1.11226419428062 5.12423884480006 25.9689273722266 87.9179354781772 171.529042179773
1.82860237141039 3.0930994859981 9.61021157250526 34.074467463005 98.4803188242987 183.319440123804
1.45012080392493 0.998877507917461 3.96895215131247 23.223601564983 84.0696394877978 167.194573705174
3.19766088758109 5.1175816592577 12.8805390270253 39.2846107854067 104.938507487047 190.431051505927
5.60425619061807 8.25689036892414 17.5180636972736 46.0934715138481 113.245514169991 199.462806960224
1.19133584157946 0.995688334245986 4.47264347858913 24.477332861522 85.9427617287647 169.250095643811
2.11259819194545 1.19070506938008 3.37092565312456 21.2526305883671 81.3849403848189 163.993048670808
1.00672483356238 1.36691018241657 5.97912146927438 27.6847948960362 90.2327122617084 174.132630360799
2.15562067356016 3.62063202656794 10.4922867145228 35.4825289578103 100.336635617532 185.305286650933
1.45446953052244 2.47492133638173 8.45775287357448 32.1406414147974 96.0903183278725 180.627730351404
1.03188689631943 1.48775497878196 6.35805461042369 28.3357970817281 91.1699496430008 175.140188138263
2.45258030165799 4.0698738027478 11.19314895455 36.6840341108303 101.727391882604 186.896242013268
2.26255706383019 3.76907681053628 10.7617519973651 35.9520300528587 100.798046385639 185.896711438875
1.4787795365362 2.51642326695147 8.53030480001621 32.2647164757253 96.2425908002658 180.799684342652
2.79439423768871 4.57353889695325 11.989338943382 37.9762426939159 103.286744404471 188.635381062284
1.88266071195205 1.08376336662366 3.48999999678206 21.7716898136169 82.2200729863518 164.887881510613
1.25205108437913 0.976737469219206 4.32077868563536 24.1228372729141 85.3609237140433 168.657534338189
1.01902692941309 1.45159028717904 6.21748187695245 28.1320171581715 90.8696050623532 174.813497910484
4.9043760665454 7.40999087902622 16.2265412608919 44.2297834963872 111.212763476244 197.096528431633
8.72840270213571 12.0815546284948 22.7503502959737 53.4950449763135 121.999167909971 208.95500284283
1.42699269756108 2.41636489860707 8.32612096070493 31.9942851083802 95.781788423359 180.357392216219
1.13780411965819 1.81285157297181 7.04768060635783 29.7671464653961 92.8540336353744 177.128598685086
10.2649086671525 13.9046139325236 25.1952158609814 56.7381097708654 125.910772307271 213.125318922597
0.998885867105329 1.29076879463913 5.7366782827438 27.2540552262868 89.6543765741159 173.473846100522
1.51167362459442 2.60199006294631 8.60483947117397 32.4949198127275 96.502222224447 181.066918458659
4.54658204009899 6.91712584723151 15.585336302155 43.2530481207637 109.955521464147 195.792549511784
2.48022014786515 4.11786121537016 11.2643744993513 36.8247220513251 101.841867063075 187.06359989094
1.81419916789546 1.07615372978896 3.56198391612614 21.9921725110845 82.4355111769023 165.222734249248
1.1041035609971 1.01890788161492 4.72582300308127 25.1485512368626 86.7265845585306 170.223622465557
0.999757128042724 1.2948119766458 5.77942903943635 27.3003249510686 89.7052420858514 173.552322618981
8.38621393831157 11.7246345889204 22.1398280725904 52.7190090062276 121.191850514028 207.980611427412
1.09174092039357 1.02578658493389 4.84972188925395 25.289057528306 87.0865886114788 170.537216447068
11.8550458611557 15.8102874757623 27.5454217354724 60.0113953047903 129.76009774346 217.20622849376
1.48802335834145 1.00775473440708 3.9372668618031 23.0839514727916 83.9053630170922 166.987999844313
3.35050069085325 5.3240190075214 13.2057472989785 39.7575448518001 105.538914387454 191.078411017063
7.15508161637861 10.2313714401626 20.1633144938972 49.8535076648703 117.891411640951 204.37788398287
1.00667356386951 1.20531406968238 5.5655166444734 26.8016044010918 89.0577424696855 172.825300648391
1.0018677165396 1.24309753474352 5.61934295662576 26.9793249825717 89.265631938576 173.062839140123
2.19085600368158 3.67852907906495 10.5742730634895 35.6081759886466 100.560007601783 185.50173400296
7.35042697516062 10.4264774333033 20.5004063508759 50.3993199473554 118.277202306287 204.974028356327
5.77399006268932 8.4780465723778 17.8008399746906 46.5249219736725 113.765839228034 200.019041753226
1.94201207148234 3.2866386901461 9.94408555440777 34.6075726705184 99.2045802569397 184.083948742099
2.62947741478861 4.33206621196313 11.6223461539441 37.3360215659789 102.553961573478 187.792460668855
1.11409262922619 1.00337400338761 4.74188933500628 25.0548162427821 86.7986483169177 170.181752895173
1.04826217802672 1.57992863073573 6.53788735004652 28.8305573692702 91.4418072772376 175.703953493736
9.74830525973896 13.2414559461564 24.3785123143546 55.7825000318175 124.39293566606 211.735392078254
14.1147048538115 18.4301818457817 30.9178457077173 64.4685603105433 134.8905654994 222.743449203496
1.47778948844322 2.50562143216147 8.4906740776783 32.2743944334566 96.1370199866493 180.752872331064
1.38424770813235 0.965851916486538 4.05803647716365 23.4416498377026 84.4718113330451 167.596809074609
1.33794458288123 2.25375541615799 8.01359832643211 31.4498611033902 95.0857757203234 179.583719814078
2.30903251495368 1.26568270348286 3.25418231799115 20.8182722770117 80.8242750277628 163.271875438756
1.34458971843338 0.985040633123011 4.12703661066185 23.6728579090973 84.7036813890165 167.91010758759
1.43737070114457 2.44585009824778 8.38598150920759 32.0236425969715 95.9739340586979 180.466018058859
6.45150405372368 9.33179414165055 18.9781277311868 48.2057375710565 115.865186079176 202.22681950515
2.39798437736178 1.29779343662242 3.22941953744065 20.6501636444617 80.5805687387852 162.988651607555
2.33925952293204 3.91348530521504 10.9258444596719 36.2083927871861 101.354986248292 186.329174349815
2.05946177274265 3.47149157266491 10.2200656746544 35.1096070687681 99.7658105319933 184.741580662799
1.34112928854681 0.959985774867799 4.13231655668385 23.6273423057987 84.7521306559359 167.903621768634
1.01842031599802 1.49741941896598 6.30909232448293 28.3687451596381 91.1227750846207 175.126343955801
1.93890166649759 3.2673305520877 9.9153033127447 34.7001854504477 98.9213043391912 184.04500322181
1.10202169494838 1.03903505901359 4.78510918909412 25.2380839257851 86.8856606985089 170.385729889455
2.11104088106506 3.54687109368194 10.3861155677654 35.322108869567 100.08029746403 185.063466362096
1.97656433854418 1.14573384606811 3.4402910795765 21.5702143065709 81.7861784309119 164.503612667729
1.71172103374491 2.91439024925586 9.26384937004088 33.4860241646378 97.7590984153535 182.503114569229
1.43779265121715 0.993368848422637 3.99302793557623 23.2863882246831 84.1742074436178 167.305481753535
1.03633504758776 1.52655605904445 6.38734923722182 28.4764581790418 91.2980918261482 175.312367039901
3.03253855379245 4.89605127849102 12.520470451382 38.7844340410046 104.215324377848 189.707312455862
1.19167344808794 1.95948532379978 7.4270092624584 30.3373146546049 93.7757046768349 178.050182315231
13.8277975811639 18.0979598140064 30.4960616879777 63.9104604492871 134.250293177613 222.052755506949
2.03699527048646 3.44782714022731 10.187499864726 34.9940871913248 99.7977034274369 184.655423187024
11.9350857840046 15.9006964216473 27.69132236446 60.1655648983089 129.964238076287 217.419844801048
8.46793355779413 11.7609874776232 22.3503717622312 52.889550859468 121.304270753457 208.208530387538
1.04753681749748 1.09882581243109 5.06916710982816 25.8703399293113 87.7794012914325 171.371481862184
1.0982631878933 1.72225271467381 6.87713532128243 29.352203825843 92.5103546662108 176.623001911965
2.09769735430011 3.54038105685239 10.3396850012864 35.2356972109629 100.111401656004 184.992959131494
3.34850419863011 5.33841348536255 13.1596844635555 39.7667834409751 105.546907307946 191.062001633065
7.67090642860758 10.8478848651257 21.0205693795672 51.0480850420875 119.352188172994 205.930187287782
1.27651395729705 0.953714954111805 4.24672322490822 23.910716367552 85.189292872427 168.373400289032
1.43346691020239 2.43569304265459 8.38280355389605 32.0137390757611 95.887921914314 180.433814668042
3.84694721991602 5.99654140355204 14.2119894543815 41.2932892863289 107.433698854258 193.133640142512
14.7344450731726 19.1758826348013 31.7853872174701 65.6355460228827 136.333004435225 224.205834963131
7.59664569383913 10.7562991389828 20.8737466005284 50.9296063478814 119.03755135558 205.695155119941
1.66441970555326 1.0378275994075 3.69924470462504 22.4443718281925 83.0016487649366 165.943526388747
1.03127912169431 1.1149280935061 5.1273665882676 26.0255471788406 87.9153260596095 171.575458630625
16.6394530527702 21.2397519065594 34.5792834516737 69.3263133323049 140.175932666353 228.613782917592
2.85833402446791 4.6342670968245 12.1324300554019 38.0933994762188 103.50281587906 188.837901556166
7.70297571334999 10.8329924728685 21.0993725094965 51.1843911585433 119.25278781506 206.005141099885
4.30739648751914 6.60227172624318 15.117791226664 42.6003290931489 109.097291806876 194.903236864457
1.00789328577642 1.20516917335503 5.47827892585046 26.6796988867199 88.8719186721032 172.617849056546
8.46098537036498 11.764430772248 22.3127499009087 52.8972091889874 121.306051772378 208.193189287132
3.72120163101233 5.81839644771826 13.955827693335 40.8927916229961 106.975068571259 192.60920101785
7.98815661676045 11.2329897651197 21.5425195178875 51.764437371876 120.203102776953 206.851636950807
2.39550087527822 3.98851657526211 11.0698533102203 36.5115549259875 101.463216531577 186.645389680945
5.09288385769308 7.5537839129962 16.577783716461 44.869607614588 111.433723312661 197.719140321607
16.890095614566 21.4915826001208 34.9621675587605 69.8181853020421 140.626556257745 229.181835987479
5.72468561877937 8.40014144161184 17.7018350741148 46.4657907036354 113.534302171818 199.855996072729
5.40300443821269 8.0197982867831 17.1651229424551 45.5780320603077 112.693022315185 198.817058967403
12.9781902920111 17.1326221647561 29.2343527232059 62.2310007108106 132.397331036246 219.999115334667
9.39507175493853 12.8738892421812 23.77871043717 54.9856205339915 123.654496579977 210.783151406986
6.62538422800344 9.53803759708156 19.2793045380583 48.6317992868119 116.33493931541 202.764322751067
1.77134055597131 3.01345766413413 9.40986520068518 33.8209723251814 98.0858880415145 182.922434542392
4.12588062035781 6.35727036901213 14.7729641686437 42.1108768288467 108.427095073428 194.223208103524
1.06972423000189 1.06561574779429 4.90908132296013 25.548378342718 87.284436243142 170.84997295125
3.75721570414115 5.87858963166378 14.0167300144526 41.0235928297925 107.089435579139 192.75852025983
1.29680677887591 0.990032563631871 4.24027755323498 23.9068131741614 85.0345768880811 168.297005643872
7.7343585513152 10.8942087624622 21.0852891475988 51.2650200170818 119.33572823049 206.080160343001
3.46630800884939 5.47739869462763 13.432234045812 40.1262478931581 105.967965869137 191.555748204758
1.2936999840979 2.18256051073935 7.87597629678901 31.1296739047631 94.8242680519129 179.203365360722
4.36613519976326 6.66347409368034 15.2041317743397 42.8533070224381 109.168158287614 195.117959939541
3.75630594995581 5.88987900394232 14.0112748414725 41.0225756420342 107.12455482686 192.773101546499
2.75152369200196 4.51347662996893 11.890830496576 37.7873959063633 103.130127731969 188.406129964217
9.26042111637385 12.7032503897397 23.6166955810347 54.6313391018641 123.334230347177 210.417017903658
1.03683641421631 1.54529585718398 6.43794472961592 28.5767099976731 91.406858823667 175.449753926626
3.7486530323675 5.85555210487264 14.0077702432301 40.9994759656234 107.033306462571 192.720633597698
2.89897108620981 4.70050960268629 12.2301312476541 38.2608823955316 103.686779542681 189.054515515998
1.08483482407231 1.67189785898319 6.7421100240443 29.1352558374645 92.1256118312581 176.261001234939
2.3073808382584 3.84774433687647 10.8724920694372 36.0943295659388 101.070207826267 186.137288740414
7.46230623452847 10.586555021052 20.6807383497787 50.5818200070803 118.761072598382 205.315779857369
8.53720935787537 11.893532097983 22.443455941341 52.9953078670481 121.651495905255 208.42751872895
3.04590779001924 4.92288269905564 12.5484901560201 38.8114307167463 104.353865354822 189.772036755253
1.73851773062312 1.06219466026467 3.62705645220218 22.2056936407646 82.658825641363 165.552404289778
9.33525972880515 12.7660014837654 23.7091818130307 54.8835067401253 123.356151899568 210.62255761333
1.1475526138766 1.86700646653649 7.15057901784552 29.9472424229032 93.1726216650384 177.420564179598
3.84852243308635 5.97645155760156 14.2342466796318 41.3079449129655 107.398605477272 193.139463489078
5.05672733857753 7.57610335201882 16.4944992146757 44.687142276801 111.536500902831 197.60311565875
1.37979574414042 2.33041892273117 8.17809748401107 31.6708867672866 95.4140468852819 179.933677255236
1.13826526147554 1.01503754808284 4.63456502294081 24.9074996363864 86.4318487781727 169.865888341415
7.69793694591358 10.8810048658763 21.0648252478677 51.1089058106885 119.425915338768 206.008988400236
4.37491308108533 6.69754068258925 15.1931142496652 42.8285857615995 109.276898549956 195.136583610641
1.00124915242335 1.24297744285899 5.57970776866049 26.9231219283393 89.1958581680683 172.970694746171
3.44145000023935 5.46372932778843 13.354671478504 40.0680201516691 105.904972449417 191.461958769293
1.15887408449309 1.86421544768694 7.17942551169802 29.9441931616933 93.173810220512 177.431727547797
4.54219606539632 6.9181720612583 15.5296977386701 43.2878634833857 109.858461823607 195.761148652402
9.0946852828261 12.5461621368553 23.2851966527722 54.3076748066855 122.965250580874 209.961084489924
5.29036543234092 7.87387089843537 16.9000576253503 45.3033385413036 112.282092390126 198.401264138289
5.87093369522525 8.61459484748612 17.94427402614 46.776661880556 114.088374565311 200.343787455554
4.02661115264961 6.22757062574529 14.5527818949146 41.8706256063425 108.005520651995 193.829538460535
10.8009883468533 14.5675998212124 25.9603183045204 57.8687526263795 127.243858407841 214.521653541182
1.01122653433221 1.4269211907192 6.11693864486683 27.9788765868134 90.6162849234027 174.556030976621
7.90503158356383 11.1431394726734 21.374201991308 51.6139442889431 119.933920483479 206.601848287449
5.7892427071423 8.49955742455638 17.8425462232357 46.5573054435333 113.849328354553 200.08514852183
1.00574368597026 1.19873216887765 5.47490681227829 26.6884072393929 88.8685319463601 172.618801494254
6.96410029497997 9.95812585285921 19.8568134720546 49.4436240505373 117.316163130811 203.815391576248
1.15900409819023 1.00110975459136 4.54658006148244 24.7298263397401 86.1768560527174 169.589497020264
1.00135246135913 1.27814441840121 5.80072183808772 27.2743519932899 89.80059759286 173.567735775812
9.02363574802004 12.3917856435546 23.2313371981891 54.201223585044 122.606646125644 209.77167186147
7.50195939416942 10.6108108567264 20.7622012514401 50.697203967524 118.785891098708 205.423685921894
1.00899180037619 1.19171231930208 5.48339802182142 26.6442645901256 88.8230923607669 172.579767618145
2.34024214224578 3.91047170907518 10.9261931515924 36.2878653574013 101.178331764492 186.330510118179
1.64874639820231 1.01971677054794 3.71339163034708 22.4386014939251 83.160057208425 166.006687047463
7.4581590981446 10.5565924847064 20.6653866433407 50.6117127385756 118.607358219977 205.274083171913
4.39577383883328 6.70060106572962 15.2798814681967 42.949787007707 109.243901934588 195.241749315626
2.46950959271245 4.09867732485835 11.2496611060456 36.79138706454 101.822617848731 187.031976276455
7.53260272220074 10.6277338944172 20.8131555084769 50.7926267809221 118.787184159348 205.498498386839
5.0503790117578 7.56960008520518 16.4690931424274 44.6664059096157 111.521425560782 197.573329357439
4.54438586574242 6.90921852236661 15.5642419493639 43.2541361507185 109.888866561823 195.766244154116
1.06008065581965 1.06873350598567 4.98413073003454 25.614487968464 87.4243186088452 171.003260007377
7.26808984361216 10.3475362867344 20.3400612785854 50.1807429210809 118.117270694696 204.723851832616
4.30041178512026 6.59485655654643 15.1019244938343 42.5761803297886 109.087000755112 194.878663700892
1.86960730362628 3.17849685527766 9.67911367744612 34.3102180946219 98.6706211154426 183.573206485778
1.18794926491945 0.990389273879878 4.51651349942115 24.5422106238975 85.987931141967 169.345558960247
1.23946248368761 2.05790874731463 7.60910253090613 30.7321085996625 94.1879581012115 178.565415038761
5.26335209557892 7.83925572259046 16.8638196364773 45.2604786593058 112.177714438652 198.316281566562
11.3928880456132 15.3011360825252 26.8913610388916 59.0076178230224 128.817722024563 216.054635301846
4.75103913975933 7.17513684660958 15.9731533557598 43.8197109104348 110.613417510507 196.531368276268
7.04383050164288 10.1001043143535 19.9378556800309 49.618368954247 117.575590834998 204.043202756132
3.75412672237069 5.87407877035975 14.0373832726312 40.9890046617687 107.151609343427 192.764347257436
3.856755504908 6.03047266949952 14.2335571058922 41.2737593641972 107.610247036452 193.180250937461
10.6759759508243 14.3963474878003 25.8033235318777 57.6194597802824 126.892941604543 214.197838191203
5.53789457682844 8.21989700368909 17.389161650856 45.864529103007 113.234037135052 199.268904876957
1.74401211786089 1.05624862363109 3.63624824327141 22.1983727313348 82.7523121417526 165.573792832231
5.43016103816489 8.04321370495359 17.169345637994 45.7032706999034 112.676215121909 198.881881894665
1.82620253737432 1.07711366867476 3.54896405122863 21.9411913202817 82.3928733765575 165.149699776544
1.03961315475431 1.11342471014002 5.1257026159461 25.9984824530499 87.9497197609367 171.564011072219
1.86672902572255 1.11327557857644 3.53280392316269 21.8827350751442 82.1910377076976 165.010178168119
2.22873815795528 3.74264999087923 10.647057703537 35.8434260453726 100.631943917797 185.722171027064
3.70954529293465 5.83465139582961 13.909744691233 40.8968468688449 106.965150549182 192.593063273826
3.64864912698874 5.7477901387064 13.783973068185 40.7009026280602 106.733529632705 192.332244005132
1.90620797002674 1.1161737497422 3.50028654315523 21.7564983207259 82.0619935931447 164.821664796271
1.37851794492222 2.34098874376612 8.18010540143217 31.6762761290461 95.5634387262677 179.982912136713
3.95002164054659 6.15074547046248 14.4239811585248 41.5533591303115 107.929362526713 193.545833453046
13.1757892800257 17.364983437797 29.5386899809197 62.6065684924848 132.868741559044 220.485605174179
1.03536277625957 1.54940128599574 6.44386884181894 28.6517752848736 91.3913473746376 175.502573272542
1.83978689063796 3.13084679610968 9.62972919632116 34.1865242171149 98.5325729192683 183.43126703982
1.01174306231316 1.35351057920306 5.97522115381666 27.6315821634307 90.1329120646286 174.053550203564
11.7362057532642 15.6505426194925 27.42018843265 59.7675079958562 129.474955506529 216.925483978909
0.996796144564546 1.25056674872458 5.72232422679923 27.1233707237113 89.4873251002696 173.312160494111
1.64660534098472 1.02688579413961 3.71950322024722 22.4949975123503 83.1159805477707 166.04648662826
13.142614289915 17.2213714239774 29.5354236818994 62.6658015363458 132.51192012983 220.403474586201
7.12070029689544 10.1313936741076 20.116218226918 49.8268143270349 117.642561380711 204.261956218509
4.30986295501909 6.60505163481857 15.0984538431453 42.6359596864888 109.042582578084 194.896436585748
16.1701355969026 20.7493411267951 33.8791092977613 68.4172559136383 139.28938218935 227.540261708309
1.0050296562222 1.3188132380048 5.91330658267618 27.4899465326606 90.0823414980192 173.889631469093
12.9910533350491 17.124023567807 29.2558863243354 62.2802293990054 132.359159797352 220.022412622767
1.37076460833097 2.32169152464191 8.14280284914186 31.5925555345192 95.4031941775824 179.853875787304
1.02704948254855 1.48995639317131 6.37002032600814 28.3614276281263 91.2205809038535 175.186432824616
3.33058785446702 5.29726111486357 13.155261690213 39.7613410615633 105.395753375756 191.010321267766
4.93288909498336 7.41570324177463 16.3007728310924 44.3231663811698 111.178493489207 197.172812318824
2.01773851831902 1.13378002941992 3.38850385740957 21.4187770162709 81.7079902717797 164.291725538717
1.19534581571215 1.00261483465963 4.48165281243645 24.5078429016514 85.8906228417224 169.25354841402
5.63070081517771 8.27249771829515 17.5359365284557 46.1594671133113 113.244481266434 199.506669113258
1.47589462454332 0.987985865316693 3.92798389057999 23.0946889964677 83.9473446965931 167.021691793291
7.36733401530448 10.4501371711145 20.4806355818232 50.4187488721576 118.354393521456 205.002948904131
13.5279662069605 17.7488161405374 30.0761262383932 63.3074170669188 133.615521494212 221.339467031668
4.69903224648253 7.08430166710211 15.884821607705 43.716210340904 110.301979115724 196.32235716634
1.02649862440181 1.4637281912424 6.29833331300178 28.2223818787275 91.0219583192653 174.972993690179
10.9041566550201 14.7162114446971 26.1429361979591 58.0006304579601 127.636447413945 214.791634094324
1.60161973134416 1.02225127509458 3.76203205656945 22.6477548559444 83.2670868754655 166.267715083335
1.008250907811 1.37334251708633 5.96648018025355 27.7541778886756 90.1866150425881 174.159843036762
3.7999310715241 5.91825225078465 14.1338794426869 41.144767449945 107.247022190774 192.938741125814
1.22082189097988 0.990746909462656 4.40600138882341 24.3092023826559 85.7381129107618 168.995356655689
3.58973445164276 5.6307525915559 13.6930543069115 40.5106716893539 106.410842365531 192.063498488797
1.77322363080514 1.04695769625288 3.58180425887579 22.0528893555591 82.6440137177464 165.375492499137
1.52482434812342 0.990644287917833 3.85020048469498 22.8397082953019 83.7455695320305 166.675788226508
1.26912538294646 0.983718141087323 4.29753385412477 24.0354523193646 85.3819780192162 168.571906152487
1.10507145729422 1.04018875683964 4.77402192570591 25.180940407519 86.9217893796732 170.347266323479
1.01591990943877 1.18945789461363 5.39270491375048 26.5306528006744 88.6933002982707 172.384389934122
1.02250476281137 1.42122951079312 6.08537663324004 27.9360408056343 90.5054791231359 174.461589150052
1.11359297348167 1.72573441375209 6.84029678996401 29.3760420334279 92.3360743277983 176.55317623128
1.28736357703865 2.10710422978193 7.6781249512216 30.883583385087 94.1832519856529 178.689669389045
1.53434287260141 2.58513937859485 8.66566328827973 32.6080246459222 96.2721997840555 181.10557879949
1.79817712974032 3.03327522420031 9.51129773038264 34.0285518521924 98.0247571746049 183.089680076492
2.05164130238011 3.44812689342714 10.2280806253924 35.2152880085963 99.5879266699233 184.769289036602
2.33879939714353 3.89850059581813 10.9586227051375 36.3793668955296 101.170900007944 186.419654222921
2.67598450283006 4.39494880814218 11.7490888749338 37.5898696244836 102.748719469054 188.0966262008
3.15509640974619 5.073583659019 12.8096480755281 39.2226427212948 104.798130918817 190.309380570692
3.76919781409888 5.89656203969107 14.0751388317687 41.1491201488731 107.11556489157 192.872521297723
4.45974124928282 6.77258115441822 15.3964834054804 43.13771300631 109.44571652828 195.47205513268
5.15998876448799 7.63719483926321 16.7012316432622 45.0499740615573 111.643053464357 197.952821318403
5.70844562096802 8.36106668806613 17.6696317487317 46.4716213734495 113.476224001459 199.844654809559
6.44635685889416 9.30467588858905 18.9788664751909 48.3776234716215 115.808493193708 202.338361428921
7.15139911534605 10.1683129976693 20.1498987229977 50.0024913154162 117.750491154111 204.43262284735
8.0992270367424 11.3005621957768 21.7136501264822 52.1547745881887 120.226775948837 207.171128669717
9.22234335934878 12.6286121392596 23.5319123162013 54.6407505115236 123.061839762044 210.31210432056
10.321667345204 13.9434825870926 25.2360088481673 56.9671325268253 125.842704132008 213.260627260019
11.4889027002884 15.3009630050447 27.0334331532562 59.3821611007376 128.649175570353 216.283688347445
12.6038319686521 16.5837167188819 28.7395243023897 61.6447099866528 131.250266547413 219.104255498882
13.3643238176883 17.4694674297541 29.8720703522815 63.1079663571226 132.992031024132 220.94338180624
14.4097054499165 18.7110434678389 31.4010266042678 65.1067811722966 135.41373747526 223.467370041805
15.4069812524261 19.8860054412342 32.8174250071062 66.9829443150065 137.658652312371 225.807692905562
16.4466057953415 21.0402369609777 34.3084384570205 68.9643671173088 139.816819520981 228.196813646815
16.9727968596734 21.5828188976114 35.0826455425004 69.9776448223561 140.797464680881 229.377426186148
16.8720050476699 21.4708388594507 34.9370374418377 69.7843714575324 140.587521535117 229.13830014458
15.8222649141395 20.3491540717129 33.3850159379756 67.7516947581767 138.537002478256 226.729644181709
14.5716917014817 18.9346740230858 31.587780631584 65.3421539601353 135.87772220821 223.814400853474
13.2817110747906 17.4646599906953 29.7174826287802 62.8204414500733 133.064890402363 220.742212541835
11.8773429601299 15.8630485934914 27.6226839101087 59.9927845325767 129.930189947544 217.272584311427
10.8487989996482 14.6599513294286 26.0574162119785 57.8846383462499 127.53215969456 214.656242021925
9.94159894173412 13.5575472873783 24.6708902069734 56.0141724217576 125.225097172348 212.265517241417
8.83374922852776 12.2504077259343 22.9212973828827 53.6428916062652 122.430513005593 209.259061116984
7.82049567660433 11.0376282633065 21.2643186320361 51.3833027846748 119.783364434898 206.374214140458
7.07369257785278 10.1056881628548 20.0404510376735 49.7003101180488 117.67707677658 204.166456772717
6.34912609225486 9.21153466464007 18.8006011132447 47.9566723101967 115.595558012062 201.914115043461
5.57707070572671 8.25164159440949 17.4616546131835 46.0166518037294 113.280862584224 199.404689137163
4.81630501557131 7.30067456417497 16.0613864623253 43.991764137359 110.945478918636 196.791146604909
4.31351057623704 6.62308098112581 15.1231024876304 42.6106328956462 109.194073864969 194.949771783324
3.81586022447083 5.95594569687993 14.1574760980992 41.170908585769 107.405461680399 193.022278656152
3.35699482467979 5.32605412964169 13.2028126414674 39.7314922989864 105.644361470682 191.087868447569
2.83511026272926 4.5975566576013 12.0636394152002 37.9633589316442 103.481156869077 188.7051689289
2.31096191360615 3.85491380509233 10.8620847805098 36.0639208916945 101.16264891965 186.137283664314
1.94622191030091 3.31324392902737 9.95467745294723 34.6217717458396 99.3631535863617 184.151553027703
1.70897296839678 2.916196334088 9.30210235557014 33.557986011487 97.9065604696748 182.63421227572
1.46255408382147 2.49506538236358 8.52990371323509 32.2653125820221 96.2591578984083 180.814198972684
1.25921458193494 2.11861198092756 7.77193458967457 30.948561521492 94.5940870741017 178.949806522434
1.11252968806297 1.77428686535122 7.02250574898078 29.607693397097 92.8514058133918 177.007595868088
1.01913863311813 1.42303196406853 6.13365820038271 27.9668311411939 90.643490820535 174.562222371513
1.00717110116832 1.15490255325135 5.33725447646216 26.428963430709 88.505177568489 172.216921617255
1.01754096100599 1.12216615783775 5.19497876861985 26.1651148606685 88.0891619007329 171.786354270877
1.00116696571901 1.29401790169423 5.73639916049077 27.2875820513846 89.5087648799282 173.444569436674
1.03975291955099 1.54616032728486 6.45337566740407 28.6725353588765 91.2184344797778 175.46594662778
1.09556740815609 1.74760862045157 6.94683106114308 29.5887553148005 92.5124894749349 176.841504005793
1.19286135700404 2.00767696263368 7.54709351543881 30.6734527374497 94.0092614912894 178.445722487311
1.3637631450731 2.32553490031829 8.18784236811355 31.7769175632812 95.4476533353602 180.033346914267
1.62948940668857 2.78799417772543 9.04937993546837 33.2344442178236 97.3115826947051 182.098763952113
1.97352247783292 3.35187358776909 10.0225729412096 34.8317031052461 99.3319252869968 184.326374556302
2.38343438164848 3.97821937744298 11.0481035750404 36.4817255248671 101.4068431798 186.595842648526
2.84947783272103 4.64908374135609 12.1287488798314 38.1796214545643 103.483946485017 188.899584864033
3.3431652986638 5.31311005654683 13.1913584380494 39.8137158222969 105.435590520385 191.075555649347
3.85526460227125 5.99362874401033 14.2256513562878 41.3913957687494 107.365127803049 193.177382883543
4.39344789422178 6.69281285638813 15.2807082187789 42.9505127006174 109.218077342044 195.234588689249
4.98112082027842 7.45594538557815 16.3782248439769 44.5630142478991 111.190344462358 197.357168394612
5.65495147170071 8.30682661118894 17.5999137575638 46.3321669429638 113.31188427676 199.660983288125
6.42307102258383 9.25408264342861 18.9414308697569 48.2212215158807 115.550979193168 202.107442270682
7.19567119359483 10.2175124658769 20.2600193696783 50.0626501091201 117.789620915242 204.510310879316
8.03332514597105 11.2614423146769 21.6236919623625 51.9657515931377 120.141763484088 206.98571544073
9.00994661842668 12.4309596498336 23.1907972148459 54.1503121789295 122.697267891457 209.753404834305
9.75142642452008 13.2423137493358 24.3927506992716 55.790444250915 124.383396350646 211.744355745745
9.90267410152592 13.4010147623074 24.6354555526345 56.1385880419629 124.728881405442 212.158897142558
9.72028622281031 13.1811803315968 24.35475191412 55.759739884913 124.276816966026 211.684311904159
9.07516936750871 12.4451349874581 23.3208121017455 54.3233410218766 122.718097268282 209.91799343893
8.16831962016742 11.4186178611145 21.8485762950679 52.2531186417597 120.517806819634 207.374869705094
7.21404427249302 10.3025913369634 20.2643397029238 49.9980161286067 118.053424616294 204.56048992094
6.35456330827709 9.24380138222689 18.7977819044881 47.8877748147021 115.620841522502 201.871685099373
5.58835003149099 8.28552288683531 17.4752749453093 45.9854818020233 113.389990253411 199.429573850894
4.89370736463223 7.3769177893117 16.2313885968352 44.187303175939 111.150325251548 197.05159754678
4.20097829515498 6.48220500527437 14.9172808848888 42.2769389779655 108.834021248214 194.518985981061
3.64625476155684 5.75074507543037 13.8101659752724 40.6505059833071 106.84767649576 192.34777815271
3.20243244672512 5.12410021270725 12.875273763226 39.23880303148 105.038165610873 190.422260702409
2.65713326161548 4.37205470927291 11.6840982833439 37.4165891646115 102.840146121859 187.973877783294
2.2657159489886 3.80720659652311 10.746333685697 35.9235941574151 101.018381282172 185.944295268284
1.98423006297848 3.35740439711675 10.0517536698987 34.7739404698101 99.4472469617763 184.326135778199
1.67579832134498 2.86592961037533 9.19926499627605 33.3842355592511 97.6865086225098 182.388126121714
1.40296255026451 2.39611613083448 8.29244753502473 31.8797209696953 95.8578846742831 180.284716617391
1.20307562202543 2.00667761956448 7.51606544771895 30.5195418943987 94.1157451495176 178.344388426946
1.09154237134028 1.71535811297098 6.89253210644524 29.35194481275 92.539622420881 176.640172266888
1.01088686115874 1.42592668401446 6.21294026348659 28.0645373242038 90.851478350401 174.755622647488
0.998523902033892 1.21373556091325 5.61861209908777 26.9214530071435 89.3648704603902 173.046850702017
1.03285302635637 1.08520444607202 5.17249280396416 25.9962344444204 88.076520689572 171.630673503337
1.11878381531005 0.995925134097805 4.71522606028158 24.9995890809395 86.7442078494321 170.100819380491
1.25019433933075 0.946000467606048 4.28910350206556 24.0194174795871 85.3994213453339 168.564492144137
1.42523524885053 0.952755306800308 3.96227753618306 23.1968750087384 84.2131110542807 167.233412116473
1.67282198223073 1.00915596665917 3.65622878616359 22.3352845184091 82.9887451612672 165.8209545795
1.9734138281016 1.10749321542723 3.40012769659513 21.4998531745282 81.8530400762942 164.437591260884
2.18357543645693 1.2016234313255 3.29632418800919 21.0320375412672 81.1557515439121 163.645762281816
2.39086367299601 1.29339019790331 3.22926559957439 20.651426655673 80.5871079094991 162.994731367333
2.45872721875712 1.32015121735804 3.19140149020098 20.5158094880196 80.4265182802904 162.769096599882
2.38278174176537 1.28657302251357 3.18716167316967 20.6050476289018 80.5562032339498 162.927129083362
2.21895607382439 1.21476871063243 3.23835380310912 20.8969157787465 80.9241608045877 163.413668769974
2.08046421647548 1.1562442212706 3.32476609018819 21.2286457597404 81.4034811477383 163.970341121399
1.96076701078877 1.10590355204806 3.4187139199678 21.5539574411673 81.9228111076852 164.525981853461
