0.845523915762055 1.39632992900908 2.50842831398845 4.1827317025176 5.28043757585443 5.83872750168973
1.24052466394747 1.78155520879259 2.9185076544841 4.55657489482936 5.6963439398724 6.24655012618135
-0.441363543441956 0.132836940649709 1.21823444483613 2.89963331301339 4.00622982544501 4.55754394151591
-0.274777590080134 0.278499121299513 1.41585448350138 3.07100889199548 4.16863310297038 4.73765866323688
-2.02923499528162 -1.47489889254616 -0.360063785498914 1.29556163275098 2.42562036621348 2.97281098578482
0.84397566170613 1.3908863033254 2.51803722575188 4.17938908226131 5.2768372644102 5.84608159217351
-0.136340582615102 0.41148010890031 1.52524183488688 3.20206221762812 4.3020722286867 4.86458226352804
-0.983972225920785 -0.440200449912893 0.678103229587806 2.33809251660652 3.45676664716883 4.01186987688821
0.695449842245907 1.23759714994326 2.36120289759003 4.02338375654444 5.13621524435807 5.69603430013773
0.0328435300389672 0.604726101162603 1.69502590125454 3.37561594207765 4.47977673756407 5.03791024316788
1.21057623970498 1.76962838200687 2.87306976798164 4.55173699454776 5.64984222339059 6.21848376827593
0.127668782799956 0.690953199214973 1.80567925711712 3.45895705829862 4.59076579660046 5.12596917745424
-0.240402501051872 0.319697738742428 1.41710453185035 3.09110733178136 4.19954115091877 4.75687163515664
-0.583673989876546 -0.0199587560695495 1.07380205316828 2.75642528366691 3.85060365547013 4.42216017648782
0.215785725469927 0.783531347842305 1.88716293979935 3.55189549628604 4.66877784048891 5.22338053226658
-0.405043359745214 0.151463064012592 1.26184074848656 2.9356993517626 4.04029467745455 4.59312595516311
-0.0769618441415236 0.475185466731261 1.58943612455244 3.27001564929961 4.374159141846 4.92599997840867
1.58247822130456 2.13136660514256 3.25063709393497 4.90381740691536 6.04487649343417 6.58034388710125
-0.0346392925156455 0.500211065708658 1.63766269375192 3.29157157809934 4.40915026946693 4.96362673134576
0.1512885146329 0.704626455244613 1.81551196231974 3.47797143752881 4.60902858181834 5.14862692663282
0.504200408211742 1.05188808372589 2.16741517906346 3.83086848556722 4.93797758938991 5.49772088213441
0.913389204126048 1.45760985052223 2.567308357539 4.24122631087424 5.35955670784341 5.90306380767074
0.210391156582899 0.753240720892621 1.87013240086929 3.53830099467865 4.65156626172047 5.2051993767429
-0.544969286732266 0.0141755111791154 1.11409081561625 2.79558741376843 3.89100957195597 4.4572030449242
0.817039569870815 1.37466134548328 2.48536506411714 4.14527841608231 5.26756107774886 5.81116202507943
0.282672891003979 0.835317094737565 1.95322470122754 3.61346203324443 4.72766990332348 5.28009514165898
2.03564969835845 2.5850340030797 3.72123049127432 5.35242736849894 6.50256114635513 7.04259762786647
-1.82251170153505 -1.27139000636732 -0.157479687629073 1.50406940648561 2.63020822166738 3.17808482107616
-0.765884778321438 -0.203743035941606 0.902703426856315 2.57190369589115 3.67434785673443 4.23465962399232
-1.54065874923889 -0.989800009136711 0.129263309734397 1.81178744749147 2.91252539761039 3.46252788753975
-0.868927477254646 -0.307210390815675 0.79273855246884 2.46393421074851 3.58627479104794 4.13330601208142
-1.65106396192217 -1.0964221189836 0.0135108557601702 1.69334299929809 2.78439249569143 3.34728694995581
-0.523890158091058 0.0380797323401285 1.15199758799715 2.81186787446655 3.92722413291408 4.48205662572842
0.440438942577459 0.995021641267497 2.11217482002448 3.77289721276343 4.88617492739191 5.44383500014401
-0.2288621348807 0.32253044288345 1.43947667100684 3.1096567657537 4.22733216065122 4.77656586590671
0.174256984543968 0.735867593303656 1.85135051241419 3.50468851317538 4.62708920799615 5.17699634031123
0.0515952772659874 0.605858225974535 1.72109729979973 3.38322258110643 4.51456202157134 5.05907909553953
-1.06870832516153 -0.509109429096174 0.595692731196258 2.2547543574888 3.36465945428798 3.92835410138582
-1.75635480947961 -1.20193038412594 -0.0920751404389428 1.57656618050853 2.68612541271961 3.24015252313362
-0.219093289900239 0.327261606618417 1.43533334488498 3.12966850163769 4.20544764382934 4.77801174309892
0.235546282544196 0.798658133138665 1.89253400443632 3.57217134628356 4.67793826177383 5.23445198423412
-0.0346715531482633 0.514720970718345 1.63053616305517 3.29833363272795 4.40531683811934 4.96303301041457
0.182650493663944 0.743287425144177 1.8562737928923 3.52010576333184 4.63660556581481 5.19120189353848
0.110025609188161 0.657242851862693 1.77328823371108 3.44281629139413 4.54713196304191 5.10374138837259
-0.836836582944965 -0.269718311688086 0.827231598360775 2.50500464761355 3.60232586268258 4.16608415144095
0.354560694315356 0.911917507543036 2.0279634783997 3.68923773109238 4.80826104324015 5.35671062270949
0.269532516756207 0.828216941287878 1.95255652021118 3.61090355757443 4.72656811209741 5.27844903248267
0.116205741772272 0.662733937810583 1.780875220051 3.4486772800051 4.55491727920243 5.11060822314726
-0.26955441866018 0.295462790738959 1.39006077295514 3.06420805066654 4.18935266305269 4.72471317639071
0.0999216810289394 0.64975832236202 1.74958119105442 3.4386776956186 4.5323494447681 5.08343149972816
-0.0670403778006585 0.492363830545515 1.60303001604008 3.26596067080333 4.3760062227597 4.93673217069996
-0.00206160808095649 0.549763907236714 1.66222495389178 3.32218860572659 4.44010083988543 4.99075860360078
0.204282451666499 0.764061107616798 1.86191481421462 3.54677322306493 4.6581548049815 5.19472381407062
0.912171341384319 1.46043369195233 2.58701936967454 4.24461579701421 5.35742554755848 5.91230120998669
-0.28647338488864 0.265264337369407 1.37910488546563 3.04834335071784 4.15375399418304 4.71219477250264
-0.249479194648307 0.314241941593957 1.43328801706049 3.08969134827817 4.19744726974829 4.75621937815926
0.710518083550498 1.27916080505756 2.3895959362696 4.05645910032564 5.1507169912608 5.71072309994658
-0.146636281549227 0.397584702687809 1.50852974970295 3.17338821319294 4.28753937809032 4.84776487176711
0.0463813947698552 0.597342913915966 1.73212825047467 3.39453256648091 4.50016320972456 5.05636432668928
-2.29915699539373 -1.73522610315065 -0.642490866447415 1.03940499278291 2.1501182831218 2.71146707553927
-0.210399997896882 0.344514816955405 1.44871441751844 3.12516161209959 4.22227787920436 4.78291680048416
0.112905898633717 0.667601195310948 1.7888624854895 3.43661584031361 4.56580659124806 5.11200170616191
0.0289568978756417 0.595081837380749 1.68496959816637 3.36621999301691 4.46578727155363 5.03027733313051
-0.0443121502563682 0.507600281631839 1.62119252743925 3.29083453027994 4.39397965268516 4.95533366394178
1.30823273279743 1.86580548440887 2.97284505314935 4.62666777483866 5.76150095316291 6.30503380625288
-0.405909258931526 0.147638495816867 1.27504030578942 2.92000823640149 4.05448840908594 4.59199448061081
1.66939177307484 2.23605393749923 3.31947799302073 5.00232897910121 6.10790712041354 6.66632849962902
-0.00492993896605039 0.563280502843319 1.66485233598748 3.32366363576503 4.44379614444104 4.99494295139213
0.468198589060424 1.02270673452568 2.12380764030379 3.80137121973654 4.90165480336778 5.46053010972756
-2.54597928383465 -1.99496968179527 -0.877614989039194 0.77990383904877 1.90614339847351 2.44665254657493
-0.519310538869102 0.0418029095842 1.14505792092496 2.82439200095362 3.9192684607578 4.4793521552015
-0.0323811358243673 0.524876266653326 1.63518287876653 3.29556830806131 4.39646241194271 4.96691261416743
0.156965007770089 0.71664513204022 1.81660175536394 3.48965417742493 4.60127915550584 5.15472597580864
-0.547433520863204 -0.000886488151404144 1.11294730955424 2.80159938143268 3.8791078395373 4.44933685895325
-1.50936501524612 -0.95776986204753 0.15986761605547 1.81944991519929 2.93130315536225 3.4833223366615
0.164828859200297 0.721686185938659 1.83368166925403 3.49558653554402 4.62064409810357 5.17237346139832
-0.897422632163554 -0.336399034371976 0.750300295293011 2.42949354009387 3.54972977632124 4.10721348197546
-0.4103199208749 0.141300167152961 1.26432687204011 2.90818491182358 4.05136602562759 4.5891321896826
-0.0446463512194599 0.501459860831774 1.61939324470641 3.30269934124417 4.38954692556271 4.96460279000667
-0.63481263423809 -0.0786894097678744 1.03199424412138 2.71353467693541 3.80167048053823 4.37341252663639
2.11869226767693 2.68265013340123 3.79323601178584 5.4618927126175 6.56071907645861 7.13193061487532
-0.296677758305722 0.260573702041463 1.37147264956038 3.0404923639418 4.14850178880847 4.70364442499211
-0.0886580857382502 0.467972038047776 1.58198121390678 3.23832729452602 4.34960300981258 4.90723672588479
-0.276104430298652 0.271698294027516 1.39004101369541 3.06152937380463 4.15881228740211 4.72275230778059
0.339063884573109 0.901783821205744 2.00372424876833 3.67872050574256 4.76538746880539 5.33894591546607
0.0553301670017738 0.612403975965928 1.72517758714747 3.39201752237865 4.51527181586209 5.06715361150476
-1.19475705911401 -0.646807748869848 0.479970372277305 2.13544029765867 3.25746563872992 3.8004023063386
0.338561830968245 0.908489016953331 2.00701504046566 3.65926925186579 4.79920304134789 5.33912906482928
0.343861508420409 0.910927731446707 1.99093527056063 3.68715182141326 4.77530071037487 5.33804163055341
-1.77549775922146 -1.21441698239272 -0.117711716492219 1.56285104849008 2.66799294095686 3.2237090472389
0.261501616568142 0.80626450897035 1.93482632222811 3.59484983023374 4.71105750364486 5.25947748634653
-0.132568124308415 0.422169111711055 1.53835987057564 3.20053122931496 4.31075411173704 4.86698280342052
-0.185048873781534 0.36683246325935 1.48227679432959 3.15795133772594 4.26759124272664 4.82107535193831
0.091982438742075 0.625796133001734 1.77329802428931 3.41953693173194 4.53244373538894 5.09266424029093
-0.0904447829851549 0.456431219976274 1.59415559921461 3.24454379277106 4.36281077173651 4.91431717848411
0.199603303587952 0.759247337972056 1.87727995710064 3.5386306359407 4.65695115431343 5.20849806632278
0.233900177859607 0.786965096510128 1.91166859131252 3.56172720956159 4.68109233872522 5.23610601295159
-1.19992226128501 -0.645414252328151 0.47062397876471 2.12974009083658 3.24889394835492 3.79677216369233
0.0157217999469374 0.574417940637204 1.69883994125909 3.34708585161688 4.46799479678766 5.02162772904632
-0.0465426925371054 0.505508392167359 1.62412567023423 3.28565455350743 4.39714345741858 4.95362894354527
-0.208309620213964 0.343089410953451 1.46199351754788 3.12830724581385 4.23488132294339 4.79218931008429
-1.00197325031085 -0.441390323611936 0.665207063148159 2.34104814649307 3.4358617675444 4.000767564213
2.06130339026243 2.62724991343767 3.73232921205335 5.40556732504177 6.50355870699847 7.06955401853646
0.133086375627214 0.69562923803715 1.80238850046282 3.46845281491988 4.58645978523938 5.13841824491329
1.44897811886049 2.01707561606189 3.11026318538871 4.79258113134006 5.88399716728258 6.4486123154015
0.61417221629006 1.16504392907497 2.2888333686597 3.95745353653551 5.05571353653385 5.61606621805003
-0.0888334488570554 0.470454643659025 1.56850264029568 3.25226809081494 4.36763138284277 4.91516959796389
0.0122174351412159 0.575164804740866 1.6940717868194 3.34175468919026 4.46707574431233 5.02246239739688
0.134246259233995 0.698533066742352 1.80107130616225 3.47022468697773 4.58537176249026 5.13827971614153
-0.54041740774176 0.0193178146770551 1.13568523746114 2.7920900940134 3.90334140601462 4.46078627638462
0.278850010881661 0.838412780300838 1.9474354448225 3.60997286103871 4.73253544319709 5.28037288408488
-0.21011803968818 0.341583829116784 1.46678284704507 3.12679550151745 4.23918786643765 4.8025445794965
-1.06213969307224 -0.513096551882454 0.61074910463316 2.26236590775173 3.3818377585972 3.92854495796841
0.538538132786749 1.08585993977198 2.19841653782465 3.87492294651591 4.98022828012827 5.54251802458867
2.04875326737331 2.60972926867871 3.71360891033369 5.38759751424599 6.50078153896772 7.05519361440009
-0.700374658226001 -0.14420122628384 0.9549809251882 2.63599722553632 3.73214644437545 4.30231428708193
0.0906155988996385 0.641157737710844 1.7655712979126 3.41350778676047 4.54276455341771 5.0946774144415
-0.0216782676459213 0.540267452126288 1.63786549989762 3.31750276090776 4.42142438501093 4.98359531461236
2.32029347924367 2.87588178198575 3.98791777935584 5.65329750718625 6.76349451466323 7.31843266307072
-1.43724215355238 -0.883324485319809 0.232241545134159 1.89640484465105 2.98794367097622 3.56040905208059
0.634538266404046 1.1737044522637 2.30134561282325 3.9591484591386 5.07166090059092 5.62539380068141
0.349254938304052 0.899600090589232 2.01954555399822 3.67024462090764 4.79242555835497 5.346411964211
-0.225968052437755 0.324594652921115 1.44811121011885 3.10643010996907 4.21756759122335 4.76818213127962
0.907311889863525 1.45073905741892 2.57904873041369 4.23103529797407 5.34911857645272 5.9093922312852
0.442661650006705 0.998031376190874 2.09564260838394 3.77352382880197 4.87833113237417 5.43830715604918
0.303194885266432 0.865617859538678 1.9697925572079 3.64106622658069 4.76014506070638 5.30734034290532
0.337305040327568 0.902680629966177 1.99560579697129 3.66809569279567 4.77873264826406 5.33474199071862
1.01576113131998 1.59449984067576 2.68581242538528 4.36541997791944 5.45231363348196 6.02314561446045
2.29417517647442 2.84525510758127 3.97674188495482 5.63236736339574 6.73216208917075 7.30437796188037
-0.533893917467563 0.017940167366776 1.13372149540488 2.81382032369468 3.89358427223366 4.46763439497844
0.34018027064646 0.898314296150698 2.00282094006845 3.67086101365628 4.78370782805172 5.33382898857476
1.73488415263715 2.29688924034864 3.3901386704401 5.07228015208254 6.16213928032622 6.72660009852441
-0.812282748631136 -0.244050053028776 0.853632574303684 2.53404761480526 3.63352419721272 4.19075384546433
0.405409963819955 0.969251347120389 2.078178300291 3.73180028265126 4.86240724098885 5.41122904009237
-0.273676183833294 0.29759225835427 1.39223234154027 3.06829729554161 4.17517892879492 4.72517998862049
0.495565673742004 1.04269619763064 2.15759700336863 3.81517085777976 4.92282263409823 5.48969425591422
-0.0168561025031942 0.544587547034655 1.64312693914038 3.32623322851954 4.43049227142019 4.98645112136489
-1.05314378722727 -0.497730132408599 0.619815975429477 2.27561504682131 3.3948870916177 3.94585984952309
-0.0621902245712167 0.491707222252243 1.6092810401963 3.26314471139783 4.37352312347668 4.93116186289097
1.33648562089264 1.88317598611054 2.99715490144636 4.66212039493481 5.7872607108187 6.33157236575645
-1.12974912947505 -0.573408426840487 0.544706495474659 2.2019202335176 3.31532878914945 3.86879406238325
0.0716716242107055 0.623267551266773 1.74340500475896 3.40467462614532 4.50674284483034 5.07405697172493
0.826254198995699 1.39539885986128 2.49781551660431 4.16554988771112 5.28120729208394 5.82447613342719
0.608519997297299 1.15295574146284 2.27729124301807 3.93944114553908 5.05477236266208 5.60756257040731
-0.743261159040844 -0.182957844995961 0.908197430017104 2.58670823045332 3.7065527248141 4.25480579074121
0.775156268281044 1.32475962575577 2.43849822368919 4.11309223239849 5.21200505112035 5.7681212583542
-0.322637459348277 0.224764371485709 1.34459527360432 3.00447878382808 4.10533601916511 4.67091327157509
-1.19388730398804 -0.649188836338536 0.474329981687526 2.12711331068339 3.24284110561761 3.79968086822908
0.408264872363928 0.964112951778039 2.08242400396971 3.74046414668773 4.85459533026789 5.41042082518642
-0.370849430950766 0.187280899055316 1.29855199275091 2.96239597021482 4.06947473476579 4.63266966974459
-1.54040552394033 -0.988184957127633 0.131333762169864 1.81084748290121 2.8946996251049 3.45570159800445
0.296684580062666 0.856556487010108 1.96676585033402 3.62208357537006 4.75047856099089 5.2950092072348
0.340088180459335 0.91063922558877 1.99776924295594 3.67661924361533 4.8033668609488 5.33410498097827
0.506830479180759 1.0703806549572 2.17779733606028 3.83935555665131 4.94734786878466 5.51712531890696
0.127126076746221 0.680125538949308 1.8014093178759 3.44746416583721 4.57167461662116 5.13600199299964
1.78242226534008 2.30898267750934 3.46223816478728 5.11690244702938 6.22639100248587 6.78360619903566
-0.136054178690201 0.413826070036144 1.54167869035273 3.20980105410724 4.29446616249543 4.87117293034797
-1.67714571744228 -1.13769145381459 0.00801342510966868 1.65799606305483 2.76926668892204 3.32552837924945
-1.15930288828142 -0.615715513188181 0.513779421932527 2.1640046330378 3.27665685097053 3.84160668178046
-0.924578782997532 -0.372320862628369 0.748407332711932 2.40347111116317 3.51464455941504 4.06830338921855
0.0136123118146649 0.555621951850289 1.66852055563326 3.33662738822644 4.45155420995536 5.01153164591534
0.279994071150546 0.839575312117165 1.94839809990675 3.61182888051475 4.73374757178268 5.28172899152667
0.791328784568903 1.34992003708034 2.46148547242498 4.11910132699726 5.24278118224609 5.78540570595522
-0.245697074178067 0.314282354559375 1.42033259855102 3.0994749880729 4.20683731989925 4.7559617716141
-0.503163569928454 0.0566331997971983 1.17611368492273 2.8312073613303 3.94099076601325 4.49831213235381
-0.357739669320997 0.199827639234157 1.31284465295489 2.9750546429153 4.08116436471266 4.63945867265515
-1.02998423833571 -0.490981096568019 0.63395442223753 2.2897252377223 3.40655823414493 3.96069607552179
-0.745042470899304 -0.17546459887635 0.912467254175166 2.59784134775836 3.69893517041616 4.26315104864171
-0.900907145164941 -0.351423200511729 0.762715591008723 2.43174322695511 3.54437319760174 4.09704378362287
-1.13703557546569 -0.582822356982145 0.527976867091534 2.1890318287977 3.3093857517972 3.85794868450356
0.758815312423206 1.30626893487238 2.42286375651301 4.08651475123407 5.20304867019304 5.75248381002207
1.3343417181481 1.89560325988825 2.99651573357243 4.67889656688392 5.77771209800379 6.33910179819696
-0.214294169097859 0.333431743195773 1.45278585963022 3.12575838811519 4.23507446787879 4.78834599205328
-1.79529954989077 -1.24877414885819 -0.127467556510918 1.54535341846677 2.6578449690911 3.21156601386613
-1.84814005343182 -1.28630442401632 -0.179869630417419 1.48878038933447 2.5940938719888 3.16101629835587
-0.0210977344222406 0.539989670785753 1.64739353809743 3.30228258403966 4.40247703328855 4.97643696832714
0.373807177830402 0.922997277321826 2.04158189340582 3.69793953889173 4.82669190228137 5.36452255330816
-0.0157176422988006 0.546300565234456 1.65281084500777 3.33259362195909 4.43397271483235 4.9850243276348
-0.739976067062866 -0.17173542900125 0.915255101179823 2.59646317844362 3.70673211391904 4.25644971695531
-1.67985719977938 -1.12269709510168 -0.00802008031028239 1.64946575991959 2.77363478997654 3.31328779785169
0.422445595073503 0.974017854287383 2.09676078565972 3.74883415566412 4.87038738155146 5.42231566999947
-0.397585514245569 0.156086828924871 1.27684115524212 2.92613825407479 4.02998232651757 4.59883056344342
-0.221631751170079 0.338857880663357 1.44055790595736 3.11722871778613 4.21454508459692 4.77704231779444
-0.0417713490450276 0.517372854935822 1.59659822823699 3.30016002387755 4.40426726485184 4.94451633631554
0.93770573923512 1.48565143321699 2.60476332243994 4.2571625641789 5.37025746542475 5.93546644387611
-0.326654822437152 0.217042260933671 1.3361429758889 3.02065068906134 4.11572807397376 4.67698281391429
0.36118112352919 0.928985995016642 2.01513746831699 3.68670427458969 4.80408423251485 5.35563805564231
0.670756301614615 1.21194076953142 2.33643605687464 3.99794623094965 5.1118519337656 5.66620938290772
-1.01857298630835 -0.46915949700718 0.652999360442592 2.30927195283317 3.42599240854202 3.98126840317848
0.349340280194876 0.897731383637502 2.02356573732709 3.68377662548045 4.79636928757797 5.35284452772653
-0.214067069214825 0.332897719819252 1.45431397231829 3.11217315439439 4.23024474312478 4.78223778797763
-0.709841283815953 -0.15872828780824 0.948735164743945 2.63205876097528 3.72481754470419 4.29123301466729
0.319933318352872 0.873653188220864 1.99306343190839 3.64008266342221 4.76434226303412 5.31872840366508
0.135946459210805 0.680874370425442 1.80834881602322 3.46830213430418 4.57767623030597 5.1397770247112
-0.189267687706874 0.359337956295587 1.48070444830238 3.13874328771447 4.25343497423888 4.80336241809333
-0.305983893238528 0.241710154451437 1.35426221013974 3.02211125315265 4.12573093464967 4.68455788272948
-0.690736559036403 -0.136974370971097 0.966152154172399 2.64891312411251 3.74555361880042 4.31478254769693
0.427929129826341 0.982207827381249 2.09347459862661 3.76211107246774 4.87924044507253 5.42589500525317
-2.25357701042755 -1.69275967055238 -0.601042524196445 1.08523257324376 2.19201190108708 2.75400146942166
-0.984707864390508 -0.414201912535348 0.683863135665602 2.35413462088801 3.46564309156683 4.02723040752291
-2.03088834700173 -1.49382751605938 -0.364644250846047 1.29322036971495 2.41827884698063 2.97086912935852
-2.27251779511031 -1.70740104323314 -0.605386287601745 1.05409353698812 2.1895414404409 2.72481505316102
1.14467798431417 1.70022449084452 2.80804522212637 4.4820701972149 5.58052176548818 6.1463215474369
-2.52943027500648 -1.96100783284558 -0.858815457224742 0.826235167928798 1.92228853737568 2.47167309053205
0.058419170695114 0.611638260857933 1.7110717883379 3.38787380117584 4.49467833526429 5.05218309379474
-0.627322379734151 -0.0727421863437347 1.03462240029849 2.71773198044725 3.80698211365467 4.37955856650354
0.0920834689497827 0.649870008492179 1.75624861852941 3.42786742146146 4.53031493225205 5.09075656885929
-0.0818031795246356 0.476455179601559 1.57439783894537 3.25811542284144 4.37321163685711 4.9192345981864
0.204245081499051 0.772445728268265 1.87914793356103 3.54131024896675 4.66063202133349 5.21341927835314
-0.246116868657606 0.321547507075018 1.41806278885172 3.09413798674996 4.19764559529034 4.75511122948858
-0.693376111413749 -0.140746494569983 0.97584601152718 2.63500499932061 3.75045680905714 4.31193360861954
0.623832966477294 1.18674146014091 2.2986007548715 3.95175669286093 5.07980324232372 5.62388276377019
0.163264168568552 0.728279650698381 1.83340086859312 3.49735438813184 4.61716255470153 5.16331544692606
-1.21743352675979 -0.667678934356885 0.45959237043289 2.11266468940128 3.23195046484383 3.78106980009851
-2.24730164596056 -1.68860570093956 -0.581846748336249 1.08042943012075 2.20640984511856 2.74982738190155
1.27841814383235 1.83991793826378 2.95827510275066 4.6213644013157 5.72175885891441 6.28302972035654
-0.106330980505441 0.439707067650413 1.55118689697343 3.23195556525558 4.32720502994533 4.89084587164872
-0.235444737537363 0.33526965120693 1.42931000831523 3.10884599432904 4.21389338214279 4.76538696839156
-0.475212504782429 0.0883043424833032 1.18971161085489 2.86378455806846 3.96031009643777 4.52816098304918
1.18775016459792 1.75238931973816 2.86236844584514 4.5296779454903 5.62548283764821 6.19853902801188
-0.555057152464886 0.00816994491189658 1.10855443631819 2.7938606609657 3.88516293419713 4.44832948512906
0.0521736915512906 0.601469516966705 1.72830001723578 3.37091067260885 4.50571276535709 5.05711378692795
2.25019294274474 2.79628231315436 3.93263605188843 5.58584854155309 6.68405570430428 7.2481527466872
0.834013900679624 1.38792936841398 2.50973944217086 4.16014505637438 5.26791170220588 5.84071969094157
-1.17847421975434 -0.636126221777237 0.501151815420485 2.14750967927655 3.26109625407303 3.81746900108147
1.92676531805081 2.49267410567832 3.61351922953523 5.26528612863817 6.40224645314787 6.94692581935089
-0.765939388669631 -0.196807291591667 0.891512232679068 2.57146892250621 3.67953097530281 4.2313049622802
1.92862408044324 2.496873718924 3.58305526879668 5.2678834904861 6.3745122219432 6.92351954677865
0.0909376339321103 0.639941932512342 1.75986370605607 3.42370557642058 4.52714813981446 5.09033088157964
-0.87866860638221 -0.308986870920213 0.784156009875705 2.46647755466826 3.56266150250259 4.12755253690861
-0.24104298364753 0.311425796364113 1.4452225698084 3.10224782289764 4.20332315294322 4.76952742686582
0.344280919950563 0.901163314177244 2.02002555285492 3.69349244038816 4.78458979129886 5.35088878233187
0.168265575081873 0.728037331994101 1.84324685002336 3.49378942533476 4.6169200164432 5.16264164095247
-0.121054492291162 0.4328556806186 1.5597261818918 3.21778439793236 4.31992240444386 4.87992447613679
0.713876186305359 1.25976721461047 2.38343488807126 4.04462618929848 5.16816627699307 5.71737370256139
-0.0105170486791937 0.543260894920578 1.66303191958416 3.30745214549936 4.43301162463698 4.98590496399255
1.23835333416144 1.78942156315244 2.90455371007953 4.56730253795732 5.68925009099172 6.23779377830106
0.936990551836064 1.48191248785858 2.61767606184312 4.27057214008134 5.39357838546287 5.93915186235214
-1.79175536362312 -1.2455788993846 -0.128774084252144 1.53768177004257 2.636705832607 3.19844628859367
-0.824384163150705 -0.257852692366554 0.839248016263595 2.51644142809236 3.61464257072757 4.17703139946834
0.444657708327961 1.00992847267205 2.10951224468805 3.78258910019689 4.89431039336687 5.44146441741538
0.0835491304778422 0.6338136235446 1.75995875455964 3.40896458950433 4.53567954083168 5.09158143414087
-0.0687433679363233 0.482956316024255 1.60164522658493 3.27451537632354 4.37000376920022 4.92865976058487
-1.82469753919613 -1.290476311845 -0.149913908849188 1.50593977885311 2.62110198919178 3.17725526775599
-0.24167158442294 0.314163046038568 1.40926593645029 3.10947244659895 4.19041931473879 4.76006530589293
-1.32330949160642 -0.779544200410707 0.349626067386713 2.00282780421041 3.10688233866692 3.67276971638723
0.0219010856969084 0.572595797150913 1.65530658224811 3.36185307260724 4.4626068910643 5.00090617480577
-0.133692277192655 0.428254710949432 1.50260697967299 3.21691342008624 4.31015566610052 4.85640685828031
-0.245183714110091 0.317948198450435 1.40289651061453 3.10797503025707 4.19302267086973 4.75887744092655
-0.301271757574569 0.253490611609767 1.34917460444954 3.04187455756301 4.13901627456467 4.70381121839968
-0.317513784509258 0.243095166997411 1.34130504744655 3.02059544858538 4.13399718575254 4.68527106133826
-0.325128014006035 0.242728044917918 1.34503814092536 3.01346904231543 4.12797457370491 4.6754669535431
-0.291089044666239 0.275849657210146 1.38989976738966 3.04584192293523 4.16093276760263 4.71305015246584
-0.22218302466542 0.338036443925762 1.46650184072339 3.11472356078036 4.22743256708017 4.78419908597074
-0.117426796866472 0.42896550769602 1.57626458527917 3.22056538850434 4.32671922620676 4.88971052200777
0.00917473667795928 0.544907370227789 1.69859238368551 3.34120231283117 4.45322915170096 5.01202296005178
0.144597614120507 0.679360504492583 1.82076963155434 3.46949045718689 4.58237147173393 5.14407787597937
0.277930778667209 0.830968013165466 1.94435930169701 3.60859722534424 4.71448273015366 5.278055552672
0.408410303795588 0.971974938289539 2.06166237387007 3.7339366271468 4.84420131805314 5.40353034982672
0.54813896724179 1.10593906844378 2.19999231420847 3.86955113711825 4.9794280010554 5.54741074561973
0.71228368872453 1.24524087169136 2.37162805137154 4.03720349041248 5.14558721190301 5.71156525716399
0.863636849337415 1.42904428438037 2.53181367839781 4.20416874673764 5.31257290794473 5.86093845696422
1.03230935904888 1.61076301449628 2.70171496941726 4.38209636366634 5.46778354611206 6.03971138563636
1.13452560690792 1.68655864264531 2.78677411686473 4.46820201329892 5.57356851294568 6.12657403575061
1.28175603106747 1.82533154713621 2.93113879812806 4.60904532481674 5.72266016123426 6.26931655244715
1.37496130188844 1.91907072610378 3.03253257346477 4.70601122395592 5.81661600125064 6.36796229499484
1.55951284520076 2.09309455867468 3.22231472921753 4.89258751348671 5.9981810327647 6.55361461020337
1.771146688756 2.29645295129131 3.45081238884688 5.10708887593572 6.21268701589484 6.77215871100472
1.93054033678972 2.47515236644785 3.61336909476876 5.25288189686244 6.39519650400498 6.93645786009568
2.13892775168703 2.68676261284234 3.82765397497136 5.45514555743874 6.60190624602108 7.14573427478468
2.31598712234689 2.8579932908305 4.00591962208719 5.63809898796527 6.75772248989888 7.31747172571505
2.3136283242209 2.85789164875008 4.00201607544645 5.65168614376628 6.746311216439 7.31381420889573
2.39636606145862 2.95351007704734 4.08970246549445 5.74454261674483 6.83816404684418 7.41236560606561
2.44301613964611 3.00031458580393 4.12400844881996 5.78267376104286 6.88648775717313 7.4608162203391
2.51374350673643 3.06736610819295 4.17629025578625 5.8456025192997 6.9522312199288 7.50959698598533
2.45589881689204 3.00563301799594 4.12384938831952 5.78883968394546 6.88441897295242 7.45063048366382
2.20520161972388 2.75704625347313 3.89710906874841 5.54658969170162 6.64902347184115 7.22519863536352
1.6951445776277 2.25596135734007 3.38579364358443 5.03303075713278 6.17135315543281 6.71819844871824
1.20081049558087 1.75061492230686 2.88725082208843 4.53477699552451 5.67028721694885 6.21348185279969
0.837533978045498 1.38014434141559 2.51623257021829 4.17009944893548 5.29222410640924 5.83821201297953
0.482097697224258 1.03076407575309 2.15032437609906 3.81475664992272 4.93507049698844 5.48096336359067
0.38464009795543 0.951548982913726 2.04728207567381 3.7222024992545 4.83709186675938 5.38114149181695
0.416655927902171 0.996993778541274 2.08619382523918 3.76144170389641 4.87042779426765 5.41061689739843
0.338293802244781 0.914703959273978 1.99586196285962 3.67562417507406 4.80379403793089 5.32940260645359
0.260379782657781 0.821841393965801 1.92681448620479 3.59540254639933 4.71638094512182 5.26472591706938
0.29836799823941 0.856605941767918 1.96843795397785 3.61688690487198 4.75363775329506 5.28913756669187
0.293237335395727 0.865720369622315 1.95851086787943 3.61029147583128 4.75594629610091 5.28920450490143
0.264662287443544 0.832598653073017 1.92323017345748 3.58763478660286 4.71887654668277 5.25521194885524
0.187061924941841 0.746253507296336 1.84377914159771 3.53059483277481 4.64177347755152 5.17657171546718
0.243133488387155 0.799429289076212 1.91370996450185 3.56071940842154 4.6882952954209 5.23695014572102
0.267278840550695 0.827357206667575 1.93449866285945 3.57551929898625 4.70248636916094 5.25965320641017
0.271080352361178 0.83240921525167 1.92059895797699 3.58951834311968 4.70186287154525 5.25834210252464
0.223699447481923 0.78559160374796 1.86189051814003 3.55054862309787 4.65359654498419 5.20565977560512
0.146358068456941 0.707012566477107 1.79369031145236 3.47646133259645 4.58250773694796 5.1352373265854
0.106395797119166 0.670948400841844 1.77658525407637 3.4417765433548 4.56223987426995 5.11316189491435
0.120830793491372 0.678734929442612 1.78409386899337 3.44607825662899 4.57189806600791 5.12443055439821
0.0994713766290306 0.653111539740548 1.75943586464286 3.42938471255102 4.5374943431417 5.092942079968
0.0629453114110844 0.614415463515523 1.72894541850538 3.39490789088951 4.49483082480664 5.06124908397363
0.0257121689281123 0.585648049508389 1.70276533896382 3.35369910852439 4.47091866727767 5.03299257201358
0.00466368273555842 0.558122977932855 1.66760074857929 3.32695072314307 4.44396066033049 4.99744025068899
0.00855215335366055 0.568422555711918 1.66427760616924 3.32735872071513 4.42647279665197 5.00000116244476
0.00419869678041956 0.565192275586315 1.65953269130368 3.33311304572952 4.43111440495591 5.00523336829722
-0.0280765242775244 0.53044111508306 1.64186193719754 3.31436403205532 4.41043374870685 4.9794845854481
-0.0380567569434788 0.509315540098108 1.62907265076631 3.31086650388777 4.39762249934812 4.9734810898459
-0.0728788186397995 0.470809064742204 1.58126027227702 3.27022628929654 4.35867532952691 4.92863003340791
-0.113194242908543 0.43466534043796 1.54923820631549 3.24080191224858 4.3304705822233 4.89438298525319
-0.167612974543143 0.379618994485218 1.50255995761814 3.18659140713457 4.27320424152113 4.84271208219816
-0.187595268684647 0.370837201553502 1.47853542798823 3.15907732185746 4.26037549379815 4.81804624631555
-0.190595531006268 0.376966855515914 1.4730405371225 3.15622238566414 4.25532232366423 4.81130992225458
-0.183368454362778 0.369539549841902 1.47888899966835 3.15811847905296 4.24300923074807 4.81181778898176
-0.17933176473984 0.36771550619157 1.48142011361847 3.15489330004378 4.25580816440299 4.81138958974801
-0.20996445648679 0.339692808976917 1.47825841516947 3.13317328157861 4.23263965556407 4.80308334803891
-0.254604680059186 0.292281195746342 1.43575824278207 3.097659668019 4.18791054575793 4.75750389430389
-0.283798610751897 0.252404275111041 1.37993221836057 3.06726566551191 4.15709242266923 4.72356327417527
-0.346171232796296 0.217208992356131 1.31426624982705 2.99982802172403 4.09325850274332 4.65190617612854
-0.378585162927848 0.180531272097204 1.29265018430131 2.97480628366354 4.04863120835119 4.62133584642884
-0.391142003403672 0.163370538023913 1.27888482189214 2.9567763637035 4.03208398548487 4.60764915263629
-0.436932319402348 0.114706032958958 1.2261840346099 2.91290553561435 3.9900372005806 4.56083034256593
-0.46389919546559 0.0798064194924114 1.19307198112406 2.88221835568795 3.95491409769095 4.52875334655276
-0.445099691082517 0.112270903750729 1.21126564909606 2.89262803683241 3.97982578525627 4.55429916001047
-0.490641446989359 0.0612904201358521 1.17334529980755 2.856054971144 3.93978260813562 4.52029964617431
-0.794206744130362 -0.237084321955071 0.879325265950523 2.55628936647706 3.64702397163087 4.2089717597259
-1.24383052923825 -0.683260033809791 0.434610705920105 2.1002368929647 3.20604239365483 3.74863266589738
-1.69433256613293 -1.13715253713682 -0.0215003166266757 1.6350495678882 2.75901099032049 3.29828041242579
-2.12655176357325 -1.56636384058883 -0.453318319213448 1.19146443183883 2.32957444765322 2.87407568038673
-2.5433662448051 -1.99259623315016 -0.875123491716273 0.781039371657479 1.90865070080798 2.44919605620622
-2.65024367927315 -2.09046183872552 -0.98017440225741 0.689242560540398 1.80186301039484 2.34316505881389
-2.58267109251435 -2.01366836731101 -0.911322425722095 0.772630926944273 1.87005746110973 2.41676138964763
-2.45051430330159 -1.88420931767371 -0.792788416841265 0.897677834625555 2.00028045850966 2.5596290185029
-2.36224505846268 -1.79088532834191 -0.698740944212914 0.972556871765653 2.09624895954099 2.64413540650479
-2.22323041751971 -1.66122418460421 -0.554774156888462 1.09930176524619 2.24344947831833 2.77319702406202
-2.00472105275023 -1.46028148161452 -0.339957213526708 1.32152768360057 2.4503341917503 2.99977792381079
-1.92761671511234 -1.36746487745085 -0.270501381387121 1.39841830834319 2.51834298139896 3.07394647886331
-1.7827854968002 -1.22136763883884 -0.125979648029866 1.5575674392793 2.66438667596991 3.21692552932935
-1.56246123291097 -1.01058740090819 0.108485400572661 1.78892214513285 2.89804878591429 3.44253527087979
-1.41639976001275 -0.863070746833086 0.261921720022284 1.92511847450143 3.04164121822443 3.5871545915133
-1.31381460587275 -0.764629359674664 0.366704126142253 2.01930653822641 3.14091245947589 3.68708592259708
-1.18299295023377 -0.626019568206347 0.49157119977565 2.15341744461881 3.25729236866108 3.82196110233909
-1.01426619159103 -0.447601975266327 0.650196499250135 2.33475284723683 3.42651632039886 3.99429254872909
-0.875048158180775 -0.303038892709868 0.785810597332893 2.4672748590495 3.56896330530218 4.12883543615104
-0.73901504990794 -0.171497182033798 0.910737821797797 2.59274358390955 3.71110119253945 4.25408239983973
-0.572612195969069 -0.0142646650053342 1.08218316979034 2.75879341959168 3.87880134768356 4.41874819228461
-0.42944278496415 0.12124274037161 1.23817316346018 2.88367964047876 4.03173305219869 4.56911171054676
-0.292923084867155 0.25773538440752 1.38186406889238 3.0349603824692 4.16348776110321 4.72588038563474
-0.141273975252459 0.414519628083932 1.53464008319666 3.19756638201121 4.3060227337903 4.87154595012407
0.00366051278933607 0.556072867879025 1.67875670310089 3.3216834537017 4.44829276762534 5.00501934416682
0.136585646639178 0.69278819811615 1.81582003007383 3.45758963409517 4.58699019952294 5.13246970828348
0.238041316698864 0.799227657528113 1.90023736923259 3.56937149212157 4.67792542258641 5.23234441038357
0.331069677392648 0.896702220162021 1.97707365436229 3.67381358025098 4.76373984592848 5.32522221949563
0.376453602995816 0.942513654835188 2.03004563805098 3.72099858417725 4.80029682238801 5.37114249432098
0.362053532875137 0.919303903124143 2.03030223334872 3.70003330894475 4.78365026580066 5.35935146734865
0.292453778200272 0.839350222107429 1.96849035115248 3.61986515458033 4.7232682722223 5.28901741600974
0.213262045348726 0.76486368872733 1.88737180227896 3.54630301306194 4.64475099647743 5.21057731091094
0.136395035854595 0.686577081628487 1.7922024555573 3.47816026300693 4.56658981409784 5.11938014689124
