2.56110562983558 -1.3666922842394 0.706729472317013 0.511290244155413 0.595771229901808 0.582111030945774
-3.19731755492276 3.31560288897125 -0.657896868497367 -0.574505166537071 -0.679002984803255 -0.673007414028679
0.833110573034867 -2.66301526140859 -0.47715675049521 -0.669085929322742 -0.613636028796194 -0.625900971384383
0.451646682664015 -0.741512639106019 0.273136772992732 0.0576021900016789 0.0351337272335141 0.0188591425821519
-0.888558859103775 -3.1644548372114 -1.09848081102642 -1.12929319987253 -0.950539071694087 -0.953950486472664
0.468107246425366 -2.6044625203195 -0.860215599427649 -0.967972038052932 -0.850084594590537 -0.857559350344151
-3.51666178336877 1.03681304090846 -0.473849128099718 -0.373448052769348 -0.440431322562 -0.43458080055348
1.67530858705461 -1.7634213278194 0.756308865944589 0.50433012822992 0.572674559351539 0.555427450793312
4.06629537767172 -0.130547360888318 0.762712725672565 0.513130454839603 0.58265093708373 0.566127654119753
-3.29498520193481 0.0387715665393503 -0.438217463525971 -0.360929411478169 -0.405907885773587 -0.400734001561045
3.18631887492613 -0.289183122465538 0.656880578550526 0.380090203927013 0.354237786811188 0.335040002551866
2.24848759333751 -1.22310496271738 0.76751611168732 0.505031964054448 0.562692408797857 0.544795736963357
2.52655544318735 1.6613374618487 0.717889837548886 0.434590122293429 0.41436329231267 0.394837377396573
-2.77089282341167 3.72984337049358 -0.693960427969602 -0.616863596652116 -0.711085996767276 -0.705352517844904
2.5200566292057 2.26625599357757 0.755638147741995 0.468751995511757 0.456819400598426 0.4371623349769
2.41226486387223 -0.320995682440315 0.627260149266247 0.502629515923711 0.594931525075351 0.585872844175454
0.387746835645862 -1.98797876348999 0.166274109871361 -0.0394156595334887 -0.0582475727706167 -0.0738948074958649
-2.01736412931776 -1.10484355171356 -0.805249550731548 -0.734234537766938 -0.777187598016029 -0.772106322980448
1.60703520399909 -1.57968214119618 0.629181917187644 0.357800300413155 0.340804343985328 0.32174463184487
4.21998389013381 1.2087124732102 0.791587579404841 0.518090541310574 0.56431999468409 0.54623239319931
0.610192603220464 -1.23671103718425 0.177011545918589 -0.0294812038617785 -0.0483912884315542 -0.0640507062944971
2.77575880241672 0.204132878290113 0.580418829504843 0.313649204447514 0.28586739721669 0.267206445571993
-0.453605896051593 -0.072233494920593 -0.976734445840384 -1.04535795273137 -0.903706465983217 -0.909322887705036
-0.448834539352376 -0.057401265472354 -0.977581884964937 -1.04591375262135 -0.904068039731778 -0.909669111187166
1.99656526172265 1.60233523285534 0.481476875355654 0.231318015583983 0.200784005967513 0.182871650535028
-2.1116563747563 -2.224407740239 -0.854047830191523 -0.787761541921954 -0.805662745588705 -0.800958716206897
3.28098074576584 -0.125836534362738 0.776722527852899 0.51981220574148 0.579212835072472 0.562273960551883
2.97975618404977 0.85076409834837 0.670105839609973 0.391314226792499 0.370507697738362 0.351185461425151
2.76763337994673 -1.35574067101059 0.671834647020924 0.507086485837454 0.598088878935675 0.586147080868538
3.43030283229698 -1.50366725279254 0.740537485381678 0.509446488470723 0.588763672418072 0.573223933143728
-0.818353877654122 -0.180401914441118 -0.712493821752808 -0.632916506200264 -0.711635804319558 -0.705917031783509
2.38984835156097 0.0959300646411789 0.769928987064571 0.520821378179094 0.580180670454692 0.563560355595966
-2.10153608423215 0.111765245570759 -0.427546789122042 -0.359475110833531 -0.397519712495203 -0.392551059172099
-1.69015820348871 -3.60414602603165 -1.10836036801538 -1.07341856162308 -0.945948672393181 -0.943556724439613
3.70418596153514 -0.116287461948612 0.637492786656621 0.506655065592492 0.596999165518941 0.587091868580389
2.15135840901471 1.22831178065129 0.460491877214851 0.213349368804264 0.183450040847163 0.165706757197677
-2.85984943435989 -0.96174140451936 -0.518287804553596 -0.409724500870341 -0.502513994573082 -0.496069460758538
-1.91317377143675 -0.88653066836568 -0.576266455856268 -0.481868400433062 -0.592056461142972 -0.585652320753158
-1.41412827309361 -2.94803465142726 -1.08706229174718 -1.05084834539112 -0.937392234852495 -0.934756104907726
0.796647808576522 -0.239581793781855 -0.180452428601374 -0.372163372242065 -0.36278886384105 -0.376564387495741
1.70889651537941 -1.16799649528974 0.713776559892885 0.501657487262194 0.591813749486775 0.577005879906844
0.214794263453924 0.0615194716811619 -0.138777612480571 -0.31414400810932 -0.306892698478747 -0.320129839253541
0.598352997621082 -1.11772923015598 -0.704060932532588 -0.864915591297102 -0.772887956213518 -0.782862017751553
-0.253475313566454 0.378232200618131 -0.639798840997407 -0.817716772780046 -0.737053224721052 -0.7479288368005
0.206905519388125 -0.846845742637766 -0.573834174232356 -0.758152055727154 -0.687559222836293 -0.699021681622195
0.757085351478979 -2.18110748149968 -0.510692431665952 -0.700636971262948 -0.639713638528414 -0.651722109735986
0.456099517852447 -2.54898819049297 -0.449792122398319 -0.64295483561341 -0.591454576048686 -0.603920200054665
-0.223534816290643 -1.43498584681984 -0.378063296062058 -0.572440676123105 -0.532185604741188 -0.545096173669475
-0.412078891193699 -0.457548916577415 -0.304125710786576 -0.498165182171941 -0.469695971219944 -0.482971330984803
0.491373661927998 -0.280681940680187 -0.234599347984717 -0.428249276292002 -0.410673626893827 -0.4242677361368
0.84407841824017 0.588848539131474 -0.167421800672987 -0.361299745421206 -0.352754475792777 -0.366654024521612
0.112072680359489 -0.312075205097581 -0.085468857878898 -0.281480265381556 -0.280138122861067 -0.294459996540973
0.75028465740715 -1.97066486766674 0.0143096140330941 -0.185389421259453 -0.19195986651588 -0.206819885578154
1.10997199547702 -1.6517321813434 0.116855387113444 -0.0875005974283214 -0.102038643515424 -0.117459149039821
0.264735068815939 0.875905861067352 0.22902507995039 0.0160718492159056 -0.00656489660537766 -0.0226839354741422
-0.896017725635535 2.08131926370681 0.351010490997068 0.123743611506034 0.0945086036132374 0.0775377467691611
1.09374607158151 0.994366796120779 0.461640680753795 0.216379022826313 0.187490691912278 0.169702213611422
2.01332066122594 -0.910420005054993 0.557345376705127 0.296505569150064 0.273334387434716 0.25481086995058
1.13671709595619 -1.75409439684238 0.636338226457644 0.364705409351652 0.349814763878556 0.330712696111312
0.152427983944099 -0.463845302493124 0.691196312364824 0.416103994520569 0.412877715382694 0.393490185595162
0.805261608730023 0.654197197944062 0.734595757345935 0.458168422588356 0.468227574482366 0.448746554009776
1.25223110329719 0.407405921166841 0.760008377537767 0.485153457659776 0.512050903561504 0.492801784087217
1.06624851541329 -0.296139319771079 0.762747685269024 0.495757148881189 0.540859520096352 0.522337946819972
0.518355647856652 -0.519150138576578 0.757201153995347 0.502042447773247 0.565551543080826 0.54791508520908
0.0672938949006483 -0.594622616163476 0.737541652468022 0.502085969624835 0.580687859558336 0.564311756473905
0.706035360738936 -0.765008131708384 0.713999268220935 0.501094746656442 0.590669685844846 0.575740236826494
0.963411234055719 -0.244044641009832 0.686202416393877 0.499692960275446 0.59524574337903 0.581872194297094
-0.733978100588069 0.201004897748345 0.661660411962201 0.499773177758894 0.596904145608146 0.58506164837121
0.105576006819758 -0.285481914221503 0.644549362102521 0.50056669071675 0.596495988484659 0.585952077023408
1.67449827577592 -0.763630387843759 0.633316658462812 0.501316969102737 0.595523449940565 0.585978569789755
2.35978476114391 -0.067734128659341 0.624438375993745 0.503039031782552 0.594632802803465 0.585768516932873
1.34593875648814 0.541516520253338 0.613765451680506 0.504632692526399 0.593684021749839 0.585416609916568
0.157993937811561 0.188121407230365 0.604087588682213 0.506803836854473 0.593210518182345 0.5853022487628
0.180313320583446 -0.363730798257479 0.597639216230206 0.508985826423251 0.593141263594389 0.58539304631776
-0.504391453670744 0.268674780226836 0.596385580164343 0.511050204256667 0.593493143518393 0.585690676405156
0.134478034125369 0.986685704489278 0.600666866789519 0.512536398786361 0.59422393500338 0.58614630957065
1.90741878834942 0.538895530280177 0.609067819609035 0.513087581236986 0.595240426556707 0.586667055025139
1.30577178383904 -0.236819720918368 0.620391622056011 0.512956469268012 0.596416603184405 0.58711803676433
-1.11733225323977 0.380858248286594 0.635922959009057 0.513168117299287 0.597585389422684 0.587282010113513
-1.35116051854089 0.792381738184535 0.66204113067372 0.514089849283096 0.597802068278257 0.586084032795831
-0.315102101474454 0.606402780206157 0.696648600831188 0.515918937252958 0.59577371141255 0.582460049101307
0.395203725560405 -0.274534464603936 0.734109211751452 0.519062220085278 0.591121139873971 0.576181152749503
2.23961015737734 0.0611545225943722 0.766585406122271 0.520856649611376 0.581539726591643 0.565089629066494
1.37935232345319 0.54955938399213 0.786585187169237 0.520450296719689 0.56509472666263 0.547390985619383
0.181436779673619 0.103619684296429 0.789129859920531 0.512931929813366 0.539717410107456 0.521127249269837
0.557079045540353 -0.512446921208184 0.782175388268507 0.499874766478547 0.5076519760599 0.488426890811651
0.696512354618464 0.665395472906117 0.759477047003493 0.475243003242526 0.466426601623227 0.446884567663896
0.426453796495448 1.23196259213386 0.716065086435968 0.434830298550222 0.413179797417708 0.393669729504218
0.674580136822902 0.776463875776893 0.647031310591588 0.374404978720517 0.346087371434479 0.326966098014794
0.966510974588553 -0.161775784116927 0.555953797848425 0.296998837388335 0.266492364283657 0.248022783326346
0.874943221156933 -1.20906603062394 0.440088248733139 0.199842818668973 0.171482253079451 0.153907790518177
0.220993225555557 -0.673870151340743 0.310445278321413 0.0897190144854438 0.0658609837744562 0.049296687667051
0.212596035179314 -0.488740943199804 0.161542211515593 -0.0396033774072142 -0.0557895651845507 -0.0711915492920473
0.66469944672752 0.368147645234087 -0.000702982265483346 -0.186477275915996 -0.190067736039122 -0.204243957076952
-0.0881329483164722 0.85581096815645 -0.194175885281557 -0.36192393429011 -0.346939892789525 -0.359584958278932
-0.724067019159792 -0.0497389234160231 -0.451680870109011 -0.595585712802808 -0.548821169121453 -0.559297228784414
-0.450079866001026 -0.474955296734752 -0.630269003162831 -0.753832262154443 -0.680290018653125 -0.689031246821292
0.067646009972983 -0.151544956417485 -0.802890858608072 -0.889611850953154 -0.787311386741965 -0.793546869884146
-0.314979184123955 -0.159833279654697 -0.930944755897327 -0.985482581623039 -0.864432727803058 -0.868232214991172
-0.459345379456181 0.835451556498363 -0.990960607583575 -1.0237572433199 -0.90105001392265 -0.90305432228436
-0.186201505727381 1.65725349427526 -1.02467282590658 -1.03872287488241 -0.92167166573559 -0.922123372005766
0.147266118475549 0.662094074232471 -1.02304371875194 -1.01904838055607 -0.918786302775952 -0.917947407101059
-0.419172566540911 -0.672229356273473 -1.00708485757219 -0.984918792326189 -0.905268720082142 -0.903266753502388
-1.2673721268057 -1.8294095699879 -0.972188233944289 -0.932907436917428 -0.880196730634317 -0.87718028898612
-1.50011499171476 -2.13233586127709 -0.913691630231218 -0.860674121029151 -0.843068778148643 -0.839203355960164
-1.15599420444656 -2.28898119415275 -0.851648546081207 -0.785976786694769 -0.803576421738096 -0.7989014845559
-0.198450767579172 -1.50389093923921 -0.775050286594286 -0.701345242823958 -0.754597637162253 -0.749295415403082
-0.389652146504564 -0.12714184666839 -0.700590977487827 -0.619859944482779 -0.702166540149783 -0.696372132721049
-0.280151109026046 0.771381573705182 -0.636387666806568 -0.548366208616331 -0.649475667870858 -0.643293303689691
0.0311621915196065 0.684176885043335 -0.583154655261023 -0.487153997919607 -0.597869496509339 -0.591396582806705
-0.674288587409883 0.367802507505582 -0.549488584190371 -0.447290965452481 -0.552026092188139 -0.545527325845284
-1.30673650581076 0.408813822801726 -0.519410963642885 -0.413073555567399 -0.509132739664089 -0.502708189968678
-1.59919110545213 0.899533598191733 -0.492027422532943 -0.386041879657866 -0.470582554967286 -0.464364233014319
-0.980464564030147 0.908437679607484 -0.466281356350649 -0.36998066483531 -0.439642180949417 -0.433796831641848
0.327363972055022 0.252373122179819 -0.443448296481641 -0.362760526819704 -0.416803699177396 -0.411397558620466
0.0369194619994246 -0.300374982211238 -0.425577643012215 -0.359894320992693 -0.400548675929127 -0.395534520128431
0.53022823956132 -0.678146741120873 -0.412665479601289 -0.359464524269661 -0.389581792222894 -0.384891608997583
0.0738733695379636 -0.901623770226413 -0.403582259071737 -0.359757182500016 -0.381879794872609 -0.3774480744958
-0.950512471221971 -0.980940479391565 -0.397215722572746 -0.359892307213081 -0.376831902510484 -0.372579356339921
-0.514787285651769 -0.91931401854941 -0.393098325281786 -0.35949340478065 -0.374356744552378 -0.370186166410073
0.710567127034378 -0.645316812126238 -0.395829896160584 -0.359173287416868 -0.377840156799741 -0.373551637635172
1.27090452638222 -0.379447771480642 -0.402361530284613 -0.358802847280204 -0.38307634322621 -0.378600501679295
0.709470045768265 -0.146383966434868 -0.412756728484767 -0.358946854458178 -0.389747678181128 -0.38504175104968
-0.781852247370258 0.0403294812127927 -0.42748871125692 -0.360913370834164 -0.399262275512784 -0.394279441952492
-1.0880511233106 0.175198375287238 -0.448682925909712 -0.367699096215023 -0.416736243907389 -0.411367011975297
-0.597298892885411 0.270785163786 -0.473167195708841 -0.377650663620707 -0.439471103213213 -0.433659094509821
-1.91963688994047 -0.504523002735328 -0.498587983028572 -0.395159931312378 -0.470307321158078 -0.464118979075729
0.283192595824405 -1.50108568707407 -0.52275033432484 -0.420493824879161 -0.508677688916849 -0.502283823895422
0.371219687186212 -1.9533073976331 -0.548965051126526 -0.451456502849603 -0.551580729580223 -0.545120362835178
-0.961141885443726 -0.708562810416038 -0.579746862429805 -0.489342950755004 -0.599299621669911 -0.592945801239074
0.228375010626624 1.78038393670424 -0.617022155254899 -0.536918334028789 -0.650098276642012 -0.643985488764803
0.746989620428794 3.34889738472513 -0.675762122177388 -0.604329128740905 -0.703108243913131 -0.697373514606399
0.7522546658806 3.34588872626292 -0.750190859027663 -0.685957518948253 -0.756308470430938 -0.751038080389713
-1.32380499502273 2.00853160678282 -0.834526562951366 -0.776964361966513 -0.808822409492275 -0.804077416064147
-0.963282185828234 -0.157126678334256 -0.925431182146803 -0.874776685063395 -0.858080730819461 -0.853945253736163
0.234041779194033 -1.76424428974362 -1.0091521722856 -0.965516108073731 -0.898910773889746 -0.895499755447637
-1.34094046374371 -3.50865374103931 -1.08840755002448 -1.05063439143574 -0.935758854361668 -0.933085363357135
-2.04261476049987 -4.43420142211246 -1.14665384840692 -1.11523440225695 -0.962286357390244 -0.960406394731164
-1.27704988099207 -4.94958062730706 -1.19429525196924 -1.16995875972124 -0.984112181227097 -0.983047933023949
-0.258542363292128 -5.20970664670504 -1.21059495722788 -1.19594029287156 -0.992742406442928 -0.992633917926728
-1.95710624100387 -5.43324998875234 -1.20034360665809 -1.19608596768556 -0.988965680759515 -0.98988859315961
-2.59241277161488 -4.62019758092114 -1.16084496924499 -1.17125853883871 -0.97402515674344 -0.976072125928285
-1.0857667140917 -3.66850102867792 -1.12261982411519 -1.14668639045471 -0.960362092548925 -0.963386345181733
0.653667436109654 -2.20206140278436 -1.08326895217308 -1.11993456641492 -0.947173621857291 -0.951028441874658
-1.48135434586153 -0.464422349976586 -1.03892617285455 -1.0889077223621 -0.931607678149172 -0.936340485071963
-2.46691422189781 -0.114755343081111 -0.987401610215349 -1.05298726768479 -0.910373750864498 -0.915997861111658
-1.97377986590407 -1.38209689931865 -0.935055353077905 -1.01902403548992 -0.88783470378063 -0.894364295936435
-0.79483940897777 -2.85599602412181 -0.875892741242844 -0.981540954413977 -0.860227308141064 -0.867652564147165
0.59923594292622 -3.09786773922145 -0.821615796249438 -0.946801954010526 -0.834235033028445 -0.84247688671148
0.982906060076703 -2.3894713596047 -0.764830296805721 -0.90814834253807 -0.80536920823252 -0.814458484396311
