0.84516863156598 1.39982049938659 2.50775788985139 4.18185728068397 5.28085254300532 5.83959747107092
1.23791335185703 1.76079232629219 2.93193452854325 4.54420534189063 5.69692849075496 6.24362706872114
-0.441777177060736 0.142208632870844 1.21223044013733 2.90176681004583 4.00492035200053 4.55673733716624
-0.276458695490112 0.273388536843393 1.41625699596295 3.0715480623197 4.16239006551591 4.73646823279572
-2.02865946074409 -1.46902688356609 -0.355352067870907 1.28918247218029 2.43554076691716 2.97421395796929
0.851530735578507 1.39124710710862 2.53265952177666 4.17329128956574 5.29435051041036 5.85293612458639
-0.137746849174845 0.410363751450044 1.52483139763734 3.20754095094288 4.29579201601067 4.86611460990058
-0.982631009496856 -0.43888220214555 0.674382651349131 2.33154164399961 3.46445883017514 4.01373790356757
0.696231591781457 1.23024729563339 2.36900200254317 4.02078742473704 5.13978695039087 5.69838853746052
0.0291759593772912 0.610543360088483 1.68871628742211 3.37959498803468 4.47704839679563 5.03713396733456
1.21068280249503 1.76504492724141 2.86746064360635 4.55270906265773 5.65353370439215 6.21946345341809
0.128648911430761 0.687128581709432 1.81295602440487 3.45101018467219 4.59803481810378 5.12439510590419
-0.243263325684986 0.313411631808116 1.41311563961938 3.08468340127794 4.19146041837436 4.75632742096757
-0.578868216926696 -0.00477094984906365 1.07538368535464 2.75857229122888 3.86216874981525 4.4267853044468
0.217176084956823 0.785682374653264 1.88082186254756 3.55444106675601 4.66288551566706 5.22119237239005
-0.410482644034805 0.153451334479443 1.25644027315784 2.92973263922865 4.03484358424532 4.58541199229267
-0.0775094902451978 0.481154538724324 1.58022924603851 3.2780202740626 4.37180717530687 4.92551510027562
1.57559420515064 2.11491595775447 3.24988397605833 4.89446822911036 6.03826858456403 6.57286714398521
-0.0340131184215439 0.490848031687457 1.64681230933823 3.28555501228483 4.41233807818678 4.96343055439389
0.152691299159867 0.700146591547052 1.82300293436669 3.47005243890523 4.61738423603519 5.14865745270916
0.507504495420646 1.05388037283803 2.16899303561518 3.8259098234618 4.94607494007554 5.49777860141615
0.9134391117697 1.4523958044302 2.56893192877269 4.23766957955021 5.36336654120544 5.90158635250659
0.211106369913467 0.754416028284443 1.87075299924431 3.53621401929977 4.65448453103292 5.20567706543054
-0.54710651316471 0.0231409831512701 1.10860498956281 2.78878720666453 3.89582638333384 4.45697602089097
0.814726606675114 1.36645810010772 2.48925994495382 4.13854767078063 5.26684513965132 5.80997884724968
0.282726022072144 0.83166329648807 1.95602757828344 3.60648843546828 4.72944552111967 5.27766113103087
2.03758426051196 2.58913897272993 3.72503396993665 5.34735571576783 6.51314654187783 7.04424629035338
-1.82189542601673 -1.26979840078604 -0.159368940820406 1.49706933399542 2.63394945903317 3.17873384679239
-0.764702861049374 -0.19470702153723 0.894794815068573 2.57922062591028 3.67311059077537 4.23585968477972
-1.54298886384953 -0.999141772409337 0.132721009195009 1.80181731610429 2.91948208251361 3.46105879366695
-0.870542135795773 -0.301592627522446 0.78263824957932 2.46992889793458 3.58449122088546 4.13277840349481
-1.64847932462287 -1.09763921701855 0.0136240420405402 1.70190682916285 2.77628670159341 3.35097172804438
-0.523173454852036 0.0323234905002554 1.16154849527532 2.80222830275028 3.93675192482116 4.48300862205857
0.43947053315701 0.992061178798676 2.11056914634177 3.7740511574825 4.88488089530768 5.44693226525031
-0.228717364238953 0.314855247789199 1.45057216432703 3.09435553818299 4.24084892070383 4.77688678723854
0.173656065997553 0.738169054249895 1.85399813975943 3.50071953502707 4.62949276393485 5.1767580323646
0.0514541338520276 0.603768413478068 1.71963084748594 3.38219771888703 4.52209139159159 5.05787859264127
-1.0680416176602 -0.501433557776535 0.59010885783572 2.25548400913723 3.3623355110178 3.9282079698684
-1.7558452536172 -1.20176184150238 -0.0924994901262818 1.5736452352334 2.69652323866853 3.23790010212871
-0.213506827792141 0.329209221024513 1.43209140626625 3.14573919849406 4.19566388381979 4.78076909816114
0.235711237083337 0.798813729958801 1.8868580061498 3.57885935768547 4.66985116369989 5.23568764168992
-0.0344555272181385 0.509162723382764 1.63035517912296 3.30070861866682 4.40934350643137 4.96292575742829
0.182777441667278 0.742289060574751 1.86118325673534 3.51686790840584 4.64049400804649 5.19424661862974
0.111588750129467 0.661120089565654 1.76852450355974 3.4492601112469 4.54439961567835 5.10436329309848
-0.83614055701866 -0.26832303051017 0.828777009301022 2.50705503983201 3.60129318838606 4.16780462324297
0.352841224630377 0.901637729891627 2.03661403162101 3.68116867860734 4.81271536976918 5.35521195534368
0.269520621945777 0.829617803854212 1.9501126814806 3.61301151684798 4.72556047367033 5.27872534922289
0.114650783757268 0.660770878023068 1.78005553714316 3.44721129294667 4.55481441465409 5.10951807123752
-0.276384888046646 0.289748246798465 1.3855511972147 3.05739475309876 4.18917937793454 4.71701886702877
0.102650478279994 0.659629499513281 1.74139452123293 3.44956417136948 4.5309875498553 5.08383647156344
-0.0667356491696037 0.494231256549131 1.60020123017714 3.26935174176772 4.37283315904675 4.93812484837995
-0.00163898247737423 0.548276036649818 1.66151926094792 3.32218906009337 4.44094257710877 4.98980896876422
0.196596776866591 0.746426083529445 1.85393607378948 3.54718332329827 4.63985895680871 5.18579791311164
0.911147225532763 1.4611903227975 2.58712217326915 4.24216397162746 5.36118242145786 5.90988079159667
-0.285337617125937 0.261510446636674 1.37947994128839 3.04346275785108 4.15380336368184 4.71110433580636
-0.251216159578168 0.309215219182166 1.43613184650921 3.08459651551545 4.19796374422447 4.75453061107033
0.712122244542777 1.28692326247413 2.38992115926756 4.0598990767841 5.15275505139274 5.71267889966356
-0.144245568682255 0.39798623766246 1.5117168500916 3.16781648454959 4.28918220385621 4.84902532262009
0.0456107579616594 0.59639039774594 1.73145941969371 3.39572494585376 4.4998362143597 5.05564973691453
-2.30090328136397 -1.73600997406125 -0.643745757513461 1.04056645585102 2.14706328169911 2.71325432490597
-0.206719722023815 0.349678345288047 1.4484786153102 3.13564425859534 4.22011609079219 4.783087459034
0.113215423744145 0.666529260072133 1.79067941873707 3.43632670559249 4.56651938801831 5.11147544834546
0.0319085379943982 0.596553615013052 1.68180961159796 3.371956836825 4.46037662305548 5.03127020169863
-0.042706405904781 0.508574870496369 1.61939391755604 3.2950575854094 4.39274086480483 4.95654959679995
1.30780228090869 1.87304359107 2.965666582177 4.63497668842402 5.75372392305188 6.30550568850454
-0.406671891180285 0.143316376198762 1.28449782569549 2.91786147961733 4.0619593538763 4.59198172547209
1.66600000048349 2.23610484084544 3.30753491687648 5.00823581851978 6.09130794937456 6.66258819186448
-0.00720559787591377 0.569008432133187 1.6662833446537 3.31975048229527 4.44707465451751 4.99388467355961
0.469540672298771 1.03583729954682 2.1147635601917 3.80964943065383 4.89866607666799 5.46078431710867
-2.55115611537477 -2.01534451877827 -0.875016969416354 0.776378669850938 1.89123303470927 2.44089173636183
-0.519079347272403 0.0480032162642466 1.1356530897955 2.83376132914502 3.91207468132275 4.47844679835851
-0.0330035928344222 0.528512528716019 1.63250920230721 3.29582535235389 4.38937786903903 4.96746500642181
0.159015922748911 0.717747899025029 1.81086575831746 3.49427269525449 4.59765487141044 5.15362132125302
-0.540211730845865 0.0108288907673607 1.11407471086837 2.81638348152919 3.88388816894149 4.45536615842506
-1.50919311717388 -0.971722475422334 0.173182065531873 1.81094429944032 2.93187585810591 3.48258825166807
0.166030972792869 0.722111595985422 1.83095469238834 3.49517485831787 4.62317799194135 5.17342203459843
-0.895735407165228 -0.32350807446192 0.742801789371286 2.43318235231377 3.55494159907237 4.11049493142909
-0.410562443202635 0.134746292642429 1.26827157432262 2.89475054152163 4.05656339229294 4.58743607810304
-0.0432040633887507 0.506518013538222 1.61681788305173 3.30664971415917 4.39097503408312 4.96744519738593
-0.623685770620872 -0.0538458838882601 1.03583920118396 2.71750087744365 3.82840896555947 4.38561738095163
2.12290218641129 2.68813024746098 3.79981192495055 5.45824680423104 6.56919776410037 7.13836178380698
-0.299582398240521 0.256079779664763 1.37564619407916 3.03584016823518 4.15072718322932 4.70225005858582
-0.0896813680770833 0.470153685856108 1.57785369446067 3.24222419599634 4.33952955174468 4.90580454982751
-0.274898377756824 0.273602354624719 1.39151902145518 3.07181929884222 4.15537307418106 4.7272461393298
0.340817560960454 0.911675146337861 1.99687320916149 3.68809411674735 4.76118354102004 5.34112736272641
0.0547765458608392 0.616754561897606 1.72125629141635 3.39813954191002 4.50835533476243 5.06876627450972
-1.19542242021561 -0.656302498978898 0.480862402671914 2.13466617351469 3.26401496157168 3.79797450960801
0.330624267518607 0.900631437658155 2.00143567865633 3.64847292979007 4.78978496914339 5.32981752322353
0.344528882048073 0.918689463329006 1.98510377099523 3.69231346039625 4.77555572429584 5.33845994640124
-1.78308757365455 -1.22486739034733 -0.124966230535532 1.55841652939176 2.65658620520799 3.21579051318218
0.262856594859314 0.801330848614549 1.94096478995827 3.59159116590792 4.71411880857885 5.26029283167464
-0.132296482731436 0.426241996193736 1.53211814449695 3.20638259191511 4.31355365071259 4.86721486992053
-0.186349705194497 0.369179674088654 1.48519687687523 3.15205307493571 4.27486455151347 4.82089297788527
0.092876617239294 0.617752811770531 1.78339639399352 3.4116058578096 4.53819006155374 5.09301850678604
-0.0910065063874083 0.450968363680058 1.60330845804203 3.23472596987546 4.36992199340936 4.91434725456592
0.199891523690818 0.760697003845211 1.88020030991788 3.53866263050082 4.66019174491348 5.20780560806847
0.234172004974635 0.777330864030243 1.92166697527276 3.55247168030154 4.68785102290887 5.23544777433235
-1.19887862512795 -0.639721735926758 0.470756612299406 2.13057542083952 3.24862608763236 3.79779812195237
0.0138772319459911 0.572191053044914 1.70412330435666 3.34289529610532 4.4702556766758 5.01993191716
-0.0465363172386072 0.504190804591956 1.63022963984331 3.27740262457833 4.40044848099889 4.9532519111602
-0.201341166020607 0.351909952213403 1.46697948215454 3.13113820807042 4.24396278468708 4.79929620246075
-1.00260208667625 -0.436502669428074 0.655297073120986 2.35131781883046 3.42661707652947 4.0002206655897
2.06125017227854 2.63095559736351 3.73370036285963 5.40801317878786 6.50635428852893 7.06924022142498
0.133393957165455 0.690881455066824 1.80361331709769 3.46738726128959 4.58334757631312 5.13580517174417
1.44879808434606 2.02265149206309 3.10912081808583 4.79793644775975 5.88008729580844 6.44866234136542
0.619064278982131 1.18076327673941 2.28920575091486 3.96415474262698 5.06553369541592 5.62225848567435
-0.0914250614328751 0.47219417359431 1.56504689497749 3.25550848467378 4.36766118943565 4.91593201252199
0.0120924216915622 0.574511501106193 1.70019608734605 3.3343840730348 4.47450591600422 5.02348471778276
0.129424520101956 0.698350675651331 1.80009509935313 3.46996931418878 4.5816291534015 5.137925208404
-0.541659344659542 0.0158436697931205 1.13883036256771 2.78738639505532 3.89865222187794 4.45889692813164
0.277974809924685 0.829535629115967 1.94860535829765 3.61052662796958 4.72502519758689 5.2782474070154
-0.210826124392965 0.338872474912304 1.46738253149613 3.12990358238703 4.23425076791932 4.80452944670069
-1.05716410962332 -0.502601792629956 0.617579306829923 2.25505977430963 3.40103753158772 3.93265757978907
0.539068854684765 1.08503295307958 2.20027550457762 3.87602548138776 4.98456336913246 5.54555388764291
2.04374498664236 2.59346912762278 3.71507103314357 5.38287594308208 6.49262235267416 7.05047611452716
-0.701145219268057 -0.142790566131836 0.951686133300828 2.63426803094829 3.72954133084472 4.30194679349622
0.0907737181861921 0.635903866902266 1.76759690172904 3.40812278750972 4.54227571110288 5.09126130068956
-0.0225761785252647 0.53973353340255 1.63816304980371 3.31553887119189 4.418566038619 4.98357552029326
2.32113260323025 2.88725143121375 3.97855802895788 5.65746525008188 6.76576874408161 7.31758665564901
-1.43392986392775 -0.872143406359016 0.230711475224635 1.89971713056879 2.99297403060407 3.56439153238175
0.636059722612448 1.17576877671264 2.29947887192166 3.96005517925951 5.07023004118426 5.62431281829354
0.351834642964146 0.900055503102938 2.01974021201962 3.67089038614622 4.79765132274239 5.34637557283843
-0.228189645958906 0.32283174764091 1.45048903453436 3.10585358899093 4.21700748733925 4.76539384592445
0.907666168452138 1.4519626947686 2.58148152372419 4.22820131850505 5.34843411847052 5.91250911663148
0.440767582597552 1.00164548782311 2.08561054393731 3.77976422304056 4.87132961633046 5.43596498157243
0.301435773285953 0.861900619525702 1.96839867686686 3.64582442983451 4.75488209877193 5.30909207939058
0.336620468418472 0.901968048354013 1.99523540378904 3.67670134843092 4.7722041383422 5.33629341460987
1.01872828977157 1.61572190202959 2.67240650287919 4.38164245970744 5.44823451152732 6.0274340810959
2.30377619280919 2.86542908431331 3.98126823612425 5.6407068014732 6.74573627028135 7.31494808286162
-0.527717324857579 0.0265934775129549 1.1401985282648 2.81638943910752 3.90209633553046 4.47188040477263
0.343167906424785 0.905122300787294 2.00713182133322 3.67025461159619 4.79317600999801 5.33752953143996
1.73534637722576 2.29639280771764 3.38315832653409 5.08052457945869 6.149614593941 6.72515986161213
-0.820327239021688 -0.258345884235195 0.851425687251608 2.53226548157277 3.61497348084661 4.1812211654235
0.40943557162693 0.971863607509965 2.08555013671847 3.73517620722814 4.86911076883108 5.41823781005584
-0.276281207546173 0.295676971649871 1.38748656451544 3.07002194775943 4.16597053977084 4.7214189985399
0.497252818947536 1.04509689217367 2.16068697181763 3.81507328879951 4.92202475302421 5.49102167700058
-0.0153841621583605 0.547790286040214 1.64222002368547 3.32753549994962 4.43726229913831 4.98802954723918
-1.05337586321234 -0.50607764012908 0.631887912427561 2.26747422347953 3.39545870934566 3.94543142396239
-0.0603338190296565 0.490554797698674 1.60823878525442 3.26332866886574 4.36947374540879 4.93131764148577
1.33692054856033 1.88426132358921 2.99125321779368 4.66081231272899 5.79021206949021 6.32946646825265
-1.13217387631015 -0.580858991286171 0.549605037202133 2.19885346078286 3.32263315075012 3.8670284378248
0.0714402150653943 0.6237991218727 1.7421932970817 3.40661434417534 4.50082669608162 5.07441604699978
0.823365145302906 1.39862970522356 2.49176232117967 4.1680232869263 5.28000174967141 5.82286014887768
0.608708940250937 1.1422506055338 2.28569039276728 3.93450780621233 5.05577673395139 5.60726800978532
-0.744330201604157 -0.185711641212805 0.902635855167866 2.594382686406 3.6976959443232 4.25289739019957
0.778180588915156 1.32644238918126 2.43614278968452 4.11627789054549 5.2148930977822 5.76819032083027
-0.319994612609567 0.221224082635886 1.3497881439401 3.00410576053024 4.10061519669707 4.67060731294782
-1.1917888311743 -0.645330222087975 0.471381193895502 2.1240272583071 3.24795376176295 3.80067141530365
0.4094562586271 0.96426740335216 2.08601906070414 3.73755368971963 4.8565005871002 5.40794641042686
-0.371815332334088 0.185409938494521 1.29597958182509 2.96039117676908 4.07511980136414 4.63575192610835
-1.53695038343077 -0.979611481445115 0.133184023968472 1.81952484683485 2.89388005090555 3.45711631148836
0.287635402112681 0.848075604287773 1.96292933528812 3.6090673017282 4.74092489369273 5.28558798344154
0.337371005049169 0.909069445552518 1.99384194311912 3.67272422749218 4.80289000899927 5.33025031969924
0.506022708184047 1.07624650580126 2.16951662664831 3.84766867849424 4.93751044135937 5.51714779300591
0.127615892936832 0.676701986407105 1.80578569427376 3.44331711154044 4.57039575885406 5.13671943780191
1.78925609812563 2.31663376433634 3.47206348871505 5.11740587446804 6.24034575032268 6.79063967231381
-0.134416802164182 0.418011987398128 1.53761842072749 3.21777725490695 4.28917757492427 4.87312274635336
-1.67657886571945 -1.13244469562687 0.0120871991906299 1.65555882470995 2.77698705008097 3.32654253133158
-1.15706349887286 -0.619982291600848 0.516293485089568 2.16343574519996 3.27362200333493 3.84409544969105
-0.924854562271536 -0.378676869400654 0.755419138315198 2.39933011099498 3.51448213016706 4.06830296200332
0.0149007408396182 0.556120859907752 1.66471338597948 3.33817529207088 4.45295063578961 5.01137480619802
0.279930865595897 0.831110280382154 1.95001417655468 3.61389516886093 4.72639132188888 5.27982695876948
0.791246057295395 1.3455871368201 2.46923072632307 4.11246031560612 5.24408385289216 5.78394668112827
-0.245642151853022 0.321750901710497 1.41209309900597 3.10866099573282 4.20034967650994 4.75568554972956
-0.504615796550499 0.051405025063019 1.17740081971479 2.82993793158142 3.93971731374966 4.49691771535277
-0.362466311235204 0.199829196675319 1.31702347333933 2.97245648982204 4.07750322454112 4.63427937910182
-1.02782640730524 -0.498165422189241 0.640920202514345 2.28920065655498 3.40294810354157 3.95917998728257
-0.751457953863214 -0.186842227529358 0.899990551027644 2.60222123481997 3.67856697164369 4.25795984081972
-0.902409066899678 -0.358811800481265 0.75884528441096 2.43432156128297 3.53844218721264 4.09357453877456
-1.1377099395336 -0.582070861018667 0.52661411725298 2.1882268614723 3.31086403022425 3.85704623966381
0.761692988800755 1.30358606012034 2.42735404656314 4.08162536079263 5.20702845526178 5.75193394709234
1.33481524337271 1.89793761356739 2.99358004685234 4.68670229099717 5.77613308189977 6.34096245616241
-0.214383926152442 0.327682456545247 1.45119504090856 3.12764408963154 4.23792273522601 4.78891032450486
-1.79052256497354 -1.24270032503748 -0.125685901288715 1.55358557296466 2.66579543565668 3.21580925083143
-1.84586347572916 -1.2729639365028 -0.181888945214758 1.49101854843055 2.59652217211211 3.16623474238158
-0.0223337873662168 0.544558152873274 1.64722518861733 3.30377615534551 4.39809443838163 4.97600004386932
0.375935863192968 0.918022205398471 2.04418150200707 3.7014780157161 4.82873466637156 5.36479309818795
-0.0164783133392433 0.546592264344672 1.6485206496552 3.33817629154766 4.42567686614594 4.98345383977876
-0.741686125584336 -0.176718539596295 0.91491103080977 2.59165144150028 3.70620163673336 4.25465069261642
-1.6814480869299 -1.12845672874187 -0.00624241656849374 1.64967788481139 2.76992868505957 3.31117065172072
0.427201114588083 0.982555760652462 2.10702487715806 3.74349505505014 4.88857201020812 5.43002316681257
-0.396333651453325 0.156000894101421 1.28010594039647 2.92376976511142 4.02893826427959 4.60063953258061
-0.216948760752819 0.345757129979729 1.44296413673208 3.12445538921564 4.21680241212611 4.78390260463787
-0.0423923039165322 0.519800938257008 1.59425434444813 3.30096875335572 4.40685628903338 4.94403845446456
0.941425985854569 1.48797215048239 2.59933910893735 4.26100937787338 5.37153638732769 5.93382626672624
-0.318336731529139 0.222969667901073 1.33938679009954 3.02986629815171 4.12810924647469 4.68708056240205
0.36242068111207 0.942349831141025 2.00440391898127 3.68667016144283 4.80764402069866 5.35451715753031
0.672523839553449 1.21775677591782 2.33136037834092 4.00424062687496 5.11591135120349 5.66719504448205
-1.02246183013515 -0.468638574304989 0.661830840265372 2.30268410858677 3.43130297872719 3.97949616145746
0.350362035991482 0.890554531487509 2.02567959379839 3.68868841634002 4.79881038389234 5.35510770645218
-0.213469419519605 0.330709932444417 1.45518939007446 3.11071178386539 4.23144602605172 4.78397081484475
-0.712020517916489 -0.173951676830052 0.948153299364046 2.63539560839133 3.71339309612969 4.2879434283413
0.315235960295364 0.868843909502643 1.99951896407671 3.62688014080053 4.7624738517901 5.31634327144024
0.135903165205687 0.682160117376358 1.80573641152668 3.46965708254996 4.5749772855262 5.13977651928473
-0.187765022153213 0.361818212373016 1.48162566251121 3.1364958148588 4.25584243513186 4.80146475712552
-0.30304065218353 0.245118095096886 1.34656567675542 3.02399062959519 4.12385364204664 4.68399193872319
-0.691362149272208 -0.136242703307706 0.95716698416573 2.65565966910054 3.73425924639801 4.31338124734339
0.42482501886361 0.971588608957916 2.09468950793923 3.75999374183247 4.87176253961081 5.42297259042398
-2.25144741818011 -1.68708823998933 -0.606983186638033 1.09109285022853 2.19138307064416 2.75419202457034
-0.988394264361233 -0.41760143139177 0.68412568393075 2.35116648527267 3.46121941649637 4.02489603326393
-2.02502925401685 -1.49304150113751 -0.356366275609287 1.29222274210481 2.42910676994003 2.97831164243201
-2.29028499668017 -1.72926449824564 -0.613694713880099 1.03795814335611 2.1687843743802 2.70623008295467
1.1450086833026 1.69677346958635 2.8169637343254 4.47321761210249 5.58364311480925 6.14580421283951
-2.53104056077234 -1.96144761286734 -0.862467751515779 0.82972004889037 1.91647015633545 2.46986418715048
0.061101847659317 0.604342721807996 1.71095158675417 3.38509813260622 4.49213905939636 5.05391966701761
-0.631393389919246 -0.0753776100960248 1.02948141747168 2.72208885938801 3.79968130386539 4.37948844881839
0.0883805829897968 0.649424666323828 1.75874362608529 3.42779682336243 4.52821277630089 5.08997248060241
-0.0798558406553679 0.479029565740516 1.57237492554063 3.25767529443021 4.37550525455453 4.91807398646491
0.199153943379874 0.771546179144045 1.87753747630045 3.54406606604633 4.65670092863107 5.21457850002491
-0.251703945249398 0.315329893179216 1.41593025534982 3.0893772589481 4.19512724667561 4.7494575921762
-0.693943904491125 -0.155966773020767 0.985377111343773 2.63051377267047 3.74803445714691 4.31213063304747
0.622970977881038 1.19098899136071 2.29668609319932 3.94994740823086 5.08286926401556 5.62303448058071
0.160279405523436 0.734060512917914 1.82660596172158 3.50131412245407 4.61376269295601 5.16036749028232
-1.22215670944509 -0.681650878234499 0.46402466124794 2.10700640814955 3.2163657127048 3.77791358663926
-2.23886688945818 -1.6877116121149 -0.572010932371536 1.08763253186997 2.21046743800304 2.75681329208678
1.2802095518076 1.85478659014496 2.95000184417484 4.63037204169425 5.72176797189169 6.28479679715745
-0.104750176497792 0.444299845832279 1.54440155773092 3.23595497408426 4.322630487125 4.8889089868037
-0.231787239113429 0.347743739543997 1.42572715661336 3.11409686954962 4.22147869276245 4.76964184164479
-0.47531412753217 0.0966000669071029 1.18249219293508 2.86733366510133 3.95766091082106 4.52733187608189
1.18609107100183 1.75441375766626 2.86520331860716 4.52419348701781 5.62852807639823 6.19829308386352
-0.553814128787045 0.0121999438341066 1.1049622183757 2.80411947148418 3.88379136661332 4.4516675192275
0.0510388706511449 0.591918012728341 1.73461768781656 3.36352278036848 4.51127078858154 5.05847971992406
2.2565287251475 2.80253455711796 3.94529073455216 5.58106090249238 6.70202795214804 7.25436859775631
0.831351643375288 1.39020372320012 2.51355392197793 4.15968679588208 5.2658141832777 5.84363981018967
-1.18037277521565 -0.640996105320583 0.507745513115322 2.14400146153142 3.26254798027112 3.8169588043588
1.9190906049652 2.4703712234511 3.61873726971433 5.25158808924336 6.39661327198403 6.9397520856745
-0.767448137214385 -0.19692942401778 0.892730940828478 2.56752371840116 3.68148477908925 4.22923343781211
1.92283249582585 2.49166694093549 3.57020029886254 5.27038598084247 6.36388687198667 6.9171493175571
0.0906443024608644 0.636965107152107 1.76029245739158 3.4254677546269 4.52562012949526 5.0896462349459
-0.881504632631902 -0.306933763427374 0.774849975467896 2.47188193572664 3.55713103865124 4.12659642580337
-0.23836914814311 0.317198386336757 1.44898329484606 3.10034097412407 4.21408817294342 4.7726207257451
0.347665589727986 0.921121404734422 2.01362445740731 3.71116361759601 4.77957752758916 5.35818524004109
0.169623917079873 0.730585422045032 1.84670507125918 3.4905337273917 4.62282727664094 5.16358099683386
-0.121987930189952 0.433331536637707 1.5647408572354 3.21609022858302 4.32398621692914 4.8805749232749
0.713113400150194 1.25551276286564 2.38718144245746 4.03798695683541 5.1740908717459 5.71639248690246
-0.00857330631475366 0.545093361810683 1.66663984124196 3.30249350990776 4.43883152559892 4.98566339363078
1.23768822667165 1.78681715831529 2.91039407204266 4.5676180763284 5.68550986740108 6.2391405298315
0.936943785965987 1.47373557587325 2.62429544623478 4.2654216021825 5.3947266964958 5.93841835804891
-1.7891052400026 -1.22702101539235 -0.139029003697135 1.54825572564285 2.63735259926171 3.20120609806033
-0.821469210097181 -0.257556011916501 0.843457423684242 2.51604098085632 3.61533263166198 4.1777345194
0.439355133752892 1.00737357083692 2.09842196740414 3.787463802307 4.87984776880155 5.43615196824657
0.0850586445063578 0.630553170446321 1.76512619528852 3.40804209263397 4.53819997588835 5.09662050401542
-0.0703607004030994 0.474433839182766 1.60792336157184 3.27075790479716 4.36780433033203 4.92638453853201
-1.82473664938527 -1.29600037463592 -0.149757296449612 1.50408543531134 2.62164566444571 3.17596600460339
-0.247490579565016 0.316698632156826 1.39851566456526 3.11054426806327 4.18194516889185 4.75687802817702
-1.322526441234 -0.775523384354285 0.345250973636823 2.00935253098802 3.10154812930715 3.67375629366344
0.0271041217772797 0.577050847368673 1.64911749522101 3.36811697731495 4.46633520264757 5.00220112243052
-0.14005306432035 0.433462723592759 1.4958019969481 3.21976892716937 4.30715852315078 4.85323219762976
-0.259264039490288 0.321493575941436 1.38706131083508 3.09910032774849 4.18578573571891 4.75155160132413
-0.309819282792701 0.250056062896147 1.34178651313546 3.02670431438255 4.13652757977549 4.69901644703616
-0.325770650613587 0.245060617281851 1.33328548508067 3.00960880280019 4.13071894430705 4.68005333206431
-0.331613215999711 0.248409650128539 1.33577573824921 3.01358955343933 4.12006045011355 4.67027213300607
-0.295614809973826 0.270946142058799 1.3919499334448 3.03721732049411 4.16189387561192 4.70918642923978
-0.22295606141176 0.324091198839634 1.47836384503048 3.10158374429432 4.23414858242796 4.7830749889748
-0.114220824305698 0.409640489166478 1.59472056082633 3.20765276714658 4.33644794589295 4.89158691014636
0.011325736647522 0.530086073663689 1.71499661832778 3.32910888559407 4.46308996028101 5.01279664542758
0.144877406619551 0.673225568704931 1.82862626106899 3.46494791090773 4.58428923550287 5.14480525799254
0.275510781601044 0.81793240912549 1.95341901681876 3.62220438476235 4.69898375709028 5.28222100438068
0.408567735548421 0.980283449816033 2.05420153456269 3.74512967591608 4.83689379857173 5.40666442154945
0.551200353377382 1.12608803423461 2.18239383834137 3.87719161419331 4.97619333105677 5.55079664933209
0.715683811319218 1.23530860597835 2.38302969788498 4.03496319968291 5.14946723840826 5.71677370905711
0.863957966809725 1.43582842629392 2.52593148752617 4.20822631694485 5.31236402005095 5.85981784604712
1.0362551221887 1.63362871519018 2.68876415360876 4.39907745144222 5.46421575713651 6.04424264862955
1.14245424079994 1.69770948995513 2.78743292246174 4.47478271905286 5.57913615556104 6.12713682850942
1.29236450601082 1.8277415007602 2.94337804969532 4.609693904884 5.73124344164171 6.26941018389404
1.3857962923199 1.92381977898909 3.04229581244437 4.70993459649815 5.82562555513519 6.37143803878149
1.57337877426295 2.10942373270668 3.2194733066068 4.89815222623404 6.01900196740695 6.55917337049595
1.77978120577557 2.30688059475647 3.46121558639687 5.10927548317469 6.22842880624512 6.78069161601319
1.93009867744385 2.47163078646817 3.61947658676633 5.24643944553998 6.40072599474372 6.9364563004347
2.14369391520703 2.69357102299179 3.83383815887796 5.44931007041992 6.61849765337113 7.14867801573306
2.32448066643359 2.86374808741458 4.02179759015517 5.62990567866291 6.77923046169616 7.32252780817976
2.32225083514084 2.86682567197308 4.0198484695867 5.64606813131568 6.77014365717755 7.32298619718106
2.40706358493334 2.96995989980771 4.10966693423574 5.73705334845162 6.86700187742967 7.42820872638224
2.45655022243846 3.01533629154548 4.14051993872639 5.76817065208951 6.90924378161015 7.48279743949109
2.51901461516468 3.08430231922127 4.17031486749183 5.84547274452414 6.96037431983845 7.51622581887328
2.46488967100158 3.03660093429249 4.1143540840543 5.80195852655618 6.89580349933131 7.4585326516132
2.21578364136119 2.77088118180596 3.91102325180645 5.55163852118705 6.664580891072 7.23823296756974
1.68915684057089 2.22774772389025 3.39940832910584 5.01436158736333 6.16993184759513 6.71225210649336
1.1969423513677 1.7250284315064 2.90087345274447 4.51769947605589 5.67094216977844 6.2081544154341
0.838303558067202 1.37050286731058 2.52502222345088 4.16441159090047 5.294348157137 5.83788151030445
0.480168597770248 1.01629574515399 2.15768156649698 3.80915759579058 4.93111714188054 5.47890459999395
0.377085667940151 0.947172857580158 2.03359686648623 3.72721617061871 4.81832092616194 5.37388135675834
0.409747986704893 1.00632242888146 2.06847186352084 3.77034392306903 4.85523662162122 5.40233793609973
0.334671825382802 0.916209976962706 1.99025416111316 3.66996207592305 4.80390095347312 5.3224342025104
0.259413906899535 0.81189757989857 1.9267499462889 3.60046914698469 4.70664943227044 5.26466588898703
0.280863897137652 0.845368866590464 1.95826236472448 3.59266940534532 4.73919644411547 5.26993085259987
0.276493373999328 0.84926498385805 1.9433683183436 3.5905408418384 4.7339080870624 5.26788303120407
0.253147944762771 0.824341443828064 1.91406179072014 3.57126740733124 4.7099628967865 5.24065641930237
0.178908055579859 0.725137425361377 1.83514564129559 3.53074580950975 4.62142764947522 5.16631574406215
0.234703710950357 0.788316602623564 1.92554225387933 3.52824052256936 4.68569589029582 5.22812060115762
0.255438291893592 0.830026684031634 1.93706619879576 3.5543379893036 4.68858010951558 5.25273017787611
0.26000696110978 0.839151470306597 1.90336549049486 3.5882977248535 4.67971366611373 5.24911487613725
0.216954745633998 0.801979110885591 1.83039200839456 3.56636767240316 4.63297225597668 5.19746396341926
0.143841967387787 0.716652296636552 1.77341537734626 3.48962178141147 4.57029722280151 5.13233806458905
0.103737141278523 0.664897080752281 1.77822847438386 3.43961042830237 4.55682553914237 5.1086596625147
0.123167544039511 0.685014300542469 1.7768999636678 3.45071255177473 4.57130844979622 5.12583639074786
0.10823191739302 0.673131199835476 1.74506082178414 3.45214655213278 4.52929543812041 5.09765930675458
0.0684218323264754 0.628386447795552 1.71808000020239 3.41032513507191 4.48108275113646 5.06593408593288
0.02703832469563 0.590555508292309 1.70308989382621 3.35246944097352 4.46862838896057 5.03586294053324
0.00654142362262713 0.558717180573291 1.66662418639879 3.32769043532702 4.44180406794011 4.99724376016051
0.0140175745476228 0.570360107751733 1.66481166994262 3.3327859306458 4.41633857317219 5.00079027316817
0.00698886742575529 0.561129830711348 1.66143126436378 3.33597589008672 4.41415562356461 5.00704650152274
-0.0349534246173556 0.522420012978574 1.64720762738455 3.3111478934594 4.39905561275484 4.98032337744196
-0.0382192832742872 0.511475176921316 1.62932865276745 3.31340552570186 4.3990965110925 4.97694289436204
-0.0659970315231562 0.488331077782677 1.56941248134054 3.28254106813058 4.35840466715159 4.93152084168418
-0.106099081408165 0.461816486208701 1.54651770940898 3.26681457130401 4.33592285303045 4.90830554711121
-0.160882762470244 0.397247889044604 1.51125210049285 3.21578450861068 4.2740784964938 4.86057848716044
-0.176746292080647 0.394334113662783 1.48240091691119 3.16778396012664 4.28222802837943 4.83313547520254
-0.177204142502479 0.407170273328764 1.47181460297504 3.16894431264337 4.28102198904916 4.82608355573109
-0.165637203702968 0.39609039949663 1.48767107720347 3.18573794991979 4.25540710094312 4.83082703532777
-0.169358076071662 0.377021411968644 1.48604840386862 3.17130414097168 4.25507117156354 4.81593967227335
-0.202365489089875 0.354085058869458 1.48608565654832 3.12966250405653 4.25572081412296 4.8123921499909
-0.25307830617436 0.280062431304922 1.43285263251396 3.11266784466487 4.18329942928507 4.76248285833352
-0.269234161946419 0.257691387137721 1.38731070783546 3.08456911832413 4.17693740925755 4.74220159902965
-0.335532289865953 0.231039206752378 1.3216790023497 3.00847741208205 4.10808230234976 4.66379972217837
-0.374006265012429 0.189583144507262 1.30566184097283 2.97803365391416 4.06232861702308 4.63137968754905
-0.377966374258007 0.191138663334327 1.29154597700833 2.9524349830275 4.05687103010164 4.61790655459026
-0.428207184426422 0.140923164755074 1.22768598702335 2.92210897079745 4.00497084721757 4.57063154305413
-0.44830248702658 0.111464247349584 1.20047875639067 2.90105465031467 3.97418602346403 4.5424186644096
-0.431840719584702 0.147657148012183 1.22475624115803 2.8955881265875 4.01163081191635 4.56579853947727
-0.469571404082845 0.107698166579938 1.18144744433478 2.86167206824582 3.99031805293631 4.54332869179969
-0.787929408560315 -0.223935573265255 0.885564401159447 2.5606857676135 3.66294020475311 4.21521474275825
-1.24615640334272 -0.692106686087281 0.44211244601676 2.10670347624333 3.19967386998888 3.74424917557154
-1.69501583697914 -1.14180020119718 -0.0190378844866226 1.6380487595367 2.75683130552232 3.29722910909122
-2.1272971303967 -1.55731150919526 -0.443600807329017 1.18272721846254 2.34411481937593 2.87502234916782
-2.54867545113763 -2.01322828796662 -0.872310960482913 0.777142433555445 1.89355378217895 2.44336035830812
-2.65653812604895 -2.109249595625 -0.981728019736225 0.687194367193441 1.78487077501898 2.33623285133206
-2.58608591024931 -2.01760158386487 -0.914948706893584 0.774068092148423 1.86265182041765 2.41323453000524
-2.45482404598087 -1.88600018605836 -0.798253498572661 0.897490820861288 1.9935894642547 2.55706912029838
-2.37311359392471 -1.80679084136432 -0.700242840664502 0.965228371409283 2.08123211910684 2.6370519482164
-2.25770967573195 -1.69677761521329 -0.57485608934757 1.0654380338777 2.2103495566932 2.73770565293329
-2.02433129842846 -1.48515823160452 -0.352415759896346 1.29575821849908 2.43911858973433 2.97614363247521
-1.9488857060786 -1.37947573569032 -0.288481237217666 1.37400773470253 2.50623170617205 3.04822060746865
-1.79063004385999 -1.23667951280905 -0.132414821517161 1.55280903187421 2.65225475388936 3.20947797756375
-1.56951869996596 -1.03201127550684 0.111597996744806 1.77119844466809 2.90131757075789 3.43637501416765
-1.42430400970189 -0.885038191081354 0.265878772796878 1.91293663369702 3.02643215439205 3.580008499482
-1.3225341089847 -0.794155276914204 0.369959636843542 2.01539602354236 3.11571958877714 3.67895835483973
-1.19085773770188 -0.634468460102479 0.493852257894668 2.14916893112485 3.21467144797517 3.81966749486691
-1.02045164751082 -0.446756836873422 0.631195106503633 2.34745910701766 3.40733629410121 3.99093935095587
-0.879939246127683 -0.298809233463308 0.776508843605602 2.46824837425199 3.5658159013836 4.12441975636239
-0.742061885519854 -0.184468987959707 0.907423976137197 2.58303820936003 3.70693093920482 4.25070858015808
-0.574456554419109 -0.0183135519224099 1.06533188133811 2.75390177802516 3.86887901053207 4.41150711781444
-0.429246118624167 0.113550747019215 1.23579339442768 2.86174128697661 4.03490662903645 4.56514351535155
-0.293603372247313 0.24850578981434 1.38114969503561 3.02451931822794 4.15534850721438 4.72744233282676
-0.144034199097819 0.410951420932974 1.53010312300591 3.20655467878653 4.2984260183173 4.87534101170945
0.00113732108311264 0.546737298061747 1.68543882109069 3.31638828968481 4.44467093151161 5.00929360454888
0.137686404462466 0.691305790572061 1.8246466558978 3.45064752138244 4.59740297778687 5.13611859060592
0.240251348740723 0.800087337517801 1.89993872709452 3.57024235394271 4.67685058500091 5.23462604923975
0.329818313983838 0.900590099753436 1.97326055843117 3.67921204892885 4.76246467491741 5.32774231570247
0.37352661364342 0.955463216828432 2.02413432444768 3.73125744326794 4.80019777382938 5.37534327321033
0.362145362288488 0.927253729264103 2.02829408799466 3.71026286599305 4.78014904949697 5.3650706948913
0.29347260981868 0.83527638811993 1.97746271011714 3.61987574394111 4.72348317627911 5.29328520695505
0.210461974367473 0.770423238803267 1.88992168183039 3.55396527411662 4.63943237525858 5.21266607534314
0.137248706545297 0.703222864210917 1.78248222297621 3.49396556176164 4.56426783191089 5.11903042777879
