0.874344850796281 1.49727983019457 2.51381927560463 4.17808997213084 5.38722490703252 5.87420062948055
1.14431556240887 1.63603954293308 2.83957141566985 4.50239631028754 5.52861626775557 6.14421253554372
-0.639443438106357 -0.198592306931112 1.0779169395307 2.74631843616727 3.68891251080229 4.36146469495888
-0.446554649045141 0.0100059335735036 1.26704078975296 2.93519190024068 3.89641415781688 4.55492806516444
-1.78775623724616 -1.15286489308541 -0.157169348197358 1.51390867372965 2.73723875583743 3.21363483794245
1.06677391634116 1.7001173726493 2.70382613721605 4.36926042435388 5.58828062948359 6.06899940584111
-0.171395002401119 0.36933817200753 1.49975947762175 3.16921426296234 4.25877647373997 4.82895569930993
-1.0367162955556 -0.530794992279769 0.649146812587983 2.31758140023118 3.35713303100235 3.96298178941254
0.596050530556045 1.09329302760711 2.29069926494048 3.95360938364749 4.98428255951688 5.5958065062882
0.0512456628276737 0.596829854877431 1.72285428156249 3.38995664073699 4.48560867397178 5.05309648042905
1.21328361141487 1.77455048996072 2.881679768488 4.54632210123865 5.66289223139086 6.2148131562501
0.12982532803886 0.66232391946975 1.80798965327424 3.47457140116762 4.5503452611032 5.13127372248092
-0.346988789714032 0.130258417323654 1.35664504089709 3.02502461404788 4.01547603305692 4.65260607739763
-0.984474224708748 -0.56789618811648 0.744778275513642 2.41524915426978 3.31982510078167 4.01888906691436
0.185396026682375 0.706620794514684 1.86945784542643 3.53534984865463 4.59391036096566 5.18679037458703
-0.594206791715384 -0.144774556761987 1.12051207217785 2.78879892032274 3.74255806762813 4.406990212933
-0.0801065972695758 0.498372708621418 1.57794634489919 3.2447786641562 4.38769400729652 4.92114600298617
1.30184543749867 1.71788986034891 3.02959100650133 4.69242183334825 5.61275916062233 6.30144314583667
-0.0361952553493623 0.530675617291988 1.62512987034047 3.29270131189418 4.41994977801253 4.9643877849296
0.14754870100107 0.675380813916371 1.8286881339975 3.49450291974792 4.56318719747137 5.14914391130332
0.563118203654642 1.16613291552039 2.2079268555899 3.86976905481736 5.05938040208554 5.56139403525787
0.779323943795401 1.26203071810016 2.47831214088971 4.14107170566752 5.15466800789543 5.77730375587499
0.186440173409301 0.741664729445046 1.85544889907389 3.51942863179649 4.63197769772386 5.18745165636059
-0.83033584930171 -0.421558420921157 0.899568290402 2.56911076009479 3.4659281560071 4.17116334131775
0.722064644749805 1.21285854770581 2.41827642966409 4.08103547418951 5.10500796114408 5.72051757444029
0.454125944761052 1.06898065909811 2.09349157528509 3.75524576572474 4.96206717279559 5.45237841960148
1.56785433146065 1.93987375493545 3.3169487886324 4.97995653809064 5.83330465719588 6.56852577110322
-1.7019901441828 -1.09186285020473 -0.0600800394834742 1.61097807239818 2.7980373960785 3.29964206267036
-0.736561760178566 -0.133620251284969 0.911953750822787 2.57978180825082 3.75078811770085 4.2624407215186
-1.33215736698379 -0.669535664469003 0.287371976512261 1.95570574265948 3.21832561656584 3.66642111610114
-0.909768417689302 -0.404806232576154 0.77796514593597 2.44604005835807 3.48277280593661 4.09008833083021
-1.41171470281782 -0.745667103497052 0.205544536386877 1.87375194802945 3.14236303094545 3.58682513493892
-0.537095129821476 0.033743725270953 1.12501808772333 2.79304266868235 3.91840813040639 4.46221174835868
0.450062171095049 1.00023574158946 2.12119251418982 3.78422275096467 4.89192926981567 5.45075899570755
-0.16065325507339 0.4346271996584 1.48938612120098 3.15818377324367 4.32511922546502 4.84022258720646
0.204994713406969 0.78236664824618 1.86524550275079 3.52892865032332 4.67335355657909 5.20694310369662
0.0508771550780655 0.599195848516851 1.71993067257097 3.38756592739995 4.48797606644151 5.05099955383819
-1.05573198114838 -0.487558352544781 0.604788917040835 2.27263218625627 3.39978500558568 3.94365241138787
-1.69376527105703 -1.06009035932096 -0.0637849334385932 1.60605616571334 2.82910054016171 3.30720291302465
-0.138243049211416 0.451500676159911 1.51200414058237 3.18145037529485 4.34197888887979 4.86111536917092
0.177432604599843 0.699186727713158 1.86159370354823 3.52655319207839 4.5862183779409 5.17824499884402
-0.0464571872240998 0.526393229469996 1.61400792675556 3.28011588959419 4.41531113060438 4.95473077922947
0.271639396011487 0.858224897410441 1.92777642080143 3.59119534434333 4.74985577726617 5.27397627891467
0.128671520725848 0.701903828205134 1.78963189564652 3.45357924344486 4.59209428540673 5.12964889933615
-0.74741349942749 -0.122023533038841 0.89171754663922 2.55926032002013 3.76197874879137 4.25232846673087
0.331356773391224 0.868897085906469 2.00849913569116 3.67197771820759 4.75943129408278 5.33235013244701
0.29448158306008 0.862633870433904 1.95899265201861 3.62245291255726 4.7539319555965 5.29651548487933
0.133018903122449 0.705031600540052 1.79451740985875 3.45846519358313 4.59523362453254 5.13398824340267
-0.381281531408934 0.0883047330921783 1.3259369829239 2.9942663743604 3.97398912062113 4.61887195127138
0.0504605660059113 0.597824975350906 1.71788092621754 3.38624758154963 4.48668949420637 5.04813266202344
-0.0475097462881555 0.505076907383402 1.62142245305697 3.28782783234469 4.39361692125733 4.95350035913809
-0.0135654964446007 0.556164460733987 1.64816911777483 3.31362334619911 4.4449221321217 4.98746104206356
0.44711600253791 1.0772805775961 2.08013798627102 3.74194933538963 4.97043239654482 5.44513287034307
0.878880949846624 1.46262029174436 2.53409907383054 4.19740137347547 5.35415220399401 5.87834042318761
-0.338926891463678 0.187528523528238 1.34145923334593 3.01008485862552 4.07303283204946 4.66018556818503
-0.146706155420968 0.448777206963942 1.50738569477495 3.17409775434261 4.33858879642202 4.85632980436006
0.888190595029519 1.5442540963597 2.51433362269641 4.1792937724689 5.43294956908222 5.88892845971474
-0.164789960415177 0.383140703688918 1.50358960267374 3.17248547783547 4.27253683846175 4.83554383442677
0.0396014876673742 0.604335694185657 1.70597701467463 3.37083389043385 4.49421974062348 5.04188282095482
-1.9859311321823 -1.26666621691247 -0.394453093883937 1.27543241039739 2.62328482523936 3.0149194017077
-0.335526964388423 0.139815154537389 1.36893206401242 3.03732779695325 4.02500304174828 4.66404111176474
0.0976119818640988 0.632708859271361 1.77561960126552 3.44053053558845 4.52016061203348 5.09851497016849
0.0394889744494136 0.586286537186036 1.71042120503184 3.37760135768058 4.47516620039502 5.0413491528092
-0.0541849239458494 0.519094633213838 1.60587523183641 3.2722914036981 4.4080764230418 4.94696055385819
1.15526896811884 1.61388049551158 2.86400447822802 4.5265985178088 5.50816666329767 6.15467814378928
-0.358524855658429 0.228462587367838 1.29558323134943 2.96235673373553 4.1152631574642 4.64110322441297
1.51852038120796 1.9729515446263 3.23366946516398 4.89768690248701 5.86178593716665 6.51983085063406
-0.00121776237439327 0.557810176379253 1.66185288366505 3.33024628607227 4.44702568298782 4.9974099620786
0.480531352874382 1.03704197855646 2.14716654217226 3.80998451584557 4.92908049002817 5.48022295831228
-1.98417459909804 -1.29185708452268 -0.379619890335681 1.29148093799426 2.5986352388827 3.01672607791068
-0.489032761951688 0.107438821092582 1.1614100082541 2.82871545019629 3.99292572402233 4.51056018688047
-0.041203484761662 0.528590726681777 1.62000768418972 3.28641947510702 4.41741124238086 4.95985085734193
0.275723779372554 0.868458718831708 1.92861974344046 3.59195317347611 4.76021127771481 5.2778445361576
-0.85577882851594 -0.448084675420061 0.875044787408102 2.5447840633317 3.43938816631504 4.14609481171691
-1.50305722789669 -0.918139348600626 0.148467369306257 1.81808306840676 2.97059289483791 3.49782174137517
0.228949564826588 0.814945559227784 1.88570218491494 3.54928730569101 4.70635756172631 5.2314699999356
-0.879035218945402 -0.320280510713326 0.787059986598541 2.45517937018448 3.5666647523874 4.12075699549817
-0.354490052207949 0.233190433397686 1.29940506357584 2.96607218425847 4.12001551727971 4.64519165985813
-0.105915368212922 0.429526589362291 1.56750233256527 3.23729175483303 4.31977313342246 4.89524481232035
-1.08563140983556 -0.646459170769185 0.634086930389798 2.30478280798564 3.2416274398172 3.91775666234691
1.82766298680349 2.23288812643929 3.56752108450199 5.2321520514746 6.12020384560063 6.83137312845522
-0.347630119964233 0.177457402269939 1.33364601750343 3.00222263061212 4.06279988029318 4.65149823159169
-0.0687724871091691 0.488503164556788 1.59854863396464 3.26419266312115 4.37638836275496 4.9318662115622
-0.329702822771131 0.200721191791744 1.34846422066613 3.01716179810963 4.0865414996103 4.66942162623242
0.221591963251084 0.735269543740351 1.90909787446347 3.57468268009921 4.62194783178495 5.22256943738027
0.0612711476437985 0.607543035817715 1.73198994677971 3.39926497129279 4.49622430454087 5.06227010240328
-1.0279245758075 -0.387382633053413 0.603034663822277 2.27102636287628 3.49850869464953 3.97040121490357
0.512742873367066 1.16105155888497 2.13843746143265 3.80065543890143 5.05352915606926 5.51114468277116
0.224692829623752 0.737627440859906 1.91285277411827 3.57792643603973 4.62422484315087 5.22545244868052
-1.47245937104984 -0.795578486238921 0.139743459882795 1.80796888531286 3.09261087497443 3.52602759831305
0.2501030833323 0.806127547761271 1.91922791293942 3.58292563495357 4.69682936432802 5.2513799087077
-0.108962933556118 0.452986760073102 1.5561833950019 3.22197357873473 4.34084573392303 4.8915201110625
-0.208196236800932 0.335427468099858 1.46196595119659 3.13120158269805 4.22429704422338 4.79184491623388
0.0690548146584033 0.628247410207257 1.73794678814286 3.40268020293844 4.51833976502245 5.07142479984188
-0.0756242990851798 0.500122393978756 1.58188812606277 3.24992940125179 4.38978780030684 4.9246747896117
0.262513189266837 0.844899248582263 1.9207723182142 3.58426153549448 4.73639850064077 5.26491576978775
0.183106681457738 0.704668814417689 1.86638911778203 3.53255239952287 4.59194796851302 5.18411157390696
-1.06990596240185 -0.435551079172388 0.563279937529891 2.23141171093233 3.45101279016043 3.92862526375272
0.034906364279983 0.578266430478182 1.70866648694402 3.37444586624263 4.46643724673061 5.03620642035117
-0.0563744503809114 0.519892742043076 1.60350226142836 3.26943732704297 4.40900824256525 4.94519813381508
-0.380875108413962 0.0806461731170861 1.33022883407386 2.99851007747283 3.966519538759 4.61975577230838
-0.881832383751985 -0.250323144520255 0.754153439838915 2.42190743423621 3.63420511405757 4.11705832772374
1.79337514553558 2.20417779219647 3.53040761374396 5.1949616996753 6.09160575964835 6.7967443209943
0.250303492404987 0.842844841582049 1.9038215584064 3.56727634957648 4.73450188790139 5.25279179529632
1.39780558487303 1.90868491102793 3.08885841959548 4.75339908673892 5.7967090244876 6.39970039210267
0.694481558883294 1.34615747466652 2.32042173431734 3.98431384952125 5.23714914940327 5.69375764215112
-0.0774680532424965 0.470912082774944 1.5917386201226 3.25996324443723 4.36063426551495 4.92368588545519
0.0122195698063676 0.583570096654841 1.67390030980926 3.33870749852485 4.47259879607537 5.01339573148537
0.260370286819409 0.853990107552579 1.91315290517418 3.57654895261157 4.74570251271705 5.26270608807639
-0.612059189278037 -0.127853665667384 1.08816921470226 2.75625038479512 3.75892504346896 4.38894835772029
0.55512152512685 1.23969162407488 2.16633105713484 3.83014322285932 5.13103223490256 5.55415109165165
-0.174116048637922 0.395266312619607 1.48766136354723 3.15370750245144 4.28304784471622 4.8261851686997
-0.961253287090607 -0.331120815670626 0.674490644991982 2.34241328416813 3.55439755433197 4.03713181127447
0.540976899430375 1.09290160569535 2.208414206035 3.87095808463952 4.98529728118622 5.53973335467201
1.82118144912403 2.2442885931024 3.55405023059168 5.21914406802579 6.13152281009232 6.82592269269884
-0.946204380911865 -0.52316376521705 0.778413847739924 2.44834161567039 3.36439685069836 4.05612705210962
0.0917215996240745 0.627633530177639 1.76924638206131 3.43449031443134 4.51535120323431 5.0929231222775
-0.0138581539004127 0.530888069453676 1.65730267703784 3.32547664675518 4.42068584143467 4.98803095757016
1.9007780399446 2.31783622922359 3.63790293583897 5.30347656609025 6.20526234932825 6.90713985178421
-1.32692717105478 -0.695209868278781 0.304986595756225 1.97293026389394 3.19259782811022 3.67175906750177
0.664055974383224 1.29332528204689 2.29861008934027 3.96156343408883 5.1853548903742 5.66289821788675
0.469665959407995 1.07072310061227 2.11468604944241 3.7764895448873 4.96366829797524 5.46799946276587
-0.223556203068651 0.335483488086045 1.44077578953061 3.10887127028149 4.22392507939632 4.77630877166094
0.868820599319344 1.44551600449191 2.52673591035293 4.18976234145094 5.33745608230941 5.86818132257484
0.489700525388316 1.060565244383 2.14821327332735 3.81060387775211 4.95298266367588 5.48844621026463
0.585854610991062 1.27218314892437 2.1966607785282 3.86076941147046 5.16318250522061 5.5850595345216
0.284314946818087 0.819277301482899 1.96220070226628 3.62586166948612 4.70942291222252 5.28514976148076
0.801219822042606 1.27105295727313 2.5072640355609 4.16996647667478 5.16306766548156 5.79953636634254
1.86941013318739 2.29910548077359 3.60119095387998 5.26689728389879 6.18668321115583 6.87610576336487
-0.764823377662432 -0.336454949533824 0.955989392786767 2.62482084459772 3.55117815247639 4.2358629138215
0.482573052969724 1.11034385537695 2.11669081270224 3.7784852438777 5.0034098989199 5.48065225638456
1.60484479986756 2.06844101056385 3.31785995748821 4.98250580331161 5.95596513864524 6.60765477881014
-1.12647125970627 -0.675024675376874 0.587540856067254 2.25823021609185 3.21317116579575 3.87673828937565
0.540779372383022 1.18292424623309 2.16918852747365 3.83144690500534 5.07539144685464 5.53926521558738
-0.342351770387146 0.16645018280744 1.34692731306995 3.01542243469187 4.0513947567285 4.65681959526065
0.521673187969897 1.09360176109669 2.17918442603017 3.84131971251867 4.98633172790809 5.5199745032935
-0.00448910634321881 0.540523612340269 1.66691364933717 3.33476943179343 4.43012304423939 4.99737225094035
-1.05734284032584 -0.510349410699418 0.611661770422078 2.27955495605757 3.37724384071509 3.94201794140114
-0.0509311053260984 0.51909277749372 1.60772609085421 3.2762874958832 4.40867057823443 4.94807556253651
1.12461450392485 1.56920006089626 2.83880258160056 4.50153560232792 5.46445919052553 6.12343706480457
-1.1159617133882 -0.546660311056396 0.543384782861966 2.21122077955165 3.340887431577 3.88322083791007
0.0899298003713115 0.661608326781184 1.75133416563618 3.41542971261682 4.55131803777423 5.09077176512294
0.700066189601631 1.18387538919275 2.40052039946203 4.06329586569511 5.07530428022165 5.69903427809083
0.584319968887996 1.11027313861413 2.26484804791526 3.92765929769029 5.00230082429963 5.5835247051435
-0.7474486871568 -0.217031510305973 0.931684703516492 2.59981922694799 3.66970211834097 4.25270864289101
0.821931852031732 1.45464092240586 2.45688367669662 4.12108998791371 5.34484922820685 5.82161785927472
-0.337903764754382 0.220360236525844 1.32740498810859 2.99571974128209 4.10710727837296 4.66152912416261
-1.18964242380252 -0.616678862958818 0.467277772127518 2.13518148853032 3.27113689567456 3.80936345447441
0.423369868728386 0.977754647056558 2.09297295669226 3.7560637249249 4.86939177249337 5.42439861402815
-0.379618669443123 0.179703114352535 1.28582634650289 2.95402503604167 4.06575852780256 4.61973059004428
-1.35464447036977 -0.696074584116521 0.266271815057763 1.93449842860858 3.19181908650417 3.64394763630979
0.542875441613957 1.22166538532085 2.15628933705623 3.81979512006968 5.11326505732337 5.54174447009155
0.635953432224309 1.32686088621529 2.2453612256015 3.90990542051291 5.21717533473826 5.63541187306047
0.46146242507912 0.97784500656947 2.14792696214561 3.81105098125017 4.86840505107985 5.46210492802797
0.103046161995966 0.640367064654748 1.77700755830493 3.44435158478051 4.52860057620654 5.10285292204527
1.35499804673261 1.75092467320206 3.09155285145736 4.75455148835907 5.64632703857513 6.35453831679811
-0.104121201448672 0.482878324450632 1.5532414514439 3.21946106208448 4.37251202829613 4.89868315772145
-1.585535137159 -0.936612493592238 0.0366744927896869 1.70514191756912 2.95240612169396 3.41356577247329
-1.19734352693157 -0.664985114504672 0.476567108822091 2.14524927303115 3.2232024014855 3.80244303146453
-0.8594075997142 -0.243007223672433 0.782782612357634 2.45062856444575 3.64191966427537 4.13911739954731
0.00937527786143449 0.566182683606871 1.67526515945672 3.34248143481211 4.45507692222058 5.01040401815173
0.55760231645949 1.2424236104922 2.16873588483299 3.83257729161547 5.1337350118631 5.55664885176273
0.706322700447616 1.20004793125952 2.40133682703096 4.06410140433128 5.09212527627296 5.70488951941136
-0.17056575602675 0.427565043369076 1.47952337517943 3.1478736816397 4.31795124533543 4.83103618330841
-0.589311078073951 -0.112304660274367 1.11422711968136 2.7823132764168 3.77448472792866 4.41182707445533
-0.376535475479041 0.174902474300845 1.29243348098174 2.96078228356309 4.06077774470093 4.62270265682431
-1.06719419474784 -0.546175382050697 0.612082835548762 2.2803522645717 3.34174376578832 3.93228573668206
-1.05725984370389 -0.622092556359943 0.663778764597443 2.33433563493385 3.26585625070697 3.94601994272157
-0.981665350256103 -0.500508776143014 0.715132655544777 2.38382542336437 3.38738910410172 4.01839209440743
-1.19451562544302 -0.683054369077573 0.489218486376793 2.15844488964411 3.20505324738903 3.80606603677627
0.643395321228902 1.13448474981032 2.34071675458856 4.00356308779034 5.02566420374307 5.64279381495267
1.26529113129384 1.78242843050596 2.95196496940339 4.61599802500181 5.67182559610706 6.26604097820196
-0.228695940718434 0.320487050138378 1.43940725526286 3.10828055405771 4.2090140588278 4.7712200588129
-1.69934538124987 -1.08826945853079 -0.0578911748586053 1.6131109227809 2.80156052199339 3.30245243149066
-1.75580134504624 -1.10986595554723 -0.130940895836808 1.53913869531557 2.77950312329406 3.24542873551761
-0.0288767555033904 0.537655384275843 1.63346474976941 3.29989725257857 4.4263633022841 4.97213584313299
0.529647446903058 1.1891870927985 2.150744732286 3.81347905355419 5.08136957977221 5.52817210183101
0.0109995611184058 0.555473191460743 1.68332113457733 3.35057464630209 4.44471227589399 5.0127850635339
-0.649529342967827 -0.0321608428064615 0.992660470689575 2.66007664051908 3.85230842830672 4.3502092251932
-1.62376643294836 -1.03742703674287 0.0290706003653071 1.70013821473474 2.85231131914634 3.37789925943806
0.569674292620256 1.23428208388447 2.18906840433164 3.85233733665265 5.12605479433876 5.56847463221975
-0.387887519603591 0.194426174117002 1.26788403969418 2.93521637042177 4.08083477145307 4.6115982252915
-0.332417459925523 0.148299762615983 1.36961600925087 3.03802684781484 4.0333507684459 4.666998452772
-0.0272649095484329 0.536937172293579 1.6321067349484 3.30131142290173 4.42664221405073 4.97000988441563
0.869435144930732 1.40886570456944 2.54246950704739 4.20462499017108 5.30216944086818 5.86847629471624
-0.571023782907783 -0.129633825866753 1.14727088082244 2.81563622692057 3.75776729040752 4.43027354489365
0.309670717529464 0.842353771488944 1.98856719896576 3.65212941479406 4.73254164579321 5.31044933108033
0.683829065335337 1.29842767303979 2.32453441515146 3.98719248254879 5.19071372448231 5.68265814950938
-1.07042907947342 -0.564252851159159 0.615198731866741 2.28378562910403 3.32374813929711 3.92939318998677
0.478891843230051 1.08370899219762 2.12249214709598 3.78428868865327 4.97683265348486 5.47720944089422
-0.204460619741052 0.359824251160401 1.45819233448593 3.12556381171857 4.248180579941 4.79549763062292
-0.937021187602624 -0.510608648909981 0.785632457340366 2.45541466303549 3.37698103433494 4.06493308141113
0.459659357868067 1.06489403771497 2.10292373450789 3.76469443963946 4.95783656203238 5.45799489970093
0.105886310228225 0.660641680015389 1.77617463413683 3.44069748069356 4.55070565942112 5.1078569861607
-0.171793641086525 0.394316195802024 1.49088736557919 3.15741290342768 4.28238603814125 4.82839060911112
-0.346522118070326 0.192894562076771 1.32753392556035 2.99612148563203 4.07879847143205 4.65260711855131
-0.828870328811994 -0.375882797700837 0.880939372279075 2.54957231098328 3.51183891352189 4.17149692573434
0.968060093729652 1.64256896049944 2.58643359057652 4.25236683242349 5.53107778611562 5.97033305607045
-1.97532847691594 -1.26171042685331 -0.381177279584987 1.28880228188092 2.62819635586123 3.02564400783967
-1.10423438414487 -0.636521411587874 0.600305398160357 2.27014914153465 3.25134846893447 3.89779535548777
-1.79443082536087 -1.10076711416364 -0.192236970997675 1.47668692608634 2.78885229926817 3.20505770973267
-1.90712321658792 -1.19274031719639 -0.314019779909165 1.35525844678038 2.69712036050877 3.09282428576807
1.12803932712452 1.69624834743782 2.79254847527845 4.45693018222103 5.58525793319229 6.12884121091175
-2.07772806930486 -1.34892438294326 -0.489351654886438 1.1813141104351 2.54136564789717 2.92344554961253
0.0327303005547934 0.584056361523698 1.69856470625159 3.36697654665705 4.47305687890941 5.03065893513018
-0.797860613717126 -0.355355296854949 0.916646444505307 2.58535353509648 3.53233575904306 4.20264722957669
0.0586618084432629 0.604488328289013 1.72717738405132 3.3953328898652 4.49322127859145 5.05678429806165
-0.0730607174723182 0.474360888075676 1.59648736921866 3.26483344861626 4.36418099969808 4.9281643230605
0.18053722628568 0.702769455767827 1.86406885293835 3.53003342169295 4.59012921492899 5.18194115252764
-0.336698163011656 0.149473923496708 1.36291239009152 3.03132623464474 4.03444306886069 4.66262968529286
-0.74650234809389 -0.254564721340741 0.948782835393922 2.61679247713567 3.63264333966903 4.25407519600792
0.585294561428634 1.09787049668003 2.27291805290584 3.93578403742713 4.98934584780523 5.58499963417429
0.141595593463349 0.669605999896478 1.82288343674706 3.48791078489723 4.55693641213105 5.14257534707148
-1.02811927761836 -0.384641944044158 0.601656700341103 2.26962023217198 3.50112754567217 3.97020121328528
-1.91201153551169 -1.19853956824622 -0.318486035537751 1.35085221012844 2.69131577402312 3.08802688798082
1.3621954709405 1.92462094210687 3.03226568640933 4.69785575693834 5.81246324206283 6.36616165106202
-0.153995270947407 0.383664761721998 1.51835499104385 3.18801283068909 4.27335462812551 4.84652939527448
-0.321670033363884 0.180419887376714 1.37056056640896 3.03911137131116 4.06539893556286 4.67749863431768
-0.463622231168367 0.122221178526772 1.1911299504116 2.85870852298169 4.0077533780414 4.53591304284891
1.22771775495328 1.80009074031297 2.89183422290231 4.55675866584741 5.68806800040743 6.22986305473164
-0.522938129269517 0.0764196073287857 1.12643195702865 2.79383869705898 3.96159228679153 4.47671071138868
0.0550434215395497 0.596438684474876 1.73001289359461 3.39509291144763 4.48410204481909 5.05601928307094
1.77982781495356 2.15945047113408 3.52885341397431 5.19265619754936 6.04839110012833 6.78162652587608
0.79030264234582 1.34892260466936 2.45484219606888 4.11688326473767 5.24212695194503 5.78919729126604
-1.18805382658404 -0.635140427361331 0.477007379284041 2.14519854236283 3.25292695776009 3.8111618715029
1.75350586331564 2.21875912097969 3.46925977087337 5.13513096877895 6.10660368929288 6.76011344002018
-0.673834004498834 -0.0541369331631662 0.967456665062569 2.63490253551005 3.83020167974898 4.3259197922394
1.70454339739671 2.12384128651358 3.43658109226876 5.10083010257636 6.0118526820579 6.70680254777483
0.106649841975585 0.677528553681647 1.76847446207906 3.43252178380224 4.56740391978486 5.10752124372389
-0.772154574697444 -0.142923149814678 0.865334161786142 2.5328850808709 3.74105084369936 4.2275767083091
-0.421658742382388 0.0353350661986615 1.29173689877555 2.95992287876133 3.921578017625 4.57962113657751
0.481437866616802 1.09671742656168 2.12083021621129 3.78263107178679 4.98992303018638 5.47965417647128
0.124254609419487 0.655238280069499 1.80427559839304 3.46893890175939 4.54241207616605 5.12491666160267
-0.0894180177261107 0.489333809020603 1.56597840730273 3.23468677882719 4.37923784256147 4.91009232631116
0.694282189952498 1.24438633728325 2.36163473071064 4.02373911565616 5.13839709798063 5.69268322175949
-1.87667289007577e-05 0.548564864889944 1.67141053017154 3.33683890611896 4.43644439896344 5.00089652849593
1.06377497847437 1.5217253960799 2.77192955461657 4.43457547653984 5.4168811212105 6.06246335934418
1.2772878021166 1.87796336599344 2.93031664100092 4.59649462153667 5.76645609514423 6.28172954929417
-1.72111835454404 -1.06457304132261 -0.102253844155303 1.56701132455513 2.82469423185267 3.27889636752622
-0.737033410080585 -0.112479347377473 0.902440401123513 2.56997163118976 3.77154269601673 4.26272791511993
0.919370501687504 1.59773079644622 2.53585137297922 4.20152424931178 5.48615506441926 5.92106739493789
0.0889196209883598 0.625176535644988 1.76623074265529 3.43165366641578 4.51302834168986 5.09024941049045
-0.088659367533577 0.451253797874626 1.58316552388623 3.25257720164132 4.34155178687611 4.91259448014558
-1.67976333064333 -1.01026041255399 -0.0667566681987898 1.60190799989088 2.8790338259829 3.31948519598579
-0.13955519145637 0.450454637884617 1.5103371218068 3.17991219393488 4.34098853388745 4.85963549925047
-1.29816883030428 -0.697950418628416 0.346576349030133 2.01448940778419 3.19002948572777 3.70064637243524
0.00206150416011781 0.559675863227873 1.66423119926855 3.33322530990543 4.44912192876187 4.99915394437582
-0.0734808691973723 0.501083363912709 1.58135900236922 3.25099104589035 4.39123265834962 4.92395801482428
-0.133051311717851 0.455407473953639 1.51714563514494 3.18681029779769 4.34593194809791 4.86583641694461
-0.176387298612427 0.422284964117013 1.47100127695685 3.14052176333847 4.3130682097248 4.82379953529682
-0.194704181655527 0.408725218944415 1.45265119779898 3.12156868718318 4.29943036823622 4.80670754993526
-0.191884913221281 0.411883096018516 1.45716237677927 3.12522030759912 4.30224059851463 4.81046662252284
-0.164552833981791 0.43441223972482 1.48782448085989 3.15490519926812 4.32437389947338 4.83839376451108
-0.124800856164155 0.466760439069112 1.53135271160557 3.19767665414015 4.35657790921821 4.87842791752645
-0.0695061643312282 0.511777085438178 1.59122928183667 3.2568684528573 4.40163802887647 4.93380326283195
0.0118864230802674 0.57976120523117 1.67763749992034 3.34270904367612 4.4697924416684 5.01469106002002
0.107191010594711 0.660713191826705 1.77817702040902 3.44270028008087 4.55082808848288 5.10928288799515
0.218869265172691 0.757678847736385 1.89544862335666 3.559425881278 4.64774776648844 5.22016734768897
0.336280724261599 0.861392768249873 2.01847116612821 3.68197716126991 4.75149045793807 5.33696968508804
0.465947323453301 0.975246887478144 2.15519002967998 3.81832046473378 4.86556466420146 5.4663161946649
0.594434139527108 1.08798832404872 2.29067951096979 3.95359404216449 4.97879885267879 5.5942069423517
0.710149494469536 1.19023199140487 2.4123722261365 4.07513829332618 5.0815773171226 5.70911467132714
0.811218399309572 1.27952090844044 2.51785719281304 4.18056080075285 5.17161561485129 5.80948984345025
0.910034585652206 1.36505381929729 2.62100007444222 4.2838071647697 5.25837911322858 5.90778001431337
1.02820981457926 1.46400485330899 2.74653223570755 4.40941659992871 5.35851296542874 6.02574806416134
1.10471834683064 1.5339894272157 2.82572620301939 4.48862731881575 5.42909867487185 6.10276767639555
1.21416985020472 1.62850152749385 2.941822356272 4.60479709269459 5.5241261178319 6.2128444861344
1.34189213484833 1.73893518221935 3.07785282428474 4.74085765212777 5.63441524879083 6.34133945097353
1.48637914356128 1.86575286102391 3.23138458944286 4.89436568889528 5.76016185832287 6.48664224052888
1.63304139203812 1.99778345720121 3.38596811404457 5.04903634945964 5.89049427685717 6.63395989130361
1.76482353837907 2.12194639530447 3.52257815160111 5.18593536245696 6.01260982335181 6.76616652711338
1.810335183734 2.18425540735701 3.5621449833544 5.22597841175879 6.07304286915023 6.81230482104003
1.92679934478133 2.2952470252436 3.68281179934056 5.34714163360158 6.18271529564238 6.93019841973682
1.98775395302846 2.35907410544996 3.74387319715155 5.40870256345971 6.24608286276705 6.99259545394212
2.00536398287732 2.38486951977105 3.75880876124452 5.4240505725815 6.27192998172451 7.01122169617067
1.93852810586808 2.34499238808258 3.68050351663682 5.34605062089139 6.23234387303508 6.94498882334372
1.83182728287762 2.27446496657893 3.55795470780758 5.22375769117903 6.16217801797434 6.83868502929957
1.65444676156914 2.15042764158909 3.35621033827519 5.02224226443183 6.03853421631856 6.66087427354358
1.42747137930653 1.98888327476931 3.0989403246822 4.76515458695012 5.877342292635 6.43290399839521
1.23023642557607 1.84406242562972 2.87713542812409 4.54334357122202 5.73262165936423 6.23442937952831
1.02676284073579 1.69024968809815 2.65034327675497 4.31641849507769 5.57881832322945 6.02954676822268
0.904925151186947 1.58881621427445 2.51885623648173 4.18458368898643 5.47727206291938 5.90659227535682
0.793791722163285 1.48335374285089 2.40490747410067 4.07014000295873 5.37217829891129 5.79440187810712
0.661229290996624 1.35631412204294 2.26914193043399 3.93390732194658 5.24622366738365 5.66089490270511
0.564395322112759 1.25322516211712 2.1739806451488 3.83802330916443 5.14437373756807 5.56353796559601
0.513266649157165 1.18575216095105 2.12892973900195 3.79194800597468 5.07775153595361 5.51186135205835
0.494201369985906 1.1469803475867 2.11792630390997 3.78012961983611 5.03946397539232 5.49254795309249
0.463382464949757 1.10476523967972 2.091729655125 3.75361164212135 4.99764332594536 5.46145530804439
0.442466073492297 1.07231481877325 2.07560734291626 3.73741375211529 4.96548462698399 5.44047733337553
0.435421424286693 1.0520401751406 2.07392152026308 3.73563102932749 4.94501496240007 5.4336962233681
0.417238893222256 1.02436815737492 2.05947873796959 3.72131246302775 4.91694245080019 5.41576580066205
0.400150212593929 0.997650178726844 2.04689373695057 3.70914049584442 4.889931527897 5.39921703493196
0.353280899393673 0.949126474805158 2.0020218070027 3.66475940072419 4.84118633723644 5.35346337394448
0.287002979410385 0.885369913231422 1.93652398234855 3.59969369797569 4.7772381470499 5.28862816027222
0.234965046332774 0.829777005307715 1.88763523548047 3.55113851321891 4.72141723027142 5.2376139649701
0.183499296336491 0.771931308759701 1.83906266779577 3.50276466171294 4.66309624322712 5.18588837653393
0.133404185922053 0.714530573136173 1.79131150485715 3.4551771407735 4.60501197346588 5.13481920075493
0.0853881580357603 0.66013526835649 1.74541669319669 3.40948882301619 4.54986344208838 5.08622664623345
0.0342649183735501 0.606433396583218 1.69532054867433 3.35982248119147 4.49554659396204 5.03519046571258
-0.00549216764721184 0.562230129115071 1.65696225023291 3.32246554628412 4.45097574916756 4.99555359683781
0.000156382665991715 0.558015127959966 1.66608561829329 3.33269198566036 4.44674783063397 5.00150309265989
0.00255486035793274 0.550581161405822 1.67240546480746 3.34008585492482 4.43994679714001 5.00439342554091
-0.0403599423928007 0.501206395390765 1.63136361470604 3.30030441172357 4.39141363796681 4.96143767024753
-0.0948034357805718 0.441493609517457 1.57831861297884 3.24806066786954 4.3318569882509 4.90650843270214
-0.150639838291419 0.379995952532829 1.52471435908499 3.19462613439715 4.26956621776784 4.84986750908603
-0.196847141803933 0.325748177006894 1.48247845601823 3.15227147833668 4.21408094182453 4.80294341717251
-0.252489207371267 0.2652416356287 1.43040043032434 3.09964841656539 4.15198469260699 4.74684215099775
-0.281426527631884 0.224948276041006 1.40794833551512 3.07679851237824 4.11051557299159 4.71771494641471
-0.300344734081162 0.19182675880234 1.39632654466758 3.06490334282706 4.07679888894863 4.69883154443824
-0.318456395521191 0.158171475805858 1.38535248591907 3.05378301293426 4.0432217069775 4.68094914056389
-0.35204542279123 0.111581374131857 1.357891855786 3.02623921254088 3.99720382042893 4.64813929727275
-0.409974257842876 0.0451818999032999 1.30436494903958 2.9725480426029 3.93139877804097 4.59137179644309
-0.467145082873463 -0.022638595671897 1.25158020329198 2.91977150986886 3.86418884334552 4.53465934390048
-0.550430604002124 -0.111731287600705 1.16927320093625 2.83765265075113 3.7756452012942 4.45097121048747
-0.61180307956209 -0.184979004717589 1.11162250868336 2.78016664080263 3.70256870406763 4.38923788810166
-0.66503284368974 -0.251926699644356 1.06318027346254 2.73197737842745 3.63565301413031 4.3359101289185
-0.720767870180926 -0.31873090155327 1.01192171696011 2.68107660429116 3.56875155538633 4.28036703394594
-0.786305299342011 -0.389888984401898 0.949232770599911 2.6188307482393 3.49752146706438 4.21533461125244
-0.848616958699151 -0.453611581657208 0.888663902751839 2.55867149368411 3.43376877160838 4.15391635710943
-0.902988429183773 -0.506117964173975 0.834780885688508 2.50514069404213 3.38136227827663 4.10035825459796
-1.01938712102676 -0.597542082993541 0.708067164966359 2.37869286544212 3.29032748839185 3.98416930631755
-1.17870402415187 -0.715594506560231 0.530348268987908 2.20115359575818 3.17280636718942 3.82441688132884
-1.40204661233678 -0.878320196112414 0.279471999954453 1.95044134981728 3.01078106589733 3.60028675069128
-1.63049627975614 -1.0424438513427 0.0215537420341605 1.69262864401379 2.8473211491558 3.37111230606501
-1.82070603783047 -1.17741667758349 -0.193995819099733 1.47712098045222 2.71281079154565 3.18045091742922
-1.97973025715027 -1.2889346885899 -0.374508750028013 1.29660077236318 2.60155974130693 3.02115668175906
-2.06245962570393 -1.34390443802097 -0.469566272846594 1.20137968815646 2.54657920648101 2.93847900324584
-2.09268626448078 -1.36051291664954 -0.505780448478667 1.1649373158889 2.52983420220346 2.90845742174704
-2.06378733708029 -1.33088562304553 -0.477830318028875 1.19246223303455 2.55927852510062 2.93736811514388
-1.98498736865879 -1.26054380314093 -0.396078289277435 1.27360553826324 2.62944337516889 3.01558531009806
-1.86119450646635 -1.15200261970817 -0.265889143499412 1.40315378801948 2.73778330627508 3.13840143175333
-1.73013145906002 -1.03349237125131 -0.128786698079515 1.53975611681389 2.85581857647056 3.26880497925189
-1.62107108984908 -0.928191647507675 -0.0171067880280912 1.65108651815167 2.96047440361967 3.37740224757518
-1.46292241728817 -0.785131544914342 0.149050582927217 1.81730947066864 3.10303521329112 3.53555719849633
-1.32574099173055 -0.658602717299856 0.292007456544808 1.96036311301825 3.22917039676823 3.67275138957446
-1.20420178406193 -0.544755993949158 0.417660968602607 2.08592473407379 3.34233801806394 3.79412802333097
-1.0856364750882 -0.434259866281648 0.540420507292523 2.2084652163177 3.4518957210042 3.9125696965055
-0.979693412991454 -0.334292946553761 0.649816536423103 2.31763883926721 3.5507625471514 4.01887750032126
-0.867911044710327 -0.230863236150359 0.765937577143321 2.43360421550424 3.65337903689628 4.1313591602524
-0.761337063317235 -0.131774504728465 0.876014421167848 2.54353850515199 3.75218089749227 4.23846363327061
-0.637836097144539 -0.0200337275916575 1.00413399599633 2.67148777149488 3.86450525426209 4.36189676137429
-0.503775122124911 0.100095333717201 1.143697131838 2.81075014809715 3.98562301417207 4.49584137861844
-0.366927631831651 0.222806258138275 1.28617943293272 2.95282129102472 4.10952416916067 4.63276843615284
-0.238315364722829 0.338996184859218 1.42016928402687 3.08627694528344 4.22643526264367 4.76182131732581
-0.110796513576982 0.452744538580861 1.55392577195369 3.21937407528515 4.3403834907158 4.88965285384068
0.00450044435018175 0.553762822285237 1.67596786663246 3.34075845525278 4.44120428296253 5.00510777672559
0.0986305231981993 0.633954290038285 1.77668405591838 3.44123446830069 4.52115908536311 5.09923687243082
0.167451637109007 0.691012901073432 1.85086333041691 3.51556961661701 4.57796612581756 5.16805196232033
0.218124800106077 0.732277771149942 1.90574983532076 3.57069611388783 4.61890817564679 5.21878303200327
0.233803935836734 0.744927734974399 1.92268334027522 3.58793742397946 4.63140983325503 5.23461742309902
0.226373556096474 0.738929670467444 1.91415368771901 3.57981898945174 4.62552602391975 5.22717348222249
0.193423731825653 0.71231107639451 1.87709664252452 3.54342641965654 4.59940792934982 5.19364501733128
0.137233883375503 0.667013934025396 1.81429276660879 3.48150212573571 4.55483234761143 5.13633312016445
0.0722159766669096 0.614985826711292 1.7419356927359 3.41006215808702 4.50360253060827 5.07005743769772
