-2.20710936266354 -1.33815096916247 0.552085597375574 2.00173637457254 0.745929948976219 0.110490289689614
3.82792295843677 2.32764929019123 -0.934903375564033 -3.44852516913213 -1.30419897103563 -0.216707149408174
0.0886009382859858 0.0541948449541382 -0.0200234409188388 -0.0784175905059787 -0.0321478381698547 -0.00794168791733317
1.94392213407727 1.18757734316603 -0.450287039847759 -1.7261104393152 -0.696591690505709 -0.163955013658819
-0.374762069624271 -0.227718357599336 0.0922126793565514 0.337737158884604 0.127560477219588 0.0210528279404038
1.00991058078603 0.612130147414741 -0.254706636924708 -0.91606167849673 -0.336202385920895 -0.0444978199434433
3.48405635587995 2.13085652511352 -0.798250173360699 -3.08469712062672 -1.2556841092796 -0.306797899711499
3.17867631286691 1.93874076576504 -0.750274085240413 -2.8348206363876 -1.11993575525402 -0.238711013570529
-2.07194864204094 -1.26525704405787 0.481464614606863 1.83983376212804 0.744941461343571 0.177370506424446
0.818756147324029 0.496944213465319 -0.203867586034511 -0.738938122531753 -0.275276348786175 -0.0412925502039021
2.03567409474732 1.22952855245267 -0.531395104149494 -1.86027269565064 -0.656638791708724 -0.0573571608598885
3.82622331599745 2.3331591913299 -0.903909289612897 -3.41735593099228 -1.35048695000621 -0.287981354540071
2.43778128487789 1.47963163072463 -0.606062990438982 -2.20194305816029 -0.820099591406885 -0.122115170034918
-1.22419805615903 -0.741570543856834 0.31015682827699 1.11063448475106 0.406710638034501 0.0527938967929662
-1.39080505201709 -0.844417734235664 0.345037825580859 1.25466040099651 0.468784033092963 0.0717450854914284
-3.53596880483133 -2.13709071230349 0.915468477181707 3.2283747730691 1.15087446033631 0.113478731769333
0.96344621514501 0.583520268123614 -0.244963784456073 -0.87454642915252 -0.317972238727635 -0.0389580606641945
-0.63958101574484 -0.389790203570341 0.152170180475124 0.572270283035277 0.222976596944298 0.044547288092875
-1.76125936994369 -1.06721245157552 0.445329009383661 1.59653915459816 0.584763210401129 0.0767037525859075
-1.87834181493526 -1.1565174730346 0.39900440200798 1.60818658764598 0.726367170529011 0.251920664796883
0.0865856031302895 0.0525693164456759 -0.0217574528627554 -0.0783654263911304 -0.0283188845869617 -0.00334722439681942
0.211995614175925 0.131438826022754 -0.0401054931946481 -0.172464218254909 -0.0901365813110419 -0.0432609128599779
2.51678349202562 1.52576784636212 -0.633138317586239 -2.28225483591341 -0.839574314031724 -0.113511867883985
2.57799171656541 1.59642679332669 -0.510979171071316 -2.1774233613836 -1.0278139819351 -0.400997982914865
-2.07899601729497 -1.28552934615873 0.418770481786108 1.75795416848506 0.830789394131991 0.323299766795875
-1.74534983340597 -1.05801992838415 0.43786831242416 1.58104587783233 0.587114774919121 0.0847945974640329
-3.61755623890827 -2.20219347298862 0.872280273116448 3.24493241784377 1.24992912005438 0.233052859526465
0.72417223290363 0.439105496999157 -0.181729449267608 -0.655468505654074 -0.241820241943338 -0.0334958693093265
2.52735220128429 1.53358649360697 -0.629501812825664 -2.2888203660464 -0.850608172338809 -0.125320164719636
1.75919291271518 1.06576009946932 -0.445412604404043 -1.59535391485694 -0.584902681955895 -0.0767901084744666
0.0582524279157853 0.0354066191280215 -0.0146818549218388 -0.052924285868654 -0.0191349926490178 -0.00231734951832261
-0.861213209760088 -0.526316109726122 0.200180687036383 0.766180322372792 0.306741627410346 0.0699281814082468
-1.72128582494336 -1.04510405874317 0.42662748648007 1.55201456697383 0.581187410068423 0.0903654648177624
3.03120735063679 1.84464687930168 -0.733356077753105 -2.71965801749987 -1.04501976095218 -0.191795091494908
-1.96887074252028 -1.1936888581135 0.494752713945819 1.78343642684442 0.658341273499353 0.0913113641984415
0.416651075730495 0.257822440872403 -0.0826492920169562 -0.354047852879562 -0.167958683378716 -0.0656879816649593
-1.51455437643918 -0.919131943205234 0.376886694374752 1.36862910920935 0.510399235102366 0.0768564404825382
3.79526974921706 2.29458483965707 -0.981240207824235 -3.46116435097181 -1.23213120611179 -0.120031028889346
-3.27266951799957 -1.98743243664196 0.807871700278373 2.95309846020162 1.11273111896915 0.180013659083169
-1.43719611894828 -0.871384936533421 0.360812902165388 1.30085175196615 0.481316021050948 0.0681255084979306
-3.0664322499073 -1.86532330391455 0.745214765729057 2.75360326484057 1.05337796374304 0.188459943262055
1.09675477752873 0.667330621570498 -0.265766024811204 -0.985208962281093 -0.378947622657314 -0.0697508807860452
3.60086690556348 2.22143574340624 -0.74433458114031 -3.0930980041725 -1.40969861983909 -0.49975081105639
-0.604008152545786 -0.369936956227216 0.132129087968899 0.515097420992591 0.233497540616211 0.0816821070514525
-1.71596071388932 -1.04149538411596 0.425789214165039 1.55060635578525 0.581475854991229 0.0906966079283114
-0.435506328082256 -0.263826327098108 0.110368205885627 0.394883579122856 0.144524343421701 0.0187052892155222
-0.318630714669639 -0.193596950019848 0.0778454149954768 0.286585733479091 0.109214443305344 0.0189310253136357
2.76349815895585 1.67145772467764 -0.707048678458467 -2.52338733601954 -0.923971544463921 -0.116634292205643
-0.689236751958533 -0.417712004241755 0.173562513843544 0.624381632078699 0.229569838829481 0.0308434858770828
-2.94530047624478 -1.80870639373145 0.645243239990345 2.57649706670205 1.09832385311793 0.31990950975162
3.32912327230553 2.01670691386588 -0.843999822473415 -3.02002589604766 -1.10278349930925 -0.139865528169849
-1.95235102537027 -1.20184698938875 0.416472466769348 1.69434927569481 0.739619136651624 0.233177241698908
-3.15453438650237 -1.94748690826917 0.647800730764114 2.70305667320368 1.23862767645231 0.445767767381725
0.250185506450561 0.151730217188642 -0.0604716154935571 -0.223703035011955 -0.0882774276250608 -0.018112448091224
2.46816658315071 1.53579929407656 -0.459106718653998 -2.02022848912273 -1.01956347240676 -0.47107107385511
3.0038221233346 1.82601331500297 -0.734906254472999 -2.70271637379526 -1.02647283676193 -0.175927404632977
-1.64545588369382 -0.995997429270764 0.41994739061457 1.49630103326063 0.542425565281214 0.0640360098176347
-1.09593281015579 -0.66834514766536 0.259018155897083 0.978248464110292 0.38586541716275 0.0816297126410767
3.94598028573978 2.39259029647447 -0.986110709963188 -3.56689031156995 -1.36103494630938 -0.232883336027392
0.557446420547762 0.346945177968208 -0.103590242277975 -0.465425909351406 -0.228002337101261 -0.0974234384115115
-2.25105459676273 -1.39947358689322 0.406259326462487 1.77810668298355 0.965473263859568 0.524818741961798
3.26492949059443 1.99715562245122 -0.746630706209307 -2.88881945986351 -1.17843418841351 -0.290597353472014
-0.570398413696133 -0.353233561796871 0.111148179578964 0.461756027769137 0.23460175135436 0.111298509038422
-2.14633547320971 -1.3006200468519 0.542640773703259 1.94694314197127 0.711788231715174 0.0912276085480186
3.07065910412162 1.8618216633167 -0.771609823511122 -2.78017305764323 -1.02596449124686 -0.142049027937026
3.51005949744704 2.12815097761703 -0.880708905430334 -3.17999524648235 -1.17798160601795 -0.168251022935746
2.70716171428762 1.67879536846961 -0.506430433064051 -2.16192551755126 -1.1632723928661 -0.605710301712965
-2.03455946092486 -1.23568238925676 0.502980037586326 1.83186591384565 0.6866086176648 0.107966548525979
0.174989898703222 0.106401447680928 -0.0432825199424284 -0.158905313858379 -0.0591752895672945 -0.00880273637531814
-0.750630343014424 -0.454967728553396 0.1885567476194 0.681490885573431 0.251392968722053 0.0345546762186588
-0.639387074625271 -0.388533415062408 0.156289418075295 0.572284933858681 0.225595048979209 0.0457277384250985
3.39718776478631 2.05993733514658 -0.853126290101536 -3.07347230773647 -1.13480554560896 -0.158219609674815
0.99576327347151 0.615700098038099 -0.197823134635929 -0.820033292366306 -0.410827787902813 -0.183003717835362
1.74764510712741 1.06138458361488 -0.431652494049604 -1.576158470048 -0.59262951438817 -0.0946354223332038
1.52833686547861 0.927505934060568 -0.380288270320086 -1.38182543184093 -0.515182143044905 -0.0773766300983528
-1.83455635827253 -1.12329454562593 0.411297926564561 1.56756854935464 0.697567633493624 0.234083950722771
-0.0730192641278824 -0.0446860823952691 0.0165708954478903 0.0642231811226047 0.026720688021751 0.00710990215880935
1.48299403567089 0.901045269432375 -0.364716483030323 -1.33561302067382 -0.504765551691705 -0.0835016766318293
3.55016130345822 2.15561260273439 -0.87878504831295 -3.20522801410331 -1.20075373689506 -0.186872995916552
1.99199116538026 1.21550385147245 -0.467666333389875 -1.77663698944045 -0.705344506203565 -0.153993019548598
-2.37459272783403 -1.45628588091314 0.526582977436708 2.06836384743461 0.889455952107322 0.265869317971436
-2.04081008890876 -1.2329150470364 0.528972327700934 1.86816961615591 0.667937878906676 0.0670438429385734
-3.57508341077057 -2.22423976687104 0.654227442831755 2.87984884974131 1.54827974385994 0.783453417976142
0.118577772562397 0.0721785980513772 -0.0289318388673538 -0.106315718870446 -0.0410532443981196 -0.00787428595716842
-2.44993466981355 -1.50711078719343 0.524945323337493 2.12889050409549 0.933272813638068 0.296585507955939
-0.986679072928819 -0.608222306189212 0.206594078531502 0.854287323595974 0.37970607404157 0.12596420689493
-0.304552155195018 -0.184281930216198 0.0780269379029133 0.277227783598795 0.100103029335575 0.0113903666989277
-3.83127321848899 -2.31563227120364 0.992013518690141 3.49568712362841 1.25127624161712 0.128847782554336
-1.6216187308838 -0.988142717708665 0.386682911682932 1.45171566156026 0.566342986687264 0.113173055826709
0.312573705079813 0.189640241374797 -0.0783827352718933 -0.282872780465378 -0.104557132267508 -0.014786923280467
-0.700935380403797 -0.424318539596957 0.178648545794055 0.637451550501444 0.231902688389137 0.0282332373404252
-1.57411076066191 -0.975325519714206 0.307226391310431 1.3015173920777 0.651175177507854 0.287935355405276
2.99633907085392 1.81896159415674 -0.742217945653488 -2.70539336039018 -1.01616280719823 -0.160648090444476
0.97501064509195 0.599763474316315 -0.208196531791351 -0.847201130413399 -0.372166030499845 -0.118874665706619
-3.13611317876298 -1.88868450375339 0.83787351039587 2.88960282446325 0.995943101629868 0.0571106214419943
-2.49201473359627 -1.51326543055026 0.613194107682882 2.24276601090462 0.870526521495676 0.162436647230515
-2.74751118565969 -1.66212355555186 0.705489247718802 2.503501828838 0.898161588866582 0.0955949264663579
0.346274389694491 0.209401899107927 -0.0895464663732261 -0.316279663587324 -0.112104342395478 -0.0103901308989522
3.49473473443848 2.18720762430635 -0.584047158256266 -2.71203135672549 -1.56488211505779 -0.903041660471637
-0.651283206372565 -0.39582184753384 0.161607075160638 0.588450732236241 0.218736298992914 0.0325995753679722
3.67185662682243 2.25415443422033 -0.804642743380991 -3.21566009928693 -1.37600995142671 -0.405340742973286
3.11561934939881 1.88597215480704 -0.79495591913105 -2.83179545928983 -1.02962750890621 -0.125372708603126
3.5664731707608 2.1607414654912 -0.903078460989306 -3.23416457141031 -1.18360274189887 -0.152986307961307
3.29635008758326 2.00266803403294 -0.809632605398184 -2.97153978699715 -1.12840197852066 -0.192355009549637
-2.8095270578905 -1.72748113607284 0.605696237036563 2.44614859837554 1.06271871312148 0.329390204019254
-0.186836592629309 -0.114841653731223 0.0408990392390452 0.162828718196174 0.0696235956144371 0.020594604277705
0.601075529922277 0.361757988008584 -0.161290201436894 -0.557352878764401 -0.192879808485776 -0.0109917524605794
1.36651166819016 0.826117223142805 -0.353450453919881 -1.2472725296628 -0.444753899706825 -0.0441503050486855
2.30052737285156 1.41674626247587 -0.485668581758767 -1.98489446691083 -0.888612284991126 -0.300096008681931
-3.70523020164881 -2.26469775914704 0.85458419364961 3.29527971268717 1.32697084466391 0.309060135181608
-3.39214464746039 -2.05627890891264 0.853969059639796 3.07186214122784 1.13063318482771 0.153513323892981
-0.0204399907272327 -0.0124611844525547 0.00491175240752079 0.0183587180198763 0.00700789120613308 0.0012429969103796
0.855824221067361 0.520162689818656 -0.209900685756171 -0.772285011766979 -0.292428574023777 -0.048833303213178
-1.37806527715028 -0.835633120376978 0.345235809860709 1.24711805189684 0.463022846194432 0.0671893869531709
1.36945126438921 0.843793524642728 -0.287232746727585 -1.18232875916216 -0.529748878207619 -0.17929109164843
-0.139585861006079 -0.0854680586687558 0.0316103007071782 0.121939624631841 0.0516435206456577 0.0146866659418871
-0.439652329864227 -0.267706363724336 0.105712361210276 0.394128092067068 0.152402845766074 0.0290207857514789
2.71517673840803 1.64518538741676 -0.687499433458673 -2.46106149303197 -0.897158225075819 -0.112806813508687
3.64850940031173 2.21214528648807 -0.916005461149999 -3.30429411954524 -1.22264187413012 -0.173160213643435
2.73908698818035 1.65972084343973 -0.692823935285193 -2.48651146550261 -0.90829306501569 -0.115011183730759
-2.43020984946129 -1.47151219103556 0.618820632522897 2.20944539947906 0.799760423376836 0.0934130130086014
0.628582988506775 0.381808605668504 -0.155250932020481 -0.566376121688544 -0.21277874310173 -0.0338587895772221
-1.37082299797584 -0.844222072022632 0.290183749682741 1.17750941129387 0.52977797148765 0.18184431846938
1.79079432666948 1.08858973835403 -0.438130718100479 -1.61088348079601 -0.611753376925412 -0.104454611653701
-1.16284610154649 -0.702642558951785 0.30128849725198 1.06195153773458 0.379160482922674 0.0378963667017484
-1.50712897529801 -0.914067665541092 0.377533189434085 1.36287264405588 0.504668265545358 0.0720252014949254
-1.15439702034555 -0.699972046509218 0.289881664433835 1.04440762510456 0.385117772415427 0.0531600163702766
-0.317069544779367 -0.19236252991126 0.078547342425601 0.286149001334906 0.107856370870981 0.0173350300153783
-1.73276668624375 -1.06139047723225 0.390744634748592 1.52933546601332 0.632339385335916 0.164328032088864
-1.40177544858967 -0.852892869096958 0.339036811798306 1.25963478310198 0.485277089657358 0.090184181152696
0.83142486296337 0.503994784293485 -0.208966464637559 -0.753509665348243 -0.278471705623384 -0.0389335591408587
2.64654198831161 1.61133162819055 -0.631502723801344 -2.36541985084901 -0.960082483816814 -0.21998577165383
-1.36313553520603 -0.830627011250173 0.325246487655114 1.21929077642424 0.475779096554359 0.0952864926096146
0.078267651645388 0.056177022546402 0.0109578388043288 -0.0357503164639607 -0.0493191915913057 -0.056931372048769
0.197481687917434 0.123476608950881 -0.03023888859521 -0.142719078214331 -0.0879291872741926 -0.0645459601277377
0.190334016558408 0.142645182167275 0.0462114396817672 -0.0769549880548261 -0.137067459235919 -0.167840717163214
0.242135244587083 0.181026895883917 0.0573013022290495 -0.0974822272365759 -0.173576356207334 -0.212683873751705
0.337132379214545 0.229714437068053 0.00855108170632602 -0.191021593507765 -0.190891672758834 -0.195849671334495
0.354684079780484 0.258841802200795 0.0637061441738614 -0.158465563469015 -0.243456810751918 -0.288390060185324
0.434690812856629 0.301267535785851 0.0274685584236947 -0.235020301574455 -0.265334184398542 -0.285338629647492
0.445257165008553 0.326331478849836 0.0846892397255459 -0.197508428523732 -0.306237229451116 -0.363388217143294
0.434690777028506 0.348426924559993 0.17795756638226 -0.120941641240289 -0.363065672722618 -0.482569264594596
0.538053719669035 0.41226820165036 0.15913287739899 -0.188178309219872 -0.409031612898142 -0.52059664378124
0.890833008197511 0.564280187874795 -0.11357365214824 -0.633727690974404 -0.405495675863778 -0.308686549495108
0.792121210264464 0.575774743049394 0.134658363843995 -0.356532924163545 -0.521098838269876 -0.609492052886537
0.853335058508941 0.639491174549523 0.206647048659438 -0.337509683251114 -0.605381559893018 -0.743097742506723
1.05788497035497 0.741153041189374 0.0914308028030656 -0.545224604763502 -0.633199619818828 -0.690165190197222
0.985385063757735 0.759904754533936 0.307000385879801 -0.334490434914382 -0.735196479539681 -0.936743858301272
1.03936796495692 0.81828187311805 0.377604621153458 -0.314542916127682 -0.806369328888774 -1.05108371349508
1.18120448027135 0.90718949540859 0.35631546966509 -0.41132075011909 -0.866595419971303 -1.09647314603407
1.28541540131786 0.987792335831142 0.389290487249587 -0.444593517946776 -0.950520222415116 -1.20567428196849
1.51354300956266 1.1064450270622 0.277514713414096 -0.663666165833938 -1.00722470804658 -1.19013842100166
1.78409613302272 1.23619290013575 0.110328564930514 -0.954462856948072 -1.03409900566529 -1.09815046657806
1.63716614209405 1.24003456630471 0.43776564170831 -0.606869941560676 -1.17793065221029 -1.46870187469419
2.10426712563088 1.41772726893696 0.0024149202902754 -1.2365165541882 -1.14714991379583 -1.13557171681894
1.82108355690472 1.37523899593909 0.474375500912634 -0.693547998517633 -1.32372268463735 -1.64474298239965
1.86685545415506 1.43902306836975 0.579848852668666 -0.638919006539695 -1.39220672811015 -1.77134434744578
2.04729107332393 1.54165763740943 0.51904915962743 -0.782697739878754 -1.43122793986928 -1.76427607712221
2.07343226100765 1.59944031258603 0.647156274500364 -0.696435185550861 -1.52260156946625 -1.93861595064362
2.29731746931583 1.70872294070759 0.514430076389639 -0.927737946975538 -1.56489730332662 -1.89658346545768
2.43941633710108 1.79676232622449 0.489867399840357 -1.03009457828998 -1.63468068544473 -1.95300181854083
2.6321316599841 1.87458155252777 0.324097414681152 -1.27361738423708 -1.66694141904715 -1.89138631177978
2.98771937472482 1.99412278683018 -0.0576696374798027 -1.8471317324575 -1.65372967529887 -1.59109150500684
3.44592292553606 2.1513806298234 -0.540416602136932 -2.52194960340548 -1.52128737281418 -1.07626204143646
2.40312388656825 1.84607743332637 0.725464275500912 -0.823882810957197 -1.77595684042216 -2.25738423983207
2.39860535771899 1.84295039425118 0.725898863923409 -0.833150590480123 -1.7591412334644 -2.22629222048554
2.44740805002434 1.8500328983068 0.642365760629724 -0.911750789877943 -1.73019936553131 -2.14874353134203
2.71433864146894 1.90829766683676 0.2552311006424 -1.37708574148531 -1.64027461653656 -1.80372397892155
2.55628007518961 1.82775835445629 0.338373605502089 -1.22630938462901 -1.61324046110954 -1.83205095587935
2.09522862437472 1.64592110312483 0.749150688820749 -0.639706143880229 -1.63098509579912 -2.12436508648553
2.19857736759143 1.63048719080063 0.477519110207438 -0.906230842300678 -1.49477174559033 -1.80221734734178
2.05069723752985 1.53928022032699 0.503979092494754 -0.797659037328726 -1.44268638877197 -1.77439985709428
2.06771244019329 1.49521574668611 0.32645173690812 -0.962185752168465 -1.35887683179777 -1.5712696579192
2.61218865305705 1.62283901203334 -0.441582985326444 -1.98398243419449 -1.1277746826322 -0.731302627406471
2.08175574765227 1.41531428933481 0.0425454735981643 -1.15908161910788 -1.17142981355016 -1.2124068945121
2.12976645859572 1.38021304923032 -0.171599793340944 -1.40125662174767 -1.0435252183159 -0.902446802949263
1.43493346704698 1.11401321364996 0.470806671272995 -0.471728850507907 -1.11589091868169 -1.43810130448308
1.33001828964291 1.0386348172417 0.456782588566223 -0.434472925710798 -1.04038655291713 -1.3426612084423
1.3108195821228 0.990680258950494 0.344176401903168 -0.497947427289747 -0.938959826548448 -1.16433355197994
1.21804394852579 0.918953047900654 0.314314286310317 -0.461289872320609 -0.857404938366169 -1.06032693384955
1.06209778589806 0.824320267345704 0.347777533229678 -0.347359242944635 -0.794269568998446 -1.01839751816402
0.949685481264824 0.742554513078583 0.328593589600947 -0.298642253785735 -0.723508735901586 -0.935680056854334
0.873627129182801 0.677132292018701 0.283342066919188 -0.290673807000681 -0.656118974336952 -0.839520987543497
0.771973331642605 0.606065927594486 0.275075168289265 -0.239104632944682 -0.601528407808128 -0.781991587512456
0.744192637475145 0.556017188614857 0.174897044853451 -0.298649017554023 -0.521712963412882 -0.636881360861686
0.661171399445721 0.469996180217747 0.0786417747100805 -0.322520839983584 -0.411458297826953 -0.462920138392067
0.377580960880377 0.28349693491121 0.0930241435163583 -0.146257211443561 -0.266228796156109 -0.32783613645356
0.0217470392509438 0.0105808006341567 -0.0127945983033238 -0.0265136651339022 0.00196224359469383 0.0152075614699705
-0.414493070304327 -0.262042338479361 0.054272279736754 0.296085850312533 0.184990048378435 0.138118351417907
-0.564035825777783 -0.413989833073666 -0.108506792281439 0.239865573137546 0.374473245608244 0.445802525320741
-0.623064515026618 -0.471899737337671 -0.166567797014071 0.230692307657315 0.439995480064257 0.546912797280541
-0.718301484591892 -0.547668755758224 -0.203724553748464 0.257926744359889 0.517193545417877 0.648792340619265
-0.816276036869286 -0.624136992422015 -0.237299330957159 0.290635172075521 0.592985361499578 0.746126684859899
-0.863747957266923 -0.678631128923165 -0.309370166841112 0.265328932111683 0.671899336068298 0.874382699965545
-1.06816871650006 -0.772234367932618 -0.168384971527059 0.492977525163448 0.69734693908353 0.808276964648606
-1.42598017715429 -0.918641468564684 0.132394108644153 0.965336411181319 0.684557917070609 0.57122109412741
-1.23571159078407 -0.907983881397619 -0.241046127183477 0.524418015498981 0.845096643781624 1.01375604875705
-1.47580796818873 -1.0363643708671 -0.13465519232416 0.747472708055309 0.877862186659279 0.961067981022008
-1.36321719480774 -1.04659134926476 -0.409114623121192 0.466159380474126 1.00078729547074 1.27038467634903
-1.79746038499811 -1.22378097211886 -0.0416454979384226 1.01322632002705 0.979850006455245 0.99182015534356
-1.84272242891185 -1.28082256597471 -0.126067147320304 0.966712149999802 1.07612285956915 1.15530053268889
-1.67076959198985 -1.27491448145511 -0.477856686839544 0.608926708166645 1.23837594411318 1.55682378395622
-1.76134277319023 -1.35632924312628 -0.543167763873444 0.612500213584569 1.32167675037656 1.67869637884962
-1.82141678927134 -1.42156887347506 -0.622196912804587 0.58536211256746 1.40474573274807 1.81400078717879
-2.06949348048728 -1.52870078431743 -0.430260697314937 0.872309399182121 1.42063534536375 1.70736940987496
-2.44514883690615 -1.68289711948439 -0.11540110629398 1.34032785337084 1.40484134922333 1.47154206929311
-2.10185707489954 -1.63026120208963 -0.684943202602032 0.694523784066175 1.6030270321351 2.05811756568386
-2.24189811426665 -1.71964009166719 -0.669470757535064 0.789235615830519 1.65412712387332 2.09102603162552
-2.29528219912428 -1.76905209240157 -0.712437138806041 0.789089267745613 1.71648572084319 2.18344594504027
-2.35447879114831 -1.80281723353656 -0.691974102264324 0.818910942709805 1.77846727664636 2.26442664222204
-3.26534869074161 -2.09402398085049 0.333662034264178 2.26035200418357 1.56148912996018 1.2676328327899
-2.91495633260367 -1.98490912122 -0.0693611065708818 1.67677990182484 1.66895837819878 1.70297580595017
-2.25187158682759 -1.76473282066233 -0.792636712443606 0.714007842093812 1.79231980051231 2.32972274729242
-2.20470116920921 -1.71339212763194 -0.730705670154336 0.741008608806884 1.71312488045854 2.1991931453123
-2.14940858377662 -1.65610727955333 -0.66610287066192 0.749005860842596 1.62724749679121 2.06907209359772
-1.99916276818182 -1.56255801193952 -0.690568300276713 0.643788305085217 1.56317076593245 2.02172201590539
-1.96622412726782 -1.49882216381639 -0.557601686545118 0.722871013411985 1.45579421711039 1.82695455877256
-2.07621638653355 -1.48563091538442 -0.277847921262455 0.986138220472123 1.30955630346378 1.49173462121997
-1.96946840613894 -1.39968767178147 -0.233338563714344 0.964262997389997 1.23518279304366 1.39131266202994
-1.69638221591324 -1.23767257085293 -0.303676547492316 0.762599195437761 1.19323178500032 1.41900392244691
-2.20848543915695 -1.37366300295802 0.368772210656181 1.6768456698741 0.959540963967585 0.62111476451075
-1.68222957775241 -1.18022350005247 -0.148946768059228 0.848429476402682 1.00541391917411 1.10313426202305
-1.72287852420288 -1.14536352888249 0.0474806425454081 1.05155883604593 0.898115166374554 0.851503945095618
-1.47301389548077 -1.02467770953054 -0.103430301399582 0.774344100427495 0.865567148442891 0.930208752740682
-1.64994617076667 -1.03645180607569 0.238439493437828 1.18740050183037 0.707829052753584 0.506169661349562
-1.17262432087032 -0.853611648031126 -0.202768126877814 0.508472781061388 0.762921790405673 0.899854748371933
-1.01548195730683 -0.762445531225362 -0.250074540640931 0.391586693828663 0.709444374757613 0.872898395772904
-1.08194359807531 -0.730937514907069 -0.00713221933576656 0.627016931940125 0.585271839831147 0.581953393649543
-0.826149582982196 -0.614493938426212 -0.184970675930006 0.333695321294767 0.568735939130383 0.690820001057655
-0.696486971942392 -0.528435181299348 -0.189416570792591 0.259787006231371 0.506260924667244 0.631564883504918
-0.657746465210835 -0.467796114399124 -0.0791297744543354 0.322148507850407 0.412904203197976 0.46512918078981
-0.495875907982785 -0.367140632108149 -0.105619567413501 0.206050988901535 0.344176228362223 0.415921018911069
-0.537153209178533 -0.335008313792597 0.0862282304855588 0.399295546072463 0.230722655136192 0.155329563794502
-0.383565323460477 -0.275323544432582 -0.0540256481927862 0.178068863209789 0.238781259610993 0.273104536287901
-0.286797643794589 -0.227845924593161 -0.110687037677396 0.0808290147861996 0.22587655015773 0.297686766424916
-0.255212224477462 -0.197642959161244 -0.0821914040371215 0.0845441525290532 0.189109333209062 0.241653938639077
-0.204053479879778 -0.156670183161349 -0.0613116297661421 0.0699692746287209 0.14787588818001 0.187242781444205
-0.147475741268116 -0.10421768325229 -0.0155641388728324 0.073297625314333 0.088707765016735 0.0981189172599698
-0.0922018630857027 -0.0602980276358461 0.00578081759190648 0.0580522667865007 0.0449491715381809 0.0402654432522917
-0.0350338606455448 -0.0248399427846671 -0.00395193280568768 0.0170496709116767 0.0215559231398726 0.0241855593712529
0.0165179528085852 0.0121752680423611 0.00335415763980728 -0.00698231763209103 -0.0108785025616878 -0.0129296974850154
