9.57103902012425 13.0931873987936 24.0875157514002 55.2929162127688 124.183477233501 211.273636509032
9.00725948205442 12.4272824894945 23.1932564845004 54.0376505884509 122.811813384435 209.70792364298
4.68119921194047 7.08370196736166 15.8323737706267 43.6725637969866 110.340539913943 196.284065762537
3.45542195457325 5.45962203896508 13.4189483612649 40.099711601914 105.971131738715 191.522065414036
7.99006018291235 11.2029097853045 21.5630320301918 51.8111500063198 120.101319750139 206.852281898045
11.550740502363 15.4139236405958 27.1530218000468 59.387002092692 129.020268530759 216.451062228838
1.02219192805393 1.47956279382851 6.31967071768765 28.298234712886 91.0893923360456 175.070949198195
4.82391109013047 7.26527881356463 16.0685750014033 44.0416651799908 110.787065308635 196.768243519009
3.77130606115808 5.88375462859939 14.0920158071691 41.0653718315969 107.177201736245 192.837521370133
1.14723258066356 0.974305240947068 4.62009543363342 24.7767559804139 86.337407622255 169.709649552316
11.3285510937788 15.1623041388244 26.7989924868646 58.9401809290822 128.498940397077 215.879437054108
1.54672968872417 0.980418000060026 3.84475936342237 22.7980690693946 83.5780230952097 166.556300729564
2.46366726216895 4.0844872406352 11.2410787383183 36.7125451360145 101.821730690891 186.967888745895
9.15029141465865 12.5814207298349 23.4427031951255 54.3848793527315 123.130040143347 210.124682544613
1.88291367547178 1.10816074386279 3.51331698823365 21.8100695558278 82.1257371391976 164.909750178712
4.24963894134571 6.52206088659977 14.9990834772225 42.4578292597288 108.872531754007 194.68242661412
0.998681285348209 1.27673060577297 5.75399006169077 27.2416858120957 89.6406780958473 173.475709072939
9.01186469556871 12.4513286947465 23.1807709347996 54.0474941125106 122.804423952243 209.724104030204
1.10574690292687 1.02411957935627 4.76257794983277 25.1246805176258 86.812202518687 170.250650856653
1.63785285707179 1.01499877319318 3.71678971953881 22.5242257396046 83.1461015937886 166.073786314618
5.6914951983341 8.35478287061232 17.6711067141611 46.3202995970567 113.505209521594 199.747739098085
4.86536495885125 7.30612540155769 16.1603181525394 44.140165777928 110.965879020854 196.9187151062
1.82958036112077 3.11637758752752 9.60368143891455 34.1012997722495 98.5135881773213 183.357563398154
7.04167188381024 10.0509741220282 19.9865773582634 49.6252056382247 117.490446745651 204.028428068753
4.44912590282375 6.78335865451262 15.3752045423486 42.9999823101988 109.574730443926 195.425508583258
4.50423762591371 6.84747936504353 15.4890502541513 43.1524349638294 109.75626801501 195.628174253166
11.0152780586136 14.7877809983879 26.3231618728777 58.2845205874742 127.740920988604 215.064426666852
8.29346173798521 11.5806014740822 22.0458296865855 52.4963930634229 120.931173503698 207.731247323322
1.27052978487875 2.11181618897154 7.7333320214753 30.9305194629269 94.4663709228864 178.863722690234
2.12387260277859 3.56085618913442 10.4114546750494 35.3527887504101 100.147059960993 185.1110896426
4.12391866478231 6.37181239339652 14.7690466994785 42.0963007244087 108.45671609205 194.217608165129
2.34810116495797 3.90734712981192 10.961780122243 36.243775456096 101.265436309773 186.339647829868
1.24035346523458 2.05774697640388 7.62407240973436 30.73457053827 94.2084710869005 178.58609539244
3.04543908034061 4.90524772494274 12.5509947311885 38.7598605963743 104.327053485902 189.733160164563
1.03770829203306 1.09608967998688 5.14922462022711 25.9512282079945 87.9569106030028 171.539217908607
1.8354677395302 3.10333183430995 9.6178704366966 34.0822901239994 98.5243753947426 183.33964859145
1.44565118582081 0.979280733913997 3.98073608328713 23.2040984040203 84.1410498666033 167.21103462911
3.20307900242209 5.11316557379249 12.8959729100196 39.3098783974429 104.972578265215 190.463096135763
5.61766649686741 8.27209098220972 17.5376434195597 46.1448460235444 113.301635184956 199.515881628752
1.1903448977338 0.987902964254742 4.49213955387868 24.4578339998925 85.9453689266731 169.248637743796
2.09888037607291 1.1921644182091 3.3699487999927 21.2773933846746 81.385113949994 164.019361502562
1.00449672143827 1.36041531645125 5.99088282339753 27.672843957555 90.2433136802213 174.133151622233
2.15873670220968 3.62002242657305 10.5127323406142 35.5200646884006 100.321237997276 185.33776895241
1.45095307503517 2.4650890791931 8.44602439261458 32.1179653804612 96.0570632147171 180.586983691482
1.02998180906767 1.48632810096085 6.3697249264482 28.3593948947844 91.16327948818 175.161630097618
2.43982883708154 4.04385979484235 11.1921641184443 36.6249205936892 101.71946650936 186.859420262041
2.26889925983539 3.77797988027354 10.7662986811133 35.9742447273113 100.867611365038 185.928193826557
1.4763507489376 2.50903416478846 8.52635591351229 32.260253928512 96.2143963281998 180.783520693651
2.77353254526158 4.54333742413267 11.9530019668748 37.8447162924843 103.256225569656 188.521313538307
1.92806431406773 1.11967638056184 3.46475994003749 21.6684329341221 82.0537781656245 164.711509514993
1.24818852093393 0.962662347913318 4.33844728508478 24.123849598148 85.4078077530976 168.680644278571
1.01706849870868 1.44570245072549 6.21016798279955 28.0917394873062 90.8470516500548 174.767451844012
4.83609695832468 7.31021517264068 16.1168255419199 44.0374539350425 110.94093790587 196.839733490451
8.73721275986543 12.1027431093655 22.7609009760066 53.5006224011831 122.080634180898 208.985225858779
1.42838267415624 2.40100943954573 8.34978118401347 31.9545080986168 95.8285957292853 180.353806433711
1.13850028099219 1.78961854006154 7.09238935024753 29.7212066050272 92.9739698657891 177.150794555095
10.2947704484951 13.9442552331068 25.2281832519596 56.8031015835884 125.994492529019 213.198604270766
0.99926302431034 1.2668366265138 5.75241611231731 27.2080146918402 89.621861361248 173.437812515196
1.49293167537474 2.55059677386701 8.6113810551821 32.4019617937298 96.4135042267153 180.971480355388
4.53923534547027 6.89363358006367 15.5744115869267 43.2614154495384 109.890724195945 195.770706071309
2.49285448905928 4.12072997095007 11.3231161678091 36.8349887488366 101.928228786176 187.120791894836
1.81386183951689 1.07920658206176 3.57015464884815 21.9841759776888 82.4146176947602 165.216755502902
1.10535246745747 0.997098809576396 4.76806791763207 25.1156855292413 86.8014348563747 170.24524580888
1.00127977739503 1.28601183549597 5.79251775880736 27.2896956812468 89.7272643876096 173.557217623183
8.3335637951188 11.6315588501365 22.1186423963779 52.5713760432244 121.039456217701 207.832461774233
1.09428060242064 1.02776663176768 4.8564386839305 25.2871058867568 87.0532041425024 170.529128377648
11.8042461680812 15.7436519900712 27.4988490808537 59.8720593898236 129.661214544162 217.078636145529
1.46693156194041 0.987337021490082 3.93661633099275 23.1278988758018 83.9881722313564 167.059810237062
3.36932514256971 5.34240476131498 13.2420146603667 39.8285324299108 105.623989845464 191.161919226832
7.14310696096185 10.1765125778747 20.1741727947127 49.8470107941648 117.81383642977 204.345711182082
1.0089864057016 1.21077556874912 5.57046044862502 26.8174908430414 89.0980620064452 172.847554034733
1.00204094990834 1.23170276464493 5.63979430922724 26.9684297884327 89.305799237443 173.076056956712
2.1857848373815 3.65570173043037 10.569430578201 35.6005970957106 100.480295376265 185.464508997714
7.39092434050393 10.4697323784767 20.590926035846 50.4520826472221 118.452743374789 205.093285740469
5.77546443075728 8.47664581697255 17.8012752945427 46.534074344819 113.776223723138 200.026670746838
1.94350636274882 3.29155951335331 9.94360633346244 34.606754316937 99.2071554084569 184.080290516138
2.62957546247015 4.32279395163845 11.6448336372294 37.3674527266806 102.566527684825 187.823665724678
1.1208060094148 1.00260056302665 4.72603384464906 24.9953098916351 86.7098424761188 170.08787954386
1.05812710964088 1.60649595709949 6.6337698978735 28.927124851168 91.8104957397501 175.940623988708
9.90189335106255 13.4372489557179 24.6238558403183 56.0154260056117 124.928301233105 212.132814380797
14.1408299685276 18.4306092863867 30.9930690791222 64.4891150007136 134.967154347916 222.80354909563
1.47590615726876 2.48701538593125 8.50241457353105 32.2214330815983 96.1752609788847 180.735012271551
1.38673599070464 0.964266729940328 4.06778045134321 23.42700175235 84.4866473566358 167.590294278417
1.34555263166838 2.24825166173798 8.0660237471318 31.4444625040896 95.1638928327952 179.619059007382
2.3478574164419 1.31200254566326 3.26050244062615 20.7351455250901 80.6879539548896 163.146049350107
1.34316504727904 0.963490368543295 4.15808658893467 23.6187141086425 84.7467151804784 167.897967133917
1.43084615214996 2.4280940381121 8.37245333747715 31.9794443704889 95.8952004196111 180.399570249287
6.41650530306281 9.28065372333729 18.9305283288352 48.115227068312 115.76542211952 202.116074427576
2.43158067192215 1.33242680866713 3.23488942782858 20.6251060002126 80.4799703844917 162.92069230657
2.30556313382083 3.85649218965698 10.8558564585519 36.0752918868091 101.144624845454 186.130243913841
2.05908316753437 3.46932101452153 10.2231575690381 35.1230907872212 99.7982280111087 184.762279908018
1.34637805521171 0.959994975863435 4.13485225745889 23.6037630017343 84.7430136543807 167.878675769025
1.01872249947449 1.48321005898004 6.33718270281644 28.3226864621865 91.1169603791536 175.098017095574
1.9751342177864 3.3276811123811 10.0307208336833 34.7641354376868 99.3392523638717 184.271840849712
1.10391235547743 1.03113347754878 4.78869927875451 25.2173777644124 86.9182420834 170.383357256425
2.11943669585444 3.55649141487212 10.4071875924915 35.3712456074472 100.119742980155 185.117504530622
1.97292236881 1.14032903881274 3.44962358801673 21.5664848915633 81.8229685056454 164.513837983243
1.71062314655945 2.90958129686332 9.28034784718961 33.5343646951286 97.8146621841988 182.561862486759
1.43070419352549 0.980397430139699 3.99635737370109 23.2754043453881 84.218186691729 167.311859940078
1.03856804021136 1.51939906358503 6.40213968416698 28.4897948183887 91.2879268787959 175.327513863663
3.05644312074339 4.93477911115962 12.5997334745974 38.8311397474482 104.382806003262 189.8305141269
1.18791982703568 1.95396635328639 7.42578330568428 30.3113412384279 93.7452212637438 178.015102828232
13.8423449165784 18.0884409830602 30.5502067637447 63.9106472973454 134.299072831072 222.085521259051
2.01886842661215 3.41044776988831 10.1509815252031 34.922146038814 99.6563525990607 184.539362015583
11.9249910943454 15.8616734752359 27.697433487366 60.1431347002692 129.91482361784 217.392264100772
8.52188142934348 11.832313697652 22.4254075291492 53.0147516876767 121.461701051068 208.361693368534
1.04860949554709 1.07558592175016 5.09563989837526 25.8319700360291 87.7634770843837 171.347507876082
1.10446138984152 1.71838991448799 6.88351198298178 29.3595868008136 92.4676296897917 176.611559959408
2.08262025907062 3.50334691052155 10.3106321306944 35.1801949355495 99.9802129671838 184.892989519239
3.3272472500713 5.29707953585585 13.1459962224387 39.6780523092895 105.485382233879 190.981003447853
7.63919658627987 10.7765280557328 20.9872252380422 50.9877377737136 119.196390419153 205.827932936963
1.28290655531767 0.96193332162768 4.24578286906555 23.8703552075337 85.129814945772 168.314139954505
1.44205397292924 2.44641555573793 8.41856601698228 32.0883817540916 95.9288587993109 180.519443707131
3.84313552267835 5.99141114206882 14.2277196756123 41.2877527587044 107.446536898955 193.148561123283
14.6446748484262 19.0504618728565 31.7072916311514 65.4261408943196 136.15037540524 223.995042132942
7.58075733425682 10.7074214024699 20.8831303991717 50.8732700684573 119.001788338264 205.653622592418
1.65500464289248 1.02708074792549 3.7003534149124 22.459536219026 83.0545234510624 165.973706576085
1.0273683841822 1.10321924001519 5.16940213705406 25.9944096358274 87.9972773299796 171.598153975282
16.6692263452596 21.3348766087875 34.61595222108 69.2588342992035 140.474954809068 228.678801584049
2.86508483807323 4.64625893478815 12.1609504731998 38.1582372733333 103.5656532866 188.918445310248
7.7380494612111 10.8857452497189 21.137857437154 51.2562464598825 119.379860179473 206.104036449594
4.30114229382947 6.59161847635958 15.1164612637572 42.5896063233782 109.063393630772 194.881763218287
1.00538653897305 1.19316277915068 5.48300646035108 26.6800561283579 88.8921084478833 172.621371326916
8.46520138640779 11.7747594155296 22.3183889852137 52.8850896654211 121.360395146395 208.204539807411
3.71330452580136 5.79089806600536 13.9395328743272 40.839859933933 106.956981686272 192.548893656219
7.96121217343615 11.1690268666805 21.5228897181705 51.7180402522067 120.061239532324 206.768343563266
2.40270439372985 3.98420917068823 11.1185352065179 36.4756607317382 101.55265563002 186.667555664239
5.16821183914511 7.66266451244264 16.7075663251146 44.9812445150666 111.827951908804 197.962247808747
17.0752608472202 21.7494854069339 35.2287990162178 70.0456538547314 141.226253970185 229.596334263257
5.75886789588812 8.44256310291882 17.7705530581407 46.5069698416287 113.716296498797 199.95974678846
5.41452691216939 8.02034342508932 17.2032302082951 45.613784925963 112.703796115848 198.852962055721
12.9514184331276 17.0625973601652 29.230358167422 62.1834427545516 132.297490161303 219.936078522391
9.33639339351888 12.8391090326814 23.7000174175715 54.760052939243 123.675738482176 210.617347221013
6.62549247065072 9.52540065071864 19.2880472354031 48.626951249812 116.316228597438 202.759329457177
1.76052396031592 2.98771396571329 9.41610893477414 33.747357014254 98.1275207147216 182.894219872114
4.13652501791771 6.3682963252893 14.8048675495549 42.126655552126 108.46431164111 194.257108098201
1.06757067826635 1.04659964557644 4.93865464064531 25.5059528604969 87.3238886536296 170.847022031146
3.75279863026779 5.86013112635616 14.0256780224627 40.9880532874516 107.086279158017 192.738056567626
1.28461368344996 0.981181611572473 4.24555436360733 23.9352623449276 85.1211726505599 168.347215158769
7.72656883760179 10.8706508747558 21.1118294981248 51.1881633196812 119.388809941849 206.057055628983
3.47076854386949 5.46940425081816 13.4444889656965 40.1255763250002 106.00274411021 191.566855482512
1.29159297989076 2.1782754235607 7.87028984272892 31.1357246983804 94.7770397504768 179.186666322004
4.36656873032838 6.67688095508909 15.2206803570958 42.7947924284274 109.286155125765 195.122230866666
3.7503402393721 5.86156710824062 14.0281949365207 40.991957466078 107.097955357741 192.75294935643
2.74487089492131 4.48483585820324 11.8850343065671 37.7591141613614 103.082683382173 188.365506714345
9.28875856282378 12.757491980191 23.6440792236944 54.6843834509761 123.464732657474 210.50191778741
1.03575050072456 1.53884452433008 6.44145619100149 28.5542799867685 91.4038255246845 175.435725967019
3.75285740212768 5.85549626823616 14.0243760589661 40.9931637402214 107.085478596789 192.736161875346
2.90087242145588 4.70564673173316 12.2373789272484 38.2800321250516 103.72989391847 189.08769145398
1.07681272204497 1.6537540970633 6.74276219483939 29.1069442253195 92.129489546365 176.243586683579
2.31867219534729 3.85850297403105 10.9034813058694 36.1536658149521 101.096096411421 186.201477992533
7.42781085644771 10.5235891036574 20.6384599936636 50.5189522949983 118.628230054973 205.213661463024
8.49558628865014 11.8265201466321 22.4043647134283 52.9168725114054 121.511794085986 208.317452963247
3.040231923576 4.89473723113362 12.5736678297892 38.7419248697056 104.368288507012 189.734371970532
1.72833915420037 1.04954520053785 3.64183782350043 22.2239514934885 82.749172164827 165.607430471934
9.43320669297292 12.9057640080112 23.8720678610188 54.9990634063247 123.790144821623 210.88977150443
1.14022784886497 1.84035251281948 7.16528289877503 29.8784006769017 93.1421085519608 177.368555787601
3.86595587756564 6.00586467676651 14.257539711333 41.3422017028032 107.509198538297 193.204206597039
5.05492992473512 7.5747039329435 16.5050257048158 44.6834835717271 111.542115772219 197.604159802483
1.38492111252089 2.33866382636583 8.17902900846451 31.7121435980226 95.4494989682002 179.973846899739
1.13955791357341 1.00207127794042 4.6650562349607 24.8487768071654 86.4587192656382 169.84931485363
7.66674140651993 10.8097516667982 21.0326681790947 51.0495513016748 119.270032632856 205.907890332811
4.34611177524644 6.65144552290673 15.1792150610487 42.709722278491 109.224848083312 195.041790105184
0.995630566497862 1.22243747661651 5.60675048548224 26.8795929995786 89.2268810431663 172.958310043225
3.41801643249094 5.4225854589777 13.3392266446235 39.9705186639117 105.850879900076 191.375863458438
1.15329916173938 1.84478179466663 7.18791499861053 29.9057659044251 93.1732393277055 177.408806803714
4.5352911085286 6.89825899514235 15.5388572079184 43.2573726226689 109.840208512578 195.740423374043
9.02083032876128 12.4620946361275 23.2076557246103 54.0761097266789 122.866342739852 209.760515098559
5.27612694877313 7.84260327272388 16.883809343851 45.2361002994839 112.24492947991 198.343840684242
5.85216990631531 8.58828445541209 17.919417845621 46.7271030429473 114.034748616131 200.286621492583
4.03416842359833 6.2321197224429 14.5910936201488 41.8369588877852 108.124766602038 193.860334401108
10.7819690348944 14.5263660247809 25.9580894283479 57.8213461155263 127.206549734709 214.484104134993
1.01109649136081 1.4138059640337 6.13794272639896 27.9458046043557 90.6042812729469 174.537698710267
7.862403395113 11.0578896199678 21.3470873474914 51.5200532406826 119.776306092321 206.484144358499
5.80503961878116 8.50240298092324 17.8700461444742 46.6173418017717 113.877771251392 200.139686966472
1.00187036454281 1.18681939812286 5.50281172427381 26.6764711072089 88.9239183438225 172.639283857715
6.9539593305203 9.93713736378671 19.8444596259296 49.4270302179882 117.267743690615 203.781422779963
1.16313950168891 0.982052289546518 4.56582629192886 24.680385858239 86.1793799761057 169.56355872142
1.00306155277111 1.26621015100457 5.7765360270293 27.1943526992821 89.7043285722995 173.454624038778
9.09570152934138 12.5172218057161 23.3307865459773 54.2726998778038 122.970718029828 209.962010422274
7.52375940226545 10.6291432491778 20.8032671045232 50.7647833639434 118.823151236435 205.488210912003
1.00195983894771 1.19274722782783 5.48556890212455 26.6758340738698 88.8756828409051 172.625630741753
2.34853503075455 3.90547413497605 10.9764317539369 36.2819999223151 101.252796066766 186.370442474502
1.658784229914 1.02796205544635 3.71750338783875 22.4101876746349 83.0744186141277 165.953757043715
7.46775626507364 10.5517621472559 20.6949261338929 50.6157884698641 118.645864109563 205.296696588792
4.43877805605363 6.75788489468079 15.3763267654604 43.0156292362274 109.495237032341 195.400662420847
2.47476626647542 4.0885371845577 11.2934279634205 36.7529311105686 101.899616072972 187.045243152161
7.55739203702236 10.6725067836479 20.8479093772058 50.8483178121797 118.90324696453 205.576454092843
5.04325103157572 7.5481153067821 16.4684458456228 44.6311412109416 111.498654442103 197.543844351265
4.55149847926272 6.90370803311996 15.5833317818466 43.2911213489888 109.877550166835 195.79500291052
1.05317064654336 1.06289922329197 4.98980051841465 25.6508298095104 87.4747392326116 171.052124092903
7.25709856378078 10.3186431979443 20.3464492181268 50.1288984130756 118.109585055218 204.687067444001
4.28872473736176 6.56920620157765 15.0803474417219 42.5399563973372 109.025713982013 194.819442636082
1.85788652290097 3.1491815526525 9.67561625714765 34.1781491562047 98.6894322006868 183.488748907862
1.18379033123411 0.9855175107405 4.52602660769527 24.5713533037282 86.0164710218188 169.388010367219
1.23960803088464 2.03930359250799 7.63485479596102 30.6920498593585 94.2018134954894 178.551230816095
5.24879837013062 7.82223214139512 16.8632817842075 45.1946652478521 112.184021840801 198.275985243318
11.3532359223786 15.2146080759608 26.8606719274367 58.9729419326907 128.632756162835 215.957429774267
4.75631012232554 7.16531253166803 15.9777501792665 43.852516590643 110.596154815121 196.543675292336
7.00299452568991 10.0167782114509 19.9049500693779 49.5302339180522 117.405433879133 203.922504730376
3.75480868507635 5.8610186072678 14.0467805360756 40.9910176622362 107.110635294795 192.755108450899
3.81440902618229 5.95834494886958 14.1630069959437 41.1576690805177 107.396088464124 193.002064411873
10.6805065358815 14.4115490997993 25.8130678161052 57.6181851578916 126.940542931959 214.206629182731
5.50776442882224 8.13933134696003 17.3691799057581 45.7956035940424 113.058487923068 199.155719467086
1.73450991614354 1.06092280895111 3.64244073895755 22.2295106751829 82.740538902853 165.603380056294
5.43107421706729 8.04492750096189 17.1883028920767 45.6673780580035 112.740235310428 198.88308559166
1.82570668022195 1.09207899952064 3.55373901016669 21.9602354584087 82.3745628932965 165.159199184249
1.03986247797755 1.08796488036595 5.15037204216713 25.947973372445 87.927106749722 171.529439166811
1.84469751297987 1.09111207517343 3.53909903426488 21.9018294317523 82.2601610383861 165.062696292617
2.21694256867163 3.71407634432268 10.6490511149444 35.7651690078928 100.64895796328 185.6732532589
3.69002509937043 5.79189325703944 13.9043416808387 40.8092395159105 106.878691184663 192.507469466227
3.63205075157589 5.69640152927831 13.7806589848228 40.6060091950475 106.655050395954 192.241107000561
1.88822059972086 1.10573122896949 3.5010376304327 21.7936667054451 82.1019924859325 164.875220431979
1.36672837659154 2.3101129782202 8.13847969750617 31.5658677661089 95.4217223416457 179.830133297541
3.92676608132922 6.10527883236092 14.4035561649693 41.5143645154122 107.774697162986 193.459857860826
13.1471039922544 17.2933875352729 29.5319313157598 62.5648220536861 132.768855841495 220.426810576314
1.03661720158234 1.53950334669278 6.46838158043086 28.5893366263564 91.4730615269847 175.491895279239
1.85437286862382 3.13663174296523 9.70511960969301 34.2004341227564 98.671188665872 183.513220770985
1.00822689072088 1.35216391635194 5.98144771269223 27.6570544546563 90.1943831223742 174.095243541988
11.7519834407697 15.6519676751804 27.4447040174463 59.8062812516578 129.509894615348 216.964832548179
1.00101580241116 1.26040020706049 5.74652197425389 27.1700826342689 89.5470165424553 173.379736436205
1.64276265241013 1.02258920045598 3.72828534187347 22.4997069282223 83.1498547676542 166.069632245913
13.2380689073276 17.3703308578522 29.6698060182054 62.7643807865446 132.90471104111 220.624241785751
7.1444152252064 10.1513515459592 20.1553824270018 49.8676545134153 117.73859284141 204.33419907717
4.30990955259931 6.60056380070574 15.1132334163409 42.628324221473 109.069393998688 194.903508487763
16.0800195156108 20.6953064049101 33.776214937395 68.1307299724046 139.29098607194 227.332986728906
1.00740198562072 1.30949853515957 5.9005633228791 27.4370472481116 90.0041258132187 173.812219399674
12.9517528577255 17.0777555190195 29.2161966665734 62.1603088507429 132.316072445376 219.920791661582
1.36807248352515 2.3162152840707 8.13833767676755 31.5962530988127 95.3616473187386 179.839529107053
1.02491280710144 1.48064678245682 6.36263417088859 28.3429214329487 91.1803146113169 175.154159491868
3.3549105582924 5.3289994657239 13.2201553315069 39.7879768632438 105.566266904437 191.10738070658
4.95583079824729 7.42883517995764 16.3574399842631 44.4227835170097 111.216183978795 197.267673769284
2.06087252825284 1.17072780432184 3.38621906234415 21.3130885932928 81.5458040126777 164.125145377172
1.19341804002674 0.995689699443867 4.49053651578541 24.5174170925407 85.9490918339163 169.282388776924
5.63861288058151 8.28899810925519 17.5471255795107 46.1670322666061 113.348169146543 199.548786921327
1.47105636415582 0.980035771894294 3.93918154412119 23.094888535623 83.9892057747246 167.045942714652
7.35785100440078 10.4187888037532 20.503046818085 50.3418102455744 118.386983221254 204.967679104691
13.5461415804572 17.7313196863479 30.132831041983 63.3350882954495 133.664147834015 221.386909004087
4.7350049668485 7.14237768971209 15.9282195084111 43.8281351379933 110.449236588574 196.454185489118
1.02547811844268 1.46310653812838 6.31367553916532 28.2511093904934 91.0165266650806 175.000439872399
10.8529620619696 14.6085376931452 26.0796814510919 57.913417644927 127.412195579703 214.636189940318
1.59424026556916 1.00938088610168 3.75832516861335 22.6538970885314 83.3314311039718 166.289787342763
1.00308263838717 1.34323609569179 5.96994124987022 27.6302867495211 90.2239691979561 174.083837237992
3.80835380102579 5.9334925958399 14.1494659203512 41.1680618936504 107.310692340314 192.977842868292
1.22384259988225 0.97788499149372 4.41267880189178 24.2521130109756 85.705980876812 168.937305605308
3.60519873328621 5.64929854527971 13.7193681587486 40.5336999812023 106.512429531842 192.117329856327
1.80827723087975 1.07143115484518 3.56977643478722 21.9694727911083 82.4750209090169 165.234751777403
1.53164413245627 0.993637338036829 3.86015795227887 22.7997825050816 83.6681252342678 166.614651559354
1.27548908403363 0.968974346101465 4.29507624965184 23.9549930756727 85.3182834069011 168.477358319687
1.10405829569283 1.01916963713865 4.78016651737539 25.0968463671026 86.9930437108255 170.214925520266
1.00733935013853 1.16449687821172 5.41006438264896 26.442961858031 88.8752865733639 172.232006000151
1.0120153869388 1.39214919124513 6.11590143041152 27.8539378888262 90.7245493078402 174.35469366711
1.11204710095585 1.7017521950043 6.88567920404572 29.3218145268619 92.5479388635514 176.533895085442
1.30383150673523 2.11762178916973 7.76246722845098 30.8959167553979 94.5203678036538 178.781516948625
1.57221495313756 2.6468141194092 8.8011279463588 32.7020623539288 96.8194581644091 181.302337025821
1.84605007187341 3.11447378645972 9.66466971787236 34.1568903761928 98.5783220135274 183.383888983067
2.0824010131048 3.50067689058812 10.3244987216748 35.2428974805264 99.9665856828247 184.949159893783
2.35231536761851 3.92033571445783 11.0196265436717 36.3257093065533 101.458031293072 186.430877766773
2.69384739898564 4.41246606453572 11.831762329341 37.5756526737134 103.038768765251 188.108151613985
3.17102636045416 5.08272423459215 12.8931619718104 39.2119576398367 105.068271525864 190.302434138407
3.79593154036354 5.92710860120722 14.1779209391758 41.1903965940777 107.386314387484 192.971238882239
4.4813049697855 6.81918421697473 15.4410535562188 43.1283747114693 109.679757040937 195.539847504867
5.23967003963716 7.75098250514604 16.8380429662344 45.1698532839091 112.060823152126 198.2028799252
5.75120144878301 8.40963383876301 17.7659621921488 46.4731250257727 113.880887708155 199.865791301385
6.47712610529438 9.33365192814608 19.064245465792 48.3251896422586 116.308725740797 202.209563434263
7.19190283981649 10.2054238333134 20.2529304048544 49.9876696253425 118.185607675544 204.382202553376
8.18517495632573 11.3991802410714 21.8800488489736 52.2491111209322 120.691358622781 207.323749589045
9.33165769210735 12.779543182658 23.7129715127162 54.7807276709669 123.532037852305 210.602005936163
10.3557009205877 14.0200569310234 25.3025546712376 56.927079752951 126.141537604495 213.358098406495
11.5527291467107 15.4088418758036 27.1484974247099 59.3875201402989 129.025824009275 216.436900237654
12.7089663513504 16.7523168116146 28.8985263798134 61.730509095969 131.74132245488 219.336667660871
13.4857364831785 17.6494680445556 30.0417695378878 63.2561599484785 133.461115967164 221.221041836576
14.5403811398001 18.8682195040026 31.5994286257799 65.2963082943052 135.885302270826 223.734590926381
15.4846726420058 19.9744470974739 32.9551240421396 67.0628080746765 138.047033318468 225.913465668431
16.4796883161853 21.1282539304018 34.3519838264411 68.9146520428438 140.209463190219 228.199703241038
17.1229489837465 21.8176620748269 35.2792577727651 70.1321149017086 141.386263654967 229.703000875408
17.0839561613476 21.7505200711801 35.2535677273432 70.064945058831 141.223950933155 229.609659512101
15.7645158325402 20.3193752787436 33.3320473188792 67.5365966942239 138.631878322145 226.568047306738
14.5434205631107 18.8962862689672 31.5779491489693 65.2314173400894 135.958494759365 223.723411409801
13.3135933136664 17.4596694275952 29.7933863008437 62.8836769671481 133.137903673135 220.816752750405
11.8561228439587 15.8014017303233 27.6240965215295 59.9965100808634 129.814653198912 217.227646829487
10.7805949492426 14.5320409040434 25.9714551547272 57.7661276705365 127.263648522366 214.455683266815
9.89922413317481 13.4860751763612 24.6091430761127 55.9241157743828 125.101043618642 212.112207537531
8.78370628677473 12.1760203022163 22.8705394841439 53.5464428124853 122.285562067284 209.120395918749
7.7827202768163 10.9526433653045 21.227864240916 51.3097710158112 119.596351286105 206.253976695771
7.02767836913683 10.0422651882067 19.9739447796574 49.6137219551454 117.548957157059 204.03664601949
6.28713552185297 9.13107525103778 18.7081753070756 47.8005413753171 115.437243156398 201.719346936714
5.53602439149472 8.19340773954312 17.4138780592822 45.9104336689023 113.162440508677 199.263498025673
4.73772203261819 7.1871799448452 15.9309652167714 43.7686170975496 110.633985780767 196.494607989883
4.27767198515655 6.55328089009938 15.0441765551901 42.4961550681079 109.030666768029 194.774892915482
3.78682790578743 5.90841312145623 14.0942449063472 41.0521537120409 107.373545566773 192.812058980041
3.32625867581004 5.25941995679412 13.1235126364638 39.5793439599428 105.643389761269 190.811268432308
2.81737778157119 4.54229349238546 12.0060692252393 37.8683770740326 103.505910266512 188.485907674143
2.30172643127743 3.81619595260753 10.8384194786337 36.0270785627076 101.113267765169 186.021077316152
1.91558310362953 3.25742910763704 9.88497311859801 34.4858246328871 99.1628899846561 183.946513978694
1.69964943299948 2.91026689971591 9.26821497221184 33.4798553998256 97.9133138033284 182.50615144356
1.45455563523116 2.48343977367136 8.49234192749246 32.175674988575 96.2773158544672 180.660333436395
1.25390865920398 2.11267447282036 7.745259458772 30.9072451449266 94.5983293834623 178.842814833361
1.11645734655895 1.7782890225991 7.01453475782088 29.6013980719189 92.872995330721 176.94198056458
1.01756964211089 1.41736780256849 6.12794064927678 27.9240565444028 90.6500858203932 174.506089847384
1.00125975542742 1.14216072798886 5.3720990039635 26.4100175330905 88.6158001349995 172.233570942981
1.01316773909822 1.11758292233531 5.25334291423087 26.1684220982798 88.2696781825947 171.847535900135
0.995904746196316 1.29364498508364 5.78891503529029 27.2680635786013 89.7458199401631 173.491028703486
1.04883852721888 1.57354627710113 6.55236733222074 28.7774831804055 91.603539896914 175.719213307599
1.10849647571783 1.77393479473717 7.03733868666809 29.6505036389234 92.8565823848104 176.980790326527
1.21527706880102 2.0416359880431 7.67756588283293 30.7502364318055 94.3917951607193 178.531099925814
1.39633793222252 2.36711420371077 8.33677435658212 31.8871916807643 95.8047712321558 180.171700331583
1.67257327854379 2.83334530859738 9.20111840010646 33.3498368517247 97.6348399505807 182.267551550163
2.01670836761695 3.39260440396536 10.1767069206044 34.947498480853 99.586248841008 184.523574073385
2.42472217983387 4.01068198668879 11.1808737468944 36.5966995571091 101.590931095573 186.781243564238
2.88107201677521 4.69828186958282 12.2374360295845 38.2711604051053 103.67746050194 189.071506194526
3.38173309395791 5.36917601588148 13.2928648739663 39.8955608052615 105.671937869455 191.248618254598
3.87598759419114 6.02011374101224 14.2735923906452 41.3910593342048 107.57762550962 193.226359263722
4.45447920426214 6.77305381161995 15.4112438037417 43.0683812514682 109.541045942962 195.456540051443
5.02734342995417 7.51432198747317 16.4792666017741 44.6219590064033 111.463353496384 197.492703651194
5.71138579671221 8.37852303756982 17.7061731817231 46.4148419324291 113.628183731624 199.804799071045
6.491315344523 9.35399483561167 19.0599015523287 48.3333808228786 115.913597287854 202.298491702707
7.25961794472472 10.3092417046484 20.3783834822509 50.1553685996411 118.105729223707 204.684942977849
8.1001382165717 11.3151217963855 21.778994084572 52.0840011295145 120.401825675021 207.172218148668
9.08361502515678 12.4868556750421 23.3672214366117 54.2692454595125 122.973591125342 209.958291481823
9.97820975755274 13.4996174276446 24.7674378437814 56.2001687550163 125.056485274084 212.346542149516
10.0620998107209 13.6329682794412 24.8642670145432 56.3565906836463 125.368344243037 212.546579325383
9.8439159903351 13.3952351543808 24.5124575547407 55.8913541873341 124.887008798609 211.972255834564
9.1743656434844 12.6026686893893 23.4594536496032 54.4490691593224 123.160283619341 210.174514803055
8.21939823828589 11.463209036285 21.9437511739807 52.3356351121415 120.695796762934 207.495727392564
7.20527147927675 10.2526080107933 20.2792701632619 49.9986437048588 117.990288075593 204.537348463332
6.32573006360879 9.16748465244648 18.7826650383639 47.8348988707545 115.488716746749 201.770281631141
5.55280945935 8.19913736135198 17.4485374364198 45.9019151061548 113.211694718293 199.293062141901
4.87653910543655 7.32760581081301 16.2104152193483 44.1553071961677 111.056207251884 196.973369527808
4.16413230586407 6.42200740365706 14.8630628518452 42.2067466803883 108.655349043159 194.389842637386
3.59649562050246 5.66603343674511 13.7127088922087 40.4847658458578 106.614343135332 192.113958359295
3.1664865705106 5.07819143615625 12.8039479928011 39.1101350287375 104.968296502729 190.224722071204
2.6052759152177 4.30743935730146 11.5749467385596 37.2254718449579 102.695112689612 187.682999944096
2.23031099701504 3.74309162964991 10.6677296777647 35.7692709445465 100.773679979125 185.717134059331
1.98040631004405 3.33858851812986 10.0224888574638 34.7157291924452 99.4237421112637 184.229617727123
1.66494718764501 2.84061535909663 9.15665415501056 33.311447376457 97.7010455490321 182.264178636186
1.38242506997155 2.34936802363361 8.21648514729475 31.7035925501503 95.6790941739785 180.036755757842
1.18457242554102 1.96693180882074 7.45840419158284 30.3464494449221 93.9299180857467 178.10997417928
1.08201520715933 1.69524924972819 6.8641426473771 29.2657580077679 92.4648990449357 176.517360021436
1.01054083156887 1.41120445583329 6.19366771388458 28.0149743862719 90.7809679329855 174.677387270273
0.999120184086685 1.193126153566 5.56398810224492 26.7673936893035 89.2102586096277 172.827899666827
1.03827199265765 1.07615393277405 5.11932063785152 25.8640820620243 87.9968821860595 171.421073095226
1.12790945602502 0.991622075197761 4.67802197115716 24.8910974083137 86.6242455649635 169.929451923302
1.2619990442898 0.955682571675771 4.26220720553452 23.9071176244672 85.2761441243644 168.384145859434
1.44288347771256 0.97094859968401 3.95478889612622 23.1139593374712 84.1846566746078 167.086861291093
1.70545135367195 1.03715911631597 3.6582394913936 22.2462513700973 82.9795125584228 165.662390427563
2.03524979491323 1.15676391814919 3.39844785325026 21.3531549673048 81.669738796196 164.202854035128
2.21337925419642 1.23584215710771 3.2884999748511 20.9513088834483 81.018552295125 163.501296752899
2.41598738681256 1.32318502286483 3.2311832548366 20.6345220647409 80.5079825016794 162.927614498973
2.51686742967536 1.37889912412834 3.19838465229176 20.4263699250917 80.2538006529861 162.608887528538
2.43648041235197 1.35208969803216 3.18705930302564 20.4771106497569 80.4175678264281 162.704504685727
2.25467404203324 1.26005291209719 3.22504670380332 20.7961026668408 80.953182703564 163.187895171196
2.11791888282866 1.20178666050102 3.30573817505908 21.133423938154 81.4128249667783 163.755421837149
2.0237923281898 1.15497113029142 3.38099016553856 21.4069195910265 81.7344453109224 164.272388341256
