8.57529489146296 11.8487786508759 20.1755456497263 38.2866192448665 54.0528804196115 62.8580198111475
7.99557330227713 11.14967802451 19.2906539647113 37.0004773351119 52.6228753189362 61.2799571686984
3.67276338015399 5.83501187301592 11.9365950722526 26.6377271624835 40.2099971712192 47.8676784112436
2.43747451004485 4.20408236755563 9.49973894063861 23.0593376101208 35.8365087423892 43.0889686291958
6.98978046974763 9.95754474167164 17.6532283677562 34.8001058353877 49.9849306280534 58.4274715744799
10.5627284699237 14.1848374748693 23.2397093155838 42.4189577513706 58.9106679521316 68.0713437360376
0.0244937980065979 0.219877670860154 2.41795701892569 11.2815907550365 20.9384036191079 26.657458021166
3.81066762436409 6.00553974796633 12.1794889100324 27.0120349075523 40.6538035305864 48.3511392662238
2.77136346386759 4.65932284149385 10.1705935494869 24.0929139464506 37.044035902859 44.4467921825597
0.154917954180362 -0.26511697016431 0.692998408926363 7.76694031068247 16.1737568406369 21.2911917703896
10.3233921021198 13.9172230064127 22.9024066965145 41.9116499495986 58.3616601733554 67.4600493486672
0.541733805304413 -0.274219953263093 -0.0467443777835202 5.76555244956295 13.4495706557582 18.1450859244421
1.45984937758277 2.81101800415295 7.32298329333767 19.6779797084529 31.6229960225232 38.5114663563787
8.15924397791397 11.3684516033846 19.535985269622 37.4089479369031 53.0200709326673 61.726492773976
0.883411274187476 -0.166093158090798 -0.404978272126941 4.82767105382357 11.9912025953302 16.5035288721716
3.24367130167514 5.24810159215234 11.0858820196075 25.4022948729411 38.7112737780077 46.2262935760652
-0.00158666611019859 0.0274862570207168 1.85285599733558 10.230981438488 19.5150112165142 25.0496215414078
7.98729592139801 11.1590620012391 19.2445242893676 37.0010654426447 52.5777397476358 61.2589398057086
0.108430758931458 -0.247373774822735 0.880447324324541 8.10209581657324 16.667226451126 21.831219310431
0.634858557291998 -0.227572228867899 -0.180238428321904 5.52266051770106 12.9879868376807 17.6706156006334
4.68408164812855 7.11200273286965 13.7660908259373 29.2964512842506 43.3933898580234 51.3418792530785
3.84717260551283 6.04781980955938 12.2736835145522 27.1325748219634 40.7980145536034 48.5061645160704
0.826503574372609 1.86005570427597 5.7001162963009 17.098461984038 28.3765411137758 34.9420506542068
6.03598050278717 8.80607459090155 16.0576029740848 32.6122548874478 47.3550258857879 55.6132609981172
3.44007924625914 5.52548260880845 11.4796248577196 25.9676810408694 39.3943312657823 46.9937547780447
3.48412331428086 5.60087186581188 11.5636109600363 26.118385096408 39.5932246249686 47.178902817021
10.0079064179208 13.5716557602555 22.3979166997148 41.3035238496875 57.6220152031689 66.6599917500156
7.29424247008041 10.294009940026 18.1288480702825 35.4648466265611 50.7353192892294 59.2758921356332
0.261713985777713 0.852257196894591 3.85881588788409 13.8963961936545 24.342991762079 30.4560610397364
1.10881228306831 2.29718767602474 6.49869988127587 18.3345499343138 29.9853949338569 36.6822982525302
3.12149818703405 5.10498074052706 10.8722356334687 25.0649633775407 38.3205470514566 45.7991840047706
1.34113390716628 2.66050569980098 7.06231476331795 19.2559325487733 31.1131966151026 37.9466074257823
0.241001972389269 0.809372967773257 3.75162512414319 13.6925756690491 24.0811063422334 30.1606776276616
2.03555365644048 3.63493566141234 8.66238917960579 21.7287845159069 34.201816234994 41.3197327740191
0.0337620020668068 -0.166192456320951 1.26681986114493 8.92759505440477 17.8226467037534 23.1322017523607
0.817629590132517 1.86261428432277 5.72178974999008 17.0742095438538 28.3782579332756 34.9310152377218
0.428299396579796 -0.274382534072875 0.0714465916904543 6.19493358502157 13.9858650532945 18.7958221665614
2.20199173983167 3.87697241122104 8.99283624074383 22.2831584252861 34.8475283042713 42.0400749402922
4.61509185013312 7.01843386549984 13.6428259999572 29.1119101608178 43.1825789969131 51.0991299137426
0.192162808439314 -0.276055469696987 0.594018217512038 7.48848641238142 15.7859448118472 20.8556948093964
1.08313807327438 -0.0615287250270109 -0.549819612108078 4.27906534261255 11.2591980244868 15.6154526906365
0.00706207477379936 0.106549686561759 2.08858497503945 10.6633571621238 20.0986203237842 25.7262671650555
1.16921121472715 2.36149900100079 6.60864752833772 18.5361506139419 30.2153320315004 36.9438509113143
0.433105913632493 1.20969010188362 4.55048446151491 15.0807112553541 25.9033068391397 32.1493898435425
0.0278225794186912 0.231892126364994 2.45982310395635 11.3697804781941 21.0210857862694 26.7651608138603
1.43393777826599 2.78579686764172 7.29021861143412 19.6122627016248 31.5535728851829 38.4365818361996
1.26568267931194 2.54008793359055 6.858869511172 18.9632560756161 30.7340207458342 37.5248005404483
0.475391983243319 1.24865444825783 4.640586565006 15.2389543329332 26.0719077856514 32.3752132723215
1.76105831188672 3.24583619329292 8.04283746352012 20.799011069109 33.0511228990283 40.0566860559322
0.930527877587753 -0.107556008311248 -0.435749987089159 4.63375989341092 11.8211567011264 16.2291254077674
0.234756139747517 -0.289659679765778 0.433203980525768 7.10885669834666 15.3058388505528 20.2726733901711
0.00505977535764185 0.192434132798247 2.30450447258104 11.0806825017708 20.6876835300475 26.3402355379766
3.80763017773769 6.02586162076653 12.1778508346889 26.9921383781663 40.6953278289508 48.3553061471515
7.73822274432977 10.825656157048 18.8947562470125 36.4572389642014 51.9324238502698 60.561217749193
0.416000360262826 1.165110386816 4.44469030165933 14.9458896693802 25.6911700660157 31.9416186909641
0.11475069818421 0.577993839294221 3.16962274245769 12.7402661886185 22.8056403801409 28.7404700439831
9.30065634337425 12.6768587615763 21.332180757228 39.8034172326615 55.8948726056117 64.7981219707164
0.00105462913941846 0.012699460140963 1.86019799498993 10.1739740353191 19.4976965844215 25.0208362592952
0.498139672804593 1.30304410930292 4.70266820270655 15.3844033599638 26.2527972014151 32.563772940352
3.53868543240096 5.65060599223574 11.6723665590712 26.2459945910228 39.7483958315003 47.3433661241842
1.49289190703172 2.88793477422264 7.41403861274846 19.8500926854228 31.830624530949 38.7316501735576
0.806543455837908 -0.181437748559997 -0.347366347708412 5.01521822849928 12.2563853457211 16.8127707215869
0.101980036310606 -0.225602135950051 0.860023165006278 8.11412966293252 16.6647474036703 21.8347456308277
-0.000518515755582788 0.036588865491995 1.89225848477589 10.2818874711441 19.5831943560783 25.1413963041723
7.34057793595737 10.3847595429627 18.1994604911666 35.5852476995492 50.8642486578247 59.4229246351904
0.0848687404348913 -0.241055874898693 0.965453478776373 8.27777341776656 16.9235033915239 22.1429360316624
10.7907900093603 14.4663606696178 23.5896900953597 42.8599168348039 59.464891435583 68.6387859096031
0.463903102793763 -0.27096837783369 0.0289640055838905 6.10801401915709 13.8694642825252 18.6450520096865
2.36687068008133 4.09643936184686 9.35649933670233 22.8229352170956 35.5091315026626 42.7594292467336
6.13910334988158 8.93393205593266 16.2530208173132 32.8543767823335 47.6572530938493 55.926109027911
-0.00634135831691073 -0.0385542291482371 1.64417856214166 9.8009193300971 18.9695692582451 24.4166165044225
0.0056357035285411 -0.0302798630694022 1.73796192298099 9.95732720883698 19.1583604046031 24.6608188093003
1.17580376810806 2.41790930547386 6.65700428552757 18.6052745665798 30.308977679447 37.0510230492603
6.4043014203779 9.25872791758862 16.6828261873597 33.4779058038524 48.3696067847098 56.7087645861508
4.76255313575448 7.21515279461525 13.9024285700589 29.5005454535071 43.6609696180978 51.6060506766343
0.939674862563424 2.03837607487102 6.05113388551377 17.5940236098051 29.0556706485027 35.6585126327223
1.63165098140535 3.08519612676691 7.73505322625198 20.3668446009873 32.4555611501196 39.4245984303965
0.106538558770072 -0.232326754700648 0.816536602157179 7.95906135911251 16.534743350679 21.633481053327
0.0577295610129729 0.378649640414568 2.74953580825134 11.9123783403159 21.7739477213018 27.5682440071193
8.93247871749334 12.2846712213151 20.7407117235345 39.0650269332843 54.960284818147 63.8244198505841
13.1423128749373 17.2037569618776 27.0806827438183 47.5266898111013 64.8556910745136 74.4075000963711
0.465908096954055 1.24456565407801 4.60192462582337 15.2094266012971 26.0200346494122 32.3149429766397
0.378891821251093 -0.277562945822398 0.1650425621766 6.43435704504813 14.331916511194 19.1789781568878
0.332516568452121 1.01560800141164 4.16549603363291 14.4552999749603 25.0549929424465 31.2276746509004
1.34050474864063 0.0950068869524689 -0.706541349652899 3.78283311541791 10.478564474045 14.7065121788966
0.340422900100535 -0.290887573971766 0.245077134782336 6.61121400736049 14.6046340912426 19.4722825248542
0.429711532945365 1.18133990400407 4.46139334260893 14.9849410207047 25.741084453115 31.991495951101
5.39627369341617 8.03091105688926 14.9934862524573 31.0662001665394 45.5542179412568 53.6428150201124
1.41346808688659 0.114061046586497 -0.695263096291167 3.61392875249769 10.3138560715686 14.4985911158069
1.27964179362635 2.61927705269488 6.91823140572195 19.0366651208994 30.9215402416699 37.6727234664662
1.05219244056431 2.23099067810821 6.32665800014358 18.1093103834459 29.6734272543322 36.3567033039925
0.340613621611561 -0.28454514970485 0.230277461422082 6.60419308824087 14.5818700321786 19.461839231547
0.012380301949255 0.225902583021054 2.43211739189785 11.30219657602 20.9835632073425 26.6778155044859
0.96646896686241 2.14062459177478 6.11219647158186 17.7726925929903 29.2615598566173 35.8838770882338
0.0982223624222189 -0.23982169038955 0.9070658359209 8.18527264325371 16.7818666103975 21.9579396195198
1.12119225569467 2.31232866060006 6.49735723628571 18.3677943793318 30.0098382432198 36.7134449011601
0.972399088775122 -0.10035451621941 -0.474703766187831 4.58905606231715 11.657886859531 16.1041260703278
0.705993334923027 1.68152496423504 5.38421101413817 16.5164466732617 27.6901046128189 34.1582652100244
0.425859056774212 -0.283081426144269 0.101608820958833 6.2623270170239 14.0761593606591 18.9016439187426
0.0369218917529041 0.271441451735791 2.50688010405759 11.4827105580464 21.1658583773105 26.9154348497853
2.06477701068211 3.6817678948174 8.72723323708578 21.8419989816115 34.3401874531503 41.4546216766637
0.182451116575536 0.711166446696579 3.50906380925189 13.316067144986 23.578788932356 29.6003510483747
12.8330281672287 16.8505744864352 26.6218616172656 46.9193428065801 64.1588451792976 73.6677841705729
1.00225784284846 2.15310081469384 6.21426879500065 17.9048407319063 29.4685854374529 36.0832857155159
10.9244908938282 14.6139161852714 23.8105255641168 43.1337430841399 59.7905856987433 68.9856407976567
7.52398522911244 10.5922039907369 18.5374272398616 36.0064275865548 51.3913240556498 59.9838829531354
0.0406384234204578 -0.172854754325308 1.2030195615734 8.80867342524996 17.6496848164745 22.9362111122226
0.096694156342994 0.468107336106647 2.9875487790032 12.3457914616958 22.3392237566325 28.2052686935545
1.06891642714862 2.26378984441639 6.38872215462642 18.1790424874931 29.792312336108 36.4614639061831
2.30990648419842 4.02734315928945 9.24274447958199 22.6577238204548 35.32360753822 42.5611034558961
6.63547954186513 9.52514304821892 17.0671488711629 33.9890856922719 49.0093810264537 57.3968606409911
0.288622224555858 -0.275410778764968 0.322588803433442 6.87431160065492 14.9580482025827 19.8878048454699
0.44407545300975 1.20013362074169 4.52878096734335 15.0931189047841 25.8331352704865 32.1283338578199
2.84720978263314 4.72535539668241 10.3362989143614 24.2795470755214 37.311493418018 44.719935348431
13.6315053591349 17.7690968204661 27.7863444251933 48.4214573413734 65.9085975920903 75.5469094756278
6.5687287897611 9.44391579531607 16.9757335078259 33.8584325799108 48.8435106849673 57.2132501397464
0.648724322739785 -0.227410489724643 -0.199022521651287 5.44395067999799 12.8997962416466 17.5701551186346
0.0333448388194741 -0.156137343065644 1.28042615501997 8.9907103710893 17.8795102513088 23.1924885156948
15.6539594255812 20.0795786618682 30.7042880319746 52.2159277234411 70.3003028997972 80.2310661031233
1.86676255947922 3.39926143726997 8.25513458639579 21.1713379749046 33.4534375636916 40.5142508770569
6.73958401519272 9.63125477281631 17.2583979604014 34.2169323319932 49.2828364745723 57.699787977327
3.3048962277055 5.34574719720619 11.1948747023037 25.6083319106381 38.9207403451312 46.4797390887966
0.00885335756514978 -0.0733820753205169 1.58352888793813 9.65695451124841 18.7548366829449 24.2073326745922
7.45750253145068 10.5184493420812 18.4456712201642 35.8502309261702 51.2321019329505 59.7912538598433
2.6901831735644 4.53120906280781 10.0213882742524 23.8370370165687 36.7843060922125 44.1279893530537
6.96232191538765 9.9361721141236 17.6008655569662 34.7370123144275 49.8822186787726 58.3556993413711
1.39974542319855 2.75515146301492 7.20960352296818 19.4980568931558 31.4034865225253 38.2452880428163
4.15624921167836 6.48273874885182 12.806773894351 27.9831395168603 41.7821249684752 49.5741403111371
16.1296522003601 20.6204579926758 31.3624086729139 53.1125699200413 71.2707119533173 81.2935568483178
4.75815493073129 7.2185249304993 13.8756799433592 29.508028736271 43.6339680410342 51.5849507658962
4.42006831424559 6.7840182306259 13.3020398007979 28.624827396511 42.5907295491727 50.4678985659575
11.9435943316127 15.8192341500188 25.3208290702029 45.1759479884985 62.1361096320574 71.5145911847503
8.30459265283025 11.5279122535165 19.772710272953 37.6786545821566 53.393636361614 62.1247087508385
5.64383785221366 8.2864155187133 15.4083965724048 31.6611755967356 46.1767824648473 54.3882449094283
0.754141041537973 1.73237215446796 5.5057391811061 16.7221602801919 27.9454061420752 34.4470109929711
3.13506477625985 5.11389138445306 10.8999756208582 25.1227678714601 38.3524390984133 45.84617390118
0.0736492715864259 -0.217166059080592 1.03260819998557 8.48328024383097 17.1838180240095 22.4231828705241
2.75138039696342 4.60922963434619 10.121962825408 23.9751031851029 36.9528237722561 44.3193205713209
0.281054293567987 -0.30907133524195 0.354765188844252 6.89897188878745 15.0146697755562 19.9475368705727
6.71913532704197 9.62345379203748 17.1909716248286 34.1899373422008 49.2102967138082 57.6299979666947
2.4616261034693 4.21904777223843 9.53626846298628 23.1038336305546 35.8616666456264 43.1508858059103
0.28812429436062 0.919633795792339 3.97675750973563 14.1220772107575 24.6370511040456 30.7691533840351
3.3630557864768 5.43842377156732 11.3226803300031 25.7665958272312 39.1574715347391 46.7019385070805
2.74658362804896 4.60227850236499 10.1284528408021 23.9816230917551 36.9600396628209 44.3195426319532
1.74524253205008 3.222437776578 7.98709857689603 20.726154597967 32.9284471808808 39.9424553916011
8.29421628458888 11.5125104459834 19.728707892026 37.6783723765441 53.3426749412238 62.0894701069967
0.0321057289941919 0.281459252145665 2.54268266393372 11.5515735002945 21.2606574156248 27.0263563401979
2.74276316353636 4.6177258455073 10.1182820858455 23.9718743438846 36.9607701534702 44.3243926198928
1.89177453829903 3.43539128199037 8.35200999770739 21.2489036588091 33.614283505353 40.6753975460898
0.0749151636313542 0.387484094039418 2.84382056673146 12.0914636442104 21.9808452061295 27.8309331133017
1.31115082794496 2.60308052253841 7.00019788135948 19.1628614619388 30.9783769176639 37.8037997688831
6.41287021629681 9.26349315343592 16.7051950852482 33.4686913582345 48.4288170180119 56.7351711378354
7.49247139187619 10.5870567840434 18.4553722506738 35.9518757155238 51.3031942462714 59.8614790439923
2.03265835926993 3.66172300278224 8.63589073725773 21.7595448058371 34.1918230387901 41.316651565547
0.72302977666026 -0.195944537854834 -0.283373195983904 5.24120317057927 12.5957612968241 17.2019426554375
8.44785142534402 11.7037993329254 19.9724891116657 38.0295274219408 53.7600243038885 62.5240119396073
0.141368741268694 0.591788556099982 3.25526169946653 12.8640677468091 23.0060970942202 28.9477862460379
2.86096627156455 4.75292830898794 10.3795981595248 24.3221787089596 37.3865801397472 44.8007273809389
4.05042990465189 6.32002747292626 12.6058839591474 27.6719627434477 41.4086335605642 49.1981891407463
0.374072638045492 1.09358484392073 4.29113353451271 14.6779367002074 25.3348258380777 31.5591742766114
0.133447500788071 -0.245661753344312 0.751712633765862 7.84862111934828 16.3018001830184 21.4336277816701
6.66304431643871 9.56023394096064 17.1132706285149 34.0538640092893 49.0842851235247 57.4796521567931
3.33934948783793 5.39543542488242 11.2879582016406 25.6867161150188 39.0510250885893 46.6125057027538
-0.0147085232512639 -0.0453251124205454 1.71402900539305 9.86400214403533 19.0605731851981 24.5343968051251
2.39609314642017 4.15606727894667 9.43534062671549 22.9524078150689 35.697450713512 42.9488947587406
0.144780404937346 0.57532616911082 3.28408914101103 12.8859102063041 23.0306447337851 28.9851414477871
3.52767255043855 5.63923685045213 11.6588217780682 26.2330447570031 39.714084615852 47.3294205102923
8.01537874340175 11.1566831806088 19.3025172900447 37.0553228620638 52.6263713245864 61.3166686373435
4.26596698761648 6.5729987618715 12.9994445469509 28.2060459179178 42.093183238837 49.9136436576049
4.84627480931107 7.32458680792808 14.0140849736985 29.7325842267726 43.8652356556066 51.8623845611179
3.02715216525028 4.99959703152663 10.6795606971632 24.8232969598764 37.97612977004 45.4361359578179
9.78669638321552 13.2814398235021 22.0769732491112 40.8212963011021 57.0619690437205 66.0746030777654
0.00839728166937822 0.150192217271854 2.22763789726775 10.922003604777 20.4692809333688 26.1114210360996
6.86178523835846 9.79270378308473 17.4643231643109 34.5219339418911 49.6197853398713 58.0753500046717
4.81961050933592 7.2487565595572 13.9845919592512 29.598620083167 43.7767848121816 51.7385064785382
-0.00933200665501245 -0.0721739072548371 1.60280722716417 9.67076455599959 18.7972091931583 24.2450977629799
5.95677230899988 8.69356434657266 15.9503817016404 32.3868343150998 47.1413865073245 55.3626008085655
0.158215155709824 -0.251968192891099 0.661819717507637 7.65097186334181 16.0640480181651 21.1304996108331
-0.00881942921497358 0.0426827015083989 1.8313018076082 10.1955949653505 19.5077717712368 25.0102154033038
8.09872315668166 11.3358041309601 19.4175336622901 37.2809156531274 52.875649956783 61.5645831665319
6.54924101308717 9.391633362243 16.9335207254975 33.7700719274815 48.72589944168 57.1193651046049
-0.000492216295966527 -0.0679339230788282 1.59184975333666 9.6627329047206 18.7580792764849 24.2132519802733
1.35134191423308 2.68714555881684 7.07329722576494 19.3181135689807 31.1560247190341 37.9870827597993
0.651863562933546 -0.207723952574838 -0.203708600293414 5.41897760396846 12.9090237297002 17.5268149368384
6.44625702529439 9.32815874868083 16.7565714037056 33.6192438240803 48.5279185083748 56.8866473777237
3.45193779030384 5.55196642498852 11.4967325730779 26.0296541815367 39.4615059911042 47.0414287840713
1.47026962111977 2.859360928713 7.37445138205678 19.7625921074525 31.7392683207432 38.6202133109102
6.55149200120916 9.41509028640661 16.9408713033498 33.8211920746792 48.7805169941024 57.1631792377005
4.03041167593561 6.2918623452604 12.5815227384435 27.6110199225825 41.3617328500802 49.1255183695798
3.54882323354082 5.66329195281324 11.6720087743065 26.2924261027158 39.772485814337 47.390017692304
0.0645228198199197 -0.21077736914468 1.10992366658819 8.6161371203675 17.3666822410322 22.6386965057364
6.24924569585918 9.05132601202089 16.4245019835604 33.1147169516227 47.9416185540902 56.2514432743255
3.26722197041507 5.3304013071256 11.1469383669573 25.5264902182808 38.8585064306912 46.3657288252131
0.849812213613391 1.88896178307549 5.75640276505736 17.1719292215116 28.4823296979355 35.0419665972268
0.171981919089058 -0.28532788737583 0.626560978764556 7.5536385056788 15.8956454011331 20.9750360948156
0.240669769999407 0.792604249133648 3.72451367228975 13.6535566494956 24.0586344424481 30.1274188315494
4.24182121337931 6.54744339963948 12.9708301148782 28.14989378777 42.0445460974598 49.8550613439466
10.3526987919222 13.9590517917792 22.9320556227111 41.972385038002 58.4540977346325 67.5307788715439
3.75626331517768 5.90887168268882 12.0763753839225 26.8510976916494 40.4609518063954 48.1403851270676
6.00450989313176 8.7446687935206 16.0214683890533 32.5023333013107 47.2444060523963 55.4998099901521
2.75616530574881 4.62355093283535 10.1327710796201 24.0207434680113 36.9859894850794 44.3654388685678
2.7787909815362 4.70096196905385 10.2055658719254 24.1102239560224 37.1700959873096 44.5006839920644
9.67896825073249 13.1511772769656 21.910323362976 40.5859325672979 56.8030775119702 65.7933448971256
4.4954320707521 6.8928785992226 13.4279587957082 28.8227003446228 42.8343761829953 50.7096372484217
0.722247141872656 -0.21695097730831 -0.269384207924843 5.23256067579316 12.6327998634829 17.2334006133216
4.43042415977442 6.78098274589009 13.2850314407976 28.6283211254498 42.6095695501783 50.4649768075563
0.80859452358031 -0.16962056260965 -0.349700388057369 4.96383923992961 12.2424616014819 16.7779846365668
0.0298766709809333 -0.17118341447974 1.25855388399087 8.92465266838233 17.8017326485059 23.113674600437
0.842067990692847 -0.170539768780807 -0.37443958475768 4.91132471070872 12.1266967932411 16.6468034953519
1.2148840047453 2.45837869823868 6.70380630422115 18.7362415507303 30.463011896599 37.2104232691746
2.68409176186133 4.51525307952209 10.0121905855297 23.7940758611958 36.7208311738253 44.0776173973854
2.62477292112531 4.4325696405027 9.8608802808609 23.6079703053914 36.4799126223107 43.8238298827451
0.877075413977854 -0.15199122490591 -0.386068590339342 4.7801246106134 11.9734050036368 16.4834797692617
0.347603543302748 1.06941121341273 4.21133910115762 14.5459424555846 25.2164450134308 31.3732589443372
2.93371691420445 4.8608471407298 10.505586589964 24.55692978487 37.6283455740689 45.0894914875831
12.1541425196271 16.0380349626151 25.6165338722245 45.5715484852842 62.5930188727438 71.9989072404042
0.0338285430563668 0.284149490594626 2.56892182977926 11.5705427918518 21.3128494900771 27.0675849253847
0.854944959049921 1.92464728020458 5.8011002615493 17.2409032094494 28.5721402671681 35.1217740765553
0.00603573581079785 0.104567936277719 2.07500542115637 10.6330444605547 20.072031921282 25.6861273083741
10.7500144409538 14.4281688053063 23.5288148394357 42.7916176710268 59.3616455520129 68.5392846228802
-0.000839444304040031 0.0119893701372796 1.84310537911403 10.1880867678464 19.4303802901295 25.0040125697053
0.626652438951134 -0.226326613884492 -0.186878414720323 5.52312640058081 12.9959458649615 17.6656654662111
12.2431577436481 16.167305225443 25.7662652753932 45.7802141580256 62.8400044197912 72.2472063676433
6.13098513164265 8.93459717919931 16.221202010995 32.8678470625852 47.6265840685175 55.9247400133245
3.2978050082164 5.32413421464948 11.2177177319916 25.5979828008286 38.9508360170645 46.4922190438405
15.0523442858334 19.3999414692172 29.8223385968006 51.0919689030791 69.0225219120692 78.8466210983514
-0.000523671134512231 0.0792468325402525 1.9755177782278 10.4527897452035 19.8252905907526 25.4083396413419
11.9316210553281 15.7784980433576 25.3000290415192 45.1430619454614 62.1015202087125 71.4824307183783
0.372244020158309 1.05068139268664 4.24199994171353 14.5816651432906 25.2264297407927 31.4247898375329
0.0201921693865461 0.236406211981938 2.43020254899944 11.3347806050363 21.0228024384673 26.7045699265618
2.35066106423563 4.08474781834621 9.33573571676365 22.7758865087601 35.4699213507629 42.7126703805312
3.96947807682172 6.19847853399691 12.4736607364975 27.4387357366061 41.1397049172497 48.9059266363062
1.07083255483495 -0.037205891864436 -0.545803152038849 4.32681506408365 11.3349061926774 15.6711496072339
0.18230230378277 -0.27344674678643 0.599905560929413 7.4753956931485 15.8095359183025 20.8729174541701
4.62116489445913 7.03018086843255 13.6510366656359 29.141349054231 43.2062552536449 51.1441253988359
0.460854725127091 -0.271600008324873 0.0270023137540297 6.11149313334957 13.8426375958715 18.6381131856074
6.34476053177775 9.18755534981638 16.5951624332696 33.3476478680995 48.2128122320757 56.5537970227296
12.5359941796169 16.5289748282632 26.2123404122294 46.356425489424 63.5406251302677 72.9839454193063
3.73044019700834 5.91046800045785 12.0037527337067 26.8161451356453 40.3665159060631 48.0680765972393
0.028195474843788 0.213055567260624 2.41231012519777 11.2716897843613 20.8792884958397 26.614234079689
9.82858082236003 13.3372509698946 22.1411027755111 40.8996588499443 57.2077479591439 66.1895753310305
0.593777492168938 -0.239899184236378 -0.13301895986294 5.62865744604449 13.1935179885971 17.8786447538663
-0.00144692350830586 0.0784139132523785 2.08944466353167 10.5647187829804 20.0869041875352 25.6390342091654
2.80376557930109 4.69482255908588 10.238156122828 24.1540237589359 37.1745835125601 44.5581663706701
0.200193673987679 -0.258986792584766 0.490075110371578 7.25802703196975 15.5184295793254 20.4824645116339
2.59226256497847 4.41314677413663 9.80452742214013 23.515856872579 36.3971142174119 43.71009529651
0.815046545082011 -0.135694290861979 -0.369065591730801 4.93107567494506 12.2885347296951 16.774963608234
0.416360171770646 -0.132011157811489 -0.0726770053258517 5.8221032037122 13.5953987206899 18.0798203093739
0.218768851130732 -0.208052866556911 0.32957055180368 6.91809344628309 15.1565683430388 19.9619684989266
-0.456336507186317 -0.0397280267577928 1.22414147828698 8.46514716072453 16.8789027890097 21.2858998726406
-0.888331695811516 0.163005086162829 2.13426375499158 10.0787929751655 18.7657741498341 23.0222507329915
-0.791313757045269 0.393731467301953 2.74283046867558 11.4163448518769 20.62904416141 25.2352574347582
-0.370195458529169 0.685230075397118 3.22605261674469 12.6118610964767 22.5030588319091 27.7066712060491
-0.150988581984859 1.13097347894463 4.08192835908155 14.1595839238636 24.5583764911668 29.9919316335472
-0.115218684255929 1.74209469595978 5.31878177910072 16.1454769477526 26.9705052346343 32.3196359003723
0.596043397694776 2.05332979399657 5.89710969780122 17.3153551072937 28.6286212691038 34.7997148074884
1.00836669053142 2.3649704406404 6.40497494313026 18.2525043378705 29.9245242601445 36.4824157460534
0.80587179733845 2.95432564102247 7.40479108325303 19.6509524111469 31.5060025857679 37.5128240973069
1.02774466087293 3.45159112182544 8.34530027168126 21.0456891313992 33.0644277713146 39.1005848635
1.4471834728768 4.13520107814675 9.43301516272706 22.7283826046252 35.0896350979025 41.2480055015075
2.36933776819131 4.9282485111146 10.4855762228807 24.4585483739016 37.4434010583071 44.1944825082248
3.2919381632976 5.74197583669366 11.5842452139769 26.1399242744923 39.7051453787943 46.9462925216976
4.18294276313164 6.59223607863559 12.9654219075074 28.2040773043607 42.0310239952877 49.7797987479784
4.07537715985405 7.36916595161048 14.3754474832933 30.0010627880363 43.8197292407477 50.9387702870251
4.20580731261346 8.32920458473262 16.2481170069558 32.4320458069204 46.1331739682942 52.8068762843902
5.17806500220973 9.21765049478439 17.1776854928172 33.8470365325871 48.0948836937671 55.1670650444648
6.5803600143407 10.4167403976396 18.4061735133232 35.7295103816216 50.7475783765924 58.4215589364566
8.28911590219826 11.6144258207018 19.8531872803487 37.8556786679452 53.5375645568401 62.192539508106
9.3113331237905 12.8322727538441 21.3623654656601 39.909886047138 56.0631073397969 64.909349892016
10.4649023232117 14.2733385481567 23.2447991263211 42.4357918315788 58.9885046817036 67.9647916403812
11.4442114021968 15.7726289744518 25.0469634496719 44.818629102519 61.8675647483583 70.7053889381259
12.4071994408888 16.5298320611026 26.1638639954167 46.3030858194965 63.4844759670917 72.7741980077749
13.1071752038689 17.9124431811176 27.9195643510235 48.5729590712534 66.040162268697 74.9760447937381
13.7801092762773 19.0375194856754 29.5445969025794 50.6093756413346 68.1537598127663 76.9184085044062
14.7583906376543 20.1353865885493 30.9025802977815 52.3423722032624 70.2039319643135 79.1354186536979
15.9829669051682 20.7297966543185 31.4682150983557 53.2012372155985 71.4262636068689 81.187192280983
16.1077796366634 20.7066360381081 31.4004716154625 53.1784066109657 71.375274991667 81.2981231729275
14.3523204611802 19.2903382661872 29.5489720815958 50.6933427783723 68.6047831024112 77.7540754447526
13.1263235463687 17.8857214416576 27.809036835422 48.4097513773976 65.9533374163187 74.9313020357775
12.1809914354372 16.3847659991908 25.8886576556543 45.9237030629173 63.1415384612791 72.3043279008195
10.7782641887757 14.6445759984392 23.7064074031131 43.0106536149538 59.7347057664987 68.735018046422
9.71048961699983 13.2935135770833 22.0312332717201 40.749339829102 57.0731039391042 65.9577986244573
8.57612176691663 12.4200612537383 20.7597197019929 39.0015071726848 55.0844594704064 63.3868822487199
7.6570894500054 11.020848367443 18.9429300783303 36.6080726534424 52.1508815734298 60.5382924300844
6.77762640128467 9.71730019379311 17.3020471455382 34.3277129232429 49.4071146652847 57.8295841485703
5.95106894829345 8.81204611627138 16.0257306562983 32.4953232590583 47.3682745124855 55.4550924486169
5.17601038207842 7.92786162169884 14.7370861401264 30.6948075466748 45.2245101468532 53.1118907137134
4.38372435988664 7.03906605007761 13.4667707505694 28.8605514712792 43.034189917976 50.6537909577786
3.70637002278429 5.89546398697037 11.9876935347491 26.7158927524682 40.3698238823151 47.9996994117631
3.12482885552693 5.39187450746416 11.1052372030685 25.4371422905057 38.8726769187607 46.154604281597
2.21897612752249 4.88473006341267 10.4613350484321 24.3639283032363 37.2763287827399 43.8619746807751
1.54311672397816 4.26356885995919 9.65949520681239 23.0667045077991 35.5206029075569 41.7169417209306
1.05402116234842 3.57304222108579 8.53981368760728 21.3472498245614 33.4198285460286 39.4299022590685
0.916049501238826 2.76754587295481 7.11977077328961 19.2372661337526 31.0243394691864 37.2814382468902
0.789236637572696 2.08012300010971 5.95282075321524 17.4710431401228 29.0022691162722 35.3692522963957
0.225543591636834 1.90159723813887 5.57027192070802 16.6555462177448 27.8860984422816 33.6426782926202
-0.0745035974237267 1.47758040590293 4.80475836479402 15.3491517933679 26.2311894203495 31.7397903003085
-0.214589988127015 1.09250604750017 4.04700458172962 14.0776721460495 24.5862085103998 29.987096501685
-0.384221053564502 0.787871010732779 3.34743396890261 12.8211143837672 22.923178486883 28.0800721829192
-0.199523409557963 0.306393455746691 2.2899482149905 10.9833664986369 20.6112680518059 25.8943906514133
-0.312784674616052 0.114945306678703 1.57414238936025 9.51504861487605 18.685729890764 23.5820586474915
-0.317648761081913 0.109444458405075 1.49480064668627 9.30822911501744 18.3716093822862 23.1733484493556
-0.395708741092548 0.300301649927167 2.06813675981337 10.4109974193361 19.8691179712655 24.7436444282243
0.0392313994790328 0.367121315926914 2.66141900645119 11.7489272714372 21.6023661318263 27.3410011553098
-0.227851470886238 0.693034398508014 3.33018706454961 12.8545784257066 22.8721769591553 28.3019333232413
-0.55951637678171 1.10113111867257 4.28718633921584 14.3171171039009 24.4980081403227 29.5163849572016
-0.232229681235375 1.41229876556306 4.82771050947414 15.3767665590597 25.9629547104318 31.3289987945685
0.205873190010951 1.88259418084991 5.57025128379911 16.7241080246405 27.8099538499883 33.5455745980663
0.835350758235269 2.39288902386203 6.32245892067336 18.1066925076706 29.7506480452539 36.0215155716441
1.3578547173012 2.92496038098456 7.32787920161728 19.7348138276446 31.7058769353655 38.4326031039061
1.84267499394982 3.49637734215667 8.35226265351795 21.3006594387418 33.7354012418488 40.6696591888185
2.35199483189217 4.17601323078659 9.4398523699049 22.9092827200551 35.6562053849203 42.8534945602232
2.58765674961105 4.98726258768587 10.4219353076807 24.4458206694022 37.6565673113031 44.5581634473092
3.40176401196815 5.65876984612753 11.5570536670634 26.1277189157296 39.6215994129225 47.0707176343949
3.77894723167679 6.49869362221633 12.6882899636132 27.7269849155799 41.5854274560216 48.9092274539247
4.33941066407505 7.42242719119995 13.9521246218799 29.5732033099595 43.7848996873846 51.090575746366
5.18068028200436 8.37183928730667 15.266469352462 31.4680950677716 46.0647774630935 53.6620478820656
6.02618940466887 9.29368673559302 16.5444096259392 33.25929261135 48.2167948987156 56.0835259854469
6.81457020163335 10.3516495178498 17.9801507344402 35.2297543362046 50.554242097081 58.509347103669
7.84734116649389 11.5068671056403 19.5294255590625 37.3868507381505 53.0907917191711 61.332170478629
9.02269124210049 12.4510296948616 20.8755446789024 39.2876194462197 55.2549468344994 64.0896094612335
8.85996002460262 12.6227694981531 21.0548631888372 39.455535541073 55.5058901703016 64.012722265138
8.54547733953643 12.4382065266544 20.7167594196668 38.9992253891371 55.0060518187769 63.3174240417843
8.10717600724844 11.520989215885 19.5630973607189 37.4884814341614 53.1795034137774 61.7298166539479
7.00954051360842 10.4504559958896 18.0820523410672 35.395342252155 50.8279588925172 58.9083935571836
6.18044028942274 9.03125680804482 16.3616987334514 33.0081136478569 47.8581243983957 56.0998292696288
5.14675242484943 8.0579795426777 14.872827253651 30.8804878908809 45.4021519484845 53.1660715481217
4.39506730449052 7.07145354418659 13.5245719645118 28.9516839110729 43.0826350145366 50.7021944299356
3.65900963319509 6.24214422247971 12.3261300935046 27.1947479207315 41.0090409654144 48.3353824330998
3.10046033194811 5.22983377925924 10.9413937182355 25.1668450734073 38.5129100442147 45.8701918442127
2.49232054710631 4.42257948107416 9.72338841504867 23.4001370344868 36.3554090340325 43.4952042831811
1.71175899861232 4.05144796742149 9.043854463257 22.2493652174999 34.8644614613539 41.3141253117081
1.14274784940187 3.26718002649281 7.82911495375964 20.372634219154 32.5335547273567 38.7594823585178
1.20413919830181 2.53015115124872 6.70316175720273 18.6997935110865 30.5715940803401 37.2599968091668
0.725489772311839 2.24165233958101 6.16478736939285 17.7423804930162 29.3549863934653 35.5605937229643
0.204755711284539 1.86237504848966 5.41073546133048 16.4354764520187 27.6864497871007 33.405993962771
0.175996203043049 1.23595801084914 4.33845039816446 14.7315630318961 25.5389967060688 31.3991681322863
0.0119113513275721 0.853501000492163 3.52582076821539 13.3367230760502 23.7754825245219 29.4843281518874
-0.123058518253745 0.612785912463491 2.95421638103185 12.2953508414823 22.39662633941 27.8558952045842
-0.0953917318191107 0.266802670788966 2.27231813800553 11.022056327904 20.6939726369933 26.1398276631054
-0.108915193611385 0.0522238337734196 1.59857058428666 9.76110127595503 19.0203041411476 24.2276707717736
-0.317096553769955 0.0669622260215474 1.24353402614487 8.90729919341905 17.9179406384254 22.5755176246383
-0.00398716434165656 -0.132451721980784 0.775286677832244 7.85692258363041 16.4798488429426 21.3130443714775
0.0678709534553594 -0.0962040441508036 0.37684908502012 6.93876028394593 15.185575766188 19.7061183790102
0.0207619284403848 -0.0123613608717309 0.244264973047682 6.33616174150211 14.1684083785103 18.2572256082564
0.189368602026826 0.0960546331212958 0.00754806638925153 5.54670928749043 12.9698007031239 16.7485468339625
0.877845854210379 0.0741200450337662 -0.47116263977438 4.44705493719077 11.5227997365963 15.5767581490292
1.07371087538463 0.156788814572131 -0.644906362329966 3.96672796128282 10.9460536983539 14.918669315604
1.22294633746307 0.246022205474106 -0.665681411128566 3.65431085600302 10.472523601789 14.3464066981646
1.38351836200152 0.300134814675767 -0.753707112460626 3.44595553003164 10.1502569031647 14.0501823634815
1.08036793197491 0.319516361026439 -0.599202755985027 3.72767705861336 10.2977594369614 13.9233194255178
0.486710718376148 0.309351691211103 -0.184198964761641 4.36430451729815 10.844703716558 14.0311765395098
0.436377583868946 0.22432973210287 -0.154527003354385 4.59913857474624 11.2999273925775 14.6785633207818
0.902480848512651 0.00732071314770004 -0.446511556422346 4.42785624581334 11.5006020424601 15.6389909721658
