8.55048755862087 11.7607041771655 20.1775639402561 38.2325435801875 53.9055481642806 62.7818745839648
8.05840391750836 11.2576405836293 19.3282402088216 37.1552264545398 52.8168415716267 61.4482207953694
3.67772773224022 5.79701490166467 11.9226550953938 26.6795850499586 40.1146029636314 47.861431789746
2.43225994130503 4.15583182196931 9.49868489656898 23.0817680717825 35.6994900458637 43.0668019932042
7.00050009989219 9.94850343909718 17.6575730717425 34.8131563066815 49.9670703168187 58.4416623690924
10.5279107039978 14.1383005580972 23.2033040414425 42.2842666682071 58.8683274163558 67.9606779489669
0.0255944251597109 0.212073269371328 2.42282092179083 11.3319493509963 20.9457815181808 26.6929759465265
3.82664692353548 6.01257037295651 12.187113922734 27.0472942902326 40.6813004885602 48.3864775315888
2.7577876204163 4.61171367204487 10.1258879916704 24.0512774987159 36.8989973081621 44.356698113192
0.150971379786604 -0.268353648258557 0.692223465318293 7.802705833073 16.1337903096977 21.3036239086967
10.3232456075989 13.8897456955067 22.8990751999694 41.9132139467015 58.3224902857662 67.4500135287528
0.554005997149473 -0.253252420602524 -0.0731766150817257 5.82896035639711 13.3623895341354 18.1468821660378
1.47939257393098 2.8288493376172 7.35379553408128 19.7777955294219 31.6765553957323 38.6067497472504
8.13405544456218 11.2906952291505 19.4746262969594 37.3768790194326 52.8439820462966 61.6399633376787
0.906866681827819 -0.149362670642406 -0.391331366784535 4.78558895237108 11.9120079797067 16.4411696513179
3.25037337787334 5.23472140026981 11.1046390379285 25.4752063573401 38.6413555262126 46.2613711944741
-0.00117804127433733 0.0031827646088873 1.86753001580828 10.2283260735434 19.4984680104753 25.0571142103745
8.06004215177484 11.2127516302354 19.3265884415962 37.2096553834562 52.6496426140713 61.4289832379509
0.103899124260599 -0.255587701131594 0.862342859429106 8.14236634077507 16.6364712197341 21.8518196456456
0.646271008630018 -0.229565472030221 -0.175007989833688 5.50960621696491 12.8810498568244 17.6309923445243
4.65880263177955 7.05150408389485 13.7289611950161 29.2121140842659 43.2456386691943 51.2276972578912
3.86328745903249 6.05362316144921 12.2589612926468 27.1918827475635 40.7516913237414 48.5315701774894
0.832018949972094 1.85363688726879 5.71044515519083 17.0804706997226 28.388536157297 34.9362858236216
6.02293031107991 8.72934679600555 16.0586403311435 32.6104492521504 47.1955344062848 55.5620137467362
3.47239376720652 5.55556138793572 11.507953648501 26.0897063556048 39.4647672291486 47.0942385522237
3.51427496950465 5.6126583459417 11.6209157457179 26.1561091939949 39.7235690028097 47.2725099592122
9.97384417559223 13.424934137905 22.3470537892488 41.3123608256406 57.2845313035123 66.5489016405389
7.32218928788085 10.3263869556745 18.1767747247384 35.5503180527606 50.779732475457 59.3588532512351
0.264452889136464 0.836721124194301 3.85348215305433 13.8806865416331 24.2643862810215 30.4156235344286
1.11112052390394 2.28010345599625 6.5200648188838 18.324183333107 29.9959648204225 36.7013077913398
3.14285459519685 5.12747067116461 10.8856759594526 25.135705678985 38.3833724575584 45.8691510806906
1.34868184697548 2.64869107444518 7.08362756110285 19.2379941826437 31.208942789302 37.9748415888562
0.243373118310948 0.792272105916913 3.74426503638265 13.7123130779595 24.0295470129606 30.1593108387378
2.04056810565934 3.62266552339876 8.6557585186356 21.726446524463 34.1491548787716 41.2981434360013
0.0351699364479342 -0.173441261052693 1.25151841080902 8.93967418310953 17.7716853412046 23.1154886991527
0.820742937370668 1.82030930242214 5.7324823491395 17.0481750048314 28.3375053069054 34.9074497329829
0.44459771127467 -0.280532657015941 0.0760285872366076 6.20685592299111 13.9202946632955 18.782206177585
2.19895772805211 3.84448420906366 8.99661866998922 22.2576208719695 34.8043020662387 42.0137161782459
4.60685378720149 6.97776272669572 13.6316811799863 29.0685663897212 43.1085363796111 51.0494794835059
0.187937346225238 -0.297254495600595 0.601083217381641 7.45775214882332 15.7933078799096 20.8341234588625
1.10770073839446 -0.0821279823020227 -0.52311165856108 4.23859486741238 11.2329688070319 15.5843193137504
0.00909555017746585 0.0876842217461316 2.09830215231514 10.6636518425763 20.0944667462747 25.7217341690789
1.15627188428687 2.34154804371053 6.60549378237897 18.4607666194937 30.1981107577969 36.8899179680213
0.451795123298062 1.1944427275264 4.58232550695169 15.1065496544724 25.95394600868 32.212435293831
0.0342757841778973 0.21221811165876 2.46744564873309 11.3235204186462 21.0220956223711 26.7296638367054
1.45174543607682 2.80495160973054 7.30255520710819 19.6742855120833 31.5784196030875 38.4851041917167
1.26120900790064 2.49681986034429 6.87698250819386 18.9335802300032 30.6560299132107 37.4918214629992
0.47637992175977 1.236630603828 4.65473814764094 15.2316615972476 26.1057212393716 32.3844058906783
1.79694768765501 3.28447980135211 8.10328585474649 20.9570547716815 33.1473431848264 40.2191515286488
0.879930565424324 -0.201816115130499 -0.391191802062158 4.74996080206263 12.0724130409939 16.4766627343523
0.24467488419378 -0.299310390021613 0.434312607080483 7.10630830603519 15.2302054396863 20.2477624479262
0.0168436082439159 0.168588077604633 2.33852680984526 11.1076330601446 20.7337929154927 26.4045868736682
3.90297121631499 6.13073271238319 12.3336963402141 27.2023597425856 41.0721594687381 48.6808070259537
7.73017193448153 10.8053738937276 18.8721733828658 36.4679963234707 51.8490063457996 60.5405227836519
0.422312719821509 1.15090836439948 4.44357597820093 14.9739517155502 25.6468167349531 31.9473896611145
0.1269606083064 0.55117111319843 3.16516139776712 12.7396466199075 22.7155453457777 28.7166162344114
9.26994418542338 12.6181312580778 21.2997837071435 39.7287884892925 55.7691042858399 64.7102789336098
0.00255775949504308 0.00938716105511857 1.85809119685501 10.2171087665987 19.5280474488454 25.0595319551964
0.519304327529459 1.3354698654136 4.71391383175956 15.473973618268 26.3614759512319 32.6647608739689
3.55053411508313 5.63821454331018 11.7016597636394 26.2326232349498 39.8156479348351 47.3791183440042
1.48441994946489 2.83607868969873 7.37357553570165 19.8079361907821 31.6989345311152 38.6448853409816
0.813995471958838 -0.199833927654049 -0.325520286646461 4.98474849683528 12.2831322672699 16.8121181983059
0.111196577754023 -0.249408272517865 0.836777080442723 8.12458673591992 16.5813379327664 21.81024900707
0.0023611347425211 0.015522037213812 1.89874377495544 10.2797628497589 19.5658948085596 25.1397588397253
7.38783355688422 10.4553281013097 18.2423871994574 35.7018745261607 51.0489885271215 59.5723176639397
0.0868984782937387 -0.255850791379221 0.966173015264121 8.25758135171667 16.9471440499759 22.1220472818077
10.8554102588458 14.5331623272381 23.664100465136 42.9969161497026 59.6131964525016 68.7952835822628
0.486073473082289 -0.279379245034788 0.0491048431212599 6.05978918688154 13.7597181446368 18.5788955211893
2.34817527172798 4.04264880793673 9.32693684451373 22.7357538829982 35.3962568726781 42.6595132710003
6.16113108071055 8.94291670746635 16.2787458901327 32.8366343995662 47.7463308386582 55.9618909382455
0.00213135368586772 -0.073100383478098 1.6736187567346 9.78057234636957 18.9194633410346 24.4142619159612
0.00388517307700587 -0.0373973339852623 1.7369013172583 9.95856318666128 19.1239508758404 24.6532430796802
1.18870248423035 2.4006510065849 6.68880156111456 18.5846231198238 30.4196804880795 37.0875943041865
6.35441265136406 9.1452322962844 16.6090848261303 33.3787846774906 48.1387944942155 56.5569623647857
4.77271856539247 7.19876618084796 13.9139589013229 29.4999149571147 43.630870925641 51.6051697684169
0.941391261976804 2.00935816817473 6.06145810403466 17.5842064804512 29.0638683320778 35.6679261093212
1.63230460828795 3.05669909511037 7.73907881111132 20.3092240009533 32.4189025156156 39.3818762160121
0.109563306227186 -0.277637099017156 0.859177724846408 8.0235100338626 16.6586643881908 21.7673523601867
0.0543573584787255 0.298777460895119 2.66791774342907 11.790090280814 21.3145038306496 27.2911432398166
8.75241673923981 11.9604883983057 20.4930216048883 38.7643095376695 54.2308049750376 63.3288042141029
13.1118935095211 17.1526044526844 27.024020100299 47.458200054193 64.745560118914 74.3264475280832
0.473881306614887 1.24129872729644 4.60947376514695 15.2561064409633 26.0003014741329 32.3416305013662
0.381476362872889 -0.310565365647002 0.175582307776575 6.42907252765768 14.3283558198091 19.1865132098175
0.333762470226823 0.984461408336873 4.12722291619708 14.4246953488481 24.9518311993816 31.17334138076
1.30592375744487 -0.0146031093975453 -0.653013498929951 3.81685126238211 10.6773736248539 14.8554869763327
0.342345405994397 -0.290189281088135 0.232184112756225 6.65854429514217 14.5543503433809 19.4941120488157
0.43656142547371 1.17314266756748 4.50405016776415 14.9996437786502 25.8369913343486 32.0551797173274
5.45872262895329 8.05974640179804 15.0966773391725 31.1769818680825 45.719714318299 53.8143712422226
1.38568903844504 0.0232219004849908 -0.674262551614349 3.63510079538007 10.4307036415334 14.5782981910337
1.33288564204986 2.63819118978034 7.03855808681181 19.1797925122126 31.21055214157 37.920815551674
1.0561383135063 2.20309009963604 6.33750862912999 18.0916121811412 29.620269548995 36.3321979099319
0.340556440166322 -0.31771649954818 0.250391503998278 6.61092680382398 14.6090032557589 19.4918653000348
0.0198516599528922 0.211921478698657 2.42579089716605 11.3325682829572 20.992390535981 26.7108897254962
0.936826818834675 2.00765647154387 6.02030504231879 17.6809615549242 28.7673386373001 35.6266525075493
0.101854310133182 -0.246857681040043 0.906054507733689 8.21232051364216 16.7401096082582 21.9699621964181
1.11214895159061 2.26981865572828 6.50071030872413 18.3009045076296 29.9409086559862 36.6501804032423
0.980595253700043 -0.129789300271503 -0.459601368178732 4.56741584097036 11.6345027804672 16.0898504437126
0.712831240305507 1.64461983244111 5.3837947861278 16.4593301841363 27.6192404860426 34.0925702268192
0.434570335497854 -0.280645131767652 0.106305376317359 6.27240425959799 14.0299161048845 18.8977094396158
0.0391414128444706 0.251412178165769 2.5073584584991 11.4552463755903 21.1644419159012 26.8987147960633
2.03413844402624 3.60400545133014 8.63672912561934 21.7639425027875 34.0763845496845 41.2895469859529
0.191869802317302 0.682436247040342 3.54058316479111 13.3167995365981 23.6305250485076 29.6378850712159
12.824206391698 16.8202056951444 26.6029253708784 46.8993413698661 64.1050506338268 73.6368620022862
1.03516550008525 2.16860756929287 6.30013643970914 17.9708357747064 29.6589562497582 36.2385250576248
10.9352355855217 14.6333236432563 23.8064386255396 43.1480806316016 59.819444352117 69.0072693106004
7.4700904442276 10.4822699517394 18.4634553474967 35.8685938169173 51.1560591760009 59.7952432225069
0.0444957497970953 -0.177095148960818 1.18967238903641 8.84108077664882 17.6600369556031 22.9599483519075
0.0967471160316775 0.440288012548069 3.00050710888946 12.323941306494 22.3803831243197 28.2145227533351
1.0953477542977 2.26199122683595 6.45304419677669 18.2120749940812 29.9717438387827 36.5774768454327
2.34101986306812 4.05485167642212 9.27761763636677 22.735696718616 35.4149289198281 42.6488528070332
6.67706436899129 9.57551350388605 17.1338298247483 34.0284122485048 49.2043184404246 57.5136260541642
0.280820727861373 -0.3273038368022 0.363404003104367 6.88643255560599 15.0467787022932 19.958031047577
0.431836857042601 1.1647487255223 4.50172302448311 14.9880705900904 25.7493428033703 32.0192716045689
2.84598897148491 4.71450293951934 10.3317348837292 24.2735573810142 37.2960706108506 44.7128086332545
13.7375397903404 17.9053398614919 27.894481901211 48.6216870740869 66.1825783553358 75.7896165046345
6.59921168329775 9.47716805756331 16.9872584960239 33.9095866022654 48.8966395679165 57.2734917869401
0.662783205217248 -0.235142904572417 -0.187956492082139 5.43131501677369 12.847052973468 17.5371727229476
0.0410768123985658 -0.163728429157756 1.24706022999398 8.99690036408667 17.7888060654216 23.1604743480573
15.6464870778205 19.9683686908131 30.6926720096401 52.3126982684278 70.0174297157414 80.1984840271471
1.85651175892058 3.35930885347034 8.24642788371367 21.0692702233762 33.3640672001985 40.421688239694
6.70560832810682 9.55694079503802 17.2181182501907 34.1555389697497 49.108305764159 57.593429858216
3.30549013569924 5.32665578212388 11.2249174567047 25.5800715938195 38.9675622251751 46.4861568577002
0.0145389860838791 -0.0803322719301687 1.59680522886683 9.64821881805424 18.7396661383084 24.2042499978849
7.45991567150432 10.4889266563124 18.4324205058875 35.8691288721472 51.158218470399 59.7795780784973
2.71586320454698 4.53606095465095 10.0702607373125 23.8727241640432 36.8422935509344 44.1969037772492
6.99351781610293 9.95894989840802 17.6534835589941 34.7494722766004 50.0544506947408 58.4330050600427
1.39597751237438 2.72579455842557 7.17753133375354 19.5058475983528 31.309375822849 38.2192081167664
4.08169726319113 6.29209129130058 12.7008961488392 27.8447883876717 41.2928971367084 49.3008019921355
15.8998437930889 20.2188908751427 31.0752476991589 52.8065732416653 70.4664308810999 80.7679347849881
4.72588386196392 7.11843948111322 13.8209138871067 29.4298539330779 43.4067731888318 51.4519819290624
4.4043278560506 6.74380263113627 13.2752429797698 28.5544381558969 42.5505211238843 50.4076605555674
11.9767396426093 15.8648281389673 25.3463709557001 45.2149402481923 62.2511492594139 71.584774108621
8.40076740503035 11.595161010182 19.8949494066844 37.9666436338345 53.4966740693601 62.3774651039964
5.6304269065096 8.26606948772374 15.3970261107736 31.6036515829268 46.1901252309197 54.3516146702882
0.772507232828089 1.7486894655906 5.52602331473943 16.8071784111846 27.9432491453312 34.5032661703726
3.12293777538286 5.07466897691537 10.8843930598709 25.0909016242366 38.2952826841032 45.8071847159977
0.0762577865443811 -0.209464229936776 1.02599902166776 8.52102890811954 17.1569750413034 22.4334999779509
2.75623553534665 4.60378276406297 10.1319861038866 23.9945125887044 36.9583901555641 44.3450657316284
0.295630453850292 -0.302447731506046 0.353100964925566 6.87880506340964 14.8886733619941 19.8887183276556
6.73215850640129 9.62666904661294 17.1946519830121 34.2478952742244 49.184978368144 57.6664052744815
2.46475424535869 4.20416860264216 9.54663107703262 23.0986866808006 35.8345344452992 43.141864245532
0.296542598210467 0.897515357000472 4.0018298882381 14.0977964832646 24.6937024417526 30.7903189822361
3.36620211732307 5.4003987161487 11.3191953631291 25.8335690423539 39.0243371987206 46.7044908236628
2.75539582385392 4.61082239503813 10.1300159637685 24.000947384835 36.9809950344857 44.3501606904277
1.75202294396194 3.23488417606632 8.00707909920354 20.7564638841735 32.9938597832627 39.9943346273721
8.26538513697326 11.4237380751652 19.7273102039694 37.6137918017365 53.1869907947138 62.0007721170346
0.0373438024314258 0.26270961551453 2.55422027774619 11.5522957268158 21.2706268258337 27.0385885787361
2.74359145312297 4.58171210790097 10.1217551031177 23.9715560936948 36.900397881182 44.3094224526182
1.8956711332183 3.41912600925706 8.34392263157673 21.2414893788803 33.5459019969367 40.6437175439443
0.0856402337857778 0.393844426873193 2.8565069074852 12.1107723416135 21.987280023189 27.8499336105883
1.30161949105918 2.5672936695315 6.98602474062226 19.0716226115066 30.9269960208517 37.7239468818345
6.47095853828367 9.31444504973758 16.796280106864 33.5575781572777 48.6148456316855 56.9003683719262
7.54604585089678 10.6145605652234 18.5511249749932 35.9896099883088 51.5045531830511 60.0025167038929
2.04518985471685 3.65790748186986 8.64785704213459 21.8034057989883 34.2032926845166 41.3633808426315
0.73612678896946 -0.215203400047141 -0.266692717824661 5.1928758724 12.5076406691994 17.1438710043365
8.33857163810485 11.4833238044942 19.8145913190606 37.8785810986222 53.2067848108515 62.2084344585179
0.149122638980756 0.600517492301709 3.26475507948224 12.9254394791914 23.0432057027224 29.0111037269579
2.84546857757594 4.70339148005291 10.350081013554 24.2843313064616 37.2604452798625 44.7287968369329
4.05234748703565 6.29717501551922 12.6150945832528 27.6617489206245 41.4031156254991 49.1932588220303
0.375661182132222 1.05978987507519 4.29759597956801 14.6457160549831 25.2736458596328 31.5200354357433
0.138354859371855 -0.262432542193565 0.746305348402401 7.8903852584699 16.284467777867 21.4534425929845
6.70388150217829 9.60853995505582 17.1778569226147 34.0896596298242 49.2779114104204 57.592279875413
3.3731100934675 5.42793395076961 11.3155616930271 25.804653662717 39.1336488976885 46.7226246412053
-0.00251599012433677 -0.0390852102528614 1.70374197940737 9.891976233142 19.0511072081994 24.5535901327287
2.43329809367975 4.17949931442909 9.47301377554916 23.0371223909587 35.7739137350983 43.0489185768681
0.158427340531123 0.588965790116976 3.29296560232337 12.9182901766926 23.0362935475264 29.019549871077
3.53680010032449 5.63991233531712 11.6504588171796 26.2575179577146 39.7286088919483 47.350250644988
8.10184914536658 11.2678466015785 19.4029454838813 37.2914272855069 52.8127809188627 61.5531784518482
4.28625954866117 6.59596385631462 13.0249752087999 28.2753220699362 42.1519547963484 49.989621419002
4.86854314855099 7.33479215208617 14.0623562065971 29.7544016224438 43.9525291349502 51.9290770671495
3.02726380646872 4.9632787737141 10.6607940466755 24.8540379069132 37.8579441399241 45.4163749134837
9.80482957547558 13.2956364053045 22.0815600667866 40.8495506045512 57.0961718389114 66.108054496313
0.013497207743853 0.141224185996492 2.23326331713137 10.9450146037154 20.4847259259512 26.1401682218506
6.91113246943639 9.86544050189453 17.4933577486432 34.5949297969379 49.7923623086667 58.18686276714
4.79562656162964 7.22029750699453 13.9591721621517 29.5335091919699 43.7103161128678 51.6699526065571
0.00661166346230607 -0.0825780716028887 1.59098212250835 9.66757728604579 18.7255484228769 24.2120249317833
5.97333129356241 8.68566047327967 15.9752214234292 32.4110606186605 47.1728943542312 55.4013254152793
0.159390115086747 -0.268653670412486 0.66017037757767 7.70504421340497 16.0480634012783 21.1702688566647
-0.000881874963984597 0.00419534867810914 1.90768429594364 10.2623207011757 19.6564719617213 25.1637404315543
8.02721595766835 11.116824875549 19.3435718244721 37.1741833749024 52.4477266619485 61.3460146817496
6.51072949625439 9.33693661494844 16.8798895398237 33.6699943299113 48.6408229681554 57.0118351679651
0.00961682158449178 -0.0895078516156319 1.59977055661026 9.62123914011796 18.6873688083576 24.166676150514
1.34448848416032 2.63272764323115 7.03417724453333 19.2713426148752 31.0345823083384 37.9101648014092
0.648472376940923 -0.272417040821656 -0.165838331576365 5.41844399690196 13.0125938117231 17.5903941898722
6.44656115122962 9.28965558649776 16.7656650837469 33.592269397883 48.4715634942149 56.8632623187217
3.40073861014363 5.41861464713824 11.4050049665975 25.9163122995796 39.11652541852 46.8289072434068
1.46982301021795 2.83660691219746 7.3564088344117 19.7855493427214 31.6690635813976 38.6084995742344
6.53129072864418 9.35173985986677 16.9271709845616 33.7624837833888 48.6423670096781 57.0844261801221
4.04504360299685 6.29144045378668 12.5922641228197 27.6384205533874 41.3900703022656 49.1618002040719
3.54045315864089 5.63530676462138 11.671327765253 26.2302263329693 39.7554130434359 47.3477281751929
0.0670815940194673 -0.216171085222027 1.10299204042831 8.58515481119952 17.2922694215593 22.5889298413696
6.27043908344592 9.06759883319353 16.4519900440694 33.1598424622865 47.978732103141 56.3065341646702
3.29752417024081 5.32018324574049 11.2085752200034 25.554689851204 38.9571978090715 46.4598920370333
0.870469098432479 1.91321147758969 5.78689310173575 17.2960664583314 28.5196897238873 35.1565881071502
0.188813997838759 -0.292176072656793 0.632715824126861 7.51595804839699 15.850060976962 20.9292270114351
0.237387480197212 0.785377285488975 3.7209285518518 13.7044154654152 24.0526659555804 30.1536957020516
4.26374764949944 6.55831465262941 12.984788002607 28.2241353693079 42.0513918061425 49.9089711314288
10.3985502675267 14.0190884550999 22.9966806470922 41.9906899550508 58.6739774767689 67.6445270218793
3.75494327834307 5.89507613974661 12.0891225530937 26.7985126799788 40.4717663510862 48.1176021842892
6.04693277786275 8.82201082408227 16.0543859965163 32.5935063830336 47.4363043084973 55.6256924128136
2.7528241897452 4.59942889435516 10.1486070203994 23.9695732845361 37.0177695309286 44.3537564116252
2.85551421350109 4.75445814847439 10.3456095428777 24.2557029398244 37.4769032685507 44.7692876184854
9.67968873866549 13.1220340364504 21.9156435318866 40.599172206642 56.746905381658 65.7862364185385
4.54105621841391 6.93125298696859 13.5055263824285 28.8472049390992 43.0789109482787 50.845798446042
0.741464323777511 -0.230432648002134 -0.24897924849726 5.17475080486747 12.6057281287084 17.1658360915979
4.43117998095451 6.76181512845757 13.2896799936009 28.6664103211916 42.5496671387325 50.4759539961273
0.822490038508034 -0.20743476940574 -0.336594791006606 4.91878159437772 12.2447394266409 16.7430234448581
0.0370158839385917 -0.162561817341478 1.24682182881419 8.96851751500689 17.8307192337071 23.1520808513269
0.870242975908497 -0.161620564535829 -0.365608485748565 4.87941364149358 12.0385673589136 16.5949985980353
1.23314278269643 2.46794684963954 6.75492802020375 18.8272122147324 30.4884851008512 37.3016575997666
2.70862903511072 4.55373096011386 10.0290918684914 23.866102686223 36.8354290171537 44.1741151461204
2.64681675676002 4.47292725994221 9.89326092773535 23.6840996579069 36.5895063486215 43.9233129189138
0.903784911861028 -0.155549746273043 -0.388441616955389 4.74369531709312 11.9074867987927 16.4145589452843
0.377232638500812 1.06668970340334 4.29734613556515 14.6535719355315 25.4265986496911 31.5731731846253
2.94944878667116 4.87437306465501 10.5357176039887 24.5343380140408 37.7956489576177 45.1357408073898
12.1834857399825 16.0967160020939 25.6474982018861 45.5922496420584 62.7185623258258 72.0674887494727
0.0390926266327437 0.266753048433488 2.56924992477378 11.6150413847402 21.2635260111148 27.0918601589418
0.841668277380821 1.86448104463261 5.74332015723325 17.1735720024151 28.389010499795 35.0099111872164
0.0115945199997058 0.0768225034044167 2.08669305777793 10.6107672665868 19.993528912598 25.6442545668026
10.7392184868309 14.3827732366361 23.5310585569679 42.7495158582462 59.3269555239794 68.5093918997728
-0.00583602808843392 -0.0256305687903201 1.8301852869197 10.104662085856 19.3468109437144 24.9033823812053
0.64254719512257 -0.250138217983115 -0.166785730216019 5.48840461390039 12.9645624446036 17.6379689284324
12.1417647161827 15.9335027481323 25.6479549304199 45.6572894092736 62.3627904658686 71.9954795692188
6.10849202170051 8.86482995983992 16.2175333028534 32.8081027537185 47.5070735973656 55.8511018506276
3.30305026707804 5.32701149635169 11.2164797142638 25.6077533064486 38.9107274310382 46.4866230452212
15.1772251460351 19.477627514013 29.9844062711706 51.4018230999834 69.1331015116904 79.124148324916
0.00374975366100868 0.0446681260040254 2.02072387400228 10.478276189228 19.9372438461779 25.4845991326544
11.9876261357101 15.8434914301665 25.3676252612019 45.2686503432154 62.2125028740207 71.6130913245599
0.372336124878618 1.03842235411799 4.26771400875568 14.5611107030516 25.2703635394894 31.4398504880156
0.0299904272918886 0.212528135570725 2.47833302840075 11.3505926136459 21.0738279898558 26.7753314581091
2.32589816484172 4.00662187294133 9.27244499578531 22.7342485274708 35.2583768101165 42.5942710234283
3.93130104744942 6.14129420994413 12.4099113398832 27.2977132902482 41.039209294615 48.7597007228682
1.02224566779668 -0.143141894726038 -0.499878965724322 4.41427165045341 11.5590189986317 15.879228337068
0.192483644628215 -0.288620175126972 0.600389725814255 7.47932736896486 15.742632982269 20.8431777497857
4.62044482739067 7.00190524831281 13.6473585655521 29.1389150424431 43.0986223279194 51.102172995134
0.470416709472748 -0.288475792264401 0.0430024000315914 6.08653665402239 13.802022932196 18.613301310485
6.36202160950849 9.18547153067398 16.5914143603439 33.399669149209 48.2036713774634 56.5903806675147
12.5259965386462 16.481567447734 26.1862424375063 46.2941574645771 63.4710487073303 72.925458946908
3.6951880263204 5.80584488018807 11.9918681300413 26.6912303209117 40.1691266971324 47.9178247550048
0.0287421901352208 0.188648625113552 2.40760294501923 11.2102329366251 20.874111654188 26.5631237012856
9.90531601737398 13.4307100683031 22.2447171193193 40.9850023304001 57.493946287032 66.3810853280275
0.600595665228665 -0.249242716600057 -0.1246415165404 5.63335925655639 13.1131128868208 17.8619892095901
0.0116651041846321 0.0945524657797335 2.09513667136918 10.7171537688614 20.0673045385094 25.7473053546716
2.7987066111196 4.64507301751749 10.2479037830473 24.1230594940834 37.1102733943147 44.528299284175
0.215630941771154 -0.302508225958647 0.535185990930424 7.29155398109137 15.588511600327 20.576368041194
2.58304805263171 4.35737901714857 9.80507696653713 23.4836101412586 36.2755582264909 43.6519059803242
0.772779369011659 -0.242918071709536 -0.296785705387533 5.03165333701996 12.4968881801839 16.9597247267779
0.523588710776639 -0.30467638780932 -0.0252733164125627 5.82332400156802 13.596628526202 18.2557588206994
0.263040411833961 -0.31014749552142 0.426583046715381 7.01928896861035 15.232370145954 20.150754876944
0.0985029501975889 -0.249593409809503 0.905986252013804 8.16024669895939 16.7714089831138 21.9294389258877
0.00755683170178582 -0.0938382201088315 1.52095792175649 9.50089523399851 18.5427614243735 23.9677042968308
0.0090801999805812 0.148221088460775 2.20917625480417 10.9031652442801 20.356468158732 26.0452231266599
0.0991682763475755 0.463088691712308 2.96000826955123 12.3463165443506 22.192738362461 28.1400670682562
0.275731628881466 0.850236910228838 3.79253119777695 13.8562192235773 24.0415968771771 30.2788443812851
0.528833613535873 1.33085656652371 4.77331905873114 15.5826492222254 26.1290904484772 32.6967582639191
0.795291438590452 1.77657174106746 5.61623450732279 17.0051961467349 27.8740478021341 34.6760852097057
1.04941692793244 2.18736710745035 6.3331609348641 18.199232271168 29.4315280205109 36.3468217136411
1.33789348945222 2.63759681949221 7.06452669768203 19.3726078737536 31.0118870895608 37.9892560520742
1.6768151547759 3.13546423143982 7.85222526309194 20.5854626014713 32.5904313529409 39.6685666168045
2.15622680843454 3.81317309885497 8.90682920982759 22.2162147890704 34.6411872515169 41.8907455548393
2.7712198017416 4.63349863555445 10.174434824518 24.1358988923248 36.9616861574989 44.456778179593
3.45898116533478 5.51139610040411 11.5107329617081 26.1182563720149 39.3014985135912 47.0565340842235
4.14802477605358 6.37549342399001 12.8247321032532 28.0248909220082 41.5020790329205 49.5345601060128
4.69478533619835 7.09597611261232 13.7970172258413 29.4443653468623 43.3291665042221 51.4351971914137
5.43238727318474 8.03971919516211 15.1061055086765 31.350080677567 45.6542487474866 53.9337978827817
6.14311268406124 8.90275379904421 16.2707018452759 32.9801943210802 47.5960011414798 56.0226912750337
7.09876073544702 10.02887584238 17.8267962355246 35.1412228913239 50.0737879160313 58.7558444723993
8.22557230033512 11.3465746196257 19.6380087681205 37.6356544990814 52.9124181701631 61.8978002018525
9.32170568562136 12.6580512692276 21.3412617705957 39.9615735699477 55.6898900060756 64.8476209265584
10.4868937821941 14.013911288894 23.1422342334973 42.3747455136762 58.4938892905325 67.8721814987201
11.6025303568848 15.2939602216687 24.8519241475872 44.6367795925546 61.0965369485847 70.6955386496671
12.3634534752039 16.1809805325964 25.983590614757 46.1000113242499 62.8432309490731 72.5348579696637
13.4058727758467 17.4244302585471 27.5055574529666 48.1002858831016 65.2686254622741 75.0527355351196
14.4065431554296 18.6073910056119 28.9244838452847 49.9751426020272 67.5107200069772 77.3899983326424
15.4504735322517 19.7672628351605 30.4223992265882 51.9530492102698 69.6609325965914 79.7809925482543
15.9808571062987 20.3109101878857 31.1990139043616 52.9658578419804 70.6373015824093 80.9629259115632
15.8826812860446 20.1975086528553 31.0480976560257 52.7730207966722 70.4273294405184 80.7248862345255
14.825894430115 19.0784079689771 29.4900467919945 50.7369146488111 68.3832576826832 78.3148336152945
13.5684721488623 17.6675371923049 27.6952781061526 48.328440287652 65.7307451580972 75.4004177258681
12.2795546339764 16.1966068825057 25.8281110756217 45.8070840825526 62.9211937344607 72.3292021437839
10.8828739606687 14.5846103109209 23.7303401247534 42.9761216134006 59.7863067430779 68.862300243263
9.85066085544403 13.37386307761 22.1590008797079 40.868141147414 57.3895804485368 66.2460537479937
8.94488436326091 12.2678420799685 20.7726051213314 39.0065059100686 55.084368736098 63.849459846833
7.84348506199593 10.9682405208625 19.0274200072238 36.640744775001 52.2851659330535 60.8328132257686
6.82553919533948 9.76531863519575 17.3759397952831 34.3673446611483 49.6342385618632 57.956112468213
6.0859321153758 8.83426860475405 16.1588572841268 32.6685664820275 47.5336085118957 55.751559797447
5.35786956732819 7.93967653367041 14.9196498475045 30.9268896016834 45.4500030706946 53.5014381280009
4.5823386939472 6.97533097581932 13.5747603789885 28.990973700821 43.1361858950215 50.9946069641882
3.81402854220679 6.0210419403913 12.1677485904341 26.9636435960676 40.8053592898356 48.3740243411635
3.30782948108396 5.34896091199282 11.2274095820733 25.5832748713426 39.0621343406897 46.5250098063638
2.81343372362793 4.67924667708133 10.2637064486956 24.15281051983 37.2804997964596 44.6074982232497
2.34983793071377 4.04647321518838 9.31211094679009 22.7121053626283 35.5164658963319 42.6816314506733
1.82698321771261 3.31946644165939 8.17847990817544 20.9408302194243 33.3450010067225 40.3007150516371
1.30635455090477 2.57863270592945 6.97772579415804 19.0396693920059 31.0217214308031 37.7273565863974
0.943399967514825 2.03360938006676 6.06691171887465 17.5977486536826 29.2243342756391 35.7332841163214
0.704012026992026 1.63818926957714 5.42325114443229 16.5296332280282 27.7648327148991 34.2162181514094
0.45603073197159 1.21485431465177 4.65478999352583 15.22935583726 26.1206932523826 32.3979463729282
0.259809850584753 0.832731269316619 3.89860168771033 13.9136000642429 24.4630907111728 30.535784069311
0.111380097173551 0.488453908981785 3.14862181858588 12.5768493775355 22.7226260538892 28.5971458734261
0.0168059559505532 0.139993644329287 2.2546942069291 10.9417125751861 20.507500003593 26.1534490839327
0.00952116727366445 -0.123168967772657 1.45300652436899 9.40551271903611 18.362653554353 23.8093669328773
0.0281512137246215 -0.155122771378337 1.31299372890002 9.13768648871824 17.9525562288784 23.3736983702424
0.0124235240140606 0.0126369087146431 1.86273206012044 10.2532375753557 19.3837019589382 25.0307925718049
0.0464921986080176 0.265129648584187 2.58405273712968 11.6317599796702 21.0918280504606 27.0523298851507
0.099233037917391 0.46594629399186 3.07202236183063 12.5500537155843 22.3818351301416 28.4320700792938
0.191135143357073 0.72820686884277 3.6609854960426 13.63534866683 23.8778965390555 30.036176654199
0.358253162145294 1.05389364888257 4.30092742056042 14.7488353795242 25.3157997733388 31.6243325177267
0.625780579331882 1.52218768008236 5.16459849778285 16.2190205471376 27.1735806069692 33.6843504353182
0.977217594061763 2.08234970561509 6.13135635777445 17.8187161691531 29.186457999753 35.9018837311687
1.38776223249052 2.69917070359196 7.15513441703797 19.4654239756617 31.2618615866342 38.1747927600008
1.85470943323285 3.35672676203892 8.24367825929526 21.1632087555859 33.343875032056 40.4815213723802
2.33907931319132 4.02122222314314 9.30916848567402 22.7871531824963 35.2975977490349 42.6581984687827
2.84867109216722 4.70685319540263 10.3463364887512 24.3598963013231 37.2339777627111 44.7658397638368
3.39846722143065 5.41037893051272 11.4061082804149 25.9173732172154 39.0902129184665 46.8222755673282
3.98487797202031 6.17523061811889 12.5014341215712 27.5228236318116 41.0633460019113 48.9489095218638
4.65780301056492 7.0246397148563 13.719328177976 29.2910745021394 43.1846533510823 51.2585348075844
5.42615955377566 7.97078574904983 15.053714097984 31.1891505386087 45.4205955149683 53.7056867158177
6.20042292394321 8.93476960881986 16.3665720576284 33.0403665927634 47.6533392031914 56.099010852522
7.03865393531125 9.98126478316953 17.7336389914991 34.9490252477881 49.9982256841003 58.561055969677
8.01799077529861 11.1522279736865 19.3063718256137 37.1388798764938 52.5469367999726 61.3330981998523
8.75656049888939 11.9606118629234 20.5076332174142 38.7752803219373 54.2228694217348 63.3359427320224
8.90451636260453 12.1209737835085 20.748215730613 39.1158945676522 54.5615648362232 63.7514001463868
8.72119842127149 11.9053980246841 20.4660809740919 38.7314826735422 54.1074262225906 63.2663809870688
8.07821411778802 11.1705436504515 19.4324614847014 37.2956103695497 52.5580388978767 61.4907831679741
7.17424437956121 10.1376789510071 17.959916916511 35.2318794537419 50.3753148362883 58.9508968028458
6.22025055736147 9.01425665339401 16.3796328801374 32.9810140322407 47.9087369027852 56.1446306170596
5.35909064074173 7.95318543002118 14.9134213635822 30.8712418668908 45.4688062589738 53.4525055213137
4.59128265397081 6.99587784431065 13.5912946386817 28.9684991512032 43.2335398723663 51.0059604655214
3.89782406003736 6.0933170255584 12.3489748920377 27.1683919135489 41.0012497876168 48.6324680851437
3.20353155942475 5.20498095586275 11.033061463296 25.2580554646234 38.6975130435854 46.1064925496485
2.64347886080849 4.47568458514298 9.92114783317415 23.6331533037628 36.7153133105917 43.9366086610037
2.20239470525835 3.85363764329093 8.98948422876791 22.2168008481884 34.8986214420964 42.0111322566896
1.65473458814177 3.1026436202645 7.79714059885341 20.3890315125789 32.6966620798699 39.5642445376134
1.25810116270132 2.53081717952797 6.85856511236297 18.8942267936783 30.8731991267815 37.5370242445574
0.977442854673398 2.07492219601192 6.16441803516455 17.7495740754332 29.3015883156015 35.9161008542476
0.6729063861633 1.59021599397387 5.31662126701202 16.3591764485446 27.543431008261 33.9794993040538
0.401338221037825 1.12189574451067 4.41028999970395 14.8571614292973 25.7217510973617 31.8773294806631
0.202969640201904 0.727570708573941 3.62939774432838 13.4999863721081 23.9750852424368 29.9353826004489
0.0945867874141465 0.434944828544214 3.00174951449617 12.3375258586432 22.3941076246727 28.2284243698685
0.0132722395946782 0.14890297944317 2.32032910752785 11.0556938602933 20.7053665823834 26.3463712012619
-0.00558248945046852 -0.0596674068137236 1.72458551155447 9.90998178634653 19.2215801624666 24.6452555959392
0.023095387207388 -0.193062440961041 1.27964200663168 8.97398987430978 17.9377080459203 23.2219004093635
0.113583804874035 -0.284384864970433 0.832354825835528 7.96918973792163 16.6040731402922 21.6875537635876
0.254557697803163 -0.334931077425964 0.406914522771523 6.9921083372435 15.2563651196367 20.149708522427
0.429943439460827 -0.32531751727825 0.0814257423567755 6.18268843487008 14.0655357210287 18.8216377848273
0.673439887170529 -0.269216863894231 -0.226120524431338 5.33417058030242 12.8374687270133 17.4107457261195
0.979593071636144 -0.171227693514608 -0.486244241918415 4.49975150465734 11.7038736025559 16.0241691808563
1.18461611828022 -0.0740367850569568 -0.596755471826017 4.02244360189445 11.0077876701884 15.2341041119266
1.37883525653105 0.0197335515222991 -0.672652293174608 3.63402337983618 10.4372868106153 14.5852905193745
1.4477582517926 0.0421380092760612 -0.716708647075146 3.50703779304541 10.2794580873134 14.3561232258814
1.3809361729452 0.00491617467377641 -0.720665196744637 3.60628461230907 10.409678617839 14.5108021192537
1.22150681170203 -0.0639020166413196 -0.660782763455619 3.89464723611717 10.7723967250049 15.0012942318819
1.07884392633731 -0.123933961274709 -0.565769160524769 4.21669230248075 11.2516592124641 15.5618719805319
0.957507825793904 -0.178124564590137 -0.462571013591445 4.53335886892371 11.7743135305008 16.1151394390046
