   68.851186   44.453990
  -44.090428  -14.826161
   -1.871464  -24.307187
  -29.962712  -37.896311
  155.243957  -57.001223
  174.711819  -27.481976
  142.205349  -70.080337
  144.906708  -97.753066
  149.940455 -107.744054
  157.085841  -70.375616
  145.836686 -104.477132
  148.942676  -93.742959
  160.095272  -65.740771
  -38.720268  136.406064
  -41.938910   22.643149
   90.556503 -117.737938
  117.528726 -130.548135
  129.164119 -140.638579
  129.115839 -137.419936
  110.769577   12.504426
  122.936046   -6.453378
  103.736844   16.720847
   69.828446  -74.656410
   62.876179  -61.170298
  181.531430  -87.643632
   87.305674   76.941646
    9.865139  -83.169719
   -6.115421  -95.915543
   -3.588786 -112.797322
   -3.797998 -106.504876
   -3.508320 -106.730181
  101.741286  -33.007178
  -17.332389  120.876114
  -30.544916  115.726287
  -62.071518   94.177476
  133.798964   95.126975
  -35.083202 -136.760115
  -37.915607 -145.788406
  -32.363449 -125.382214
  -26.746918 -133.171328
   48.118704  120.892208
  162.396601 -123.966011
  163.008143 -123.982104
  166.178506 -128.198526
  -23.029386 -110.624738
  -29.176993 -112.362805
  -29.160900 -113.408864
  -15.900093  -99.552609
   19.569346  -97.991567
   18.748592 -130.789533
   99.279024 -108.645273
  111.960475 -106.537063
  107.373910 -106.327851
  -58.981622   81.930542
  -31.462229   60.800154
  -34.262448   51.208600
  -35.984422   59.754096
   34.021050   63.181950
   12.359587   43.178087
  -13.405645   12.504426
   91.248511  114.680228
   94.949950  103.865589
  110.978789  124.303969
  114.100872   98.780135
  117.480447  101.355048
   96.012102  112.813415
   99.568702  119.572564
  102.513760  118.944929
    9.044385  -33.666999
   29.354018  -36.386752
  137.886639   64.067077
  169.091377   51.546558
 -163.571406 -143.792848
 -233.721716 -115.838939
 -119.073675  -19.360134
 -152.048666  -21.532717
 -142.972094  -37.497184
 -193.520873  -30.963340
 -138.433809  -73.449419
 -117.142489  -91.586469
 -161.205703  -91.908333
 -126.862789  -95.239628
 -134.684090  -86.098684
 -153.867199 -103.286234
 -140.896070 -113.634169
