1      1      Ah     50
2      1      Ah     30
3      1      Ah    150
4      0      Ga    270
5      0      Ah    380
6      0      Ga    470
7      0      Ah    240
8      0      Ab    120
9      0      Ab    240
10     0       W    420
11     0      Fh    400
12     0      Ag    300
13     1       W     20
14     0      Ah    130
15     0      Ah    220
16     1       W     10
17     1       W     10
18     1       W     10
19     1       W     10
20     1    <NA>     10
21     1      Am     80
22     1      Am    140
23     1      Ag    160
24     0      Ah    440
25     0       W    490
26     0       W    530
27     0      Ab    400
28     0      Ag    400
29     0      Ah    330
30     0      Ag    630
31     0       B    570
32     0      Ag    390
33     0      Ah    360
34     0       B    500
35     0       B    550
37     0      Ab    340
38     0      Ab    210
39     1      Am     60
40     1       W     10
41     1       W     20
42     0      Am    170
43     0      Ga    320
44     0       W    260
45     0      Ah    360
46     0      Ah    100
47     0      Am    200
48     0      Ah    320
49     0      Ah    480
50     0      Bw    660
51     0      Bw    690
52     0      Ab    710
53     1      Ah     10
54     1       W     10
55     1       W     10
56     1       W     10
57     1       W     20
58     0      Fw    200
59     0      Fw    140
60     1      Fw     70
61     1       W     20
62     1       W     10
63     1      Fw     10
64     1       W     20
65     1      Ah     10
66     1       W     20
67     1       W     20
69     0      Ah    270
75     1      Fw    560
76     0      Bw    750
79     1      Ab     80
80     1      Ab    130
81     0       W    110
82     0       W    200
83     1      Ah    260
84     0       W    270
85     0       W    320
86     0      Ah    360
87     1      Am     80
88     1       W    100
89     1       W     70
90     1       W     20
123    1       W     50
160    1       W     80
163    0       W    290
70     1      Ah    160
71     0       W    160
91     0       W    140
92     0       W    150
93     0      Ah    220
94     0      Am    280
95     1      Am    450
96     1      Am     70
97     0      Am     70
98     0       W    340
99     0       W    470
100    0      Am    630
101    0      Am    460
102    0      Am    320
103    0      Ah    320
104    0       W    540
105    0       W    420
106    0     SPO    380
108    0       W    500
109    0      Am    760
110    0      Ah    750
111    0      Fw   1000
112    0      Ah    860
113    0      Ah    680
114    0      Fw    500
115    0     STA    650
116    0     DEN    630
117    0      Fw    410
118    0      Ah    390
119    0      Ah    310
120    0      Ah     70
121    0       W     70
122    1     STA    150
124    0      Bw     80
125    0      Ah    450
126    0      Aa    530
127    0       W    240
128    1      Tv     70
129    0      Fw     70
130    0      Ah     60
131    0      Ah    190
132    0      Ah    450
133    0      Am    550
134    0      Am    650
135    0      Am    100
136    0       W    170
161    1      Ah    860
162    0       W    410
137    0      Aa    290
138    0      Am    680
140    0      Am    540
141    0      Am    480
142    0       W    720
143    0       W    380
144    0       W    310
145    0      Ah    430
146    0      Ah    370
147    0      Fw    290
148    0       W    150
149    0      Bw     70
150    0      Bw    220
151    0       W     80
152    0       W    120
153    0      Ah    120
154    0      Am    260
155    0      Ah    440
156    0      Am    540
157    0      Ah    520
158    0      Ah    350
159    0       W    460
164    0       W     40

