3.90870464075905 9.54284934852573 19.9962077901193 69.0823083775988 149.630802088025 191.348979028093
2.90418406384286 8.6703273029406 19.4803307626458 68.4990679341301 148.013584474185 189.288632135476
-2.33123174516828 2.92976737387024 12.9512244180855 59.3851606148485 135.212393624005 174.831361922523
-3.83286236530301 1.14582780131449 10.6622659819443 56.1601739487953 130.698791329468 169.781793152693
0.402593293172904 6.79417769947082 19.2064324058173 68.3926878512492 144.733360645373 184.748073267999
6.19566058772985 11.9958970302323 22.7276221503029 72.6501385792473 154.561706027406 196.913769460421
-4.73697190026 -2.13963666288703 2.2663179021844 42.1839432756823 116.455778130458 155.047883560809
-1.15852935567292 3.58062759714104 12.3023091227248 58.3622728452086 136.102373659291 176.461231693037
-3.10913797330122 1.80554184952026 11.1015979334534 56.6369958143651 132.105618278063 171.519100201555
-4.34474822586073 -2.52775541689418 0.269304369143252 38.2121103599521 111.796609262904 150.01733569394
5.47319278933523 11.5272416444703 22.8603332975938 73.031162487982 153.846451983745 195.732081015975
-4.30207730546276 -2.63014112562952 -0.0739313584458791 36.9514140694066 108.938060377569 146.397976697099
-2.54680756180163 0.728558096448065 6.41926829391604 49.2096871346158 127.398121714823 167.938244281752
0.487200399647545 7.73052274341974 22.0262152729855 72.6849864691494 147.375710932645 186.698560348594
-3.32041927323686 -2.26978374828576 -1.05530074832526 34.8595499904484 107.714145748663 145.542530291305
-1.49361345975293 2.84419642429775 10.7902140967563 56.0591196198115 134.171460055486 174.784823789005
-4.81682761685676 -2.3362071067898 1.82886602208086 41.3227719190375 115.034697953741 153.353101106344
2.70966750423391 8.54503990169486 19.5322822553822 68.7474685609307 147.909738608606 189.090324968116
-4.70500133310414 -2.60307428404317 0.807945269742268 39.1625485220428 112.179897322436 150.149153491583
-4.14613841898659 -2.57041745158269 -0.220923740889363 36.5583928003302 108.550270934465 145.994633399448
-0.075869295739465 4.77696799808198 13.6900784890991 60.258136613579 138.923670042559 179.69640583096
-2.00759245485018 3.22830144209027 13.1632986243816 59.68640109646 135.869339043622 175.635955811194
-3.63820721098748 -0.345117279562139 5.35869689654447 47.6829222236074 124.054932227048 163.626927489029
0.377063151855493 6.03266254718242 16.7547459148669 64.8413277052546 142.497155449712 182.961914257447
-1.10956335415808 3.24346389018724 11.1399988350196 56.6040947279074 134.982161093615 175.659041147973
-4.10085819557993 2.00001543170827 13.9133519839874 61.5680220254139 134.054624510244 172.177265664347
-0.532391812726829 8.56617271369126 27.0119980674128 81.1572602435445 150.849521988674 188.110449330007
3.06140935328039 8.14088638043435 17.4207760976469 65.4686198066684 146.464707212589 188.359396992181
-4.07963528846003 -1.29085775493827 3.39252137882982 44.299538431897 120.046426837221 159.290374082399
-5.72728357924383 -0.924662487737944 8.3439257832241 52.4658440226733 124.688001974667 162.644862534676
-1.53956007659283 2.81237973990613 10.6880088269641 55.9463375867459 133.88139824775 174.278077086982
-4.1537515639149 -0.10985542216617 7.3556414235158 51.1873282622286 126.258315341559 165.47195352161
-4.40583211253687 -1.46140621106015 3.58528060108048 44.6095858257207 119.690399100707 158.646018000944
-2.93032374762095 1.22699251456128 8.78080674638736 53.0832698448417 129.654905255745 169.427386602276
-4.96084874327382 -2.59345896305689 1.39342641590191 40.2743828234051 113.249496764553 151.224520482988
-4.35947222341189 -0.675587649208664 6.00407205836096 48.6195263408881 123.728425640922 162.821796102084
-4.5608200603686 -2.71674567132013 0.215005628476029 37.5857652488602 109.442950789136 146.864422903447
-2.75284248533811 1.45744612972507 9.1127817161553 53.6005064556308 130.329462882052 170.175161119159
-0.181668172424252 4.67595417781668 13.5902726859817 60.1874380813996 138.707498090666 179.41504862318
-4.67667708660393 -2.77265848878786 0.361244912992183 38.2090659292032 111.141346477477 149.228481148085
-5.06842649553043 -3.01981840193756 0.591721570680506 37.2957718170696 106.187055872552 142.360188383399
-4.50660100301147 -2.15319964102702 1.70969285271127 41.1868705567199 115.714165805856 154.402232132864
-2.79515215688074 0.341243349516988 5.67553717229983 48.0825614034948 125.995590456478 166.295734228729
-5.66549408001021 -1.671903729066 5.78457285017085 48.1843592877502 120.931749626044 158.960185644416
-4.80696701673721 -2.17498644324637 2.34056391588298 42.2822726079823 116.475673345576 155.085063921172
-3.24882674479524 0.478708869484372 7.10977898577773 50.5010877406659 127.137560464669 166.892381118159
-3.45303487443166 0.217776333232361 6.74457446474973 49.9121974792294 126.289615485609 165.921145867898
-4.06470741712023 -1.03770313133719 4.20348689359483 45.7622718109925 121.636112509204 161.034264220816
-2.58424933544536 1.06820280865406 7.53352818100003 50.9614949793286 128.740580313156 169.052689925553
-8.89917879468737 -4.71300577960744 3.70726376493525 43.7439048372826 105.465424359796 138.522118833247
-4.5170568228769 -2.62711723180848 0.346305314111191 38.1224176310872 110.818811653547 148.61844769034
-7.25666279786577 -3.27796428463888 4.41531748537925 45.8421954030358 115.184314000888 151.794093386908
-6.28639858753001 1.26093937045033 16.1123047071802 66.9978312717704 134.539919558684 169.956475928075
2.70727537460379 8.39720603388437 19.0244777778718 67.9074423175909 147.381645714215 188.610901292043
-4.82507932010816 -1.39031220822258 4.78135270059741 46.6400123958857 121.02152548183 159.744242621188
-6.93900713310558 -2.82303039361926 5.15073968178598 46.9913177288187 117.378350567895 154.482956931201
3.49975873841672 9.89744566041901 22.1473666230483 72.1892022386488 150.955764253158 191.998378276444
-4.75124122007315 -2.3093405934514 1.76502869617804 41.1875395398114 115.03059853766 153.395579430856
-4.11899091132644 -0.968555060197667 4.49292799785909 46.1856673525935 121.850339469205 161.09854314248
-3.59937119986845 2.27558086989248 13.6703183176869 60.9711745159329 134.355018937452 172.875113401263
-6.23745010565241 -0.760121341702983 9.92966525587302 55.4614019757367 126.218131056882 163.500280102958
-4.00877435333126 -2.58760159875391 -0.512481312029855 35.9034815600176 107.729276755138 145.139458671113
-6.28763282193579 -3.26798117251572 2.32089472185758 41.5489545537962 111.562092448338 148.306102503501
-4.84565502851163 -2.3353877470394 1.88840220229225 41.4029913276161 115.105831700146 153.402869310847
3.14522219311687 8.28892563244832 17.6606277524761 65.7007645446824 146.643970831087 188.455117290167
-4.25491738802739 -2.48449208722101 0.254851322093103 38.2991554655309 112.489888317414 151.081634548591
6.05751780349751 12.1368221635962 23.5033560715666 73.7880961891756 155.012580054025 197.077992235971
-3.67752863787122 -2.32995397473305 -0.56070883393731 36.1514562161621 109.65392101139 147.735509141665
-2.72927185978275 1.60361529293193 9.54988652103962 54.253588287487 130.894718040969 170.735969195006
-4.30369982477725 3.97425309086944 20.585466635345 72.8658366293387 141.088935956052 177.329701610944
-5.75257107792558 -2.78795065863442 2.57062965811266 42.2373010728905 114.111529653355 151.668602962051
-4.93346725283032 -2.45212374320139 1.76319397590417 41.1357109812122 114.611694241186 152.847440221472
-4.63889342103417 -0.414044094387563 7.4981560561185 51.0615786983313 125.388315753851 164.235065937672
-0.680674445451255 5.88375889089899 18.7328125414835 67.842686706677 142.935915439726 182.37638217381
-0.327583776740869 4.73172655936271 14.1263998027535 61.0195463908276 139.044407074409 179.580650063818
-5.01898344348751 -0.828595180695584 7.03284001399412 50.3219284833434 124.090354202672 162.670113725506
-2.96391610298771 0.801758319229286 7.4953358309316 51.0783879186175 128.052243746182 167.965821360436
-8.44512218844343 -4.20507927478941 4.18995082093948 44.8725578802056 110.62482287293 145.533481305565
-10.1960166760269 -4.48808556393634 6.98188178429905 51.6797865772259 115.190397078822 149.143484527205
-0.951458493844992 7.61858081293851 24.9492589192171 77.690316215669 148.376679121472 186.058589454071
7.20724354996166 14.339501150953 28.0772438344925 80.1640737647384 159.883457405226 201.421238236722
-4.23651429078566 -1.09229841954618 4.39540413069108 46.0553898613202 121.559294788149 160.769365060366
-5.07667727888985 -2.92746778141081 0.732443811136767 38.4160233812613 109.584641570546 146.750314812883
-5.70794368378149 -1.87001651238237 5.29938845194344 47.3225982681284 120.045275649461 158.097609369552
-6.34466312322582 -3.57865625882414 1.80472248213822 39.0267360978424 104.814547241125 139.730923393963
-4.44429497030892 -2.63896654963961 0.173201892338398 37.646635615687 110.124059816564 147.818442660084
-5.18773584580628 -1.61942029954078 4.95924840363257 47.0091626090714 120.829821769235 159.437439841272
-3.27427289523093 4.01379065082762 18.4808798936223 68.3067273273593 139.666442178959 177.348000468822
-6.39578955846188 -3.60548564774129 1.85752477917866 39.100481464937 104.560049663195 139.349653328405
-8.25679596611611 -1.87481828819095 10.9405427789851 57.6302729489879 124.618456934595 160.31971736097
-3.71291553387713 -0.119236721064649 6.25901040169545 49.1346149619061 125.209431927136 164.693669622762
-4.9798041935794 -2.89511738215999 0.612541353349869 38.3576409545276 109.873148924391 147.201471638555
-5.01991953444945 -2.22241187200001 2.62987993790921 42.7271964508658 116.400488524338 154.72870127684
-9.40229434555151 -2.79240059607576 10.6897257293026 57.2877565757773 122.521209180796 157.561546908877
-4.86197811436351 -2.65448489613351 1.00091314929901 39.5042833392901 112.237996340739 150.096105667515
-3.44335762905866 0.0694118693467666 6.23972972473906 49.0527295450667 125.61968212612 165.291761759785
-4.34938242693914 -2.69966863124032 -0.0613640531798922 36.3173404701563 106.959560047974 143.846027523187
-4.52995149433141 -0.879990081617219 5.73951275535197 48.1430022072389 123.017058752485 161.990429482768
-4.33206871548966 -2.61825304075208 0.00656226613816946 37.250111245547 109.620746503698 147.259989437602
-4.64833435941869 -2.03127860624602 2.3756413525951 42.3878485268761 116.743054862866 155.349685858992
-7.16327491181247 -0.637499626028928 12.3540375502346 60.0018579871058 128.120845283385 164.316431887815
-6.88171940616121 -2.69151423866128 5.41986689296214 47.5461952142731 118.144557204481 155.353406076794
7.49732328198146 14.2355484321076 27.0530030603332 78.697410110778 159.440349356449 201.380306423392
-6.22792148414921 -1.29148237676083 8.25603343115654 52.7853559091185 124.020468430802 161.529503767867
5.99560973926237 12.2062792539408 23.8597024896075 74.3916456206286 155.241585383901 197.146428006658
3.08132839763545 8.40156257583522 18.2004271164744 66.3851138861555 147.01192757025 188.737905703222
-4.97315187785834 -2.61173129834124 1.36004786844789 40.2239480099479 113.072753886013 150.989535846148
-5.293594682431 -2.16944415921522 3.43530163318394 44.1886221548625 117.57932349265 155.859638481149
-5.95960876959779 -1.10198682380121 8.28089230933289 52.6585738213848 124.40906550369 162.167483516333
-2.4132569839311 1.68619202741831 9.11123579576325 53.5455523821846 130.851930733163 170.987879447374
0.239102486332669 6.35908858389106 18.0559431144181 67.7542099859462 143.877450574838 183.732951382361
-6.32817688860024 -3.45887578901525 1.90842972451737 40.4964993817672 109.733492524872 146.168676935472
-3.51204410351784 -0.80982952575426 3.62734727692742 44.7603806791698 121.660169662732 161.424529867415
-1.54660161770392 2.54858636361664 9.84524257574592 54.7082205604516 132.994307079004 173.51686619902
8.94515446624812 15.4619142600651 27.6805167172004 79.3414732327638 161.509965856675 204.026516339304
1.0989786743738 6.78850081321465 17.5427089681591 65.8413096452725 144.085896829362 184.803665453719
-3.98087243058542 -2.5125223656986 -0.402946439818362 36.2311049285791 108.507213819573 146.075022953094
-6.26744431549692 -3.15058854507945 2.64210642900568 42.1874515932129 112.770912082367 149.808832893324
9.38536299990748 17.0225289394916 31.8600201280425 85.3174158824294 165.19713279608 206.932480555833
-2.8574566480136 1.07542428612373 8.15083689307554 51.9779071238819 128.991598205146 168.949224969719
2.11138767150676 7.36857051980039 17.0551336679365 65.0084586103627 144.867178899374 186.207072599981
-1.58438404397676 2.90626551033913 11.1560863565763 56.5948273953674 134.351568665796 174.742027462801
-5.00902686314233 -2.51633946027917 1.72514111894174 41.0169843119765 114.193134705474 152.284133436087
2.4996000622244 8.08739588064577 18.5099568890999 67.1505395735116 146.668283808995 187.927013437681
-3.11028661111006 1.75216472213722 10.9342047292631 56.3267665803699 131.884708389006 171.31972641829
0.444050268296509 6.71036361964963 18.633998106868 68.8493843548403 144.783426534251 184.394486606529
-4.17133016295941 0.0489607559678812 7.8900925230208 51.6115860073021 126.600990608769 165.709536802222
-5.7486816807429 1.74086694755442 16.5930085161714 67.3393530778717 135.480649966391 171.460556637345
6.16351154665739 15.8997499944942 35.5050182827226 92.0487094643502 164.7004001593 203.33697958997
-2.18131453734092 3.9110094578844 15.8047667626809 63.6096176583632 138.240755135676 177.431697108662
-1.919859095553 3.70253790569501 14.5247528582854 61.7956946941711 137.414692097583 177.048745271565
7.25556098130561 13.4995833280514 25.1606171705322 76.1024510790622 157.711527320205 199.95233372474
3.62870987370479 9.22338264008997 19.6295290064438 68.5049034126904 149.003079618828 190.714757278639
1.25730822270619 5.99713979963422 14.7063015313181 61.5875872737027 141.726515745642 183.330108686179
-3.29008110289457 -0.334921092060822 4.64189351888609 46.5207627799219 123.751780017965 163.712186220317
-1.54771851461212 2.81892101991358 10.7284713172855 56.0065465309668 133.90437763653 174.286192144755
-4.46724570148484 -2.49063872821998 0.629783657558979 39.0143917329186 112.777914275054 151.089289114471
-2.25290259748903 2.16530465625379 10.2546949525927 55.3234808378751 132.382357313301 172.41164104096
-4.69492684028374 -2.70639026726023 0.515827918322067 38.256854753766 110.451785067486 148.038380379507
1.30346910593632 6.97805324700644 17.708318162403 66.0207547143476 144.468013275337 185.314008082353
-2.41902326824111 1.82982986740505 9.55554556073883 54.2785281378423 131.356191175094 171.371517574329
-5.2311652686566 -1.74001286780412 4.60749105730824 46.236900307846 119.867132441316 158.264522834211
-2.6906806992391 2.48478664670461 12.337389873516 58.604659825024 134.117735309275 173.616874268844
-2.20886026012026 2.1926356128131 10.2331230765947 55.303783637167 132.420525225645 172.463811703231
-2.98472018394252 0.920615485880402 7.91168514063882 51.7260630749122 128.515732664324 168.340355085666
3.45105602645652 9.13489640023338 19.7195825565653 68.7541700592147 148.853808808493 190.36121419029
-4.80611730978347 -2.09820048333884 2.52723546789738 42.663644635517 116.769701821152 155.28786801846
-2.20008449032108 2.18235507261718 10.1919837871589 55.2281654163313 132.399057389118 172.477625592048
-2.77041955810334 1.15087594683809 8.16955404409248 52.1190123785199 129.177766157117 169.139190786883
-4.91692416475676 -2.03815891387193 2.96837992316133 43.4366583349555 117.432485252577 155.927353005443
-2.90150360848481 0.487763380317646 6.36679228484686 49.1665937924237 126.701621879417 166.824698432149
-1.77149501117886 5.44115287055977 19.5378425511802 70.3160686167387 142.790157421922 180.836395068327
-0.886181907895445 6.57627455434281 21.3934245556334 72.5404858392616 145.402236228937 183.961133743611
-3.05234946079844 1.16052453642329 8.86510731775588 53.1943535230003 129.600692706884 169.319563415728
-4.24552066167167 -2.62680593966439 -0.127399778867102 36.4799380000457 108.052203445489 145.331988743815
-1.63837513146564 6.91206148920956 23.949378669662 77.5675390902355 147.343729202057 184.232398405927
-4.51424025880791 -1.71440123803072 3.06285137338493 43.661655049578 118.570871113427 157.455743585684
-2.12735808375706 2.3169470559358 10.4629528293329 55.6128640276652 132.810011199473 172.900532133799
-1.0009630829321 3.84399458778946 12.7948136801209 59.1002012290343 136.832022427525 177.207908367625
-4.00508138705555 -1.05530140942973 3.9457624271711 45.221769504383 121.051576706578 160.323825766172
-4.90288040028474 -2.71753141987841 0.916600545936239 39.2350414198821 111.728498750193 149.480784488004
0.30883382446676 6.41194371546741 18.0526834522114 67.7634925156171 143.977716344612 183.850258122508
-1.34060426377284 3.09893396779114 11.126564097324 56.5882484582091 134.658927110689 175.067170387831
-5.10118201647088 -2.52557185910495 1.90813610526013 41.3243938914913 114.454761948252 152.540483681932
-2.80685352907514 1.64851772837404 9.84728131187465 54.634594922221 131.07624380162 170.796775560408
-4.6517735340148 -1.76382738248688 3.21536934987708 43.9426768948861 118.550809281987 157.309858860078
-1.4518034723897 3.2065774204849 11.7681829052342 57.5767848979601 135.149901824179 175.429100098902
4.24091291662285 9.24153121835943 18.2560727628221 66.4758166075741 148.564352913974 190.902198128908
-0.0449501748489173 4.42435200293659 12.4620742231279 58.5192000515275 137.805015979173 178.816148183425
0.0197183370276384 4.94711877389832 14.0110576525585 60.8089388294735 139.399713843506 180.15652809299
-2.9163558372574 2.1129584625941 11.6474617348201 57.5027019668288 133.019546144499 172.460246492294
4.88494444915506 10.8779918085196 22.0865339634407 72.032953507808 152.541395816777 194.270071401151
-4.85897159103414 -2.23672506088644 2.23176157093621 42.0777504869837 115.95011445306 154.362834335832
2.94670791011747 7.86092082058299 16.6780889786037 64.3776059816262 145.534119968485 187.374363128671
0.214097658259534 4.98937782195427 13.7042119952648 60.3083682968284 139.352793103136 180.29301694051
-5.87072034922199 -2.88868266662945 2.5289333394821 42.2557591600478 113.860912058495 151.327164935463
-0.949268059383454 5.36093392715093 17.5988659449543 66.64231441655 141.789156030986 181.205551678427
-4.6265837550085 -2.6081821541764 0.620262447359753 38.737529645521 111.59237817866 149.46702995126
-8.18650425657186 -3.79892024117803 4.7590564729261 46.5603697131243 113.77090709675 149.290099324141
-1.1742800257043 6.93048357203539 23.259983797328 74.9880012204346 146.578568563479 184.636242479259
1.60432277502521 6.92527855206033 16.8761382399528 64.6785671493719 144.090655470522 185.3850234244
-4.51980212704563 -2.29469523183564 1.29090194834196 40.321245991571 114.398219937415 152.834535035473
-5.8944894243258 -0.726343903971236 9.23546471578621 54.1920970524597 125.753483761485 163.32211570191
-9.02666494785476 -4.80198723999479 3.79807012471801 43.8417011572169 106.4665491472 140.099422548773
1.3592253181324 6.83160049781649 17.0393233715255 65.1701543916774 143.932163500146 184.822661462293
-5.52252207096614 1.34904014465438 15.0416314952236 63.595249546494 133.326701665807 170.287109355014
-3.75277472856291 0.287312045054957 7.67918319424888 51.3804129774577 127.079584106435 166.473310032162
1.99272983767256 7.18295801416686 16.7172845664628 64.5150009027883 144.408157018055 185.759588261779
-0.914130645467098 3.8717196958241 12.6791233541316 58.9059332467666 136.825463602817 177.267410938305
-0.662009904157584 3.50831036768496 10.9867546294947 56.2090743563809 135.433355922323 176.467129670339
-4.83507716904103 -2.57877613480119 1.15319533814383 39.8405238604529 112.860253636217 150.840595153889
2.00872703577602 6.90015845233388 15.7827760738312 63.2092198337492 143.668251912402 185.268355332377
-3.52579875490024 2.12164112841162 13.035529906758 59.6836919062058 133.605779192964 172.369936752759
-4.1762143145472 -0.588774465361175 5.86108037522015 48.4688941058834 123.918386871367 163.167509901065
-3.99510528182443 -2.35924180459834 -0.0267009234175521 37.6607593557791 111.668473140275 150.004996790021
-4.40016083964993 -1.50716502543795 3.46425110313378 44.4228834592506 119.621749847627 158.664887545335
-0.174841553757773 4.35103478595629 12.5220248125934 58.6248209795269 137.701268078023 178.625143518849
1.45470053685089 9.71146349596466 26.2097305154758 79.3476519796961 152.297415672604 190.986256329899
-1.71458056995909 3.22263687453009 12.5089641634816 58.6651094848239 135.62505179883 175.764108302734
1.34305565283587 6.47173424078336 15.884632662255 63.4604299983959 142.850504054686 183.961592864779
-3.30443137924437 1.66174770229772 11.0520095729141 56.857824258807 131.96346537483 171.201471123269
-6.70216389323154 0.312489613359712 14.1963990066286 63.0492329006041 131.083521860611 167.006862068792
4.73890640667291 10.7438720890047 21.9825403516748 71.8907648191325 152.270567859496 193.938253978663
-3.89943800587967 2.90040170112132 16.512799314566 65.1152350603556 136.86890609059 174.924065452725
-3.7921278223718 -2.50276440383014 -0.722815011816232 35.6051094549402 108.150807645468 145.917773448608
-0.717164672353452 4.26612767610779 13.5295433154663 60.131917432777 137.965443914381 178.414517078316
-4.45346210691545 -2.76160331766865 -0.0443860991847193 36.5650854208031 107.516338145495 144.569451191811
-4.5915433468393 -2.44692373942504 1.01671376174559 39.7056938297987 113.372289418023 151.638000767922
-3.88688150757641 -2.45918127078652 -0.451550956341278 35.8984576505586 107.716178749896 145.013693552457
-3.15564386757598 0.248493879801961 6.22779193774354 48.9655400977971 126.131191558842 166.158628359565
-1.8630334703912 2.29080099137834 9.73858756892983 54.514548937738 132.364114814433 172.686086379537
-1.78089439909953 2.26132521017734 9.46060003289243 54.0874323555627 132.174586800635 172.594335107717
-3.23696601891514 -2.2221435742866 -1.12055579021782 34.724864746918 107.743670883773 145.592181789097
-8.18332359907983 -2.91499720340584 7.58613226286927 51.3223485583414 119.277504950677 155.350932582441
-2.66233953936244 1.99162466061946 10.7960900429325 56.3714964874171 132.61980599918 172.626310592539
7.97938920150559 13.9704938590276 25.016016807712 75.7050566698884 158.388417295632 201.060614495191
-5.79908351736226 -2.54588955866284 3.41329428750929 44.0765672058576 116.398286212155 154.24698520371
-6.46156904432331 -1.52224678755518 8.11535010048016 51.9920178700181 123.064105017222 160.51259198964
-4.69797131020629 -2.21117487221045 1.94458795948067 41.5649196598491 115.630038037952 154.100946104786
5.72592533726831 11.9699506781085 23.7054245696452 74.2262992026418 154.81281581292 196.595767425718
-4.26331087089088 -2.14295357906482 1.22401419698797 40.2459076385449 115.119284407643 153.954992582006
-4.97600212444329 -2.92722779153394 0.551185127000217 37.7717818158108 108.210406609871 145.0268092803
2.7675979671927 11.6752374327804 29.6462867311991 83.7757195296888 156.41565238007 195.05740807125
1.53340424632158 6.64407600871187 16.0293788261944 63.603653518168 143.227337785812 184.456251197175
-1.45396164080103 2.99913231177322 11.1072236046762 56.5761621065503 134.460846294662 174.860147514071
9.35582902804599 16.6216498927704 30.588017944234 83.4041827331535 164.193154615662 206.239253902639
-6.49950448542182 -3.11620396178823 3.27591562029213 43.9678794724773 114.568455798664 151.782964598456
7.68365150179655 13.6693425080498 24.7350552171016 75.364151056096 157.85638822896 200.467897752734
-4.58343545394651 -1.38964768548846 4.26295609582937 45.7691684161994 120.644251484132 159.599287526773
-7.62248308738921 -3.33499911975315 5.01556064659335 46.8722783522347 115.436043309516 151.671975296384
-5.03244956281406 0.522783091552608 11.2996919092894 57.9145965289714 129.943972160002 167.852656759429
-0.505162902704088 3.93616012006786 11.9771490465065 57.8170974464234 136.714409332221 177.623209870664
-7.81392254305668 -4.23366788054128 2.99264402386345 41.4758747052353 105.212401383737 139.295948412892
-4.16979411534467 -2.43012287009946 0.154651264675652 37.8926857707198 111.51569472872 149.691489248134
0.107418154177023 4.8225225651881 13.3887213085611 59.8624617731096 138.856302006737 179.748584869694
-4.23226526855209 -2.59904153316479 -0.133873392858106 36.9185687253826 109.396350331163 147.084862299086
1.02727538598755 6.58362743378252 17.0152986362302 65.1531104445505 143.536969811412 184.261247870575
4.11377858491773 12.5086560316914 29.3278695436497 82.6231773707593 157.512132147928 197.136016165027
-0.477839229928126 3.81385571810001 11.4800379943842 56.9528280676821 136.119258694433 177.039884400542
-4.34961783294045 -2.00076324591323 1.84056756966779 41.4342668664284 116.520040368903 155.466575956197
1.51087464395694 9.38643155009725 25.0274110315323 77.4575576648134 151.299587697483 190.333913852878
-4.41223865307834 -2.67519144584165 0.0398166422932148 37.0458447544546 108.653092437029 145.941849539927
-5.22426681905917 -2.4853553135375 2.29647954511491 42.2082163766584 115.391198518305 153.534196818279
-2.62431619916847 2.05129987832317 10.7726563406394 56.0603203749597 132.417583590427 172.195945496422
-9.27397323556924 -4.66433477138141 4.59325394413409 45.6211697649842 109.272985555699 143.228914051843
-2.41347829124311 1.9599683460517 9.95307474161634 54.8979845197708 131.81854531775 171.765885325278
-13.941380479558 -6.28570699255227 8.08179198081349 52.8983409968512 105.811094430925 131.571821211657
-19.4008008634461 -7.96642027984277 14.3161649654715 61.3554688921109 105.502490989236 127.152922233565
-17.1304321726001 -7.20881291843214 11.8999696278005 58.8331528701243 107.855237218068 131.847719875479
-23.3857789538002 -8.73906479913985 20.3009107755196 69.6521668982222 107.862277147188 126.788966781236
-26.313514818123 -9.31633089829119 24.6847108285083 75.4372814538387 108.942322274661 125.703353966482
-25.6119597695215 -8.8471829525957 24.630735037229 75.9208380965469 111.017882292461 128.531425849027
-23.2601232231838 -7.90874750042296 22.5237194375709 74.0062919693041 113.53627389353 133.103778268063
-23.3190944841042 -7.69997243164731 23.2831064307127 75.416906931091 115.397342899228 135.196506050354
-26.963977819987 -8.51956596631538 28.4116443535329 82.3548223128233 116.479920240321 133.58618665533
-18.7024119189781 -5.76317210240429 19.5486409472885 71.6712237782287 120.527401163876 144.537419323259
-15.5123787480578 -4.29579063567163 17.3506983564553 69.1597823561119 122.890234831605 149.16746308108
-24.2238282627065 -6.28862165987006 29.4992032806955 84.4972574674457 121.889043078888 140.534234576117
-23.2573846343524 -5.54347642004947 29.7873837906553 84.9241492816117 123.646535691845 142.936355498088
-23.450426146166 -5.03321630321336 31.7622724389928 87.6849938615948 125.493710028879 144.374274694878
-20.4767670764887 -3.53376262691254 30.0910981737066 86.1434729689956 128.539885145603 149.546491283475
-16.911148886559 -1.8929032020881 27.6056507271084 83.6117384636146 131.669794909068 155.30147010226
-8.07885276920363 1.18944895499421 18.8844465923156 71.7353228243296 136.075067547413 167.866401692951
-19.2152678723185 -1.45848779296088 33.7972697747336 91.7981597720955 134.674227962878 155.916382317262
-21.7061538634945 -1.40686847338921 39.2800412871748 98.3832162631101 136.012353687035 154.893242354382
-19.7850481683663 -0.161299321360972 39.0626310004311 98.3643962356057 138.341277699002 158.309913897892
-17.7718787674512 1.22369096530504 39.0373175826867 98.9763285554129 141.262239659151 162.271329886158
-4.70215235170893 5.99119953922675 26.5588233625144 82.4930482233776 147.363091027747 179.3824284399
-6.86185245923794 6.27873191047806 31.7142332709864 90.2696421368799 149.172445408195 178.016649792661
-5.88288454595995 7.48684422985301 33.4708088912673 92.2390680859559 151.851303511311 181.104876582173
-12.8416476509881 6.39888823423991 44.6242556664335 106.935987417273 152.284522376821 174.787665046225
-4.3707911559599 9.76987197431022 37.2748525660658 97.4231900489056 156.309764370784 185.153529791969
-10.8928902293053 8.9289741465025 48.379548135762 111.44891117565 156.650237487909 179.120504487396
-11.1941242313244 9.74509110157058 51.5848426679482 115.217786415705 158.418046237851 179.992489025263
-10.0158513644742 11.0077358841764 52.9888626623062 117.11491810843 160.669574616883 182.401778593829
-1.45069929456234 13.8836353385496 43.8268423986001 105.93961005636 164.156795527484 192.71556762004
0.0366058814798157 14.0725381423804 41.3106408682414 102.807217531382 164.351460971784 194.509854408907
-9.39331778080275 10.4896559901421 50.0332127604614 113.626835424252 159.443460276634 182.192834769876
-10.1805369432029 9.1455754015847 47.5739924599557 110.302852480002 156.827881821425 179.928081449384
-7.76114794760406 8.69198711752666 41.0093243376964 102.401959622857 155.077051150472 180.972565020175
-6.51490231088795 7.76153177359659 35.5563345114612 95.1784300986434 152.473906979288 180.547959216556
-4.42275469024772 7.49597893089393 30.3673019097827 88.2530888243612 150.830556880685 181.35463694303
-15.042112957264 3.59260233545244 40.6072922690818 101.283838283063 145.906620834618 168.047992713798
-10.0110621530191 4.05011030894241 31.4742172682779 89.3984329072094 144.821867987358 171.995810801043
-1.23841711684272 6.014805283853 19.3215281633153 72.0260622148342 145.026325485728 180.603008596543
-9.18955771729011 2.72623830623136 25.7080105540931 81.5742742191123 140.856517921235 169.878574450298
-12.4184602429044 0.983917948890721 27.0622877229511 83.5870401238391 137.977584977086 164.645779465996
-15.2643317048158 -0.555949517979296 28.3001422114379 84.8777179375503 135.119592977912 159.869103431615
-7.29974370274541 0.889695594925691 16.3981662923041 68.4044479857305 134.801842741707 167.738094488407
-15.7807965313859 -1.95233019440871 25.0598062893131 80.4214931067446 131.223318446955 156.153007470778
-21.612446392197 -3.98613617108211 31.0949166657505 87.3586643531334 128.043257678427 148.263550603168
-23.4489013095587 -5.03483557861824 31.7557737111674 87.7651391341214 125.83801244038 144.84787706104
-24.5115457615825 -5.89195162241592 31.3511937007009 86.9689302644803 123.563705323694 141.87552384259
-19.9309105884995 -5.06904016107501 24.2172797084782 77.8600890386379 122.769692220184 144.884676006698
-16.2772963732439 -4.63313987387941 17.8763919184371 69.7640725376552 121.906552354702 147.380831465662
-24.0733995830132 -7.11563101730651 26.648089316488 80.3152856346296 118.520003282719 137.51944481347
-24.5099244965201 -7.57553443531738 26.1828947135205 79.2652159554115 116.812477756831 135.510087552161
-23.7886012463891 -7.61564794429804 24.5405912522859 76.8921944697524 115.476534232093 134.631275841551
-24.7104813639106 -8.14785328743704 24.8482504326301 76.8784317544994 113.569420786446 131.82906991718
-19.5931023722675 -7.10413738548829 17.2963896102724 67.0332380838129 112.775305149581 135.197564871202
-23.4788534414571 -8.54596981732235 21.0451929857579 71.2316446351464 109.621367888782 128.62701862623
-23.6989852820575 -8.65015761646747 21.2132084151116 71.2015068180331 109.204610900893 128.039312989048
-24.9108741322427 -8.84159690627109 23.1299223974699 74.1374587859233 110.365913889278 128.360995621427
-13.0199491691451 -5.27978038131051 9.27628554321074 56.6956508370968 115.472534077127 144.252908151518
-20.6209808508898 -7.19581183713964 19.1921038471318 69.9242945680179 114.607868479654 136.624721155272
-26.5051222722135 -8.62568029430394 27.1569879195366 80.0530533140922 114.366303946901 131.543309100136
-24.9236624990312 -7.90343799285785 26.0446862473041 79.0216794035299 116.189024183852 134.707105684552
-23.905575072975 -7.24745208658471 25.8986525583861 79.3396168776336 118.247352883901 137.582031109228
-21.6848653029057 -6.16341199399983 24.5274656913837 78.228793924915 120.786760823163 141.814885922152
-16.9013199749078 -4.2868239067903 20.2702312283649 73.2633747189069 124.06490102438 148.986479858834
-14.6060893512788 -3.15923066683587 18.9327608835639 71.8405860250395 126.63399892681 153.453096906666
-10.9827316300558 -1.37412341958807 16.8318183324372 69.1533005485106 129.617230600288 159.073059610993
-20.1171713850725 -3.44301340651411 29.5863651920155 85.7211820342387 128.810125950088 150.122656458448
-13.3964067114474 -1.08456878629612 22.7888636905482 77.358198198868 132.418192417734 159.401678843188
-18.1689830327873 -1.8112027866904 30.5191276077156 87.4141494208933 132.872498650134 155.323249453799
-19.8891259382485 -1.61700801851269 34.763018040589 92.7611239660203 134.338492258982 155.012559048821
-18.0763232019747 -0.348938918611596 34.8489289515194 93.1764638792887 136.925358326857 158.616924622783
-15.736447684612 1.10807468970586 34.4059311523192 92.8835615454105 139.607359851338 162.679677513753
-16.6341273011801 1.5169929400911 37.5695721866619 97.0100457151668 141.342853044153 163.331827836923
-14.8053629379512 2.86210404602218 37.8671368038607 97.6850624557519 144.115611255918 167.095774050817
-7.98617759944261 5.49607882061114 31.6558036628769 90.2312559957928 147.898539699987 176.141745132763
-11.8207576936401 4.53326403926385 36.7651188221136 96.4276825833329 147.068321186173 172.038500885337
-15.4421934237842 3.21240118794788 40.2841023300265 100.922205278413 145.546057336189 167.700820516269
-9.55779623310193 4.44220887674932 31.7170474040943 89.9846532904687 145.754326894044 173.089190174957
-15.8611737442342 1.79534840679613 36.7616359449051 96.2696445930873 141.8150811544 164.334851020541
-6.71396986787935 3.42329543605603 22.8402055407334 77.5063543066557 141.767278797391 173.406374555827
-16.2765598260047 -0.24699223902235 31.3397731863729 89.1661248360434 136.888467388834 160.441189002287
-15.0406961772283 -0.441963410394598 28.1562970125241 84.6438123363247 135.230612982311 160.05639859224
-17.5493813909408 -1.71076099712458 29.5102442235039 86.1506209243567 132.655520008086 155.574124324795
-12.0658539873588 -0.845552178693163 20.7140417811575 74.5887667507276 131.999690455646 160.052062809751
-11.9493062662296 -1.54720179194216 18.3824707062916 71.2356931445003 130.018345341269 158.809656834352
-22.6436790168186 -5.10995442259485 29.7757093768021 85.5746356109958 125.491070374195 145.318957003451
-22.6486040066697 -5.89761470547771 27.4119526422045 82.138280464941 123.215122250633 143.624127448684
-13.2662768900773 -3.44975323664837 15.2509796614336 66.548005510971 124.20172323169 152.32817326559
-20.6209437226291 -5.78828727370569 23.4332898401369 76.8163650929416 120.948936345517 142.684910721593
-24.9458852203623 -7.45189826943455 27.4617051849936 81.2355183309621 118.036461615147 136.397989832215
-19.8556385637769 -6.46506250093166 19.7752502329363 71.4677492708624 117.488548020231 140.093146923091
-21.1831001884983 -7.30590676935078 19.9827123394421 71.4293870245449 115.34495219159 136.965164504642
-21.8667814550004 -7.64871041601545 20.3723817151526 71.5242754033585 113.813446218813 134.659951391296
-17.5371403550877 -6.47212592611122 14.8951548462499 64.2118045299656 113.521539162477 137.587051451742
-17.7842914159483 -6.95867416621895 13.9903245158592 62.52417753288 111.68872827153 135.750847347826
-25.3468631484241 -9.33803083974884 22.5410035780693 72.9382962515414 108.293997449181 125.889304535237
-19.1395266847859 -7.60452488649525 14.8702384612585 62.8958075088039 108.692442481334 131.153742801981
-22.3065866389897 -8.62068230788071 18.3854797837926 66.9373839009135 106.40407020151 125.882398551535
-23.6152319354449 -8.83544817068407 20.5209671859989 68.881893923496 104.989448325606 122.892876597567
-25.1100725605352 -9.34409145316533 22.1290419130011 70.3919109534389 103.218980272509 119.601313767152
-18.6010681912787 -7.53462834381047 14.005375848514 59.9921092408259 103.610234407574 124.971654900677
-19.5260517156484 -7.73421983576216 15.3376391645379 61.4346640908078 102.711412178753 122.975608464286
-18.9598148617385 -7.4212243486951 15.1110360189618 60.88070832166 102.390447639533 122.735645305524
-18.2234138451301 -7.23713294428496 14.133581973987 59.5828502132945 102.25561242887 123.140779946987
-20.9235595708326 -8.0491736505166 17.3351955041743 63.4788009721566 101.619241643788 120.419516050946
-25.1249627455687 -9.27765459076492 22.4250324008096 69.7416649236032 100.979582290253 116.610199157111
-24.6400835585926 -9.17875561778844 21.669630717491 69.179647884817 101.643737052873 117.824235868741
-15.7045328526884 -6.73961347298271 10.4458999386282 55.3055362306387 104.465726935782 128.515291163243
