0.832422457898612 1.37555778025464 2.50247628855732 4.17417780596404 5.26207276946035 5.82848474386993
1.26077191218786 1.81737225867142 2.92817487670737 4.57846084763199 5.71969638740337 6.26545824354893
-0.443802371748169 0.108689429002857 1.22445765019585 2.89958171499228 3.99449984001336 4.55683680061512
-0.280170885964309 0.270244355552517 1.40510247394243 3.06860185915862 4.15684213461709 4.72930445262735
-2.02996849277856 -1.46472153216118 -0.3690743640563 1.29484406735239 2.43379351984858 2.96992884524161
0.820123846072134 1.37952734603328 2.49149861553997 4.15804430486505 5.26231845762639 5.82251908245864
-0.136503100944533 0.409034716697055 1.52602270411782 3.2022762142687 4.30132185821471 4.86404119665911
-0.980114490684671 -0.430350946672119 0.682586819150346 2.34704268654433 3.46102767690328 4.01708710544171
0.689508148238375 1.24063160031695 2.35529480628844 4.01977273250888 5.13134706863789 5.68966283267112
0.0358409359912157 0.601310251846894 1.69935889968414 3.37075417817367 4.48469511103829 5.0387189534098
1.20853861351334 1.76492884442246 2.87682447701794 4.55008059198128 5.64244304272633 6.2130798898265
0.129183377902423 0.697294322247244 1.79976535921368 3.46473301926895 4.58946951177432 5.13241058781016
-0.23544550874356 0.32253957448616 1.42652923693505 3.09935476312759 4.2045705539014 4.76130743571502
-0.601499324599403 -0.0532212654819503 1.06402851278114 2.74592535920489 3.82130565218969 4.4049817524318
0.221720844906198 0.787875403920262 1.89157931633536 3.55804413057786 4.67304343808973 5.22684672390604
-0.407286444979371 0.13976504377932 1.26403047559088 2.93642629083579 4.02945408525786 4.59376119424012
-0.0773774821250034 0.471142982908334 1.59401010579003 3.26393081893847 4.36592035894108 4.92471545571491
1.5979135167463 2.13613790658364 3.27275389955639 4.92269597679831 6.04805683125169 6.59684351874123
-0.0363300337566401 0.509318707747402 1.63112919952776 3.29615935484034 4.40442755839568 4.96403389765743
0.149210578491518 0.712266051007766 1.81304218961168 3.48073713518768 4.60739037923508 5.14984513642874
0.48544222076414 1.03422238909368 2.15472095558685 3.81485920673002 4.92539774398815 5.48251641779817
0.912587340717488 1.46031561852427 2.57346419888521 4.24342628933274 5.35457339739695 5.90559621875959
0.206861623580069 0.751534267800226 1.87122249245128 3.53685550086485 4.64826730959086 5.20289229201853
-0.554614523869301 -0.0125282272156972 1.11098258475818 2.79295674114583 3.86690912769365 4.44574380555006
0.823921173057696 1.38066470049342 2.48996997681433 4.1560941546826 5.27119788072377 5.81898951742205
0.288967973222348 0.850686654272276 1.95646763033314 3.61880529576974 4.74262868856127 5.28804517992604
2.02238362646291 2.5492222953642 3.71202801292955 5.35529507221422 6.46017731923613 7.02788528877869
-1.8277755032979 -1.27260927246453 -0.162145403223063 1.5037480750739 2.62515912869664 3.17276341801908
-0.772922055518114 -0.214703044276449 0.898403301176737 2.566545759469 3.66414406568881 4.22769409614261
-1.5389811806401 -0.98251859843234 0.130713649884763 1.80624787150275 2.91384011112346 3.46181621992233
-0.858118816836471 -0.297791969198347 0.805375581269404 2.47181713050236 3.59222487216845 4.1422107210847
-1.64358913702651 -1.0801808867166 0.0206335931510235 1.69175946181563 2.80795505215301 3.35502164487412
-0.526280166685818 0.0335352757009359 1.14595735978919 2.81545051565897 3.91351770498397 4.47786560017037
0.438748185718687 0.995053175973856 2.10941815446318 3.77279608436926 4.88530076543858 5.44097086129819
-0.23042905463431 0.324118915981994 1.43643066801264 3.11380962892078 4.21885231168946 4.77376492868942
0.173306231816267 0.728775395287313 1.84734710962221 3.50855231913876 4.62201573882663 5.17577312999979
0.053829244415511 0.612243969120632 1.72103761802395 3.38725669366977 4.50643685413981 5.06058029883815
-1.07550496693957 -0.521425036234366 0.591845107133436 2.25245031060006 3.36013168713648 3.92301452050951
-1.76913063502528 -1.22299965363327 -0.0995137697238257 1.56883060025468 2.66332654967966 3.23061966609351
-0.220801942647441 0.334714142352905 1.43637887318765 3.12029916779177 4.22007471564867 4.77844346937618
0.236540975953847 0.79406595842428 1.90164768205277 3.56926198040906 4.68055367391081 5.23417507903942
-0.0359772339644293 0.514491872593939 1.63262270309759 3.29589755753895 4.40153193042835 4.96264696934196
0.182774692685568 0.746543421617047 1.85271367014882 3.51764765006642 4.63852701042129 5.18887598630659
0.109772729579538 0.658624334294967 1.77638093516861 3.43972902668113 4.55038472456876 5.10550804362216
-0.838433782237069 -0.268411971018661 0.824413493360178 2.50116621281334 3.60614725104917 4.16438004186901
0.359791704899231 0.917441486441943 2.02988434548585 3.6930336638562 4.80884910447421 5.36147741724505
0.268345195005186 0.826686241781417 1.94757594282834 3.60999716001016 4.72099947187113 5.27634535344132
0.116774895531419 0.665231220502663 1.78351285816324 3.44692865447227 4.55765138196523 5.11256452199921
-0.256139325803396 0.299272941451353 1.40785387269027 3.079757944843 4.1875045392421 4.74058792464005
0.0911576762276416 0.639730623369131 1.74803119518453 3.42532522010484 4.5253867098632 5.08010151109694
-0.0675227383493165 0.489271197094882 1.60409558292339 3.2633459444503 4.38002930845846 4.93427747017149
-0.00375000811198825 0.55041907779619 1.663750011745 3.32377514540644 4.43459056747725 4.99333834648724
0.23669577799791 0.806976502091504 1.89771062669119 3.56627927347579 4.70256050508259 5.23039551750405
0.908672591202568 1.44989690396397 2.58184812867004 4.24231548307873 5.34585472681782 5.90862005624187
-0.2862947724582 0.268609136314247 1.37852317273832 3.05141721529214 4.15268960322234 4.71231361082143
-0.239402266870937 0.326954007539994 1.43892346103051 3.09861115207873 4.2113872689999 4.76618374766555
0.699182971985423 1.25903883057117 2.37516595964766 4.04519106946962 5.13598427050993 5.69914175894426
-0.150323152664893 0.397119254414257 1.50869993638918 3.18035582728778 4.28937495228392 4.84648334370815
0.0499702790470325 0.598723393424976 1.73265271178517 3.39422729708808 4.49836009093926 5.05857782336208
-2.29458364846944 -1.72540961800613 -0.636592419953603 1.03503676190645 2.16570479010567 2.71188880632419
-0.21862248501573 0.338180477541979 1.44336064168997 3.11671472597814 4.21955876644176 4.77756631762163
0.112839289983004 0.669374996155226 1.78565347029836 3.4395471213747 4.56194188652635 5.11286882779469
0.026811465714872 0.591001292220336 1.68893828199839 3.36052505587893 4.47172867752022 5.02904345954919
-0.0453294650913494 0.504965173870424 1.62332249105225 3.28787658656152 4.39222650797327 4.95401692155074
1.32501381242437 1.8799319359246 2.99174566023997 4.64083649813403 5.78271927636799 6.32339849260907
-0.403307271098763 0.154065188445093 1.26871048435887 2.92529745491531 4.05030142225708 4.59506785332869
1.68908005304891 2.25324566542673 3.34746229702559 5.01998355633966 6.13446619700294 6.68748176000047
-0.000881050190268316 0.558166136350776 1.66414271865475 3.33214969650682 4.44212930638132 4.99712355360484
0.461154360298034 1.01214890302392 2.12273082533895 3.79136819472834 4.90035057172505 5.45673707293971
-2.50690926589001 -1.91177762458877 -0.858341476540139 0.804757829120644 1.9868974322262 2.48732931995219
-0.522492260541164 0.0372956209423244 1.14562188990855 2.81509142051441 3.9192486114898 4.47701661620037
-0.0315034965709998 0.520503022013514 1.63560818062228 3.29698096935349 4.4022828750622 4.96669589171686
0.159519079812074 0.72531971933685 1.82242244557724 3.48944333616856 4.61429092755993 5.16054068610526
-0.569210969649595 -0.0255321532043438 1.0941641615142 2.77801479430782 3.85330318918213 4.43062798476776
-1.51073646252019 -0.960527867232709 0.156622972772199 1.82378876705983 2.92442214653333 3.48593487902266
0.161611856049151 0.721504367842277 1.83339243657263 3.49700358499125 4.61592951456574 5.1689545786617
-0.904817034669029 -0.348929957866181 0.752980085348552 2.42186319373937 3.54140388386969 4.09669613161546
-0.405485871687728 0.152553282880187 1.26559064303143 2.92197747637666 4.05095582387964 4.59425958726316
-0.0519006749316653 0.491229208991563 1.61415747051132 3.2947146274517 4.3796499343793 4.95384913704725
-0.678685095172129 -0.142389347021481 0.997898978773799 2.67767293177241 3.73647716210013 4.3278308074636
2.10891323614391 2.66864264682171 3.78055388401435 5.45349015209318 6.54651228019146 7.11708048313031
-0.293859183116908 0.263553186494551 1.37218454862249 3.04528941126215 4.14696705901558 4.70566137591537
-0.0885454780984675 0.465005781401421 1.58533320704969 3.23686016787884 4.35547481668539 4.91015964660537
-0.280099651104125 0.271413433488751 1.38369299100616 3.05621735842602 4.1559613476082 4.71738731985016
0.327611335327339 0.881461381643922 1.99844731706023 3.66607338686417 4.75510937808442 5.32824022508726
0.0567962252019618 0.616103082565679 1.72348212464892 3.39133528919237 4.51271080820445 5.06466466879673
-1.1856406418695 -0.626402395973438 0.482202284991374 2.14456580052388 3.26796322155184 3.81006892404991
0.356010688557608 0.924136546562178 2.02266430349598 3.67758247035452 4.81725930737613 5.35563781262322
0.336158740853829 0.888901189185412 1.99894519417057 3.6734436038956 4.76645188239818 5.33204916923759
-1.7450966471064 -1.17532393229132 -0.0855521893466865 1.585269297167 2.71305778551807 3.25384304317568
0.258909279626904 0.809290420567458 1.92982022246528 3.59409061526696 4.70615299384941 5.25798950040096
-0.132571290393325 0.420057562442 1.54200300823119 3.194881070888 4.31309962038492 4.86763627078294
-0.181785029511364 0.36666233823803 1.48303697252782 3.15778755868155 4.26088791534903 4.82022365826688
0.0894917552279863 0.628603345043806 1.76640418330193 3.42224130142262 4.52760257830057 5.09117737282068
-0.0896590237351668 0.459850979510818 1.58361730655004 3.25034561474611 4.35361371051209 4.91254090942457
0.196925842480508 0.757957283966348 1.87102477319765 3.53487986939445 4.65180397883805 5.20478969195438
0.234119586242174 0.794724534077787 1.90599816649854 3.56823829929452 4.67802911991388 5.23808316415241
-1.2071922056534 -0.653180762615253 0.460614562301439 2.12556894528917 3.24206413241649 3.78960624247369
0.0188367242498749 0.578440316813356 1.69265602890687 3.3492324196829 4.47055087506506 5.02313634974811
-0.0486994667051229 0.50120194582421 1.62415080894652 3.28783627445954 4.39230968508354 4.95298799957092
-0.224471680074139 0.325044396506982 1.44826018591028 3.117390085614 4.21275319621335 4.77696657666051
-0.9961319125874 -0.432181544925667 0.67188067066346 2.34020793463426 3.44897044786343 4.00536530697484
2.05714902390636 2.61819665919828 3.72687477662154 5.40034789342622 6.49550518215694 7.06302109176959
0.13966693733406 0.706451923497351 1.80648651788147 3.4721048292364 4.59783934781331 5.14484047276268
1.45598750862722 2.02130910926258 3.118236124252 4.79292552395282 5.8962398946164 6.45679410127344
0.590926553943565 1.13836365097358 2.26334186256361 3.93001618258187 5.03113608024858 5.59002369563915
-0.0869922257104834 0.46898286115848 1.57427520272151 3.25044982638247 4.36461971002103 4.91473590845061
0.0131123171817646 0.571427345250533 1.68883836297152 3.34684169144803 4.45893421748038 5.01911447088206
0.142144813123706 0.709545140397185 1.80686645341628 3.47323514244552 4.59952621185083 5.14546658759648
-0.529210125575962 0.0321761928004572 1.14187338568457 2.80515866408466 3.91794544005475 4.47362711454285
0.295248137736814 0.869805038376313 1.95681838541439 3.62099035349812 4.76418582988923 5.29610459053782
-0.207570490669091 0.345263707245135 1.46822077621452 3.12273925861385 4.24323413700324 4.79799281706823
-1.0740754197975 -0.519824393604366 0.594551692038692 2.25617455222588 3.37014025736497 3.91937959461855
0.53648891861379 1.08422504653269 2.19724149750743 3.8663721562542 4.97512072667117 5.53489481852645
2.06953168877779 2.62946757351126 3.73751532842236 5.40965620652769 6.51337019643289 7.07548255880744
-0.69624270938289 -0.138054445126323 0.961547175304956 2.64298849628575 3.73893228527746 4.30720612965256
0.0917871054684726 0.649828867215559 1.76296770647568 3.41940718409772 4.54404118730273 5.0955486839545
-0.0215353845294378 0.539153594749132 1.64066335002665 3.31802352520109 4.4240632512778 4.98250495071537
2.3004448044571 2.83278959847235 3.98288812128899 5.64594102767236 6.72204748918412 7.30446196465205
-1.45068931364192 -0.898523211387232 0.219613010743975 1.88153700354081 2.9834959023299 3.54648004283671
0.617234887049882 1.1564038839529 2.28868131288395 3.94635721740153 5.05326629459165 5.61259771795264
0.350438762730923 0.905899507491314 2.01689317262537 3.67590879585128 4.79457875588008 5.34918463046897
-0.222801239769736 0.327168430833691 1.4446716540262 3.10844729849175 4.21827754605574 4.77259917637296
0.904752040014712 1.4459442588215 2.5766453884722 4.23337751337836 5.3431720850291 5.90501123277924
0.447179242384067 0.997172379829619 2.10593931274504 3.77376125406094 4.88347017039651 5.44352239747946
0.318348443412403 0.894296201077104 1.97933642690575 3.64734712902347 4.78791772793545 5.31941608209661
0.335247619300741 0.890530114377083 1.99883006313381 3.66162691211417 4.77591403799062 5.33185824108957
0.996986516788231 1.55079283119384 2.67653418262341 4.34254224916096 5.42983188855483 5.99991785385003
2.25489107952728 2.78524926151396 3.94427504612562 5.60346739484191 6.67639815446127 7.26411458342888
-0.55191884200748 -0.00916616544844174 1.11809689321357 2.79488136467392 3.87332336123712 4.45139564134449
0.333811445621486 0.893604347885969 1.99887935782641 3.66132624216079 4.78495340956685 5.32861871324338
1.74192925960185 2.30752319804975 3.40325802699254 5.07764885289681 6.18163616008805 6.74051303630481
-0.798439921977758 -0.249842514155894 0.873044779726084 2.55179408858651 3.63003037003185 4.20681275449299
0.409823015520533 0.972946875387146 2.07851534188588 3.73305593668756 4.86623426761564 5.41048818186112
-0.27022280270768 0.294508484350607 1.39764749482303 3.07221544490325 4.1742974765303 4.73006390314466
0.489092749929852 1.03435271229897 2.15046155500142 3.81316848020508 4.92049042544738 5.4850180453465
-0.0185830188465028 0.542959889068338 1.6449352338603 3.32150815102115 4.43054824917463 4.98490326588671
-1.04890849640717 -0.494428973501271 0.620048297702284 2.28050548828535 3.39343052172175 3.94945732201536
-0.0660170250085616 0.489611647279143 1.60228005894251 3.26868606688001 4.37290880392779 4.93063247898163
1.33730843838464 1.87806292387683 3.00571803385289 4.66325799762713 5.78654026650714 6.33422425611689
-1.13029017026096 -0.57860191656656 0.54077400973579 2.20000073991679 3.30649074290415 3.86747730915837
0.0741086869350575 0.62670972234438 1.74397187032979 3.40480055109358 4.51512063060393 5.07496286882083
0.82948331049699 1.38696926408017 2.50244094552873 4.16779715974708 5.27385645752241 5.8275196268517
0.610680549699986 1.16444122186347 2.27502381603104 3.94189777566332 5.05772934854198 5.60855255399265
-0.738258815024879 -0.17951540052623 0.919715862946395 2.58799382632957 3.71101331146384 4.26129836084935
0.760026752590311 1.3041816571249 2.43014301580436 4.10107436617312 5.19256895249125 5.75615359292913
-0.324895447342238 0.227868206276023 1.34166919626164 3.0071874641382 4.11003516764497 4.67259436590139
-1.19923343137987 -0.654198521539345 0.471606639636354 2.12897146517874 3.23461948251402 3.79638442907742
0.4056671847005 0.962835369854355 2.07816062213643 3.74066944272905 4.85299286254153 5.40901429781447
-0.366403301326797 0.189354409820606 1.30091019384165 2.96751860970031 4.07006145450509 4.63332970424096
-1.55062970034446 -0.993799493290227 0.118612436177271 1.79094567742002 2.89600069091205 3.44801793566799
0.312113299451064 0.881545121020284 1.97550620828473 3.63635831719392 4.77645442546928 5.31104776544308
0.356337526030292 0.933205264229355 2.01620928273311 3.68906752809238 4.82400713025872 5.35294168258209
0.511190333050462 1.07236837471514 2.18030441932107 3.84152885364126 4.95738499967649 5.51800300090976
0.128667540652797 0.687187662238984 1.79608458068772 3.45819568584463 4.57402297489127 5.13552652624767
1.74998873377077 2.26477654638901 3.43491966023572 5.08717255869615 6.18219061913791 6.74985889241872
-0.142394741951994 0.410442641513293 1.53725948405107 3.19920084964747 4.29859612914652 4.86417036849523
-1.68613330038278 -1.15085041594815 -0.00744558321901692 1.6496449621018 2.75032820698026 3.31469237557507
-1.16108753535837 -0.613317869927751 0.506095018193653 2.16725084885368 3.27686488354126 3.83690617213229
-0.930946647586943 -0.377582422228402 0.738356857227096 2.40126762987348 3.50706709543564 4.06279266946192
0.0101586418326765 0.559690968923581 1.67070653949898 3.33723757975458 4.45105086419103 5.01082073246318
0.296296960986817 0.871122810343053 1.95776055499688 3.6223012888437 4.76544869112656 5.29725838913926
0.798970237654449 1.35675116229208 2.46531485887215 4.13093002478299 5.24726799007168 5.79423174219372
-0.24614215799761 0.311800552177465 1.4220604159009 3.09827729256136 4.20522585491791 4.75727198232293
-0.491579387057931 0.069136552835826 1.18174658749899 2.84478732772071 3.95460408856369 4.51162456614289
-0.353438226169888 0.201420370910555 1.31290699862113 2.98069549717667 4.08275744100708 4.64454467057037
-1.0295127914665 -0.481081312982569 0.633922747293368 2.29605691134973 3.4110808972702 3.96597508384375
-0.726178133337795 -0.171911056133301 0.939790536510412 2.62054215710486 3.70547990967127 4.28108842018273
-0.890710048981629 -0.338797315029281 0.77236751456937 2.44117291310649 3.55099806934841 4.10848578885732
-1.12724671646783 -0.570456625651479 0.534883225203847 2.2026139699097 3.31534900597739 3.86889816591115
0.75341922904278 1.30539284658426 2.42100575917738 4.08618125436438 5.19567476436951 5.75107737223226
1.34301211221819 1.90345257023371 3.00511765475523 4.67808813132501 5.78822463272542 6.34468696344847
-0.211516051730059 0.33798113144912 1.45385023175903 3.12539732323988 4.23079098608758 4.78865698753199
-1.81363818655018 -1.26162915158814 -0.146000011010103 1.52387081498704 2.63671699782252 3.19180898205134
-1.864892728169 -1.31555232490446 -0.193208376426692 1.47621792691553 2.57043798526931 3.13992382753056
-0.0195047118878528 0.534030202734514 1.64591238381475 3.30534883946933 4.41182860499868 4.97764959967794
0.374207047093587 0.932586920249804 2.04088637130511 3.69747637104667 4.82952361575762 5.36945624222495
-0.0135993874719311 0.549406840217396 1.65439108946645 3.32739055800668 4.44077267434901 4.98913951657147
-0.732638118926941 -0.162861309410173 0.926141598961394 2.60353697812785 3.71556381442048 4.26579146505968
-1.67251556278851 -1.11762186437975 -0.00393756516929545 1.65969383593546 2.77738271376896 3.32273515588849
0.412419280056319 0.967763009572843 2.08096684861425 3.73978501433349 4.86336835176302 5.41003033949932
-0.403025680263841 0.151404742165051 1.26787774277657 2.92657023916973 4.03295726304287 4.59378995611431
-0.22565118343538 0.33418672553736 1.43737033868829 3.11097727650478 4.21384886381685 4.77209220619704
-0.0400939888563981 0.514170296002523 1.60830833542063 3.29544491342651 4.40272958446992 4.94714015139058
0.932372570123166 1.47948227122705 2.60372908386153 4.25243678779632 5.37018143193601 5.93286670795895
-0.350029912213904 0.189539937451887 1.32260414804027 2.99820726170426 4.08171481394708 4.65201752581037
0.359093336033676 0.91655348947932 2.02245565711053 3.68525261300543 4.8012313145156 5.35607222854244
0.657628946083192 1.19824188508478 2.32892873026312 3.98507533345583 5.09455037583025 5.65486062795293
-1.01190520900998 -0.461211550212729 0.652744599471974 2.31695883408839 3.42940533696714 3.98636097222869
0.348530779389089 0.905246546036195 2.01752437518327 3.67893703634714 4.79730715438312 5.3493189621857
-0.215740288606221 0.333415480115814 1.45256221334782 3.11293712955374 4.22778961699849 4.77988844401712
-0.704692191937315 -0.149934211319628 0.955365879032965 2.63667449148465 3.72947493955124 4.29738209882389
0.325835002519039 0.883516451670497 1.99271100760334 3.65134505641643 4.77212689075794 5.3248457504435
0.136031762094012 0.679814607170286 1.81009800422255 3.4702305282774 4.57731094803799 5.13906555624024
-0.193358965007805 0.35706503878868 1.47888568217907 3.13533016481114 4.2524982553365 4.80449743455491
-0.308439769678852 0.243164203957646 1.35473294428004 3.02503335394006 4.12655070702593 4.68729253035176
-0.684831460356367 -0.1343178899157 0.978846168629447 2.65285128332363 3.75224012931092 4.31841984056653
0.45245008414663 1.03719649283804 2.10666495815879 3.77390934810463 4.93211125358894 5.4500986771807
-2.25734500074296 -1.69362651104037 -0.597451974489823 1.07544346547767 2.19646839393691 2.74923093561336
-0.957986993478811 -0.388659234703527 0.702663296454077 2.37872585952035 3.49070778202537 4.0490719082919
-2.03242325902852 -1.47839699204954 -0.36847557055942 1.29253038571704 2.42499786863752 2.96744189051614
-2.23718376796431 -1.66124631263384 -0.580382219623811 1.08292416097828 2.23705520929708 2.76208173332783
1.14091427795802 1.6930809486467 2.80783480949108 4.48103360648583 5.57426483767194 6.14242831164456
-2.51786412644807 -1.93530725543931 -0.85263701626313 0.821244771300153 1.9555030711024 2.48439676690835
0.0567230066919116 0.609532099296222 1.71497909469181 3.38926502733011 4.49463807092741 5.05000343498422
-0.627098305387345 -0.079054534167717 1.03908309452576 2.71442779285058 3.80585324995722 4.37684277557825
0.0938039725006131 0.64652572568099 1.75493421752306 3.42675443907227 4.53074299838951 5.0892624873667
-0.0809872432931221 0.475140064144374 1.57985244845194 3.25705347212331 4.37025581633622 4.92050731842115
0.211707065736509 0.778551083867335 1.8821041004061 3.54803002889322 4.66461846963308 5.21707873043955
-0.239290464180195 0.323097292958988 1.42496853822273 3.09854518776168 4.20210278328482 4.75955203662086
-0.680792701041317 -0.118443495807256 0.983373305000777 2.64812152284997 3.76821342437907 4.32210277512937
0.629474905038581 1.19065241414144 2.29846411649208 3.96082792811569 5.08066784171705 5.62913967225226
0.169163739471004 0.729058403847379 1.83804999365283 3.49990741805094 4.61982171768471 5.16924378148728
-1.19856124673562 -0.636392153410466 0.469155945800083 2.13124178089801 3.25725072210291 3.79826301588743
-2.23083942905989 -1.65723950797395 -0.57377235577295 1.09018077857814 2.23974669424866 2.76834275617143
1.2670691639144 1.82648260106373 2.94442079399879 4.60853414152767 5.71247799016339 6.27275310632365
-0.109568296676074 0.434033691875288 1.55286823698574 3.23106401294151 4.32545499887422 4.89122416371414
-0.241652245854433 0.323420831315003 1.42588021147814 3.10150080261498 4.20335044950495 4.75880782787094
-0.477877658984368 0.080701650694155 1.19089608076572 2.85904170631236 3.95926492690906 4.52361173860621
1.17967261465455 1.73606892864255 2.85336203245449 4.52308783845684 5.61167554124634 6.18606975483271
-0.559067943361767 0.00235348512383279 1.10787429528656 2.78073914975652 3.88238267777122 4.4420737017101
0.0536060142249172 0.608719011120083 1.72654597231117 3.37758009392723 4.50222312848775 5.05559428409116
2.21181921401541 2.74086809065937 3.89667272104576 5.55948711480004 6.62489029271087 7.21041743689122
0.826964222043968 1.37297364984814 2.50087928058934 4.15019633834315 5.26143582550911 5.82892423044258
-1.17870664458355 -0.634602765883985 0.491472597406557 2.14929418574502 3.2580152914693 3.81711656222447
1.95524405622778 2.50999815874604 3.64057209162941 5.29949019558833 6.40878183923086 6.9707016180371
-0.760293324583261 -0.189974324023574 0.89902376062914 2.57651011144765 3.68726311541948 4.2389531088577
1.94566022327223 2.50724730632105 3.60917238230236 5.28322655136373 6.38589930400138 6.94393999128406
0.0925651463191476 0.643381659705752 1.76106231706779 3.42292423622084 4.53337218211431 5.09159849756028
-0.874470222881422 -0.303096245925174 0.788108127904986 2.4652258056474 3.57132226564668 4.12936674187981
-0.252871349015497 0.29633824379948 1.43014827266473 3.09497592115909 4.18345324046167 4.75511895482001
0.336002257681103 0.894783530741237 2.00646947574025 3.67135675701795 4.78736208472496 5.33644869133062
0.162428577669076 0.718426117417104 1.83613101232141 3.49071051207337 4.60806840594625 5.15855838475011
-0.123519643273464 0.431100493829792 1.54664182910774 3.21629593628145 4.31681295168176 4.87618110224297
0.711559408263214 1.25414852096368 2.38238953141321 4.04457542210035 5.15390882423085 5.71378552005282
-0.0126366078130341 0.542418085675776 1.66040470584983 3.31103362673995 4.43303027233403 4.98709648524869
1.24209379404279 1.78606266966267 2.90995517762638 4.56829272863338 5.69227566036819 6.23999153762047
0.947833247788933 1.52235302029972 2.61462885300696 4.27490613765201 5.42742037068359 5.95109198267165
-1.81730517178002 -1.27945306933029 -0.148267833796827 1.51447049203723 2.61064891448547 3.17607983155806
-0.826702255790127 -0.256626237151683 0.835712362097199 2.51271544621959 3.61808227743294 4.17567088367617
0.468415013135436 1.04982516604289 2.1273740422204 3.79620840893478 4.9367971374971 5.46612005324679
0.0833923297848798 0.642330091043217 1.75432194970661 3.41224804418578 4.5369731048054 5.08834564682999
-0.063539978208251 0.487458101799415 1.60117383032313 3.27936980973618 4.37537075456811 4.93688025895411
-1.83318348751144 -1.29284788053197 -0.160221898127733 1.49897887198927 2.61011867877991 3.16748790060529
-0.231065268292213 0.326469381193587 1.42293821602468 3.10989386369546 4.21188104334387 4.76842665630897
-1.33263174049782 -0.79261719695845 0.341976190201953 1.99800986148322 3.09550674964905 3.66352961250023
0.0145586130012548 0.564730242272266 1.66311156281196 3.34966448013872 4.45429860343611 4.99909182600502
-0.124281189520222 0.432391778357467 1.52074931471191 3.21327521086093 4.32013439377126 4.86462771450833
-0.226055835082418 0.332729297417058 1.42524389546062 3.11454314412962 4.21815095009001 4.77265319763333
-0.288501839887562 0.27061962561099 1.36679126051199 3.0532618023539 4.15910684064124 4.71488283778068
-0.307473899137399 0.255567359349084 1.35462908924605 3.03477786136301 4.14665316758034 4.69653158889925
-0.312137048267965 0.258119757671186 1.35727719841315 3.02810718606398 4.14543953256204 4.69164716225782
-0.276091529381104 0.294571412402713 1.40005212139983 3.06150276600011 4.17879304092317 4.72898396764873
-0.210400285253333 0.352607870252574 1.47026223081895 3.12600458656362 4.23867075819926 4.79503045055295
-0.113840536897219 0.435550065667908 1.57007125046981 3.22279993973982 4.32740706899254 4.89144293316749
0.00896074977753675 0.549915857457911 1.68997677456758 3.34397590024162 4.44828189965281 5.0120630854151
0.140919396083041 0.679778812906494 1.81476212478202 3.47138537008876 4.57770991480213 5.14132217427016
0.274672706239459 0.822397221072714 1.94132377109017 3.60099069041762 4.7111488221341 5.2724184891181
0.402052104952235 0.957873933925327 2.06398950723909 3.72582539442274 4.84004129982163 5.39900576792514
0.54119369601599 1.09807624187817 2.20296055645241 3.86540419146771 4.98021334052842 5.54279197439338
0.700520347485985 1.24723964108919 2.36303415648446 4.02831238213322 5.13791221868678 5.70012194788543
0.858898711168706 1.41321579914331 2.53300180512078 4.19898225630643 5.29907100203663 5.85751903362017
1.01208067026924 1.56518975243536 2.6916133685847 4.35775406505203 5.44429455807278 6.01507624450657
1.12122806653755 1.66366196690589 2.7862007940675 4.45610859624415 5.55765022251341 6.11563827845156
1.27178946246132 1.80637544273065 2.93141655591741 4.60150580614029 5.71065758215158 6.26215185918606
1.36129149378502 1.89466029442446 3.02584603224392 4.69122241968944 5.80250368549252 6.35413351478066
1.52848677340505 2.0517641679085 3.20146420682499 4.86183863179196 5.96514551444992 6.52364941034579
1.73487397415 2.24859326363031 3.41948889965338 5.07267550111167 6.1660303097351 6.73435819149981
1.92074085997045 2.44421292501847 3.60884569186871 5.25424172621417 6.35942473643948 6.92467358083979
2.11604618921533 2.64032482813804 3.80812021466479 5.45149257593877 6.5479988375124 7.12171472190771
2.27409240677355 2.79403953794958 3.9660636542827 5.61671449077867 6.68943653972873 7.27550132078667
2.26536156737423 2.79116221479331 3.95347449580541 5.61602690517258 6.67451552480372 7.26502489120798
2.34858530192555 2.88913156392512 4.03423807436869 5.70367068364501 6.76695204619787 7.35737175796935
2.40741032881618 2.95182453011898 4.08665849114119 5.75765969188444 6.83175761631882 7.41829858706878
2.4817126449047 3.01199483322053 4.15979163908794 5.82818729072967 6.89571893913197 7.48375694302328
2.40535824796962 2.92711687786853 4.09081608355991 5.75314439765852 6.81386655369265 7.4073444903948
2.17164464355656 2.70691429678476 3.86364956893128 5.52085280289621 6.60079101793783 7.18544686327859
1.72672648529469 2.28861090278796 3.40945926781784 5.06688817516175 6.19234478355235 6.74250442249695
1.22890431093704 1.80171445188274 2.90152702664627 4.55952926960631 5.71019806711215 6.23815094882547
0.848531368126855 1.42521493843139 2.51211714270755 4.17294214069447 5.33105750494302 5.85017371387851
0.506214795689462 1.09145476033918 2.15989799118699 3.82554505749765 4.99139683185672 5.50433485207831
0.416726192394 1.00197334645728 2.07277688737217 3.74203374842759 4.89021916442093 5.41386068724131
0.437131573496782 1.01656159667788 2.10306822651236 3.7743361881826 4.89759701013246 5.43367885651096
0.356948784912387 0.936917319149941 2.0172871158961 3.6912146594383 4.82525338595158 5.35236931042808
0.281125592559451 0.860185410425474 1.94070006595463 3.60762067405557 4.75436616314312 5.28315379427157
0.314182593998842 0.878308380899957 1.97917928169612 3.6356032089395 4.7744788012699 5.30964988008216
0.3200447795612 0.891274220472297 1.98529929015223 3.64037625204601 4.78460919932557 5.31865137675154
0.281497057082939 0.849995592489174 1.94377650791222 3.60497127752678 4.74215349976655 5.27599511747965
0.224166600221714 0.795604328604085 1.8846785881474 3.55404065046499 4.69172125218029 5.21768682350042
0.258484023115767 0.822216652906768 1.92462350217708 3.58442040238863 4.71216674834042 5.25654017727558
0.279192004555852 0.838392314790521 1.94193777758288 3.59902725892057 4.72049451692445 5.27558766606538
0.285778152038321 0.844289603162394 1.94267968736957 3.6070848982686 4.72503871401603 5.28039351104088
0.233942353233409 0.795258133278905 1.88772737505041 3.55767302681165 4.67743562495452 5.22703408633084
0.151935138911579 0.718325159371571 1.8089377772064 3.4780906682327 4.60389971290623 5.14837457204175
0.117107112093197 0.685370893687603 1.78359180231603 3.4490790875221 4.57711770137996 5.12300441079683
0.118995536020176 0.677257180907146 1.78841941818055 3.45107731869172 4.57050808511088 5.12352324489678
0.0967526702272425 0.648586689209763 1.76375217222911 3.4264281079533 4.53928335820781 5.09377388078186
0.0630519298437759 0.615679571062835 1.73137932686737 3.39230939983319 4.50278075396158 5.06227507513668
0.0260636702903482 0.584080794696442 1.69902134956151 3.35668968793474 4.46904603252091 5.03033492310256
0.00202504360618775 0.557663300447132 1.66868775152682 3.32872539960683 4.43995611426006 4.9994798875971
0.00417071651871802 0.562277599394116 1.66535750548909 3.32829048073732 4.43589346614751 5.00131419429147
0.000542392126850834 0.561582022902667 1.66167900875371 3.33409259820515 4.43843021620583 5.0031680568227
-0.0240037263982534 0.531870379879712 1.64099643196758 3.31888010780703 4.4136940977155 4.98064761368472
-0.0437972661579245 0.500619535022811 1.62314125404998 3.30357973846071 4.38817615758729 4.9626595630428
-0.0853758936330424 0.453693729997603 1.57710847298888 3.25815841906432 4.34497237493878 4.9175848756499
-0.126657741299306 0.413378171108653 1.53518621343959 3.21640786245495 4.30695846796819 4.87504441371138
-0.182396076074869 0.363833806085329 1.48084289476323 3.15893869514162 4.25299632023608 4.81796326708535
-0.204199539332504 0.353624186279493 1.46152677647244 3.13874754995517 4.23818851694558 4.79638928997823
-0.208972903056526 0.356265763442932 1.45756712143295 3.1340463974504 4.2354528118244 4.79144855199819
-0.204239666975556 0.353933862239655 1.45792777626318 3.13214001688145 4.23307447216086 4.79263440013797
-0.203216580971801 0.346400717333111 1.46255626064463 3.13458670027129 4.23336814082915 4.79341608029841
-0.230931169719094 0.31608656445246 1.45427410104012 3.11865290440407 4.20341314054321 4.77832077157779
-0.265121557795229 0.279488274072137 1.42195968629029 3.08770157251249 4.16795524312759 4.74356502622278
-0.316416355016682 0.219673871093795 1.35819223269128 3.03429503343003 4.11301933199968 4.68680292347671
-0.37095541660931 0.173405470928676 1.29998564131123 2.97799054785191 4.05873256090237 4.62986859406352
-0.407549991243892 0.133572120163934 1.26599527826023 2.94492935230854 4.01363604493181 4.59591188634599
-0.428339119424579 0.106217574449586 1.24520968654423 2.92593418490006 3.98437870683145 4.57413759006542
-0.469856411204594 0.0657911368748678 1.19799467040237 2.88241533452213 3.94407286219163 4.52970982400819
-0.504470359219764 0.0391761420178207 1.15604458193349 2.84151433914444 3.914541677744 4.49576457070542
-0.488725127705812 0.0558314277381261 1.17416976657649 2.85776902859736 3.92786408629533 4.51573621862318
-0.562978423648949 -0.0307060722669853 1.11307156230193 2.79463708043269 3.84572809939579 4.44502190126338
-0.824479098671916 -0.287217414097008 0.85463355222823 2.53111125524341 3.59482641866177 4.17883501498328
-1.23975748672672 -0.692484813931911 0.435961793549859 2.10456470089375 3.19595510415578 3.75646980811411
-1.68706740879422 -1.13139723022197 -0.0186942577294201 1.64416380274213 2.76367868871332 3.30726692308965
-2.11903380603874 -1.54706658422774 -0.461276170594758 1.19848888170666 2.3512986977316 2.87753990480076
-2.50335364723822 -1.90794029839739 -0.855385040249977 0.807196950353467 1.99088831819566 2.49060243455234
-2.61071910087714 -2.01290297239328 -0.957150530815849 0.710457240167847 1.88206605131233 2.3851872157027
-2.56455861517194 -1.97746739227598 -0.900733212135618 0.772785131962674 1.91364125310273 2.43664244037924
-2.44372305603497 -1.86785727519236 -0.783680383996058 0.891745302046011 2.02264585637197 2.56402731115261
-2.33504050219449 -1.75513270517024 -0.680020071982086 0.988375609536114 2.13795452120671 2.66899276735377
-2.178792173842 -1.60648058937399 -0.520591885025532 1.14044120899821 2.29552893445595 2.8194457984572
-1.98173591780795 -1.42738005327182 -0.316354652247594 1.34506544917643 2.47548399845005 3.02027761845129
-1.89114786450362 -1.32855003200967 -0.229182839069838 1.43413250202096 2.56270560125603 3.10910902021342
-1.74705158443267 -1.17500201630844 -0.0885408577704661 1.58415904210979 2.71427825073291 3.2520679947004
-1.54824973630556 -0.989774371701093 0.121323447831655 1.79679069698538 2.90896073330905 3.4526427117521
-1.40196681396932 -0.845216559268781 0.269329066248278 1.93819769494452 3.05480712121768 3.59700839167131
-1.283253587153 -0.719876483787883 0.384966989723043 2.04719221740168 3.17753271946559 3.71399838248328
-1.15483352846317 -0.586155581733535 0.512219119018475 2.17678601607864 3.30117723949479 3.84640511080663
-0.999370816334029 -0.42885728259447 0.665820375660683 2.33875673329472 3.44922707511991 4.00540423700859
-0.867521519342961 -0.294491359974095 0.792940933595544 2.47108246322648 3.5796192906899 4.13522085679156
-0.726576354924047 -0.155842248432757 0.929679988351268 2.60772685707699 3.72451389104031 4.26989529407346
-0.56587875321289 -0.00236612108390763 1.09780013123054 2.76780749508545 3.88692993575847 4.43086549865221
-0.423061630296657 0.135900896349579 1.24642973811043 2.9038152605355 4.03490223293946 4.57682488394723
-0.285609021500788 0.269799956747504 1.38927412168522 3.04367562768688 4.17092393789587 4.722427477405
-0.136791524014714 0.415727591533192 1.54027761175244 3.19112090278426 4.31046605399575 4.86737507303411
0.00249480780321016 0.554184179132827 1.6781682453763 3.32348569157021 4.44546476500306 5.00062860951373
0.128884405251163 0.683022959653974 1.80497867756631 3.4545485119398 4.57392953755084 5.12483123267583
0.231608568863564 0.787627278648898 1.90052227249013 3.56322209338914 4.67360152449662 5.22667165085407
0.324889767909425 0.877860931988853 1.98702108230279 3.66129570061687 4.75710014217791 5.31989705059001
0.362151506408048 0.912492709842506 2.02872890932559 3.7013825451055 4.78493275924671 5.35901601653086
0.346020345764328 0.895986210337815 2.0184026603372 3.68407223996416 4.76716993438155 5.34591331043979
0.28346976150848 0.833883228700839 1.95471761542216 3.61615011826749 4.71076565152778 5.28468349512265
0.208323801477626 0.757810513551879 1.87528467325237 3.54021419621631 4.63791247927911 5.20748259897944
0.12629123043479 0.673463713225486 1.78574559296668 3.46073608325178 4.55770599891853 5.11581519127783
