0.797168819254662 1.37001298360444 2.45836563825451 4.12468121849209 5.25898727944818 5.79589511293199
1.28649750092292 1.79970143111444 2.97015954952219 4.629811128335 5.69455403032996 6.28810968610993
-0.475233915273411 0.0365552126469393 1.21185341438586 2.88092022005719 3.92526243756781 4.5264906606426
-0.309256600494183 0.213410556441197 1.37958607500018 3.04692142038748 4.10021876233829 4.69558566780016
-1.98095499425111 -1.36782527281982 -0.341485463108952 1.32951350784692 2.52450695695668 3.01879407187416
0.835739083544086 1.46015721160455 2.47806403559012 4.14533180986263 5.3463496650567 5.8372964913593
-0.142133935858741 0.398846825603557 1.52502273436813 3.19782729940324 4.29086399255334 4.85820801801314
-0.973200709723675 -0.438442153001014 0.698074359776575 2.36503320228748 3.44998819648254 4.0252486064652
0.679044907245242 1.21500825305209 2.35598744406174 4.01968040591454 5.10409162379324 5.67912668181855
0.0434567826685634 0.60611960371883 1.70817982351054 3.37578867556904 4.49424834855852 5.04653633943315
1.1947223912274 1.75730775987095 2.86232742521281 4.52891324316842 5.64188862609789 6.1963808993209
0.144245315280509 0.703239600831082 1.81393476788503 3.4804763841218 4.59117167979563 5.14829220387222
-0.244640527762512 0.288679404618948 1.43221633392565 3.10211357542264 4.17268677428264 4.75374826740708
-0.664651039959128 -0.195878031488846 1.04025167322467 2.71372457816753 3.68739035496333 4.34098539279784
0.225667179379246 0.777653307338705 1.89942030864638 3.56446759629694 4.66394009760508 5.2288642727558
-0.440503595566173 0.0742987342114845 1.24709693937198 2.91547663117846 3.96318196675977 4.56195702777095
-0.0867406101901814 0.466051282517954 1.58299316324906 3.24980929971756 4.35510878600098 4.91456060392583
1.56885948762542 2.04620376140234 3.26795570232691 4.92799747198173 5.94759647430578 6.56910024447017
-0.042227260910943 0.512068504798176 1.62317189193377 3.29147443203677 4.40113399910811 4.9587609590089
0.161220786407496 0.719944604130164 1.83071742354777 3.49556941046804 4.60958913471789 5.16364596180114
0.479551035065402 1.05519054617442 2.13850582925476 3.79830458699185 4.94828970662637 5.4776527111757
0.895099967646819 1.4181996332084 2.57402046209968 4.23941496923814 5.31021987145829 5.89085732808911
0.200494271515436 0.747742316674973 1.87006257468514 3.53385011388168 4.63983916383545 5.19955547637489
-0.597456295382657 -0.103309238629069 1.09200974915878 2.76465257831371 3.78162893073914 4.40374672233673
0.818836111261456 1.34916935304055 2.49698161536125 4.16183800847162 5.23988418837136 5.8156668442667
0.322187659626804 0.911872141164039 1.97566305823891 3.63685986303681 4.80411113148669 5.32076388855962
1.93740891858016 2.38872650292358 3.65235919777566 5.31184504050652 6.28737764272897 6.94016324102486
-1.81868539352561 -1.22866172946293 -0.168397592321893 1.50290070103118 2.66298699992667 3.18174075039899
-0.785279789938995 -0.213251251187601 0.878084820216246 2.54653958603115 3.66860452890965 4.21411384102811
-1.51623308871455 -0.914055327846626 0.132484693303061 1.80097905499686 2.97777639645299 3.48267210127881
-0.846141495703071 -0.309433968822007 0.827452536233844 2.49356718640375 3.57860203677068 4.15337719348423
-1.60072572994799 -0.997939017220045 0.0470557348361812 1.71398657070184 2.89248560854429 3.39781264710142
-0.538294629158372 0.0212486038851951 1.13038358252725 2.79944732944085 3.9028363106637 4.46233064203934
0.438786849554559 0.999252307517369 2.10620966256263 3.77084790562615 4.88978958113635 5.44038349777731
-0.223485417219711 0.346292767541104 1.43818747157459 3.11108489541536 4.23816227981415 4.7790015202468
0.16907392288017 0.734636716949046 1.83640786364267 3.50052464474539 4.62657370956489 5.17174455509502
0.0589839634757761 0.614242498169956 1.72501646602113 3.39393897680454 4.50255016766973 5.06132181726397
-1.08247364179643 -0.522245146043445 0.581798909784516 2.24633555048946 3.36465327262153 3.91644444295497
-1.80080022894992 -1.21961646790845 -0.146167948169406 1.52276206946475 2.66934587727893 3.20018319007465
-0.201586621208569 0.367666217578787 1.45434687371266 3.12958528686125 4.25833279402064 4.79733799046059
0.224347413280692 0.770826343471752 1.89798793048846 3.56039540958401 4.65851272115947 5.22336980059408
-0.0431217221365224 0.507319224916894 1.626773584394 3.29108509777352 4.3944464780017 4.95713259080853
0.196667668395439 0.775958123617038 1.85828917247901 3.52333888762526 4.6674568349323 5.20125925638672
0.111780577383286 0.668067149439616 1.77832878861443 3.44166928376728 4.5589462314879 5.11060007950361
-0.826438046256118 -0.243699529661633 0.832760186894385 2.50200865824697 3.63695867884241 4.17512269907523
0.359847997705973 0.908108876746016 2.03162358879357 3.69497831338144 4.79856501517445 5.36074155575211
0.264466904238662 0.830644402454606 1.93356379464594 3.59801511751254 4.72239699644551 5.26905620529673
0.118248653593656 0.67391535152858 1.78504000201398 3.44841078310678 4.56490657699138 5.11706780267061
-0.268247817619879 0.261253406933985 1.41102661444778 3.08031158582646 4.14698064151835 4.73137304520661
0.0752357372290978 0.621920004450109 1.73813394997499 3.40997751908317 4.50901704252738 5.06892492692596
-0.0646530116975524 0.496833194624743 1.60235603046598 3.26541184155914 4.38767052206793 4.93667172499444
-0.00721796163420907 0.543153532662856 1.66242427059465 3.32508201287667 4.42943239020048 4.99238305826831
0.293754072114579 0.890795537148677 1.94509923194859 3.6063907800395 4.78412047872694 5.29080364113821
0.885525128501308 1.4333861015851 2.55506427854576 4.21751237887381 5.32588577138551 5.88511062173518
-0.290450299844368 0.254255642503341 1.38065865760343 3.05153795803929 4.13785120969326 4.70841025409904
-0.21089105851632 0.362255576604338 1.45912502460908 3.12427171215196 4.25112647903416 4.79478242669165
0.686851498928751 1.29912252054957 2.33516078056488 4.00228587504952 5.18473929353462 5.68659779805222
-0.152108150531874 0.394576555582114 1.51308523631283 3.18395731966073 4.28674714294005 4.84717083994001
0.0500405614896472 0.597560169706585 1.7266624365995 3.39001551412914 4.48994370500726 5.05437990322144
-2.25405538145393 -1.62826124393467 -0.619312203923109 1.04963234388296 2.263945005396 2.7488201683655
-0.230666517593858 0.30207253133929 1.44631831731942 3.11633717431309 4.1859492394696 4.76759847334499
0.110810080470465 0.666102115085302 1.78192824968605 3.4417800826574 4.55522314172003 5.11110923634108
0.0316298978454944 0.593616052379661 1.69610502746021 3.36374816277439 4.48157575653315 5.03440471630782
-0.0529594400570108 0.498068638958142 1.61627910236899 3.28141415521165 4.38541732449461 4.94737695484567
1.33928774724329 1.84058569633632 3.02711339359772 4.68615734566521 5.73900974547331 6.33935049011915
-0.394344821726987 0.171170732683005 1.27099794588194 2.93475336289161 4.05959805321103 4.60458824785159
1.70024063935821 2.20980260732266 3.38812447714845 5.05341988559765 6.09556704500443 6.70054555889419
-0.00132835987021214 0.553328564125059 1.66172771288468 3.33263533037225 4.4409199652328 4.9959868170442
0.458343148125067 1.01825595201968 2.12030882823642 3.78543577545976 4.90852572959473 5.45681463414985
-2.34820510425783 -1.68315391948594 -0.731666885990805 0.938899123389798 2.21027396153119 2.6498970530792
-0.524454157005285 0.0427856959916592 1.14004345785444 2.8069294165069 3.9265276675805 4.47503957216159
-0.0376749291899897 0.513253600918492 1.63050357101495 3.2952124366506 4.39964017279747 4.96221707946557
0.183449784657332 0.767101097843136 1.84086246862059 3.50615914615395 4.65806031578006 5.18676312316531
-0.607742400790098 -0.1174375484298 1.08364627658774 2.75674574076683 3.76691867278223 4.39406642692227
-1.52924326964442 -0.969750786400185 0.133766238382398 1.80260185616427 2.91796541017037 3.47077890289711
0.165554583899222 0.740917735124024 1.82985350869625 3.49465265833755 4.63302065600363 5.17055217656284
-0.903063042841574 -0.341084492693086 0.759170887781807 2.42649679234399 3.54758709525826 4.09715482049134
-0.392996624421035 0.173412829199926 1.27220451073203 2.9356694179724 4.06223795820396 4.60629834887619
-0.0701684362028926 0.469007655439818 1.59885718592323 3.2730903178369 4.36189216286664 4.93255325687772
-0.781788736654427 -0.310557531694342 0.923903926194676 2.59717867552791 3.57393747139947 4.22360502410054
2.08627633558841 2.57929598119424 3.78649334210244 5.45288333988882 6.4625849314181 7.09072130080071
-0.298052006777565 0.247268937245781 1.37365457458279 3.04447570117013 4.13057454718928 4.70102399830058
-0.087740703446386 0.473758576483163 1.5802069140152 3.24005844964717 4.3633460032437 4.91275766687681
-0.284804729734412 0.259297196231586 1.38528123470432 3.05618548981886 4.14339711931403 4.7137907069067
0.295175099169266 0.83607378719403 1.97290321217108 3.63713425598351 4.71947680035923 5.29649057885218
0.0653422897342988 0.623023728557833 1.73154818548115 3.39977211117121 4.51189059092475 5.06923243535264
-1.15836358496816 -0.568142078420973 0.494282192772373 2.16214500212601 3.31991853850249 3.83830595960354
0.385282633820879 0.973853237309252 2.03931588546469 3.69848119152641 4.86635098924379 5.38353325797688
0.301539047502584 0.839692472917512 1.97837856216968 3.64209216635273 4.72482047447365 5.30018995331281
-1.68012659087164 -1.07264786624875 -0.034719549611422 1.63205379472235 2.81804166402611 3.31843610016254
0.253474613608426 0.806776063630488 1.92346896153181 3.58746798909375 4.69877873249194 5.25416285021712
-0.131264017654297 0.430476262015069 1.53646865729241 3.19666585392274 4.32037872887731 4.8691962677371
-0.181900557816976 0.360656962844727 1.48519817076101 3.15718849290923 4.25167228272689 4.81796739530937
0.0834711548361727 0.628653455328821 1.7586076611534 3.4212675757039 4.52132561542676 5.08653626276331
-0.094953938827054 0.462609816203736 1.57038445199897 3.24014745022951 4.35228971451921 4.90579771231392
0.201599854644267 0.776782969291176 1.86621645834899 3.53107131733468 4.66863425640929 5.20667168352334
0.230475610891466 0.779644084337318 1.90473736177216 3.56990089691133 4.66471020891892 5.23363792833674
-1.19802835830829 -0.609282741547466 0.45449969084366 2.12262110501155 3.28042468962358 3.79931689201041
0.0262717985300893 0.587661322002674 1.69480403858251 3.35674233332374 4.47796291305753 5.02852181123897
-0.0564796726350071 0.494767064542097 1.61577587927518 3.27997897475617 4.3830566706506 4.94526397536721
-0.252793131279013 0.272571220786706 1.43078433854566 3.09950536017976 4.15856876936162 4.7487179166359
-0.979242207133571 -0.39469016141113 0.678184291645843 2.3464792933805 3.48828353505431 4.0199221859881
2.03988163409082 2.53608845275146 3.73809947639884 5.40441659220203 6.41935075586648 7.04358387307098
0.162312241206334 0.745379493248229 1.8218664385593 3.4870377363855 4.63688178597932 5.16688631672981
1.46330211390734 2.00508277834163 3.13927017908578 4.80574297444616 5.88871465196908 6.46483344663411
0.574482774443461 1.15894813800761 2.23029705650563 3.89537419146087 5.05073512198224 5.57332574723172
-0.083009937948977 0.472648020977786 1.58189918898401 3.25173485113065 4.36601787601848 4.91829117139594
0.0153527249142074 0.566729874227718 1.687001664957 3.34890465415076 4.45436776935821 5.01661374934552
0.167712611958574 0.751882686488421 1.82584450546293 3.49109322875265 4.64309425339366 5.17170229831805
-0.523301891203847 0.0111890252215741 1.1564551834366 2.82323425876653 3.89858629983033 4.4795455226667
0.355068829247038 0.964971453721979 2.00022077140021 3.66500168574532 4.85769491128356 5.35421936336171
-0.202114064057592 0.360571304763273 1.4652240130862 3.12623482713293 4.25108861157852 4.79877320777372
-1.06836459340996 -0.48402290341161 0.58673055914527 2.25439286517585 3.40249876668508 3.9280781638832
0.531375308554296 1.08528967596873 2.19362347620777 3.85829508960131 4.97602138605953 5.52879292115151
2.05596528815944 2.55308328583365 3.75508411936541 5.42201820045919 6.43776052400127 7.06175435848722
-0.703829541615762 -0.211829736784215 0.987720518635442 2.66050157846142 3.67193082154593 4.29938804132818
0.0973917137121994 0.655414490954271 1.76732270503882 3.42843862246845 4.54522433841894 5.09910753625623
-0.0192946951308108 0.539069482047691 1.64604294284535 3.31624670500529 4.43042875592405 4.98375350279552
2.20307827393669 2.67516411701323 3.91552152145135 5.58204938632993 6.56253079719631 7.21097375941706
-1.44814173739132 -0.864837540558652 0.20712829091104 1.87184001609932 3.02334452970428 3.54979212631128
0.592912012976443 1.16223242753408 2.25315141820011 3.91443399760837 5.05539224592245 5.59119920495873
0.366108498926442 0.946093165536344 2.02096419665345 3.68224573116715 4.83731017884223 5.36466870839213
-0.223453203148315 0.328051101938928 1.44227937727287 3.10996568220375 4.21828448432188 4.77461369843178
0.886298325652169 1.4311154001142 2.55664132734479 4.21781134457407 5.32423848524951 5.88603600993102
0.446730318130271 1.00854957030649 2.10427908233471 3.76837971104882 4.89857149076845 5.44402120783243
0.377362543041436 0.989898472040631 2.02192252315453 3.68784791386927 4.8820787631698 5.37656534816229
0.326103341584688 0.868515708767163 1.99726935906952 3.65998483180162 4.75818797048979 5.32504324341877
0.947419799227558 1.4659246729977 2.63469214743652 4.29911924045569 5.35498670193709 5.94558738684403
2.15036695747232 2.62737339942536 3.86189648179738 5.52824914960897 6.51571888412056 7.15950535395477
-0.58864769034506 -0.080748470998668 1.09612606994556 2.76659638442642 3.80667707013052 4.41289989975935
0.35283054297239 0.942546007359745 2.00671718676578 3.66669928034391 4.83531716961888 5.35005401812382
1.7479798784852 2.27087427683778 3.4331100155131 5.09963213155276 6.15376197425105 6.75031723213377
-0.861290407818634 -0.378675021030377 0.838888221255677 2.51199937625014 3.50629203328469 4.14365224741564
0.42787753433688 1.01185243072036 2.0835944687267 3.74269953227356 4.90436736500399 5.42638892883742
-0.275839012149528 0.267873778960532 1.39855921048429 3.06936474075851 4.15042808809957 4.7233565699
0.479703833581204 1.04028724090844 2.13807398143095 3.80098012172026 4.93080813348097 5.47685507550678
-0.0141157712207382 0.54636600501107 1.65123250833529 3.320615868552 4.43786687291429 4.98888014416459
-1.04865322725589 -0.499019955677923 0.61962049850199 2.28412723907881 3.38849939218888 3.94976715727649
-0.0681428732688087 0.490109728734039 1.59447931008538 3.26556933570593 4.37829107071983 4.92979517208356
1.31985934828323 1.8168739844947 3.00844308603063 4.67002351049853 5.71822375536838 6.3184740231066
-1.13853131139716 -0.580911552166634 0.526717018747868 2.19081631166988 3.30630665612561 3.85966582089575
0.0810256170290054 0.634820768464845 1.74896245328024 3.41144539442182 4.52440806085165 5.08035842892898
0.810567619901494 1.33970985817203 2.49256920317536 4.15672112557726 5.22865999885987 5.80913568986876
0.614637751905172 1.16174109933601 2.28391755444701 3.94894605562699 5.05258215013026 5.61275488718926
-0.730566673429044 -0.178343007750291 0.936529320432517 2.6039950537777 3.70990701190462 4.27001235368404
0.729668122969281 1.30653335640339 2.38903533576248 4.05518313185394 5.1962788480227 5.72829591712324
-0.325737608820161 0.224532306746905 1.34137337000219 3.01002570217574 4.10986369357895 4.67281372453595
-1.21145016326767 -0.656091319993357 0.453538023319136 2.11747395675641 3.23183506875011 3.78593957008567
0.405324440094347 0.968161793620113 2.07281920014133 3.73738423077579 4.85877079419876 5.4077447021245
-0.367486967774956 0.184471412107387 1.30021144057969 2.96883045762606 4.06830490564755 4.63149768467445
-1.53025959619065 -0.930748301671699 0.119312463012059 1.78670772826341 2.95985343125854 3.46836517076195
0.359880059805183 0.964305037846455 2.0068984406672 3.67044851647295 4.85724601124851 5.35862753564223
0.406515758125927 1.02531358883087 2.04943194182117 3.71676502247886 4.91593400467362 5.40499128102637
0.514396595137101 1.05860568633139 2.18835317201181 3.85129079274205 4.94728945848814 5.51640158210971
0.130386918772228 0.681479261390421 1.79855640664951 3.46647461342948 4.56790535370197 5.1323328045714
1.66555186557507 2.12907915054947 3.37082183723499 5.03192076042798 6.03270646803029 6.66561473815496
-0.138972278333885 0.423780619604969 1.53404414265632 3.1986286986465 4.31310811879416 4.86628659039316
-1.70448356638514 -1.1273592102554 -0.0494268433560746 1.61560845269314 2.76490235071815 3.29403081408819
-1.16132043190812 -0.620217338027127 0.507111150485345 2.17400509715158 3.26812961451922 3.83679938660184
-0.936991591013822 -0.359487766223295 0.721648057834033 2.38939492968405 3.52477972712472 4.05977518910243
0.00838027495832347 0.563797690589381 1.67282890786341 3.34033246941905 4.4520203022849 5.01015121630629
0.356563812384015 0.966783539775768 2.00162698776565 3.66652491529492 4.85947037793259 5.35573809331082
0.796752093427132 1.32901805501231 2.47422618277429 4.13901360750528 5.21961571653168 5.79378936703111
-0.236678712769115 0.334803403770824 1.42710433148558 3.09856000352395 4.22633420171044 4.76685393265945
-0.488664221728094 0.0427941102160172 1.19319441883521 2.85998454018032 3.93015637034367 4.51450934490464
-0.355228519145876 0.194635686064166 1.31313361495174 2.98240605261033 4.07825388502656 4.64354065595327
-1.02369692241323 -0.484327129992107 0.645888029695469 2.31195567487222 3.40420878497861 3.97424829759884
-0.771938975749704 -0.293927833217595 0.929424763496168 2.60271512305041 3.59018414844981 4.23357304659556
-0.884040212404353 -0.357050763840194 0.790515509382272 2.45892740673212 3.53101980998352 4.11515665920569
-1.11959393252759 -0.586204825292867 0.552692603109152 2.22160928680462 3.30051159367263 3.87928565102848
0.738297189513722 1.27124078687313 2.417253542436 4.08119936893287 5.16034572457017 5.73755458822519
1.3509372231685 1.88325331580597 3.02843640043366 4.69393009929047 5.77052806724134 6.3513454528173
-0.210655816014973 0.335002585548237 1.45598500422024 3.12663442862067 4.22521891064019 4.78859142551975
-1.81443127748808 -1.22496277500254 -0.163340808067281 1.50826811018719 2.66650261507963 3.18745766192493
-1.89332756918445 -1.30222500475536 -0.241751634374476 1.42765881548404 2.58700701669618 3.10881081148174
-0.0243966407174653 0.526950673742052 1.64275602191975 3.30725145295983 4.4126776542851 4.97525052805302
0.392548003820445 0.98263371998272 2.04497610094852 3.70570627172916 4.87578245029992 5.39041794054913
-0.0040936397330357 0.559235003129268 1.66198824097592 3.32956059438668 4.451089394602 4.99883923984999
-0.716560698043271 -0.137892301508729 0.943311600884101 2.61209675419131 3.74392331485926 4.28385471166007
-1.67634085360651 -1.10502467294289 -0.0173946525500286 1.6537867613022 2.78587714855581 3.32300684450594
0.424337531207828 1.01657834308054 2.0759999964028 3.73858712192851 4.90962189587783 5.42275160446066
-0.408222357482724 0.152541844735477 1.257536336534 2.92297896503447 4.03789437078751 4.5900881746287
-0.234673738413928 0.300471970165559 1.4415876071515 3.11178553359381 4.18379368133685 4.76357789603947
-0.0370552256173539 0.517465106094094 1.61987241927324 3.29484852074495 4.40657933600204 4.95501382883563
0.923076886656025 1.45958149311609 2.59653452263214 4.25418095817007 5.35332818168065 5.92298340851559
-0.401321872488855 0.108708030093809 1.2884468575914 2.95747347548899 3.99809692222563 4.60137566489426
0.352070732511332 0.895251565527944 2.02323040709362 3.68594917064132 4.78463761493667 5.35119947370476
0.634935496327295 1.1982338937509 2.29760909584423 3.95771243885567 5.09129569897179 5.63356773634928
-1.00518966707419 -0.470739536395917 0.666124238090808 2.33345499818239 3.41755479745222 3.99334573603143
0.36802228199886 0.950943809756373 2.02334015292694 3.68459912335656 4.84316983551537 5.36690370901575
-0.217546296190785 0.338651852917615 1.44795450156392 3.11326995578782 4.22945561525436 4.78064503765667
-0.714980214877893 -0.217632688042837 0.973733994024184 2.64630401990839 3.66674705366396 4.28727036472636
0.34689210691236 0.929861762174827 2.00111837222073 3.66226103970437 4.82108709594145 5.34554626117072
0.129423741238116 0.672590647451461 1.8042091895913 3.46727098357856 4.56509518654546 5.13182174930529
-0.193535008654257 0.366593621087366 1.47303259352756 3.13558986637456 4.25720787349603 4.80587113115251
-0.311356677663762 0.234588612956519 1.35759952436671 3.02785136519755 4.11854989964706 4.68699686303039
-0.692803620777604 -0.174938122066941 0.987077419606179 2.65632962389463 3.71310985426628 4.30809183321947
0.575985646937085 1.24867657043547 2.19441310540419 3.86295084816784 5.1382059222453 5.57591466000788
-2.23390722806427 -1.61046030397215 -0.597668598254127 1.07154487885181 2.28127379018125 2.7691042791829
-0.940437179066963 -0.427628653185435 0.742981371496692 2.41447798177174 3.45705537896056 4.06271215929653
-1.99707513487848 -1.39528185149824 -0.353739756335273 1.31262980785922 2.49873864422295 3.0023495178124
-2.15875022373978 -1.54035521304467 -0.522294692636803 1.14493402507903 2.35346492978131 2.84163844655993
1.12237434075383 1.6788193556755 2.79108799841538 4.45741766301655 5.56506948748784 6.12283093067639
-2.43793996674419 -1.77852462325107 -0.813459568758447 0.857020370185429 2.11365754125615 2.56402191204196
0.0485048297836452 0.598000015229846 1.7110441328404 3.38269392980524 4.48529775436696 5.04337385573515
-0.645422618278877 -0.131594109675165 1.03652698453611 2.70629440390346 3.75627158976626 4.35587593767112
0.083559083248236 0.631349040786291 1.74777758775688 3.41856439440945 4.51807018686533 5.07933235300348
-0.0771510645390419 0.47806831726516 1.58779631565082 3.25810102776862 4.37149520538298 4.92430060272576
0.217992581869561 0.770865746819336 1.89140545013744 3.55657952251902 4.65730561942977 5.22138767949243
-0.245607066922911 0.291617567923098 1.43021993008358 3.1004938139709 4.17461885025816 4.75274741099992
-0.667337642419903 -0.132362968198259 1.00938470390934 2.67555921009453 3.75525049454467 4.33417796135446
0.636514648831896 1.18121458796322 2.31035991421297 3.97450161882424 5.07097998021842 5.63623344656908
0.168552680938914 0.720906445285819 1.84049671852996 3.50215392157702 4.60970541086745 5.16873383382998
-1.16255855175133 -0.570976849186862 0.489831733125835 2.1576727533222 3.31675487814516 3.83426690177608
-2.16124423210654 -1.54334250579299 -0.52460255172634 1.14277255825477 2.35018913712249 2.83923939940466
1.27296260100218 1.85918866094528 2.93415208102005 4.60126414270709 5.74605987940052 6.2778279913008
-0.119656975263115 0.419502044227672 1.54809484363071 3.22167059001107 4.31188151810421 4.8812338673992
-0.248201689897896 0.294032791351252 1.42673654433992 3.09780144243552 4.17674213006848 4.75090222938371
-0.483257397040915 0.079073521616939 1.18255835600835 2.84987974061942 3.96211056648311 4.51637439943549
1.16336519404359 1.74030123782983 2.82644081034118 4.49302933440389 5.62434785523873 6.16597982518354
-0.560777527228175 0.00778394737872978 1.10327503157427 2.7709222340018 3.89062016286616 4.43922536365304
0.0550026831293656 0.6133987599018 1.72472436524304 3.38419109880674 4.50287255182737 5.05606237733671
2.11353836722193 2.58201857835243 3.82299395694453 5.48670281046973 6.46836717775632 7.11426438661743
0.810335343215311 1.3561669170198 2.48042716772341 4.13798464987685 5.24920515207949 5.81014265732458
-1.18312028636769 -0.635144274333181 0.483355333855407 2.14842810762388 3.25368966031147 3.81434568344486
1.9271449428702 2.43607977594498 3.62548622563311 5.29227406815895 6.32603172907107 6.93720602934938
-0.744386100586959 -0.164469890538827 0.915173111033562 2.58412043193912 3.71700838030036 4.25631188062624
1.9383426503467 2.43667079763805 3.63341133513514 5.29924334723561 6.32071734476719 6.93955725256914
0.0973797975140458 0.651268156625879 1.76501570273044 3.42781370992016 4.54138371739632 5.09648726222698
-0.857954392369919 -0.273352719829836 0.800462468023939 2.4697702698316 3.60732627928231 4.14372967152122
-0.284892927460053 0.238024452344837 1.40301113522598 3.07071498138173 4.12459374910863 4.71921533146113
0.357001590576793 0.944951654463576 2.01201695476036 3.67310356625876 4.83791336419775 5.35545630853533
0.150888376922996 0.702329031215388 1.82366104687801 3.48317471763876 4.59069502572841 5.14971508557163
-0.122527484043727 0.439422887153985 1.53945517302456 3.21127588025292 4.32867626676794 4.87673322502668
0.695123163629396 1.24525007491708 2.36228855127833 4.02382627709875 5.14100625286888 5.694354406533
-0.011024019361823 0.549624926380409 1.65749102734582 3.31728094867243 4.43914911407763 4.98995952420453
1.23101827061034 1.73598759044116 2.91615012287883 4.57778937620756 5.63658085829081 6.22959301293303
1.04304368647343 1.67161507477078 2.68391520326456 4.35217662299917 5.56384787502931 6.04755042671467
-1.8506034483734 -1.26789638433616 -0.199147362867637 1.46798567831262 2.62267810116239 3.14795081217301
-0.814623546195339 -0.232249774686359 0.844664678947324 2.51391659616252 3.64843573415525 4.18689566858045
0.558854703154244 1.2210939493627 2.18293997800333 3.85106724614031 5.1086913664342 5.55831543040493
0.0914231810796122 0.650676131626007 1.76089410690614 3.42269922504029 4.54078505206922 5.09366413926572
-0.0680761734370419 0.477043292270737 1.59937467429905 3.27249173704489 4.3700793480781 4.93380268830496
-1.83429287587382 -1.24712319170495 -0.184034271369264 1.4816193202818 2.64604187525718 3.16463094315144
-0.20572616765737 0.364203830581365 1.44891834750902 3.12481762453415 4.25502796178041 4.79277861585623
-1.35448668454602 -0.79134122667037 0.307549532438925 1.97118584364535 3.09695034581113 3.64277813530296
0.00750353840522278 0.557845370384936 1.66594127785025 3.34031450607813 4.4465086742055 4.99881239558943
-0.107624681823688 0.452971328875677 1.5460623016097 3.22269300083328 4.34301398244119 4.88503886262112
-0.197524395862291 0.371807829037358 1.4561899015752 3.13257255072791 4.26260531756834 4.80010687242321
-0.259414653168017 0.31559287029162 1.39587660017198 3.07159786161526 4.2074680453462 4.74181956951156
-0.281557744733091 0.295896537974982 1.37805608486918 3.0514131540979 4.18790246590542 4.72199480291993
-0.278531850358841 0.300718753603653 1.38528741084062 3.05510936173304 4.19125762539812 4.72631792673437
-0.239850993839499 0.336841580421453 1.42820820593388 3.0944041134577 4.22595447216451 4.76574282054931
-0.181946224973628 0.388570854450339 1.48952142180427 3.15351098127439 4.2778004013581 4.82390002242478
-0.10127480033621 0.45971029302878 1.57336831740902 3.23605601238331 4.35029758664161 4.90453346397156
0.00935245053667915 0.559888652064041 1.68480833627828 3.34740571861058 4.45218640997882 5.01366829233063
0.131287684192134 0.673722326256111 1.80595543926903 3.4685700350657 4.56629904113015 5.13346312143784
0.261621065037246 0.80132834435854 1.93444924620445 3.59686815952914 4.69199694079283 5.26150585444601
0.390914268546805 0.930851343218776 2.06283230895334 3.72519190796957 4.819598201693 5.389932059978
0.534446264518358 1.07357414506507 2.20799350399656 3.87057914692621 4.96150079617076 5.53479352418592
0.684573902690512 1.21837598065754 2.36147321803634 4.02498153917589 5.10712955424723 5.68459347153903
0.829517568152773 1.35640473538104 2.51292324792511 4.17701365025928 5.2450186374977 5.82829906274312
0.960717166137935 1.47816456116027 2.64833283658373 4.31279287484649 5.3674129146316 5.95882596676477
1.08062407400211 1.58879694111156 2.76696427787313 4.43228220221165 5.48262261050421 6.07657491982295
1.23219068334247 1.72884857394778 2.92060028286363 4.58597930507434 5.62693424040483 6.22741442791014
1.32295393766052 1.81468396825144 3.01352278619334 4.67763256991278 5.71521247614555 6.31942622088175
1.46980860738929 1.94952726187734 3.16595401189646 4.82885932806844 5.8526362223885 6.46766981684751
1.64894374028035 2.11333105671597 3.35360797275613 5.01493250021762 6.01710845538364 6.64877359069353
1.83865936081396 2.29284507679522 3.55081800055648 5.21062954644686 6.19411633136636 6.84066317962106
2.01789915404092 2.46620477814057 3.73516632808717 5.39480352688742 6.36295956220247 7.02078496243399
2.15643404331276 2.60619431331018 3.87404433342182 5.53531005171605 6.49727310258827 7.15804104511145
2.15542893634658 2.62114533701591 3.86670912462061 5.53046014251077 6.50716275848607 7.15642424233793
2.26533638201069 2.73682286518691 3.9761028797607 5.6416202208223 6.6201267012735 7.26906818837737
2.33547276437576 2.8031804224817 4.04862224393426 5.71505199402157 6.686760743585 7.34159503689247
2.37513929452629 2.83164040555892 4.09331830031756 5.7599025424602 6.7167931916625 7.38170052166082
2.27546063893058 2.73706391652394 3.99246820302758 5.65881232414224 6.6240441843466 7.28313693069176
2.0814676119098 2.567133961101 3.7900354443103 5.45638666385196 6.45632760412608 7.09153215230365
1.7352790379259 2.27118009424646 3.42129879394497 5.08843051541618 6.1626426200922 6.7449824272456
1.30505653005912 1.90079274792688 2.96228550751137 4.630233813431 5.79375954803544 6.31207661171224
0.957384754127399 1.59711001482794 2.59252952062406 4.26097572494831 5.48957348720294 5.9611366091953
0.641722616689563 1.31308952076881 2.26063697679865 3.92934027179601 5.20390876843925 5.64239944131587
0.522609845070724 1.19140089109745 2.14332192349233 3.81161690424631 5.07931683154146 5.52179080414325
0.488198174984748 1.1317066322622 2.12209323470718 3.78993814883441 5.01852987600164 5.48683135757054
0.40884645731839 1.03488263848592 2.04942135544764 3.71721631343505 4.9244593003611 5.40714048479436
0.35150224377093 0.965546464805998 1.99521237840068 3.6609381469298 4.85811801323388 5.35090389889583
0.349564448375892 0.947793273847771 1.99863193974185 3.66028802449034 4.84103850672497 5.34759405543863
0.357056301213749 0.948619372259056 2.00992218132597 3.66913349145392 4.84115229306739 5.35511108827793
0.318293973055748 0.91273039315721 1.97032470611951 3.63011991162169 4.80542410433674 5.31536224513666
0.28621062764806 0.884144263242547 1.93725261928151 3.59872669672255 4.77752884972278 5.28326025924363
0.297183195189147 0.888477324257279 1.94957584268872 3.61061292965645 4.78005920385388 5.29575797915431
0.300993636323882 0.883899929277413 1.9527544529724 3.61419422044079 4.77333221717711 5.29921938922413
0.303781742234309 0.880671301379829 1.95526138673552 3.61857009016045 4.76956016929291 5.30162983469116
0.256154110408101 0.835657064140751 1.90758268696998 3.57246632738072 4.72494471343866 5.25499596977671
0.181434595748145 0.767275741842671 1.83485352698826 3.50024030248976 4.65752965222581 5.18310022307411
0.142984593934916 0.72739633832198 1.8022794745071 3.4674652615249 4.61903987592733 5.14788070088365
0.122599282583587 0.695970126966584 1.78672640859541 3.45120071761545 4.5879925712117 5.12646873003921
0.0984901712441159 0.661145562164277 1.76376734932093 3.42739818454764 4.55226128523615 5.09856032871464
0.0702492648188027 0.625905311001759 1.73714897934053 3.39962640722908 4.51525138198595 5.06927159864815
0.0316661563414904 0.584575420924122 1.70128439879917 3.36292650335743 4.47206719427185 5.03189820626398
-0.000318297004819916 0.551041382390387 1.66860740299457 3.33138430397821 4.43716299180948 4.99936649662217
0.00162387339964124 0.556510622094952 1.66712959400406 3.33227689138532 4.44225200697141 5.00191751625642
-0.000189013041695808 0.557692529970762 1.66480968002906 3.3334055438505 4.44624366843538 5.00224616090327
-0.0291222995952835 0.521461272378562 1.63790376133557 3.30994406208046 4.41305305934741 4.9740243941065
-0.0616540408015422 0.478579995711532 1.60738468081372 3.28149869956443 4.37152948231566 4.94136672068177
-0.103839578902838 0.431641303911338 1.56515670636519 3.23973885306926 4.32370976815136 4.89758312793126
-0.13943719485965 0.394892477654694 1.53004242403854 3.2044416248158 4.28482506214524 4.86059124259583
-0.192187419419622 0.345878300172161 1.47863316702467 3.15154447156073 4.23238324186188 4.8069852099322
-0.211687395270196 0.329026655487205 1.4617984202357 3.13381398070459 4.2131039707767 4.78740082457758
-0.216533047486803 0.323437051008268 1.45904466480736 3.13024223803261 4.20619578455913 4.78230346052827
-0.216031891389646 0.317896461135185 1.46035651783725 3.13067092901865 4.20119997820771 4.78200381742862
-0.228761688870475 0.298026228371245 1.45198469946506 3.12139883482499 4.18349885905589 4.77094013587654
-0.269315224029695 0.252613446983523 1.41956165238114 3.08722824567855 4.13915230313586 4.7351408772984
-0.306359353780923 0.208915759461758 1.38640280610756 3.05398451931486 4.09678789864229 4.69893304150638
-0.375178374519167 0.133382082314062 1.31580397748556 2.98495794776818 4.02289125090804 4.62790273691342
-0.424046496294097 0.0812838003382027 1.26575190555346 2.93574420551775 3.97010987433391 4.57796904146072
-0.463530300816941 0.0382818635573326 1.22575271661408 2.89669546314933 3.92601992579948 4.53879183381043
-0.494705466293582 0.000886261107613308 1.19545921049125 2.86747274901582 3.88705265369846 4.50714942126498
-0.530860282797678 -0.0425628197076011 1.16135849037831 2.83455474763697 3.84213573077023 4.47057183497671
-0.551406158722415 -0.0742850030796424 1.14644336912106 2.82015200031 3.80894166511725 4.45175982263397
-0.557634236847467 -0.0950268251201598 1.14895913783295 2.82271502478131 3.7874907486494 4.44775906385035
-0.680003249634947 -0.218381625004229 1.02968799513593 2.70319206926554 3.66528357688538 4.32604801528724
-0.921748259271639 -0.437967566600701 0.778757807351969 2.45164249408372 3.44769763559946 4.0823818989606
-1.2908649410079 -0.76627126696033 0.390576537702253 2.06247317508206 3.12207283327545 3.71016018521914
-1.68813616690013 -1.1153711228822 -0.0299495129120648 1.64114761635165 2.77561855636758 3.31087403087288
-2.04590100795293 -1.42304486660075 -0.411600291515694 1.2589946279579 2.46966581105454 2.95247949176645
-2.34263806294897 -1.6778228646347 -0.726231818804072 0.944310759208235 2.2156270381237 2.65531501674657
-2.45940213323404 -1.78595925360904 -0.843938004888384 0.826568572038867 2.10709661015424 2.53994555817655
-2.4691522550535 -1.80439901777485 -0.847021040569339 0.823508885328548 2.08795749294783 2.53250524957476
-2.38704621943957 -1.74235991532721 -0.758282998571864 0.911663011889435 2.1498832411014 2.61642900051395
-2.26149576486616 -1.63389337641506 -0.62827275699522 1.04007439350646 2.25908380762508 2.74072106205749
-2.09979233335172 -1.48644922052207 -0.461404689005299 1.20523172602812 2.40792615569378 2.89982823538473
-1.93860929464797 -1.33627089561157 -0.294187527806615 1.37150028689017 2.55748594428523 3.06057304001056
-1.83529999869436 -1.22967950045881 -0.190519725644524 1.47466640049283 2.66165964837717 3.1631843383762
-1.67557786817598 -1.06624648244769 -0.0307216526635671 1.63647391332753 2.82466235844103 3.3230727941335
-1.51735664503412 -0.912969609728444 0.130571800278047 1.79939141617216 2.97921279488223 3.48136550081237
-1.37689492413504 -0.77699400307993 0.272260829358584 1.94102022787313 3.11456373732117 3.62072723766804
-1.23794822684814 -0.642234268103901 0.412592869848341 2.08059680630921 3.24697535997388 3.75871074854699
-1.10900674034746 -0.517113865549926 0.544596305831838 2.2125776485675 3.36814376817401 3.88920574680356
-0.971784040761001 -0.383964146351178 0.684862151910513 2.35369368763269 3.49802627921895 4.02886263751516
-0.847759428034097 -0.26268578594153 0.810241161718189 2.47967171639496 3.61792700455838 4.1538985297982
-0.706123744985699 -0.127109607601594 0.953329215680628 2.62203791438593 3.75512050685897 4.29392495758184
-0.553897923231231 0.0179763744470137 1.10891997463993 2.77539139124124 3.9030957053644 4.4453927233494
-0.40824370179749 0.159236447421149 1.25659431605135 2.92016688182277 4.04797598406157 4.59119808373384
-0.273400835873726 0.291603300720116 1.39334268370239 3.05467234553608 4.18199377349639 4.72770504679475
-0.134423518879066 0.427720158862658 1.53400327048635 3.19297195075155 4.31745637372673 4.86652169863504
-0.00227642803118851 0.556610894090079 1.66760039160545 3.32491768288106 4.44537565250755 4.99771715625964
0.116877816194239 0.670210576483723 1.78920896627025 3.44749615741897 4.55868832701617 5.11576837383279
0.213550148240052 0.759685168985187 1.88770276223695 3.5487123146454 4.64727422152106 5.21160653341321
0.292245340818377 0.830654218976789 1.96858554411449 3.63189758109625 4.71637704206138 5.29025623701059
0.318114893852529 0.85469802193888 1.99643235990224 3.66037201116469 4.73827054783412 5.31758566869511
0.306137467988416 0.845027366657188 1.98458672784163 3.64873671088814 4.72753010796401 5.30733418379632
0.259069339391835 0.801214665963385 1.93419575851714 3.59952029022869 4.6845241229113 5.26045418019917
0.188166239971476 0.731576614673032 1.85829374872472 3.52608229882714 4.61624366938749 5.18704630633241
0.105742023778748 0.650589438048273 1.77034296858654 3.44135071375589 4.53705834912497 5.10003544552325
