8.54817520482687 12.2741230350612 21.2117149138377 39.7244970690177 55.6067667303319 64.5737147420726
8.05718227545186 11.7689301580585 20.364750262355 38.6471999137535 54.5210307332427 63.2364511712968
3.6771394163422 6.30406390925405 12.9542822314685 28.1772723141402 41.7939320112574 49.6457432945888
2.43683262452573 4.66483235782881 10.5360391197155 24.5711641928244 37.3869309542546 44.8580555562549
6.99577984766634 10.4641345273087 18.6820000660121 36.3062547509338 51.6658320459782 60.2312249031955
10.5201381742909 14.6583650684542 24.2391507398979 43.7821354842033 60.5611748759537 69.7453135996219
0.0229078502614244 0.732203026763817 3.45315565870624 12.830853344401 22.633562956955 28.4806186207275
3.82567070665706 6.51268869525508 13.2291210468817 28.5389973620292 42.3711142372721 50.1748251380451
2.75882413081146 5.12546687978393 11.1597923641284 25.5373240148535 38.5999094282962 46.1523875764639
0.146006368197968 0.238817719953113 1.7344210806853 9.28558861689504 17.8385319841262 23.0985937532719
10.3208857482613 14.3968669497069 23.9322367503477 43.4111642538118 60.0195526336323 69.2388652975854
0.550968997069429 0.259580150670234 0.959791071655346 7.30641287455211 15.0700810759981 19.9379257276866
1.47488971388404 3.34282746082968 8.38790764808142 21.2614077678057 33.3797393789269 40.4020045599178
8.13068402064414 11.8078142453021 20.510584131 38.8562551224444 54.5626680083548 63.4415985860598
0.906153814766066 0.367984894021434 0.647113708520698 6.26592342625739 13.6220313846655 18.2365133959867
3.25055996002951 5.74287288664629 12.139244090704 26.9717445704265 40.3237942520424 48.0522241290383
-0.00572480060548105 0.511089638103375 2.9075058982147 11.7076191301011 21.1926310031158 26.8531754855711
8.05568761743942 11.707393287273 20.3790000842858 38.6965173273735 54.3654679818072 63.2160306379253
0.103929624074324 0.253715613326377 1.90171455707181 9.62797655673225 18.3386416712831 23.6493021700204
0.645650662597046 0.281516488885513 0.85832127333748 6.99282729943601 14.5968270990836 19.4189280443636
4.66214008816686 7.56310397352576 14.7639735889995 30.6960019698373 44.9467488745274 53.0152176668526
3.86705310020034 6.56370785634273 13.2856213732569 28.6787066802118 42.4603699191502 50.3219741613315
0.82961033785737 2.36725810052287 6.74811554107264 18.5689010037411 30.0929889706809 36.7273595465996
6.02132159856251 9.23652719980801 17.1077181580672 34.0891447508102 48.9008176669133 57.355235572244
3.47053058505757 6.06519304421338 12.5315930247078 27.5787522893707 41.1693182576039 48.8837081808182
3.51537125074474 6.12029618923576 12.6585384533778 27.6484849610604 41.4216527234328 49.0659565620681
9.9702221251998 13.933936209864 23.3909407701442 42.8041519617042 58.9906427466152 68.3380468350814
7.31906029924819 10.8383782795347 19.2036774414245 37.0445925733335 52.4820264093975 61.1486858320467
0.270971417108608 1.33965703071771 4.89040068736743 15.3660804439695 25.9666033726415 32.2040514617618
1.1111007139326 2.79478092438328 7.5592758735482 19.8134476812177 31.7041004924629 38.4935291497196
3.14383317373455 5.63153408988846 11.9231492485689 26.6279516373924 40.0685534664631 47.658922792484
1.35338989543286 3.15735772081033 8.12507764449503 20.7246284332937 32.9076284471891 39.7670549527263
0.241057087800459 1.29999195246085 4.7735206723659 15.211187573963 25.7287263754666 31.9546703339147
2.03974415972609 4.14191357721562 9.6865631078626 23.2227468650259 35.8479079289697 43.0925301811056
0.0392976829306519 0.342346408205325 2.27865799019797 10.4242785254177 19.469159233486 24.9119944315086
0.824911604834611 2.32730045921972 6.76406191737831 18.5444587030282 30.0283290868384 36.6974457159177
0.450817090984402 0.227322670195845 1.11438776076089 7.69174861960064 15.6251670366053 20.5760642653701
2.20076107589086 4.35333285224769 10.034313395648 23.7428551761131 36.50517907494 43.808761540248
4.6049848973608 7.4894013385994 14.6656237401827 30.564003319079 44.8044534979062 52.8432559169527
0.186318035297787 0.223557235173333 1.62489999176453 8.94350623042593 17.4955249767305 22.6237161930861
1.11357109386606 0.436553434435066 0.51202883126992 5.72545331928196 12.941350247975 17.370369786589
0.00490151196874845 0.592064095027219 3.13932185922762 12.1480992311276 21.7917091201443 27.5121976470899
1.15535216754434 2.85794109119966 7.64196986638373 19.955560692506 31.8910869047368 38.6862098284335
0.460029269856211 1.70450310235877 5.61533177722823 16.6018418865018 27.6415340778673 34.0047312748197
0.0309541092490603 0.719536398140942 3.50392334524273 12.8044395259075 22.7227633483669 28.5191256270658
1.45245193684951 3.30703702467024 8.33637900093434 21.159063576852 33.2821302265258 40.2752377656784
1.26042095462104 3.00957973416061 7.91332514403708 20.4275673215972 32.3486784571244 39.2857759283122
0.48407896984059 1.74658691711548 5.68806324573627 16.7266475473101 27.7946238753802 34.1768597465513
1.793697640502 3.79831643028609 9.13616685946944 22.4398254686954 34.8474008013449 42.0130095506685
0.880654694194319 0.306598056514651 0.647167469929877 6.24392691301576 13.7706182948211 18.2681046184234
0.248813169401669 0.212596448332128 1.47252146059833 8.58928292299618 16.9283683096588 22.0368446637742
0.0190513568624007 0.671652047916596 3.3778403655487 12.5948966701722 22.4292493728901 28.198938287167
3.90220604350476 6.64336268298065 13.3682589322928 28.697330273157 42.7794612252916 50.4699594347706
7.73027939907224 11.3172764969742 19.8984106536033 37.9628131453199 53.5574865980987 62.3326501305934
0.417809669957112 1.66825809929532 5.46832793212835 16.4687782686807 27.3313127924925 33.7339791628977
0.137269948333957 1.05447370684428 4.19336281835003 14.2346904255027 24.4088170384107 30.5129571581432
9.26297255402075 13.138859491566 22.3371139474973 41.2232883837234 57.4650694389529 66.4985323565208
-0.00534737063220526 0.529070662848176 2.88708519650397 11.7147701121053 21.2186112098427 26.8494806705322
0.504129114934469 1.85062366655862 5.74656252158795 16.9649769118728 28.0582484602959 34.4563322265053
3.5495528753124 6.15255306143419 12.7341358926117 27.7237104140724 41.5128315150091 49.1708779416192
1.47948239044771 3.35085792404606 8.4077435306751 21.2919095662187 33.4029398623694 40.440132327562
0.814677277396016 0.314684521397721 0.711626574496543 6.4665946898272 13.9935961337572 18.6042729748569
0.108022139471196 0.257385405034643 1.87847620509608 9.60775138381814 18.285276283555 23.6052910071295
-0.00133983575025193 0.52119614767565 2.94094012028116 11.7624143715483 21.2640784297334 26.9306985734935
7.38580050964188 10.9518066586214 19.2902035773846 37.1847709946155 52.7584558483543 61.3613728204869
0.088278498811139 0.268397430980906 2.00145759929204 9.7520449642479 18.6466475261915 23.9156272697341
10.8572508133053 15.0461541703072 24.6930173106782 44.4900063922876 61.3099984467487 70.5823474390007
0.489831189370963 0.2328300079017 1.09162792729171 7.5549415070036 15.4601242019286 20.3697627014649
2.34470865320281 4.55976049231809 10.3547476540015 24.2306956902571 37.1014776928478 44.4592046845841
6.15726546681656 9.46519855100743 17.2954571835039 34.3303401740344 49.4449318848063 57.7572677009869
0.000737829589296564 0.445420712432111 2.71019149439543 11.2754145714213 20.6142106193048 26.2051266445138
0.00274786223923343 0.468514073106376 2.78188181634653 11.4425817868465 20.825354050942 26.4427565889582
1.18861306647769 2.9154153823276 7.72396283686754 20.0785203221789 32.1179422135296 38.8800761159552
6.34988934725397 9.6527188349708 17.6578291754312 34.8563777921066 49.8466567420033 58.3572977967162
4.77092438449792 7.70718166658884 14.9507427526175 30.9904644261016 45.3281530775261 53.3983177459686
0.942502044656866 2.52162392790668 7.09664518714276 19.0821271579738 30.7537510816094 37.4618736227151
1.63093031097432 3.56830841184795 8.77833363160914 21.798047482097 34.1267501778428 41.1755382125607
0.110599995573242 0.24682858483142 1.89493134788594 9.51687601409624 18.3580231795906 23.5612466725212
0.0472865102818413 0.818274010233268 3.69298714803713 13.2927506248903 23.0033718556125 29.0862476948242
8.75009424887828 12.4795409437815 21.5258200393186 40.2476686742104 55.9560183470943 65.1247118619848
13.114956808797 17.6656415130937 28.065632220798 48.9445244048049 66.4472786682435 76.1225577715179
0.4684246554099 1.75823442525685 5.63431580268047 16.7496865594118 27.6862848077961 34.1292129167233
0.381075778657191 0.199707656217098 1.2128934246373 7.91183024947682 16.0295928950877 20.9784045724943
0.331906427958802 1.50265278667053 5.15252216926518 15.9215221271636 26.6360448055845 32.9613789004877
1.31258384940867 0.501388673830036 0.387125355129766 5.30041078584758 12.3853499719515 16.6490055204569
0.343811415906647 0.216610085278135 1.26792016347152 8.13961094323492 16.2600621231651 21.2877576510166
0.440234457028878 1.6742172497884 5.54127008978666 16.481238631177 27.5420321005984 33.8496048737163
5.45265698863846 8.57407749950183 16.1262709887587 32.6616197125211 47.4332858959593 55.6076857237265
1.38870943590275 0.539486713885862 0.360325619310693 5.12547570193536 12.1361511905375 16.3602953532596
1.33790862427994 3.14278832702191 8.08120964642397 20.6673671237044 32.9067556565406 39.7107013913636
1.05948538470675 2.70989350415613 7.37399020894762 19.5818111148646 31.3204713913252 38.1185505969225
0.33997493643622 0.19451077378603 1.28751288918432 8.09579315626421 16.3105042748634 21.2835744620395
0.0224519832707402 0.732853202250196 3.45796531821409 12.8299161862449 22.67963052184 28.5011784472351
0.938487965130615 2.51948674422276 7.0542830056481 19.1747224024012 30.4728017815968 37.4150216056775
0.0968395884072093 0.264611655750686 1.94174409364895 9.69965485762371 18.4396326910209 23.7667115114908
1.11129387067144 2.78500116587393 7.53717715753825 19.7965560319301 31.6316446516589 38.4466705340805
0.978752858953124 0.382099539789606 0.575036685755209 6.04437807691584 13.3430078675811 17.8880570599699
0.715032562136553 2.14845643421415 6.42131457360699 17.9503082983929 29.3308649422995 35.8868795585385
0.43499693753724 0.227469567626527 1.14248692014481 7.75861143604586 15.7399471674964 20.687516669312
0.0299555917130051 0.755052000903635 3.54352274285857 12.9399992924516 22.8566238322258 28.6908392034621
2.03440297312583 4.11723351437713 9.66937927695851 23.2474680380644 35.7712882945485 43.0835443866104
0.194897459938482 1.19018044873622 4.58131792034743 14.7928229947603 25.3336273254596 31.4265312691643
12.8276457956078 17.3334639300631 27.64374603322 48.3863514302784 65.8066317982656 75.4319215360662
1.0361659040598 2.68357631043261 7.3373109293316 19.4660845670005 31.3525189574816 38.0310255731807
10.9356545686564 15.13582504732 24.8372312721294 44.6427424606787 61.5168427993806 70.7966396321575
7.46990926599453 10.9933846678119 19.4961309730642 37.3567336166059 52.8583870923775 61.5838745245137
0.0394118378039284 0.3371876279849 2.21687383138128 10.3277609220495 19.3514913040447 24.7471759508264
0.0925448972322084 0.946025588528683 4.03449413970757 13.8169200874297 24.0738145897439 30.0131080520804
1.09593983603385 2.77665041379892 7.48942453432531 19.7065737199116 31.6677277910062 38.369259667155
2.34921938422792 4.56584923243597 10.3193412172929 24.2309923777827 37.1106623669303 44.4389960349091
6.67427009381141 10.0847006658482 18.1705466684409 35.5121463777374 50.9061339474285 59.3025317893876
0.278722541022738 0.189103183642364 1.40080685774447 8.37604195488068 16.7504190968483 21.7496459763849
0.437709498636922 1.66441635071296 5.53974568478815 16.4689030754855 27.4542961025586 33.8111574763805
2.84179622170889 5.23228994486469 11.3649239582083 25.7649500031587 38.9965563303863 46.5103252581809
13.7325100266326 18.4099835726197 28.9294385666501 50.1059324969128 67.8852942112074 77.5836674676646
6.59462027252459 9.98511595850794 18.0321402176672 35.3893008938033 50.604562001254 59.0769174282545
0.666395488663785 0.276201525338008 0.848710187982539 6.91810456390779 14.5618175289473 19.3257400416841
0.035407811598667 0.346280103713228 2.27501991890863 10.4847808969884 19.4878856674952 24.9555238791821
15.6364390162745 20.4780014329123 31.7269815537295 53.7941610374809 71.718409442995 81.987508407204
1.86077216933338 3.86903825729272 9.28846963994875 22.5516000465239 35.0570494797047 42.2155935532719
6.70374236217453 10.0696639908648 18.2465501456464 35.6451103088373 50.8158840646698 59.3818090495899
3.30263724610088 5.83501227840541 12.2653421549432 27.0699800042121 40.6619436750423 48.2784059214391
0.0115982308217939 0.441864091109086 2.63098798396808 11.1449653454337 20.4344659969464 25.9913556176207
7.46114077328555 11.0005630738247 19.4597708401798 37.3610782700557 52.8654000608567 61.5699465964397
2.71256744201683 5.05595190372964 11.1083643620467 25.3623025606565 38.5401726163608 45.9900571660081
6.99328572658247 10.4679524938492 18.690371836527 36.2310821371081 51.754374983746 60.2212249105342
1.39504755957237 3.2205714327079 8.20651604998405 20.9853599367532 33.0168407154287 40.0235295178647
4.09447221723487 6.80367096349414 13.7284002986475 29.3269956465591 42.9977020194203 51.1012435893307
15.8929561744496 20.7306159762015 32.1123101316681 54.2903936406392 72.1676672953549 82.5608792469533
4.72475317800749 7.62599028083824 14.8599643443626 30.9226492921687 45.0981754296948 53.2382536199171
4.40377780587283 7.25842340065494 14.3080916721316 30.0440927501806 44.2585696969661 52.1944419324434
11.9782712161005 16.3670017199554 26.3796632914512 46.7041935176249 63.9513828971452 73.3772514584332
8.3963178542835 12.1120023904182 20.9276220915073 39.4525841045493 55.2185977064823 64.1744668284063
5.62626953313817 8.77974254424055 16.4265400978604 33.0858178285963 47.9011639706493 56.1438872282682
0.766029689597397 2.2665787190492 6.5544869536819 18.2967674633399 29.637394005075 36.2983909818848
3.11889169322665 5.58730184257062 11.9241157230151 26.5827508066279 39.9953975018189 47.6038377080589
0.0715446216055571 0.29858147117671 2.05763331090642 10.0091553718663 18.857720862211 24.2303260723292
2.75586036795002 5.1087752515135 11.1706823365061 25.481824497311 38.6484480470506 46.139607140519
0.296035906448118 0.21079941118673 1.39077368265736 8.37331705760112 16.5888624395263 21.6798261074819
6.73514569228592 10.1228425197068 18.2469926281542 35.7247695924819 50.9001697092217 59.4569745946453
2.46512563828907 4.71093826776481 10.5855502628806 24.5834591330234 37.5284665457438 44.9370971488333
0.296999187904512 1.41036432886064 5.03631130862884 15.595008398829 26.3837412506897 32.5836675773987
3.3691841629979 5.91172243147289 12.3444035137417 27.3176310043922 40.7242685223909 48.5006208462468
2.74929458061615 5.12649982585662 11.1574242363565 25.4960438515849 38.6822768212008 46.1452816740108
1.75157644215079 3.74695817209504 9.04812351410334 22.2489200089839 34.7017941080919 41.7865362546216
8.26359308368199 11.9367232345362 20.7613744436339 39.1041629607361 54.8884670255398 63.792201784926
0.0414715948584164 0.783838975290694 3.58471677791431 13.0491483043711 22.9641106445875 28.8279721464371
2.7438237393648 5.08691796341172 11.1653074498586 25.458139193006 38.5886609065413 46.1035399196975
1.89559184949735 3.9388711193823 9.3760378963725 22.7379003624606 35.2433593618656 42.4379518583856
0.0880432173753124 0.913016794817683 3.88461157078138 13.608265538801 23.6817545659977 29.6384731084626
1.30551702034181 3.08062062350141 8.02640332756362 20.5581392482957 32.6300169286666 39.5178263752634
6.46475061112783 9.82471991489922 17.8314173058893 35.0437319616023 50.3194139720911 58.6912519473175
7.54473764625447 11.1265408287901 19.5878032494706 37.4691597060501 53.2035059397308 61.7947985376052
2.04759556279029 4.1630738362488 9.68555820243799 23.2897221571722 35.9057338823413 43.1554588392373
0.734567022522202 0.291691088057699 0.771098366180507 6.67177993791817 14.2097711198159 18.9388922157899
8.33599297919257 11.9762900947761 20.8707318523278 39.3651487806535 54.9259924518777 63.9959394808881
0.147895461253659 1.10323378159934 4.29694253105179 14.4193468377543 24.7309086983763 30.8083438767695
2.84573215283724 5.20788304323958 11.3960899908127 25.7729128547187 38.9544674988402 46.5232133605048
4.04875735172579 6.79447190546723 13.6564151770914 29.1476497092468 43.0956065316395 50.9817386628524
0.382725522242666 1.5585446014752 5.33610193238628 16.125404081866 26.9775140527051 33.310145309792
0.140043676473556 0.243324470717053 1.78667007152353 9.37313291808354 17.9893813113621 23.2442451165315
6.70142380341887 10.1176599793568 18.2146576362525 35.5731772928448 50.9794960698142 59.3810354200864
3.37022099644726 5.9379493277737 12.3392169645458 27.2944413508352 40.8375766298718 48.5118023200034
0.00849077877931671 0.474019262986597 2.73166099082797 11.3759098173152 20.7479317406882 26.3537205115954
2.44231302507585 4.69023612219095 10.5146061628061 24.532899693917 37.4674713267445 44.8387699603898
0.161064045373473 1.10715792301946 4.31935169442493 14.4162365357923 24.7288646930113 30.8096261880089
3.53681139608395 6.14164965673743 12.6931798217311 27.7490366138086 41.4170721461408 49.1386026631676
8.09768880721377 11.7839367690848 20.4370466169676 38.7741082036492 54.5307508488628 63.3517454202055
4.28249704450343 7.09404924817126 14.0652820867032 29.7650006394992 43.8438158620391 51.7787363968932
4.86568597921762 7.83739969987763 15.1043768535603 31.2355080139274 45.6497715212284 53.7213179173232
3.02876575720719 5.4763109086095 11.6895042346312 26.3386825924569 39.5581587584957 47.2131923926275
9.80614021720854 13.8060398853722 23.1101877610189 42.3479124338088 58.7967028690073 67.8998613502548
0.0154841808681775 0.662788674850698 3.26644247176014 12.4431218611533 22.1749354869766 27.9304787257375
6.90901013304832 10.3784897209122 18.5182241103634 36.0886698305085 51.4914530412257 59.9755542992904
4.79216605179379 7.73359907492551 14.9917324128729 31.0323686389712 45.4050079523428 53.465390035617
0.00865636916907857 0.423273851898407 2.63766383369182 11.1524517530196 20.4287594964022 26.0001550923861
5.96356693466937 9.19885058547945 17.0078253745663 33.9003889199493 48.8838471696177 57.1955216164593
0.156115513202261 0.235670575644502 1.69611982323363 9.19535441281796 17.7519937687975 22.9678133190394
-0.00285863416911998 0.514551106075484 2.94707193238664 11.7505150793337 21.3546438479426 26.9530994488879
8.02637360750681 11.624237560489 20.3749192404409 38.6717425970841 54.1596292666502 63.1405466640459
6.50243685115392 9.84823217061638 17.9122821364296 35.1588844895146 50.3472737921148 58.8014911448342
0.0109596555355339 0.433139389586544 2.63252823229669 11.1152262578014 20.383104291734 25.9565807752248
1.33940514421099 3.14778820984088 8.06931108468065 20.7562608706744 32.7379473372798 39.706986000568
0.651627537354929 0.236977569327125 0.860847823253407 6.91408332479381 14.7135693932922 19.3829071503452
6.45271969056611 9.7975285246704 17.8073218472488 35.063781910243 50.1672206873898 58.6493449351407
3.40041491658311 5.92551138253297 12.4369000571624 27.4127061483655 40.7961461135312 48.6186181328018
1.46883827734991 3.33092356368057 8.3861287067254 21.2652526317558 33.3758178491331 40.409698704926
6.53394453322468 9.86530130143092 17.9577880080122 35.2482013368311 50.3488211558118 58.8757603077576
4.04268795080615 6.78927684448724 13.6336676553748 29.1279973755965 43.0816074705696 50.9503382347446
3.54096083844454 6.1431049294678 12.7100107737689 27.7197506588949 41.4511218192533 49.1404650743027
0.0634157005805854 0.303487353365476 2.1368886085015 10.0779175865283 18.9913604778958 24.3744398309973
6.26678439527947 9.57404028315528 17.4994796125989 34.6399620860087 49.6850936267435 58.1070203290727
3.2952053974595 5.82815749458439 12.2485487823567 27.0449164441722 40.6513662363814 48.2528762699228
0.863588417904255 2.42580954312422 6.81763458865895 18.7830799362963 30.2251497944053 36.9524713742009
0.190665354246807 0.223909456678354 1.66852412176507 9.00624592325358 17.5525487918893 22.7188089859851
0.23927664495444 1.30362097377309 4.74602407584575 15.2023904544411 25.7404092087519 31.9438790689159
4.26420889337114 7.06312613529788 14.0234891145062 29.7192047449165 43.7390485680987 51.6956081599052
10.3955969399981 14.5420495280423 24.022981389431 43.4920957575798 60.3624561210752 69.4322238174339
3.75240388256493 6.41137871086845 13.1214909586299 28.2910441160077 42.167374864683 49.9096897366416
6.0397427001063 9.32675377898896 17.0973221430612 34.0801187251892 49.1396214493038 57.4218892978651
2.75086772518603 5.10336946868484 11.1924895863091 25.4543391279589 38.7132451342726 46.1477722801549
2.85689094437524 5.25911703638121 11.3838279555164 25.7405253116928 39.1753718984383 46.564255263544
9.6778233611082 13.6328903455926 22.9484562964747 42.0966765083972 58.4451702747659 67.5768147508381
4.53806886132458 7.45371210687145 14.5312008773135 30.3461714056582 44.7764542309906 52.6510199673
0.744235471225007 0.280098038978202 0.79204612864997 6.66944182046378 14.3039981561889 18.954866942699
4.43107082328019 7.26781134945721 14.3281756726568 30.1610597559092 44.2381796823202 52.2623951197513
0.824005903959898 0.301864607501067 0.705133366495441 6.41015399534197 13.9423468217216 18.5325842938615
0.0315981630802059 0.351709444553647 2.27317794883091 10.4557066381416 19.5219482425661 24.9403157363077
0.869087047290726 0.355255964856034 0.672200528701523 6.35916084351108 13.7485845307838 18.3904207780764
1.22845466219865 2.9832358180065 7.79054387435884 20.3125056320455 32.1902481237858 39.0993426460548
2.7118406232761 5.06435467532954 11.0682900146257 25.3571620830248 38.5285873230324 45.9695683657361
2.6462624185075 4.98903951422858 10.9231188990233 25.1783914263208 38.2911062437194 45.7106957052903
0.909790416597479 0.36067833305479 0.647469122345649 6.22991722241298 13.6187257530429 18.2016813272195
0.380792660464897 1.56869736858467 5.33471178324783 16.1330680812491 27.1303206413403 33.36822225513
2.9512696306325 5.38031689132175 11.5736042601421 26.0201378415554 39.4947651676452 46.9289753979638
12.174275801158 16.6125571246036 26.6841643474936 47.0844066318645 64.4093389191348 73.8578716762312
0.035326984934833 0.786748998773226 3.59909970622238 13.1147876709008 22.9508817012237 28.8787833398362
0.831545039692148 2.38378065573608 6.77140696896147 18.6617096785095 30.0836665905615 36.8060782170127
0.00900411266285883 0.594487560939646 3.12087868953242 12.1074421955288 21.6890608588213 27.4315352331468
10.7354210921601 14.8892497819909 24.5659019235085 44.2481173056388 61.024300135434 70.2966307047033
-0.00810515042015184 0.490307833378573 2.86727852992446 11.5998074397105 21.0428774042334 26.6918404716852
0.640719675791671 0.260960388187139 0.868787594776698 6.96923473007398 14.6749465116224 19.4277019694393
12.1444630888293 16.4559363344448 26.682283323397 47.1422463054126 64.0556751216476 73.7855991842515
6.11528900028902 9.37423965779142 17.2576780285669 34.2779851197669 49.2013572185732 57.636025648245
3.30259530038597 5.83014077682653 12.2616383485168 27.0970182972627 40.5993485076276 48.2769521328846
15.17137262106 19.9911290348776 31.0254011268769 52.8911824209689 70.830346588227 80.922182182532
0.00131672814178746 0.553953104586811 3.05926678735076 11.9647939038077 21.6362272240928 27.2738466469472
11.990324880581 16.3597305316598 26.4043563952325 46.757209653085 63.912619075548 73.4037961920738
0.37446608638412 1.55066863513671 5.30209367676804 16.0572576909442 26.9607584177651 33.232942086504
0.0266877833129338 0.721393217114302 3.51614231689171 12.8290074182946 22.7743268015687 28.5645210985573
2.32914399186128 4.51645413235714 10.3076627561883 24.2211724879095 36.9473553817869 44.386690793198
3.932953746175 6.65072345134845 13.4454523806226 28.7887009784889 42.7401222655686 50.5497453317731
1.02231040240546 0.374751912936577 0.537404040074439 5.8940470943762 13.2668047435837 17.6735640010738
0.188869460200112 0.22466615433754 1.63285483912756 8.97102026857314 17.4436218968856 22.6346215843624
4.62488491959838 7.50768537628676 14.6892035357885 30.6217082089826 44.8001650693484 52.8911185571398
0.469489820474865 0.220540164011513 1.07873747798 7.56725698159297 15.5071709436566 20.4032426015353
6.36740493286892 9.68272082562944 17.6419885940432 34.8749652924719 49.9170255624083 58.3814177422018
12.5309900079946 16.998769162418 27.2152363625874 47.7926582978503 65.159047271236 74.7183627086482
3.69257425190336 6.31476986313686 13.031542485658 28.1798918705617 41.8656821276045 49.7026358570825
0.0250190176673551 0.695844080961774 3.44382134677392 12.6919941466292 22.5746599041093 28.3526212845075
9.89960404073242 13.9578335419905 23.2773736633424 42.4848449849373 59.1840361765174 68.1681456587797
0.604648888098939 0.260694586462472 0.911940548979689 7.12177324625631 14.8289127188332 19.6506049360191
0.00520258174479308 0.612988837775096 3.1179475947975 12.2161186169369 21.7548870183198 27.5417333454116
2.79793151959684 5.14945433463882 11.2931111555877 25.6096203075797 38.8045772031078 46.3216108377659
0.215522425683425 0.21944716046924 1.55818860333356 8.77686293007358 17.291043146073 22.36697220649
2.58369011648196 4.86479513113851 10.8527189585846 24.9697240411717 37.9632482527667 45.4479511352613
0.775347040459176 0.264597563847741 0.73272433613516 6.52874634999694 14.1969043093522 18.7523834059091
0.525913246121734 0.208333458820751 0.994423080381097 7.31515718664802 15.2992057175331 20.0482941483004
0.263715303735305 0.211716966999415 1.44885785037755 8.50500941891979 16.9351917049203 21.9420935364484
0.103846768112581 0.27443161958929 1.92901387850388 9.64283481826646 18.4725906892366 23.7223018163875
0.0220235241701314 0.424494852205159 2.54506242470807 10.9843458613638 20.2424451714046 25.7658369901931
0.0275902920761599 0.659413500136953 3.23375593910367 12.3906860665822 22.0554174952046 27.8445209057499
0.113534842602475 0.968357551549301 3.98647059841539 13.839871534206 23.8885795784876 29.9365664538899
0.286549157530169 1.35414391939141 4.82232357693054 15.354870121891 25.7363397674994 32.0708445356896
0.535875599660702 1.83693269961237 5.80741380789785 17.0854048303066 27.8242810744289 34.4833186676233
0.799398386431257 2.2877544870942 6.65164289828504 18.5040420264343 29.5757400132826 36.4607316197139
1.0508511728601 2.69771435692003 7.36578865378412 19.6897292105244 31.1392868387083 38.1386118367463
1.33857330362931 3.13576788328161 8.09200854328852 20.8537860537027 32.7212866991378 39.7950638800436
1.67725869349058 3.62718629556019 8.88119625726788 22.0638716502453 34.2975398238116 41.4755868793792
2.15739028892416 4.31195846015367 9.94192048284036 23.6973631956898 36.3449158042438 43.6917483247485
2.77198283932532 5.14599817774413 11.209699598472 25.6193156194564 38.6624626557234 46.2567939417007
3.46423252030601 6.02334650204778 12.536278325002 27.6000418424766 41.0007848426261 48.8567927993488
4.16153477513032 6.88698048477774 13.8527249869756 29.5069177599511 43.2075378158604 51.3350986807961
4.70804082665622 7.60332158392974 14.8291400362621 30.9260930511548 45.0437385258823 53.2282083998455
5.44653381840631 8.54119085306488 16.1448672022502 32.8294603606199 47.3763524641838 55.7249196790464
6.15369235982745 9.40095234237616 17.3169260008237 34.4570676628168 49.3173288691404 57.8143397286783
7.10331729516228 10.5236873633118 18.8809285625758 36.6189822807372 51.7948596181932 60.5468534243223
8.22373143101701 11.839225845103 20.6943953569949 39.1214167735137 54.6321453318845 63.6855841454026
9.31727366109354 13.1592430522743 22.3908186881941 41.4530191371769 57.4026192408362 66.6354534131366
10.4844146559737 14.5281635850771 24.1828108306341 43.8656143005217 60.1953714252227 69.6616278031859
11.6029598122449 15.8160924261266 25.8857092429791 46.1234938945964 62.7887279446402 72.4837121252318
12.3666352116995 16.7042054418977 27.0189964773539 47.5840801173928 64.5358322070431 74.3260071940748
13.411265654295 17.9475799457693 28.5505751769431 49.5839490608112 66.9672822702669 76.849383941602
14.4063156348964 19.120926487078 29.965897800232 51.4569556416764 69.2135130434496 79.1851047525993
15.4413222016892 20.2755259782293 31.4557090388811 53.4311447171064 71.3643029486281 81.5683044730073
15.9705738196791 20.8209260787944 32.2322655015048 54.4453859818415 72.3391960006238 82.7500178752073
15.8781015983362 20.7103801808472 32.0875848631644 54.2594532708881 72.1282468074926 82.5214832655288
14.8255796116699 19.5930094122334 30.5298701348668 52.2301127059306 70.0786912446067 80.1142876271664
13.5746714037892 18.1835423955889 28.7288241371261 49.8262883158697 67.4213032823918 77.1972308313739
12.2856125113392 16.7137980348009 26.8550072380371 47.3065945437309 64.6089809780554 74.1213268943038
10.88311333088 15.1047301045699 24.7540307670738 44.4779442991506 61.4742852597943 70.6511264903591
9.84517373573007 13.9012131905046 23.1903325072291 42.3685332419235 59.0791535587035 68.0334826969453
8.93856611008822 12.7938693779608 21.8090361187006 40.4992744426083 56.7780208326195 65.639648357059
7.84084303066384 11.4831272736584 20.0639969239454 38.1209550212328 53.9832039574729 62.6262853122737
6.825441398625 10.2734702191532 18.4134588473524 35.8487265039128 51.3341212687283 59.7437429660133
6.07430188699058 9.34644108266085 17.1926734423003 34.158374363068 49.2428623302604 57.5466334446982
5.35013193085721 8.45435974010038 15.9497086064778 32.4133391819635 47.1651251437128 55.2960205089336
4.57837567490694 7.49141259962127 14.606147519236 30.4821334305625 44.8497566543612 52.7835944853116
3.81352843122336 6.5331662330976 13.2026630057184 28.4592799875207 42.5121635692619 50.1635918393265
3.30774703976718 5.85593971548724 12.26596416982 27.0763009855342 40.758515906402 48.3198054195501
2.8077750759275 5.19072585155506 11.3060629794629 25.6426409344776 38.9721956791964 46.3989719811937
2.34587523878053 4.56617415764787 10.3542299853638 24.200029761074 37.209970750422 44.4696118291529
1.82530005272538 3.83915066027695 9.21545554171644 22.4296870557679 35.0448902817437 42.0887169557482
1.30593157852826 3.09324893043056 8.01254611957476 20.5315918360665 32.7234801806975 39.5169860011114
0.945628553583324 2.54786536977199 7.10464750040256 19.0938082476841 30.9169206351465 37.5239885088871
0.709148332942624 2.1471020368643 6.45572306164351 18.0291688590802 29.4523090732667 36.0069331022809
0.466447244564442 1.72326187728859 5.68559985111759 16.726619369204 27.8045624217264 34.1887964002258
0.264933961581373 1.34409615605425 4.93203542520752 15.411264088895 26.1494719831482 32.3291495866816
0.111664881474565 0.995750595618781 4.18270570596086 14.0727472272725 24.4140342822613 30.3954535007782
0.0205042610068728 0.643248428734959 3.29409174397108 12.4293342442481 22.2034530894311 27.9485285171934
0.01405288436558 0.382079433146447 2.49752039082112 10.8900076998385 20.0652657709959 25.5991267839634
0.0258742005771703 0.353447273979361 2.34757211856776 10.6233233135838 19.6537731960853 25.1672902395911
0.00593047495840146 0.527298904339269 2.88604716839474 11.7479233763376 21.0779313650321 26.8277705119413
0.0390683935913307 0.784348218702526 3.60804332264202 13.1345148662174 22.7813528742073 28.8493572305208
0.0943341017829915 0.986211884664133 4.10135725075414 14.0513247710359 24.0673942317736 30.2195919655868
0.190027575880916 1.24904869560908 4.69075087762168 15.1341952736397 25.5565066658464 31.8230213601307
0.352449172273741 1.57438441581436 5.32773439935739 16.2452451192316 26.9939810396149 33.4099451092827
0.612621265925579 2.04319134741769 6.18879547843058 17.7090776653717 28.8577662432502 35.4724273368525
0.964233318620785 2.60256736490546 7.16111226947486 19.3056172148066 30.8842017603637 37.7006209010101
1.38139056813596 3.21481008984832 8.19009150975003 20.9505642597864 32.9671057759576 39.9715040766105
1.85312552631067 3.87246482125789 9.27552311151907 22.6455567959143 35.0432866734843 42.2758805133832
2.34252595620217 4.530845739212 10.3432377270865 24.2728486918485 36.9854885358179 44.4513152839772
2.85518571481221 5.21389413591037 11.3839858791914 25.8546630212208 38.9153145485614 46.5555746350505
3.39865260245422 5.91678511112385 12.4374613238991 27.4134391888882 40.7689453137752 48.6119309222012
3.98340512528266 6.68278331781191 13.531640140702 29.0203250303961 42.7428497386593 50.7321051199113
4.65640684095107 7.53477182865596 14.7541181945134 30.7867785408368 44.8715149279881 53.0420585492894
5.42535977898602 8.48149785417639 16.0972414836577 32.6761105870249 47.1188839614682 55.4924454303746
6.1972037698942 9.44339246667284 17.4162223510632 34.5182311477391 49.3602605548896 57.8943369851693
7.03308673396304 10.4919235284758 18.7795761534893 36.424009447713 51.7105501906634 60.3687766757539
8.01454894228825 11.6691294304067 20.3451737854628 38.6147684760267 54.2651894816475 63.1395362598117
8.75481465428466 12.4811762150494 21.5411049259388 40.2551437788007 55.9476116423194 65.1326910356086
8.90273797909889 12.6375904720053 21.7808737482782 40.6040355358526 56.2891008870018 65.5469994776886
8.72104285420976 12.4146139472327 21.4994809048338 40.227726097509 55.8317018126185 65.0637255584104
8.07796961311154 11.6771140369096 20.4642983156827 38.7937036492411 54.270483508634 63.2859617292489
7.16851023646566 10.6534500832663 18.9851210670411 36.7252220209072 52.0745520359315 60.7411294045765
6.21627740996318 9.53645228183142 17.3962150219528 34.4745675416628 49.6073694033641 57.9396044687507
5.35566562474428 8.47694400406132 15.9326046110692 32.3676511779695 47.1678684777503 55.2544362913621
4.58815788983382 7.51900915247351 14.6161727201261 30.4673324646595 44.9317140366159 52.8119857071555
3.89477183884832 6.61315322545223 13.3784328243788 28.6628850732989 42.6977506135922 50.4300149572262
3.20565545801215 5.71478944368403 12.0662073271845 26.7461660959335 40.3969724794014 47.8994498964216
2.643451005625 4.97765180835613 10.9623803957312 25.1162240767037 38.4122175886621 45.7333240378922
2.20347661272399 4.35465780550964 10.0356392189253 23.7016834704129 36.5909425535772 43.805228887631
1.65984091856979 3.60361097694699 8.84455999435573 21.8749636241884 34.385933464664 41.3558265608442
1.26261551666465 3.03555764061435 7.90065663208509 20.3827754484806 32.5709235662216 39.3261746324239
0.976638167824275 2.5882210718023 7.2031489313335 19.2402912705458 31.0113347568165 37.7076438989684
0.673128316629285 2.09795274753139 6.35368086416197 17.8516301670184 29.2563079111795 35.7738720967054
0.404004130851053 1.62371030919705 5.44670084212642 16.3393547493917 27.4267321096412 33.6742043583764
0.205375314951801 1.23499580162109 4.66910464791442 14.9736158457089 25.6766755296483 31.7285393911932
0.0936643175627813 0.946309788622188 4.04278321292115 13.8114527073208 24.0960319794258 30.0176355486613
0.00954766604872819 0.657511847348726 3.35830551153708 12.5345576716011 22.4055438131282 28.1356825854186
-0.00671886908592239 0.451396924468127 2.7657578642404 11.399159045076 20.9188084096866 26.4353510421438
0.0232180405698388 0.326770033114479 2.31919866226411 10.4671074218902 19.6317600512654 25.0162532582314
0.114533759696636 0.239961394457856 1.86862751022132 9.46168582531127 18.302620866657 23.4817810638829
0.251495611025213 0.185359336926221 1.44443063920323 8.4827540581671 16.9591551961724 21.9425241207314
0.424379836374264 0.187331892506356 1.11907026804588 7.66703837493723 15.7683877566918 20.6148045314798
0.666491063762627 0.241203601485564 0.809852338569477 6.81095596656659 14.542768266882 19.2044485266912
0.975758354385232 0.345288797397659 0.551095684249701 5.97636421694566 13.411369286136 17.8206880244389
1.18795173234925 0.446327643055048 0.439567206619266 5.5057786901602 12.7142042222705 17.0249240831789
1.38183763768309 0.536927159287329 0.361049402049843 5.1246462976165 12.1420644315843 16.3668267540893
1.45407558479303 0.557590601561107 0.320937537875648 4.99599156204636 11.9855214769318 16.1415802540384
1.38889148630556 0.519007393989501 0.319656247836873 5.08835200098803 12.1177530538683 16.3069117734505
1.22042972352874 0.444086840188114 0.37562032881889 5.37143558428879 12.478169127745 16.8017304231574
1.07651085416041 0.382606139680262 0.473482437452407 5.69780538627081 12.9519485764133 17.3580862486676
0.95704628744706 0.329807267004263 0.577142629410585 6.02545861178238 13.4722331637782 17.9074048605107
