8.5738235918633 12.3352598401264 21.2206407038842 39.7796951928655 55.7257792030338 64.6494218328917
8.00443183464875 11.6774867870212 20.3325515778155 38.5122864790294 54.3513878468344 63.0912220691388
3.68022154017616 6.32612076418631 12.9629624800763 28.1588672485284 41.8602197833577 49.657697975532
2.44809273950543 4.68494369389107 10.5613737854867 24.5774431060138 37.4912997100871 44.9041017179145
6.98792358350262 10.4525019543528 18.6835534515235 36.3037407609499 51.6396183357036 60.2210637270298
10.5463319133552 14.6632285271472 24.2831285932736 43.8892004343124 60.550820510163 69.8217006533236
0.0224376270014189 0.72054972773626 3.46222079086108 12.779589193162 22.6325255235603 28.4448524100854
3.81560118651761 6.48859031566339 13.2299313034969 28.5095343793108 42.3357809763156 50.1437087368541
2.77251073505173 5.15105108183216 11.2080992801468 25.5669201755503 38.6901963153287 46.2235910864479
0.145089110328537 0.226604321917051 1.75801415870054 9.25465570129037 17.8716663025481 23.0969561035911
10.3260289658404 14.4065633551182 23.9357686949245 43.4298585754261 60.0328369430143 69.2548183038463
0.542562598433743 0.246571996066706 0.956042920325824 7.28653771980437 15.1219126099419 19.9382742347881
1.4625994679107 3.32382821665178 8.37179059392656 21.1920481925926 33.3711598732678 40.3451899732187
8.15698645053844 11.8345769478836 20.5754303546066 38.8806356019332 54.6650548758952 63.5141646691498
0.886848871417395 0.356877885344331 0.644584709822884 6.30321128367574 13.6671600714926 18.2888806900501
3.25024663808689 5.7585169292858 12.1409514807904 26.9482306583188 40.4042195020398 48.0623720467392
-0.00144882457445026 0.513106733697984 2.91477009079809 11.6988868974183 21.1952657618462 26.8523074178688
8.00536155802805 11.6684829330738 20.3251747950868 38.5382368130403 54.3571379745135 63.0977223631136
0.111941553471365 0.253310255088237 1.9155506344525 9.59956694910962 18.3514484824044 23.6390856021044
0.636034665124595 0.262119030884394 0.853637571167257 7.00802595703069 14.6899414265958 19.4593444718901
4.69312880907803 7.60584212472991 14.7968528816625 30.8049204609711 45.0370420019314 53.1323616577496
3.86316662129007 6.55241817941485 13.3000248218353 28.6252961459418 42.4974145472939 50.3060283569176
0.825397335484275 2.36034776336391 6.75841877288214 18.570804848542 30.0816404647665 36.7309790562518
6.04548499153624 9.28835423057684 17.125660580062 34.1076141626097 49.0374834183913 57.4132057684396
3.44300300228129 6.0295986142135 12.5092942602606 27.4804058934097 41.1194480681992 48.8002200452154
3.49895101966906 6.08793616062658 12.6174361576589 27.6304950756619 41.3013418469874 48.9990751661274
10.0098710545461 14.0353336446672 23.4369967239626 42.8185269819983 59.2402441828656 68.4458225520311
7.29904164979573 10.8216619023978 19.176715778581 36.9856632037564 52.4655544064525 61.0972288412311
0.274652047432102 1.34134406045635 4.89532559226432 15.3906818716577 26.0121649403166 32.2358072878361
1.1119189523853 2.80614638711144 7.53505788328683 19.850151363809 31.6807675330728 38.4930352579495
3.12887760739917 5.59725594709484 11.9144867367968 26.5714934079611 39.9944336781807 47.5949204050798
1.34538539811908 3.14518135769341 8.10326501351008 20.7267943749783 32.7947342396026 39.7240959997869
0.23856922863057 1.29944377379373 4.77432012328023 15.2163039934916 25.756821155443 31.9667146784601
2.04140024149466 4.1469079861053 9.68590941882185 23.2464156169272 35.8728384866413 43.1182823675103
0.0412895661066957 0.334268551422184 2.29280377297766 10.4258201701776 19.4848823869669 24.9284799770976
0.825650050178536 2.34555931587461 6.75347147408238 18.5762876485416 30.0471056069494 36.7196808966616
0.448444411193931 0.214762882089827 1.11452135419707 7.68746521585445 15.6856694855083 20.5931918138222
2.20842188059785 4.35759294810458 10.0416621481083 23.7737745308861 36.5409457483694 43.8377294015169
4.62137040562774 7.51507691548423 14.6654284366167 30.6334000581601 44.8457969466271 52.899961943149
0.18686154697277 0.231795336839756 1.62120584134271 8.95562487334723 17.4690853844968 22.622346184957
1.10214204458074 0.452277407997047 0.491987594731806 5.77073957941178 12.9209074850395 17.3993941217818
0.00330596308779334 0.589442038471871 3.13995507504533 12.1521894275935 21.7871937863155 27.5141747477206
1.15979856236762 2.86687912134722 7.64615304993572 20.0108374859064 31.8607836743327 38.7220344419892
0.458335650975217 1.70172356470438 5.59052445797458 16.596613719237 27.5765442818842 33.9692194578669
0.0295405207158918 0.724655705616183 3.50010188361055 12.8445030205687 22.6959402844403 28.541357169009
1.43901462153544 3.28654766104483 8.32330246520026 21.1101842409567 33.2676514143796 40.2376746094095
1.26570025538473 3.03014665864874 7.9080750841291 20.4612705560308 32.40376517826 39.3241677082026
0.484270738205487 1.74432435959264 5.67240937174027 16.7363509200677 27.7443726499279 34.1633064539964
1.76968105623671 3.77414501743611 9.08777553119207 22.3238153321003 34.8021772213403 41.901804478657
0.924320211341929 0.346392966053968 0.612162439299898 6.16653271574908 13.5731537521143 18.0945919124161
0.246801204038236 0.209153269965384 1.48359058467243 8.59780357463999 16.9669025987765 22.0622129772047
0.0202613432366908 0.665204975790563 3.35950349267527 12.5767448833411 22.371874960009 28.1567355999395
3.83114287538242 6.5466082415149 13.2432307077047 28.5273949132374 42.4862919995815 50.2145544966549
7.7401448991094 11.3420244071259 19.9018390043287 37.9825728187678 53.6250909539509 62.3658077500693
0.416251629629041 1.66422142638288 5.47665008916854 16.4555938787572 27.3502902038247 33.7313943715878
0.135475618763798 1.05655760834562 4.20128487053515 14.2391374867377 24.4689027380452 30.5416508906558
9.29230908958433 13.1819107672607 22.3555880673282 41.3119430246364 57.5286053796939 66.5760253757698
-0.00894172819657555 0.515744759118075 2.88929758579367 11.6802041004516 21.1752785159642 26.8163870374902
0.485332286214319 1.81959292583249 5.73148737044163 16.8897296289162 27.9498192480288 34.3660499284706
3.54593859011938 6.13970745261044 12.7115513951131 27.7523046756218 41.4265500256205 49.149217579747
1.48986316028868 3.36000951907001 8.45404084136778 21.3193486690698 33.4718123094068 40.4999237352805
0.813597808830181 0.325184898043973 0.707359804543314 6.47771447792389 13.949282124653 18.5993975633835
0.112216410968128 0.246083153523168 1.90961524277054 9.59302807667412 18.3321383569693 23.6285841680302
-0.00167288431466528 0.517385678809114 2.94624949701416 11.7620813306096 21.2751137774161 26.9355570541742
7.33802425903398 10.8608681480687 19.259230153795 37.0483286223941 52.6056460763973 61.2190995477894
0.0878297917671809 0.278296603709542 1.99487541795851 9.76638688959637 18.5950854157106 23.9087806970172
10.8055316682842 14.9840211809715 24.6283154576068 44.3715810236031 61.1912869865338 70.4503647230125
0.470449485108028 0.225873861720961 1.088568349081 7.61147293346351 15.5363289258017 20.4414016931894
2.36427872501537 4.57939406618109 10.3828029318635 24.3139604328127 37.1752133880249 44.5491694919258
6.14665789796895 9.42695711271339 17.2767618288403 34.360207400804 49.3300673462004 57.7328104271233
-6.94798045494175e-05 0.45773891327941 2.69380794842856 11.313148243058 20.630332237457 26.2310850410942
0.00204225901090045 0.460684723688218 2.79566445847061 11.4437048148627 20.8523447316282 26.4575330239721
1.18346976671295 2.90005374200489 7.7079752391872 20.0886973842771 32.0131774089012 38.8474611657745
6.3887499303462 9.7052538253306 17.7284474281975 34.9316577125174 49.9932196858469 58.4806512395371
4.77045818136374 7.71477350296816 14.9343641949341 31.0117993810376 45.3327758039194 53.407370807431
0.946944023495887 2.53193383641401 7.079360290447 19.1125178132847 30.7236923865377 37.458816792663
1.63185143164026 3.56858701722696 8.78967470681501 21.838666501676 34.1293120022191 41.2119412248975
0.11782540419568 0.256691832583547 1.86875341003149 9.47563212037983 18.2399019703344 23.4736223899313
0.0575415300310719 0.854942915264674 3.7676235661972 13.4218110097651 23.3291555044295 29.328970263817
8.90340140888076 12.6868825024797 21.7472767265871 40.5105936261858 56.4526965058675 65.5237072673937
13.14317549149 17.6766407516666 28.1262625726275 48.9928955292527 66.494841613003 76.1875976809235
0.463947556150278 1.75190249793589 5.63094344922019 16.7213205956678 27.6974982700443 34.1116844442095
0.384785716082568 0.207492981096413 1.20846434306981 7.92377318124311 16.0089084308115 20.977157866981
0.338392118087458 1.50579917222698 5.18585960100169 15.941842692977 26.6783478970778 33.0048206583135
1.35533605678062 0.555431943046833 0.370302854895668 5.25564912604721 12.2121484032489 16.5278238562718
0.341272537099465 0.202679297991695 1.27751383747186 8.10394567987115 16.2887933309836 21.2737831915721
0.433339139025727 1.66296223536409 5.50931924581269 16.4605252077272 27.4383930382923 33.7849215829975
5.41822108474674 8.53060384885829 16.0683861028443 32.5898569135117 47.3119334215935 55.50257418083
1.41584343346347 0.587575250513368 0.339047132076587 5.13101663342175 11.9995382926959 16.2946170953629
1.30404372418202 3.08775145021907 7.99746654663232 20.5574484512628 32.6611326650177 39.5181764354916
1.06135822208137 2.70888059766026 7.3808214874059 19.5966767771043 31.3495995163843 38.1378715290697
0.34356391965881 0.20647938666177 1.27477402410251 8.09776519800832 16.2694156938547 21.263589804448
0.023942268234149 0.720517150786561 3.47661511388448 12.7914369362085 22.652625683922 28.4766616217511
0.976871076480312 2.59972684005679 7.13721775706816 19.2875943045127 30.8325322040647 37.6451621846846
0.0936031737245128 0.261536318697939 1.94206986437351 9.68683257334249 18.462494907729 23.7630033117446
1.12140573627495 2.80744395611816 7.5422260902042 19.864805355387 31.6513149220312 38.5045695054935
0.974782686307055 0.387078014154798 0.561806473987905 6.06629045140565 13.3481881413588 17.9043442677896
0.716526417445215 2.16176642907309 6.41815713928678 18.0292209318422 29.3590966412271 35.9495820484362
0.425775189702538 0.215100246965548 1.13537832776516 7.7595388740188 15.7772116821481 20.6962154246529
0.0299076996523765 0.754604269743982 3.54865563441108 12.9638215441573 22.8338351036575 28.7021178749768
2.06617285659648 4.15790938168829 9.73794280055995 23.3188794951327 35.9119692005714 43.2084871831785
0.19144364292563 1.19676734326556 4.56516277417913 14.7883123045227 25.2753663115779 31.3952223357572
12.8414919918846 17.3334329109159 27.682509771061 48.4067601443492 65.8334719228321 75.4644505928979
1.01757827501446 2.65364972954581 7.28352013671551 19.4162809964244 31.1896136529091 37.9141769428053
10.9258098210855 15.0957802643435 24.8394437173433 44.6282489867435 61.4592993692817 70.7710196448169
7.5220201183591 11.0641948597228 19.5593648329029 37.4960739616292 52.9968801184037 61.7408797322676
0.0387663355570797 0.323481274600418 2.23393224628185 10.2962524562326 19.325881527007 24.72397242585
0.0954376994104206 0.951711859385982 4.02362138802472 13.845487644194 24.0134358754765 30.0080719717861
1.07970740421626 2.74737606410482 7.44654559433343 19.6711817405341 31.51075826683 38.2711450079814
2.32901428553435 4.52957106668088 10.2971794592045 24.1566056162745 37.0382429910817 44.3576779582704
6.64135562685895 10.0220093361622 18.1259225917545 35.4702596286325 50.7289056955769 59.2020223103573
0.287225089273372 0.206569122732826 1.38125314571648 8.36128568965747 16.6647956207867 21.6928822085075
0.448944666011875 1.67766360927211 5.56801365878005 16.5504049695538 27.4837112183329 33.8890809375806
2.84222086349344 5.23360755403318 11.3728721354057 25.7774891848514 38.9917584740897 46.5197873720512
13.6434072892058 18.2867774047294 28.8360883692382 49.9144407760028 67.6859114701676 77.3775997782494
6.57702140066638 9.94212286768716 18.0310021448859 35.3478337105147 50.5471838819292 59.035644804702
0.65951380121269 0.270000098191891 0.84146849379388 6.94307875860921 14.600455997081 19.3569650271135
0.0341285144411632 0.333547521697319 2.30272082786208 10.4749129431334 19.5428870068104 24.9799522170364
15.660715077537 20.5876004590934 31.7437562196502 53.7511150002235 71.9802172981317 82.0510097799927
1.87315583011459 3.89109013670906 9.30475798928848 22.634346395347 35.0958210373336 42.2925818617859
6.73883987280565 10.1261747959986 18.2752934988163 35.7338088714626 50.9338306684104 59.4787404905848
3.29845830922733 5.83181787965617 12.2488720688626 27.0847844064635 40.6057874553418 48.2587212519641
0.0102367172424314 0.433159906211247 2.63231688954303 11.1572194137642 20.4370025673405 25.9975262097712
7.46341548065572 11.0122758892433 19.4581348348962 37.3621522960013 52.9067639804675 61.5802640286403
2.70150942107334 5.04750889500332 11.0766039408822 25.3286573721293 38.4865461687879 45.9388187343133
6.96693199689706 10.4117694071352 18.6567232449181 36.2026862015228 51.5872059425935 60.1374748704559
1.40511252117255 3.21665451255758 8.24192946823959 20.974297994771 33.0757181534753 40.0529010000287
4.17022542495432 6.92651270174791 13.8430430808604 29.4605323058769 43.3650776333817 51.3490424566875
16.0837408479962 20.9958907432895 32.3627633428032 54.5518020813868 72.7311647047016 82.9822978798849
4.75673019360806 7.68702785533523 14.9045482907044 30.9916403556118 45.2471679999085 53.3484524441216
4.41603610803138 7.27090024206554 14.3238698213013 30.1110104842911 44.2449456680976 52.2314894189532
11.9525973830098 16.2963458935176 26.3717328482257 46.6556098338207 63.8492442112059 73.3156900105108
8.33391271084468 12.0906108812938 20.829142512703 39.2515638819172 55.2193130423789 64.0169531044031
5.62681970657991 8.77167025088819 16.4261715845799 33.0932415919611 47.8619349236271 56.1397700329448
0.759932548269617 2.26005578732444 6.54082175108314 18.2508626786213 29.6575667264005 36.2718544593768
3.13008415865523 5.59552587511183 11.9405217909482 26.6184390631022 40.0221706325722 47.6391464537324
0.0716034423669021 0.281837922054064 2.07942017229727 9.9804123170731 18.8837412637052 24.232545745728
2.7508009244191 5.09674180030249 11.1652694978052 25.4624150556422 38.6335918846683 46.1229743016227
0.287997017801404 0.202037066372982 1.38647919158024 8.4100035564357 16.6640637094596 21.7342850110629
6.7279620376996 10.109898430488 18.2614456266025 35.6653853941569 50.9251845697332 59.4349193482596
2.46622727837018 4.71301215364991 10.5816518926528 24.5927191343918 37.5543110589977 44.9532576671987
0.295095562686918 1.41414487835209 5.01690775085729 15.6246435420709 26.3154063685409 32.56793869366
3.37269519111599 5.9317138173886 12.3474040452601 27.2776026752229 40.823610325897 48.5072746098118
2.74126021289364 5.10212515059081 11.1625778107322 25.4838955028323 38.6335965689947 46.1212385608639
1.74281755779849 3.72641163722491 9.0349921415371 22.2267603082721 34.6470658153472 41.7457799488623
8.29197694315902 11.9974500038468 20.777546727665 39.1714160296802 55.0056688606836 63.8781851257325
0.0386848251429326 0.776173998136208 3.58870226359166 13.0394863855274 22.9501383556597 28.8185535636837
2.74860896731067 5.09586036505807 11.1680678217171 25.4674091472006 38.6230647925364 46.1208890782626
1.89729818152147 3.94966766231611 9.37634931155723 22.7666124074186 35.2772499689468 42.4695477424765
0.0819225072590182 0.901010853075802 3.8737559852664 13.5899565666629 23.6747752380695 29.6204401817617
1.3201615458944 3.10288757356509 8.04105324867835 20.6429193813724 32.6345293910923 39.5843188813774
6.4333602783532 9.76994730316729 17.7770980378791 34.9954001486512 50.1683572021703 58.5933634844479
7.506336848547 11.0684966784614 19.5309297126138 37.416610631184 53.0360209589843 61.6870013256251
2.04290815132466 4.14357612969433 9.69221492157791 23.2484125300249 35.891833590727 43.1215792259119
0.721986793235138 0.285415086333723 0.772477334309774 6.70724572834746 14.2741951548655 18.9989698592908
8.43601223340743 12.1146002629774 21.01976776556 39.5128186584217 55.3255774630642 64.268056199776
0.143098840398295 1.0811394896726 4.28930846727806 14.3829082727639 24.6787796174884 30.7602548661755
2.86512827684358 5.24838896299346 11.4039149806936 25.8322778638108 39.0421310141468 46.591055403444
4.04853571612406 6.78313033045998 13.6643221181608 29.1497332146698 43.0877154975278 50.9869939368195
0.38569336108008 1.56067873036878 5.34316410454657 16.1653764466968 27.0122251800561 33.3549639675093
0.140951580307619 0.233624819516511 1.8034646723788 9.33372653763215 18.0004583133179 23.2263189242372
6.66883646562527 10.0550595104711 18.1711592964909 35.532334473102 50.8017899136465 59.2814315742746
3.33954285737823 5.89710294313551 12.3120022811936 27.1914263691129 40.7696268922742 48.416426844225
0.00596519385095901 0.45767415188244 2.74419724816295 11.3504729958148 20.7524571996039 26.3439092906056
2.42051064748012 4.65484468477009 10.4895980446636 24.4532193019661 37.4020429032366 44.7541152279933
0.158187377201779 1.09547486511202 4.31102306027889 14.3910257620991 24.7212532903208 30.7863679593009
3.53076413645124 6.12379127476314 12.7003155459981 27.7275179847166 41.3901071303204 49.1170025069725
8.02639366458433 11.7109504641606 20.3424064803306 38.5630549789534 54.4136982659559 63.1551925039447
4.26297698505314 7.0625403560896 14.0471749298557 29.7104235114269 43.7952836462258 51.7216416794585
4.84875639045787 7.81293227807648 15.0827080849544 31.1871075136076 45.5836207828118 53.664496158096
3.03497367922643 5.49443083811602 11.7049059505063 26.3285503320986 39.6492945273677 47.2487673661007
9.79114129912185 13.7765402728149 23.0999210855843 42.3197992275497 58.7437131085308 67.8643308188356
0.01747849466174 0.65068987883251 3.2799254916957 12.4231079997612 22.1492740094258 27.9111056647844
6.8672840626073 10.2989098842636 18.4823451920836 36.0059752509574 51.326777385478 59.8602678306294
4.81024270210252 7.74663802713352 15.0077482736446 31.1152482912628 45.4123502440468 53.5224616842802
0.00641348161248662 0.412426552411204 2.66024408972196 11.1557409775525 20.4659715391823 26.026004724572
5.95071485740682 9.18344130199454 16.9906792870558 33.8917521854063 48.8268697844715 57.1638975701138
0.15817661239501 0.216820250341215 1.71276558402372 9.15188512592302 17.7539553340803 22.9392987346301
2.08349481894295e-05 0.513907705576002 2.90654102133272 11.6991875662789 21.2270389304944 26.8473602008538
8.0990874000907 11.752678935648 20.4596477519683 38.7746815888444 54.479900459732 63.3371845502921
6.5231579331117 9.87102144326343 17.9436410505269 35.2421586121452 50.3702233504462 58.8696078168878
0.00791742181599252 0.443702643839315 2.62205791769148 11.1615076925177 20.4243730234258 26.0030678412087
1.34719406279929 3.15028427156157 8.10663348007078 20.7683002607006 32.7917380943851 39.7483876298073
0.663393549362139 0.256468665389487 0.831014672101297 6.92352449613277 14.592983782789 19.3337251099567
6.45908345079702 9.80547900733867 17.822976236058 35.076422474509 50.1945839040403 58.6731962558109
3.44759906917571 5.99325710466426 12.5100136894307 27.5102415684487 41.0093452161695 48.7830996778496
1.47231057837199 3.32553117848697 8.41488703008744 21.2485978686316 33.4229898456936 40.4244664960991
6.56300446394062 9.91061036551923 17.9815655174978 35.3132762014198 50.4460331167125 58.957292830681
4.03593546406221 6.7640755725406 13.6332585604248 29.1025206889412 43.0473649752315 50.9199911604682
3.54939038697662 6.14869751728271 12.7140559466176 27.7693824396709 41.4213701461096 49.167475975956
0.058016500293282 0.294054579276602 2.14270499573891 10.1195226977925 19.0384786344852 24.4234784319732
6.25752180124305 9.54932418979528 17.4979715899228 34.6051335008777 49.6632640616063 58.0767588506563
3.28139134156561 5.81309570339268 12.2118296147841 27.0336000534356 40.5620667208004 48.200000083099
0.849393823302406 2.41021449223132 6.7909983534 18.6778429478226 30.221821181341 36.8699308646845
0.187462693853983 0.219586491591259 1.66481356475045 9.04529430879014 17.5743964630262 22.758618632161
0.242329187643895 1.29693629706049 4.75070101980236 15.17939333399 25.7387034816301 31.9319149917026
4.25375907491102 7.05578849541889 14.0071705012316 29.6725012735697 43.7295757404525 51.6569564215081
10.3612836320636 14.4606086244358 23.9676317870857 43.4896523170383 60.1423261410404 69.3388165436229
3.75396643291009 6.41335848619724 13.1111312859739 28.3438834152786 42.1199866010208 49.9238697834304
5.99622050436232 9.23663980217155 17.0682902510938 33.9958764619444 48.9578480572639 57.2982691421145
2.74649960435575 5.09618744461386 11.1897803870115 25.4766137685987 38.6469820778286 46.140413027792
2.81296672508836 5.1881741316886 11.3006211000099 25.6418907509041 38.9423689769677 46.3922528450623
9.68162603907438 13.6570290575807 22.9443925540439 42.1062711935777 58.4769645015039 67.5926184528536
4.50653650140107 7.38516547104033 14.4825380855784 30.3216006332228 44.5491063171285 52.5426065692848
0.7362636229077 0.293656375481825 0.788075442876716 6.7151127186183 14.2764574744106 18.9847641600852
4.43445247838612 7.28185185888321 14.3272501352769 30.1468601770108 44.2793974959328 52.2674886984072
0.822806441740393 0.319780338059947 0.703289460314697 6.44106145369952 13.897949498296 18.5467155388063
0.0294806083537353 0.336444531864416 2.28706845460919 10.4133645965073 19.4887496789357 24.9062377495734
0.848834373250426 0.341786465105456 0.669437955784127 6.39499150574707 13.8018756052671 18.4436200772625
1.22040521448298 2.96489634506563 7.77891230647081 20.25108451167 32.1899923730993 39.0548059191938
2.6912983763661 5.02208146776996 11.06355818163 25.2705784685579 38.435534322714 45.885211969713
2.63054734769243 4.94779135693743 10.9000289891508 25.1076408461573 38.2022483950332 45.6204104531285
0.892567688938715 0.363242533752077 0.638854514024446 6.28167736754236 13.6396440191182 18.2551593140771
0.367503844639805 1.546245441633 5.27392978003155 16.0509952200788 26.9542694319997 33.2259946657367
2.93257395113661 5.33971941171312 11.540889946924 25.9962272299095 39.3279835672223 46.845068353036
12.1448110645189 16.5560389789997 26.6666996401288 47.0558216496805 64.2889767000797 73.7983097365802
0.0368324439953996 0.781351907421868 3.61555833587449 13.0753448171789 23.0043524950658 28.871479441097
0.842289954541394 2.40461496603703 6.8165747877165 18.7086428278795 30.1829404294777 36.8915423663654
0.00222780601565573 0.603168912011123 3.11602226256964 12.1490447841289 21.732693603553 27.4737576767736
10.7533521624105 14.8923930718829 24.5851248317427 44.2996356790879 61.0463124486725 70.3347803893252
-0.00187546891090434 0.510742546736355 2.87556249850828 11.6676786430787 21.0824636655816 26.7572083926942
0.630378902781782 0.262418629584985 0.859571496780415 6.99707859127094 14.6838150779311 19.451968735676
12.2417243500092 16.6212788493383 26.7873212161453 47.2808023635681 64.3961777034433 74.0136623727428
6.13731525958788 9.40841741042583 17.2830042616082 34.3323461076979 49.2844299282483 57.704558859268
3.30144098945888 5.8274034708625 12.2697306914183 27.0979849019223 40.6151985522108 48.2870521461676
15.0807711554495 19.947806306745 30.8984344651418 52.632359150217 70.8050831776392 80.7199578542964
0.00267206807830619 0.554391987901113 3.02929453258253 11.9385728343611 21.5321293593001 27.2016349341463
11.9475758382959 16.3229130450545 26.3543547393958 46.6517974672935 63.859084234607 73.3065707538183
0.372064981810204 1.55140838751069 5.28475050514121 16.0806711997422 26.9006154402243 33.2197208120385
0.0249608792139288 0.72225022832115 3.49242306993089 12.8336920518422 22.7135693611267 28.5334373318014
2.35279821018561 4.55178007322767 10.358857108137 24.26697136756 37.0875833179224 44.4853257117356
3.95982142098123 6.6709450721966 13.4935937472682 28.9058734618936 42.758508344677 50.6496083459743
1.06846600600475 0.419622581284145 0.518313190029331 5.8154262573641 13.0753011475304 17.5134976159729
0.179679351823065 0.215176087257671 1.62931442886033 8.99097333400818 17.4895377988805 22.6650038382524
4.63018132411603 7.53182448424258 14.6853037960362 30.652496577902 44.8792001601457 52.9367430162094
0.463112221049598 0.217959162596362 1.07173221650585 7.59087149602173 15.5259385939326 20.4280551727636
6.35845249768707 9.66383605230427 17.6507641632961 34.8171822178032 49.9216423993861 58.3512392096162
12.5484166510469 17.001564737179 27.240681151575 47.8629144790094 65.164674882318 74.7711363056683
3.72456675266369 6.38891591964439 13.0547450239541 28.3044419992101 42.006709427485 49.8348080225444
0.0236524550476486 0.701917711438331 3.44305851190069 12.7371927597122 22.5489299882822 28.3806273358651
9.84358757851767 13.8694981959938 23.1927111382837 42.4225827725169 58.9303177267092 68.0182784464441
0.602627740145395 0.250787500259572 0.904843762863637 7.13816708570268 14.8830999722099 19.6759946051992
-0.000313448091650392 0.603863409776806 3.09479523208299 12.1223518600673 21.7705311489289 27.46859586564
2.8107985734594 5.17613881126135 11.2942183407334 25.6547103420097 38.8395547993796 46.3612844727259
0.21664916438454 0.227154208461558 1.53839445008972 8.75717312983482 17.2168537421261 22.3131401246833
2.59411807396607 4.89594408826869 10.8665853745712 25.01181025834 38.0397374671909 45.5068781732721
0.810690795280698 0.298077994444842 0.69209131189402 6.48298980030164 13.9998394258755 18.6102490848739
0.534695972367651 0.225738063820199 0.960600079329288 7.32180935260681 15.1688489179047 19.9968561874141
0.265465413331235 0.219550834804057 1.41588247271046 8.46570382718981 16.8236930996495 21.8521656153035
0.106183976852263 0.278153598408333 1.92007044786567 9.6087442783479 18.4113533254144 23.6633017015142
0.0192874908419951 0.416081693874671 2.55140920784229 10.9488683930715 20.2307064543515 25.7319823147398
0.0187875622607163 0.651858991314913 3.24159358329171 12.3650053523244 22.0886711579623 27.8379977326946
0.110025287140151 0.974674473849909 3.99711110669617 13.8465457783408 23.9669698937803 29.9731888800144
0.303028513735325 1.395912788962 4.86830574315674 15.4360264323609 25.9417971805377 32.2147736930055
0.580087699004232 1.92463789643462 5.90770076172783 17.2585426512968 28.1981565137372 34.7639822077561
0.852205205949957 2.39385718642573 6.769919444295 18.6947619419759 30.023159392495 36.7868021198229
1.08347724828196 2.7657072817086 7.43243707325632 19.7640819639041 31.462336241649 38.3236267921683
1.36057764161806 3.15788966921183 8.13618442883183 20.8515158048857 32.8925519980734 39.8708265052108
1.70091108273034 3.647434059671 8.95229753377158 22.0995273793683 34.436980062968 41.570638060631
2.17442448801916 4.33324453230654 10.0119676439665 23.737679421848 36.4503149909442 43.7719167613246
2.79830895077062 5.19870399253711 11.2949242041774 25.7019311550502 38.8240867109476 46.4023178756447
3.488358502106 6.07803699614696 12.5655987326506 27.6118519930255 41.1967243162211 48.9402392269178
4.24167307703918 7.01510459362245 13.9744931785488 29.6503931337348 43.5898907982228 51.5963571850535
4.75388207357812 7.66214368931019 14.9154396448176 30.9739711300508 45.2808286140293 53.3634945904825
5.48356599715361 8.57498811647702 16.2270622077492 32.843036078361 47.5724592606966 55.8193735023396
6.20156391960198 9.4465318797432 17.4156775670376 34.4969215722556 49.5111748032944 57.932483591278
7.19700559840153 10.6299351870492 19.0404642787879 36.7555818516643 52.1098389087086 60.7876936237889
8.33632497529415 11.9885313813997 20.8625534787312 39.2953174908492 55.0573052101933 63.988573324431
9.34846277633593 13.248743791789 22.4297020968251 41.4538394967911 57.6616842015594 66.734654106143
10.5485764119887 14.6654551190688 24.2553226090019 43.9262658467563 60.5023404562776 69.8251563588249
11.7099630921322 16.0089750972842 26.0001619634641 46.2652017349128 63.1854976894578 72.7364199800231
12.4910121152257 16.901538007923 27.1593761301863 47.7759845190197 64.9402549533084 74.6179753744851
13.5463401586082 18.1244609110476 28.7318305161926 49.8249685193402 67.3317173393214 77.1679799583265
14.4914263346065 19.2250999384713 30.0943313481672 51.5999345841046 69.4424466865767 79.3859891915258
15.4710966276854 20.3800735486046 31.4868893993358 53.4274226337583 71.6070434525931 81.650926877826
16.11806838468 21.0706294988875 32.4130712177 54.6309170149139 72.8668740019827 83.0887934294488
16.1013840497727 20.9928083217423 32.388633244023 54.5785719392527 72.7286782767204 83.0072945466703
14.7702442630532 19.5747177582926 30.4518157931463 52.0568430526244 70.100641793815 79.9937435708216
13.5454556677995 18.1651418715064 28.6877928234779 49.7655514610299 67.4189039654562 77.1473317867402
12.318474700979 16.7266941699118 26.8991074094597 47.4159421796288 64.6293392248531 74.2075521641861
10.8705153209708 15.0445946478869 24.7279522979543 44.5205404188895 61.3144673022562 70.613834147464
9.77339558849811 13.7918559499278 23.0818553353722 42.2760720379384 58.7764958375237 67.840997102925
8.89292397821687 12.7388578675604 21.7284609276009 40.4414068131002 56.5986828403068 65.5153344952247
7.79461745000967 11.4184755210553 19.9941965992888 38.0560703312738 53.7990005831164 62.4998817936662
6.78696314328973 10.1978881824093 18.3642143801266 35.7945410680938 51.1223374787431 59.6227660218162
6.03473142093067 9.29073221525656 17.1159859300363 34.0788101953888 49.1007419500252 57.4259856493965
5.28860054451175 8.38344783558089 15.8476597262042 32.2789980750625 46.9817362482259 55.1132808507963
4.53802618244459 7.44595523614564 14.5366164480443 30.4124910767277 44.697749998889 52.6544096600512
3.73147028700017 6.42110500410539 13.0576770884243 28.2564187467801 42.180311195223 49.8675644162275
3.26448287948271 5.79535590683726 12.1710225956591 26.9813942372566 40.5607542297895 48.1558369737768
2.77392202092176 5.16021445653045 11.2318038576294 25.5701888203458 38.8198913268061 46.2657287233385
2.30731445965321 4.53137152814748 10.2637392166636 24.0908226734978 37.0367120403864 44.303856428738
1.80191965238752 3.81246265182599 9.15042644034789 22.369545655549 34.9045406676257 41.9782860976854
1.29518353289786 3.06705582508527 7.98254205983696 20.5192976959517 32.5857876700971 39.4519926997894
0.913992322381003 2.49814740780108 7.01711731935438 18.9847182990991 30.6831406455286 37.320461729797
0.700768719086746 2.14434790502968 6.40440370978268 17.9991185454924 29.3581316931355 35.9178233463049
0.457780149057337 1.7221545159154 5.63151854224305 16.6770311559782 27.7050855573616 34.088102874598
0.262266858778634 1.34804731408533 4.893585257625 15.4066814523176 26.0584400088688 32.267456133426
0.115726769088463 1.00736839413285 4.16181283560877 14.1022551702481 24.3526509652807 30.3790040127223
0.023343187103896 0.636761402714073 3.27897767794386 12.4122113140424 22.1532413442908 27.9106422111885
0.0171867249279992 0.369488929609931 2.52751083780968 10.8956821879534 20.112458479632 25.636956467526
0.0308233378263385 0.347948957113358 2.39388239917368 10.6560984131076 19.7599016696452 25.2499976902013
0.00492585809888819 0.533224802659543 2.91318253307913 11.7685280086727 21.2342757594599 26.9062398391743
0.0487412086613202 0.823684917420652 3.68217942369315 13.2731520431468 23.1260450267153 29.1066768795188
0.10839990158737 1.01288625953991 4.18582507179935 14.146465948417 24.3102469611595 30.4070220949594
0.214520562813214 1.28021268969955 4.81216834654031 15.2485670928072 25.7422455000051 32.0242547592834
0.378756345965992 1.61415288422606 5.4601698983338 16.4037622593866 27.1826603439354 33.6378611995025
0.64005785040781 2.093986930259 6.31007629826954 17.8741305240447 29.0510190768118 35.6939052515936
0.996240862018578 2.65311100261342 7.27869906568261 19.4606890232745 31.0689463537774 37.9147473173527
1.41646233191027 3.25254824829904 8.30959505042606 21.0880700012296 33.1165690562888 40.161564817749
1.89621543364861 3.92361355805521 9.37697197723652 22.7671321382829 35.2081739105714 42.4554062795924
2.38409303627368 4.5882668155958 10.4302223990505 24.3754233700547 37.1867237354995 44.6249816997002
2.8765323995993 5.24891973554325 11.4166454940953 25.88739626026 39.0700461667135 46.6346114065811
3.46725114955272 6.00671117365486 12.5429078174075 27.5656314978821 41.0422124531863 48.8457250799456
4.02901414381733 6.76208458170713 13.6031787704199 29.1164720454492 42.9463258135469 50.8894047120845
4.71020075884105 7.63237878245662 14.8288960112236 30.9079982793498 45.1016528040905 53.224011559164
5.49304717508165 8.6059231212796 16.1855169599992 32.8268097206338 47.4091354538081 55.7129817735421
6.26136907575003 9.54927050718686 17.5078134497429 34.6423954559417 49.6178814950898 58.0889787211111
7.09515476683204 10.5590738948784 18.9121468958456 36.5720659782451 51.9006587536709 60.5781541244919
8.08883111642552 11.7438600376187 20.4992500444817 38.7738165092381 54.476186271907 63.3615191852067
8.98448682590011 12.750959614056 21.890754281046 40.697620290016 56.5777015023092 65.7295338958842
9.05850187326285 12.87876449849 21.9869747321172 40.8576924417572 56.8643559688911 65.9591939370996
8.84122767100303 12.6324434664249 21.6393327162569 40.4025326785226 56.3615276405742 65.3901093087091
8.17814400849573 11.8367872946643 20.5880712661134 38.9540245570432 54.6595253665418 63.5541720904826
7.21121006870187 10.7173843141773 19.0574950455226 36.8356074348288 52.2097179695008 60.8764735143777
6.20879060434771 9.50339530884909 17.3817490703788 34.5115038169617 49.5057874641709 57.9253494883521
5.32914583218812 8.41496656781441 15.8858554605236 32.3614706219082 46.9735150128446 55.1700798943361
4.55183112327899 7.44475928626359 14.5593995965286 30.4316476516092 44.6889514399508 52.6882991924365
3.87438962521905 6.57507789011025 13.3400605945762 28.6639857930125 42.5459667114906 50.3657308043313
3.17915527723453 5.66045762602504 12.0022497663045 26.6939875925953 40.2031748134677 47.7736887542405
2.58269069737008 4.89054935740517 10.8518037096033 24.9711744753715 38.1469726043834 45.5123984755687
2.17465266554033 4.3130087111582 9.955218554115 23.6065183603619 36.4225000147953 43.6499902713454
1.61767161324529 3.54074693685998 8.72754106853059 21.7210231728375 34.131989088505 41.1123215191057
1.22359624110905 2.97268959710353 7.80624188551176 20.250791509156 32.2960928433186 39.1031748711254
0.964664849934866 2.58252613363975 7.14319804086527 19.2200249404644 30.9321938647371 37.629610003436
0.658188582514057 2.09220744950361 6.28382414992702 17.8292169804223 29.1843084711267 35.6956861359792
0.379996711246417 1.5868041557217 5.34825450740224 16.203873004942 27.1903887180138 33.4568293463198
0.18585591066159 1.21224727934618 4.58817232393087 14.8377025587845 25.4317070908171 31.5202130557288
0.0855372878477859 0.944816839851669 3.99456793502758 13.760705145599 23.9747083992012 29.9131046424107
0.00680777459808264 0.653034515606957 3.32198926366687 12.5132495868086 22.3105284779837 28.0649462591994
-0.00256503114636988 0.443858292649924 2.69575455422139 11.2796475668359 20.7146214012394 26.2353063267228
0.0262029467303761 0.324905670759262 2.24689435942177 10.3680020428325 19.4730513092246 24.8476776865293
0.126429596669917 0.247714358582147 1.82333930439919 9.37441210569761 18.1345205500862 23.3285439062758
0.269946858205565 0.20834704361431 1.40414361217976 8.4013959186946 16.7795933349848 21.7838243863714
0.441953304589906 0.219182838643467 1.09594735375815 7.6301291646064 15.6412825666091 20.5162667848737
0.6968493643031 0.275555285846067 0.793346798293803 6.77431995565884 14.4173371942014 19.1030015452021
1.03814691470428 0.400171166976996 0.532344329963296 5.86615873166677 13.1719461249338 17.6084264440107
1.22409015501511 0.491869462523329 0.410135293507272 5.4523092353085 12.5444183935529 16.8942776791391
1.40214351604494 0.582327581969877 0.335510643587602 5.138722727198 12.016515610332 16.31356293695
1.51010910476381 0.627882112944346 0.299985931693989 4.94811529306093 11.7648162829897 15.9904468032049
1.44965944457024 0.589623732918903 0.296010555559675 5.01191101393169 11.8877071549405 16.1285830716668
1.25883282300281 0.489011745569577 0.347458922689448 5.32287167579423 12.3358722567221 16.6812030206941
1.11360875482893 0.422636369089938 0.450981032814341 5.64130770250696 12.8092315194596 17.2352047563869
1.01719358209416 0.378959442665036 0.535441905505958 5.90669684909613 13.2297554910069 17.6716363467454
