-2.25547101908795 -2.35592114474269 0.411742088828098 3.47387288023481 0.551550163519145 -0.636273186390825
3.99994466254882 4.15121232231947 -0.723976104833973 -6.14160648147405 -0.996055798172554 1.12698842858572
0.0935435319075 0.0923042019895362 -0.0188104278046983 -0.136753069979426 -0.0290236679122648 0.0262478088294168
2.04268814829863 2.11183182410946 -0.36131441110108 -3.14226637401235 -0.495568482357606 0.573598372203882
-0.38358387754378 -0.397086113550085 0.071067021617945 0.586226288735033 0.0967469629917965 -0.108011733705674
1.04765019761901 1.07756131819425 -0.192722989632198 -1.59800150133488 -0.267767087761406 0.29493395030826
3.69967911299676 3.86495513146106 -0.670331101814869 -5.70201549034175 -0.900124791601281 1.04267294421141
3.32999703334928 3.48834838779791 -0.60583177069778 -5.13877727749816 -0.802644120933091 0.938746214405878
-2.22267043801515 -2.32662632888299 0.402520173607862 3.42749487005142 0.542249397410343 -0.626845481667987
0.871831538193362 0.914745839655174 -0.158692582275051 -1.34412302242329 -0.216134643316312 0.24643668780755
2.08003380698135 2.17123175632077 -0.369925610286443 -3.2147301338492 -0.503736231577255 0.587004304446205
4.02000487818845 4.15456638483799 -0.727307071739804 -6.15942940235233 -1.00291025440322 1.13059162199115
2.54530295852674 2.67239832784308 -0.457975699379765 -3.93552173356633 -0.618708083416579 0.719074120636797
-1.24909383218924 -1.30508473039696 0.234631418193356 1.91344737239237 0.315329603673967 -0.352607031233873
-1.42156070048686 -1.48864419214474 0.266257572371109 2.1827679723194 0.353816927172433 -0.40138135595403
-3.59932701027625 -3.74724066331179 0.625595493736225 5.57305101956347 0.868364030132953 -1.01571138944257
1.00544949311795 1.04006817682153 -0.184515243048074 -1.53828200219411 -0.255083691908603 0.283455753086553
-0.681367707632104 -0.73629104496875 0.119567478489357 1.07318884808828 0.150860279064378 -0.193005311055542
-1.79230810164185 -1.87991537454177 0.332507393054229 2.75961948491046 0.439276711827856 -0.506050983258683
-2.09317434564065 -2.20569062486093 0.380022875933169 3.2380396449236 0.504266046120496 -0.591060582595681
0.13461030371805 0.152819094556466 -0.0223802954058964 -0.21786726614118 -0.0281542898035151 0.0386245386425636
0.206632129272266 0.205886518065581 -0.0401924198441548 -0.30746337551175 -0.0571923325263722 0.057757050880191
2.60232173623218 2.71747372128013 -0.472067175152752 -4.00945537814719 -0.638290916531057 0.734242816665203
2.84486423107196 2.95633428787789 -0.520690557118599 -4.36771803711825 -0.70089340813465 0.80103280812988
-2.34094355383169 -2.45080638351341 0.422486312728204 3.61410865334738 0.566557621371284 -0.660235926065063
-1.79258430145027 -1.88305199203978 0.331538839864675 2.76284648110858 0.437609567801192 -0.506151572825242
-3.80897487302977 -3.90718247448812 0.659576178749644 5.8503793291094 0.941181534632763 -1.0695084683896
0.7654784344418 0.806250715939653 -0.13936727599551 -1.18244284312651 -0.188588212952386 0.216560569491291
2.6307978354444 2.7528288729129 -0.474997337766379 -4.05896886497957 -0.642826249036581 0.742472430197417
1.8158434732559 1.89703583591102 -0.320975727760459 -2.80993678771714 -0.436952866029814 0.512360290953186
0.0855258479996599 0.101871785179781 -0.0129391422946945 -0.14421966777403 -0.0133176200183258 0.0246663482026518
-0.923223830896939 -0.938214192593681 0.178459986718112 1.3857876710045 0.252597195157744 -0.259378426311363
-1.75403980812554 -1.83264587676626 0.328022183627079 2.69260151774628 0.435263677998597 -0.49507711308778
3.15454374666337 3.30724449313598 -0.575585055299263 -4.86838483282368 -0.763348179978607 0.890105835245337
-1.99300172040403 -2.07424683247684 0.372135625068743 3.05556036802246 0.496579563166617 -0.562355042376393
0.441870304770084 0.45222517393914 -0.0820760213993112 -0.671645521390424 -0.112447122704751 0.123950355381241
-1.55885048163657 -1.63365250738727 0.290878168336176 2.39499210828027 0.386563474890877 -0.439946753169727
3.8974207751719 4.07424845229834 -0.704794316698108 -6.00877130521039 -0.959470562076049 1.10057073616673
-3.38428398439091 -3.52223584553471 0.592630890974733 5.23624832532521 0.811991589823167 -0.954199968138087
-1.47041163025698 -1.54062564887186 0.274998666259734 2.25838126829355 0.365572384314112 -0.415113980210526
-3.17364839527145 -3.29231621211137 0.561146445957215 4.89746720311656 0.765136290384377 -0.893922199317253
1.15431274877573 1.20374707973919 -0.209028179869099 -1.77714795458151 -0.284422231379001 0.325598384310136
3.92577492870654 4.05352004491974 -0.710946411137234 -6.01402672945046 -0.972796996951354 1.10302964528414
-0.564008792685947 -0.554183675675677 0.113449471027679 0.827594334662723 0.166351666846093 -0.157803571901882
-1.7700188056475 -1.8567808655924 0.327831713597446 2.72377073315287 0.435432435734777 -0.499463856083183
-0.43131524005336 -0.428719126822951 0.084490232202046 0.641099719508596 0.120449281569351 -0.120928282296466
-0.310380918643523 -0.301669121633681 0.062714211638953 0.453460614240223 0.0925827153885163 -0.0868520558132752
2.82262675014333 2.94074012008028 -0.516025814988891 -4.33990266548018 -0.694065098700555 0.795587634970956
-0.67648343450391 -0.694620059488902 0.127795614360119 1.02841524860284 0.173564324758093 -0.190441201048476
-3.21484680128349 -3.34333907620294 0.561016087525995 4.97165723580247 0.76841390746968 -0.904928672553933
3.42790430321725 3.61956524152295 -0.621189183948987 -5.31532939511287 -0.819882771762536 0.969528235092724
-2.14778671593163 -2.25166085306852 0.389882817556002 3.31310708423295 0.523550931512011 -0.605870892826926
-3.54705285207248 -3.69461126224196 0.61358014828294 5.49372843460374 0.848778295948906 -0.999353022518922
0.157873441735008 0.153382377763182 -0.0301364662911667 -0.237606221749509 -0.0358987383405371 0.0436393066079255
2.78501998870837 2.87993410766024 -0.506988367443274 -4.26782753465207 -0.691319803388051 0.783419690675896
3.11402965435356 3.2649592898437 -0.568539977590178 -4.8055569575023 -0.754549932865052 0.878836163964833
-1.65994930238705 -1.73927767488613 0.309420487360847 2.55313139155251 0.408472135306607 -0.468679767373066
-1.1890594442951 -1.24139797898873 0.222655244120162 1.81772456597765 0.304102251253581 -0.335218462536521
4.09866501234536 4.22096090285294 -0.745622786898378 -6.26420085206332 -1.0357370852955 1.15282604980582
0.622280314900121 0.647669168546624 -0.113269707360409 -0.955442366105589 -0.153442805344313 0.175011602403276
-2.66966268366842 -2.79069553069503 0.473955284612444 4.12910986262011 0.64044658953291 -0.752725662321695
3.46207992585652 3.6221920468386 -0.626753985862056 -5.342565866247 -0.834039155246604 0.975558810148357
-0.707650323891987 -0.775761642631376 0.12169892933524 1.12525586894677 0.150412651457334 -0.200880623761006
-2.16046210204678 -2.24411753009524 0.401283690073915 3.31205534268478 0.538264385086756 -0.60943597660745
3.18717585731318 3.35449738735465 -0.579351291373293 -4.93106715966371 -0.768205093564249 0.900725805211921
3.61603957578438 3.79185570854409 -0.655185388659527 -5.58503235206067 -0.873895676065366 1.02025503590115
3.11805696656411 3.22162486767376 -0.569313646858505 -4.7753153807163 -0.770894349866268 0.876333085792255
-2.06819825324999 -2.15427856848852 0.383801044904471 3.17415934944429 0.513571965407201 -0.583526881786616
0.193136532205581 0.19930846572935 -0.0362428682231698 -0.293408501263884 -0.0508624729364475 0.0543908197882133
-0.771835951901085 -0.831381578097384 0.13658769490726 1.2129643303346 0.172294552701424 -0.218563170732107
-0.702368346691782 -0.76464155895926 0.122070925171686 1.1117177896704 0.15231396737895 -0.19918864050008
3.51313522827365 3.7095086436774 -0.635885764814945 -5.44770853592746 -0.841388568261047 0.993739364833032
1.09350591905372 1.13492991668974 -0.198754173049302 -1.67855354792252 -0.269871968973147 0.307670991931853
1.81593590604186 1.8912385809226 -0.32018023562801 -2.80584788374872 -0.437323082606028 0.511518921075565
1.58652858363439 1.65425691037894 -0.28145684712806 -2.45087995798551 -0.383662147247491 0.4472881990075
-2.03518739767506 -2.14813835511735 0.369840744368632 3.15020348283772 0.489481114998929 -0.574849497088871
-0.0912307327904161 -0.110393810155697 0.0135638370399811 0.155369658904258 0.0130879044628502 -0.0263464132451014
1.55964531701668 1.6256253962811 -0.275366870357179 -2.40882032695523 -0.377353689678802 0.439309490942541
3.68962132843969 3.8756302366566 -0.666545893536291 -5.70574798727632 -0.891929485473749 1.04211099517897
2.09698473266755 2.17363076580047 -0.373963641720725 -3.22738038379709 -0.511093195700747 0.589984002723325
-2.60082622438429 -2.70734949028227 0.46294610655858 4.0103527326714 0.631573125600033 -0.732419896015887
-2.06401974271272 -2.16027323338427 0.379047656665429 3.17772848202341 0.507108210662632 -0.582461758216316
-4.10478377667706 -4.12441729175467 0.717454765774537 6.23257825479774 1.05223943972426 -1.14734900146978
0.125600506735111 0.126510777004941 -0.0245126977473559 -0.186916286279381 -0.036207674135493 0.0352986688992921
-2.69870072149543 -2.80302195250239 0.479332649016487 4.15856354821928 0.654609393452821 -0.759369372556917
-1.09622052033771 -1.1618892018947 0.198465991133752 1.70235750973742 0.256246325548658 -0.30931481435215
-0.286332469735598 -0.286115773064347 0.0559104220021315 0.427012991404446 0.079154830184765 -0.0803555591416129
-3.9126009619391 -4.00213347501492 0.68010942210111 6.00001118771784 0.977566937389738 -1.09945248600528
-1.7090683525109 -1.79991778806823 0.314915580780384 2.63813159648323 0.414468591203463 -0.482576678212651
0.315232241510105 0.329150619364711 -0.0579132491250376 -0.486179655725588 -0.0757977172297449 0.0889631282104687
-0.694367569463481 -0.686539592044598 0.13822908470667 1.025501800779 0.19950425941557 -0.194571150191162
-1.84932637865881 -1.95503188170555 0.335593003511678 2.86148497629961 0.445967211714567 -0.521907061179058
3.09435390060979 3.24439471095162 -0.565114976812052 -4.77502497369191 -0.750286334070514 0.873360660152959
0.98397267081435 0.987500176830861 -0.184220300467202 -1.48077360125845 -0.257730169521539 0.275065382932864
-3.13960791439174 -3.27158045429055 0.551933552624658 4.85890625491457 0.751611326348668 -0.885401624787161
-2.60853107592844 -2.72457710414905 0.465609553349537 4.03045549009799 0.628743774872783 -0.735583881082213
-2.74098925826818 -2.84047569146198 0.493760898561181 4.21745005870587 0.67103478420668 -0.772649276248317
0.381610194048634 0.400790553946009 -0.0694617552228307 -0.588617002847492 -0.0939586313675823 0.107790666447278
4.11360592240418 4.22693266360588 -0.749009009994391 -6.2790800369515 -1.04209639803408 1.15612608293576
-0.651180040497931 -0.640707013779562 0.130250569837001 0.958754322285735 0.188927026262541 -0.182364169041826
3.95942219383935 4.09508447079386 -0.719513268286003 -6.06664265914192 -0.987551847996578 1.11401337465911
3.19518488006303 3.35636809138689 -0.582308407823208 -4.93715853380066 -0.770966604584977 0.902204483824057
3.68814520869239 3.88479216109982 -0.666790190333527 -5.71085259369418 -0.890919715939369 1.04292365933592
3.42297975662027 3.58833519631672 -0.620162953901782 -5.28749707040477 -0.823536439991516 0.965378392977159
-3.07169453147986 -3.20401331261493 0.539139056252215 4.7557939335985 0.733296368088574 -0.866005489779223
-0.230700116460723 -0.260220952778666 0.038395810679457 0.372550935559177 0.0471677839728854 -0.0658914384260949
0.611393795492568 0.637761946681615 -0.111304594059781 -0.939815060442072 -0.15066318165237 0.172135918140955
1.40855392460106 1.4688036395728 -0.25218693360759 -2.17313829337247 -0.344205200596985 0.397484782802108
2.49188020315491 2.57713776380342 -0.452006387912518 -3.82110420788924 -0.615866766787866 0.700777147895745
-3.93849958987741 -4.02688252932191 0.683190332535953 6.03846992473309 0.982987882872657 -1.10602393265004
-3.4649696539867 -3.60253641192154 0.606085929636403 5.35937885680042 0.8353560287237 -0.977290174803691
-0.0192112643566871 -0.0271898112291017 0.00172703335020168 0.0380482683860703 -0.00197805504455855 -0.00561929523790994
0.923812812875786 0.973978557236191 -0.166666899847315 -1.42881838309136 -0.225730147862128 0.261096746504396
-1.41643424988538 -1.48439116450079 0.26476425102429 2.17507830891483 0.352860778999093 -0.399830499273124
1.47125835371571 1.52131428202598 -0.263898242684625 -2.26015731385926 -0.360590076874255 0.413729293111788
-0.183089483229302 -0.213795770113195 0.029020831631549 0.302611653739562 0.033461633975413 -0.0526180350839885
-0.450624781124202 -0.4617528532053 0.0844091241742494 0.684429613751836 0.115794320262457 -0.126672456055457
2.80952759809852 2.95392878098821 -0.510975301322014 -4.34222735382964 -0.68409681221256 0.794290691086881
3.77530807518428 3.95380756495041 -0.682150013660705 -5.82847023445317 -0.918879140478381 1.06567398960092
2.84522236542134 2.99598816038624 -0.516778176154944 -4.40141710922312 -0.691531401516421 0.804779373141181
-2.43191700418601 -2.52084954767701 0.445072078838662 3.73268382211656 0.602552664535133 -0.685666169783433
0.645803540241728 0.673753815348993 -0.119218768404849 -0.992322265002818 -0.16102446577725 0.182443150730403
-1.54594129118528 -1.63504426619655 0.282533249449538 2.39308085685576 0.370005126440608 -0.436484934236422
1.86565503712489 1.94641517483325 -0.3301857535569 -2.88437019709552 -0.449601044357778 0.526093290844717
-1.15859443682679 -1.21792642277266 0.214141729166016 1.78711538825478 0.280659505034288 -0.327031552405843
-1.52970869149953 -1.60252218405512 0.285771470489079 2.35176352577082 0.377189252675633 -0.431906432207705
-1.17066231388256 -1.2197924718456 0.220398789960667 1.79109007704408 0.296324716809765 -0.330375197343566
-0.32580303071971 -0.342318633077557 0.0594454147584694 0.502483140605793 0.0798246401906996 -0.0919830603142275
-1.86401890277049 -1.96328756921856 0.34232530916286 2.8785804727063 0.451713886221168 -0.526354003086367
-1.46707992462095 -1.54539644718713 0.27015278155778 2.26531869771215 0.354056410851094 -0.41408645097633
0.836783914808385 0.862485452980164 -0.155236366467987 -1.2769681875171 -0.213343176143743 0.235778082001955
2.78669820346314 2.88509000971464 -0.507339564563386 -4.27302779766416 -0.691140193363795 0.78426561642547
-1.44577038186291 -1.5178938272556 0.268750492059769 2.22190780641747 0.358965171365143 -0.407831934072496
0.108647746265472 0.106263849002357 -0.0219737263725128 -0.158324287529128 -0.0335026208182803 0.0303994230624271
0.196102956549566 0.194131227216863 -0.0384837491974859 -0.290494261774796 -0.0550688929861124 0.0547637478825256
0.279638173138878 0.279997279323299 -0.0535154571025366 -0.418351557033256 -0.0751705612847085 0.0780888088445812
0.366002776195867 0.370240388128216 -0.0688979350135222 -0.551948882030859 -0.0954653531808811 0.102379774330272
0.444707725879767 0.453356934894694 -0.0828422110547852 -0.674445225942085 -0.113715891052341 0.124605952684134
0.535485282480183 0.549427941190349 -0.0988205394055267 -0.815503568956342 -0.134889045906742 0.150144844774963
0.61940888865259 0.642391613361625 -0.11292447301607 -0.949207917513899 -0.153198769319455 0.173987061086518
0.710343662453273 0.741305306216699 -0.12805776048645 -1.09245017520669 -0.173271756038836 0.199506058047682
0.813812031411746 0.853745396763315 -0.145485742029395 -1.25528369064164 -0.196470363611478 0.228616608786829
0.92588417210858 0.967554050066441 -0.166717951779066 -1.42550439828434 -0.225547249601504 0.260286910840022
1.06381032079452 1.10457474826335 -0.193244660349086 -1.63310216466185 -0.262235273752517 0.299230210253172
1.21259444379148 1.25434365363364 -0.219955532004212 -1.85949276915634 -0.299599957042389 0.340962252221112
1.37060878935992 1.41323369947632 -0.247351837770233 -2.10060641107202 -0.337813011717828 0.385002967404063
1.52094654364214 1.56849889794274 -0.272222341314884 -2.33359179310444 -0.372381085504258 0.427009376961415
1.67323270845409 1.7255251606259 -0.296763660365629 -2.56903653061047 -0.406327236892297 0.469067007824447
1.83091155548588 1.88848292791132 -0.323391681689242 -2.8121153426114 -0.443014781493453 0.512936436393829
2.0026719358841 2.06334646334581 -0.355097634471411 -3.07279246075234 -0.487033959834657 0.561106966589507
2.18291220597282 2.24847933217032 -0.390412433076547 -3.34588242127694 -0.535159856495895 0.612192406355297
2.36647321317372 2.43778249994733 -0.427055000281367 -3.62350147368172 -0.58424857753413 0.66417465293817
2.54180657228756 2.62579220770938 -0.461878723100916 -3.89420907604249 -0.629048240865345 0.714400937505452
2.71553573146427 2.80928801440955 -0.495878122988052 -4.16023130938099 -0.6720881606152 0.763396061607718
2.87618142754964 2.98612002854126 -0.526515714712744 -4.4134674188275 -0.708412269851643 0.809391426391825
3.03330504879892 3.15490055742016 -0.554652471637529 -4.65935927979671 -0.741582596002112 0.853355074317656
3.18998512201753 3.32336738111517 -0.581411962860462 -4.90586447640024 -0.773753148696441 0.89710276633575
3.3551731715009 3.49940274820863 -0.609478776746008 -5.16500015319574 -0.810458032052844 0.943609088369826
3.53095803443598 3.68008288123915 -0.639556251576446 -5.43465675811021 -0.853909301924457 0.99275032385263
3.70904946489155 3.85963169640342 -0.671711930747588 -5.70386360877878 -0.904905815924057 1.04334080005079
3.88552326283071 4.02083549601519 -0.704985142812123 -5.95582782279955 -0.962706710765772 1.09228208670195
4.00379080008552 4.12828179174024 -0.728112128370065 -6.12383042875438 -1.00367249878685 1.12548274745226
4.09629329880348 4.20769428503023 -0.746374071189034 -6.25140703243375 -1.03701981892979 1.15101087363201
4.12472607598052 4.23740672604778 -0.750676210213008 -6.29530801345767 -1.04546517742307 1.15912831092514
4.12637537803148 4.23748894319626 -0.747490422958777 -6.29747307552798 -1.04214262186597 1.15806737914975
4.09258828424583 4.20654304326045 -0.7394079104019 -6.25070818791083 -1.02788297771984 1.14812896982972
4.04041553320824 4.15766518090876 -0.730536059423373 -6.17644366805975 -1.01028795605956 1.13398453799314
3.97345562892502 4.09001555128451 -0.719633378577863 -6.07650549291078 -0.989126049629915 1.11526394538398
3.86181901745266 3.9883864498032 -0.698544854422013 -5.9174390953637 -0.951781066176031 1.08424879961842
3.69931309019279 3.84040063650341 -0.667451054891219 -5.68505869729083 -0.899494811829986 1.03913070572253
3.52827667327129 3.67193260914131 -0.637747313714023 -5.42924827059237 -0.853734251674154 0.991858182056525
3.37366862086201 3.5047966601593 -0.611835662634228 -5.18516211667964 -0.819720252633094 0.948242949079879
3.22964637475868 3.34006875516012 -0.588120919142376 -4.94989967658062 -0.793084604690521 0.907131032414954
3.07422637228157 3.17457013539837 -0.561528576218271 -4.70662565564565 -0.761592013130358 0.864044088927729
2.91105446281666 3.00231201182703 -0.531820622974995 -4.45368334533158 -0.72510996444198 0.818337735161456
2.72393813255108 2.81515784229036 -0.494669598072995 -4.1736305135579 -0.675512945900568 0.765802347084739
2.52969424358404 2.61610470887207 -0.453990837561708 -3.88058091078346 -0.620923989744395 0.709937026145032
2.34789660288807 2.42156971023931 -0.417657864101905 -3.60030135099192 -0.573039770919065 0.657610871316764
2.17095087025911 2.2348250242409 -0.384403413946935 -3.32908054447143 -0.528533356615656 0.607799559168289
1.99558965893247 2.05048917734076 -0.351586627524187 -3.05965253551525 -0.484530105447483 0.558222094652504
1.82358319450674 1.86989030559367 -0.319574987231476 -2.79365277274948 -0.441716970212659 0.509155215114102
1.65664272919228 1.6954580869983 -0.289982444965198 -2.53421943239041 -0.402261379998229 0.461805935213582
1.4962603229036 1.52413761512306 -0.264426645327629 -2.28029411114273 -0.368625455580103 0.416725078930311
1.33399825209756 1.34690582792741 -0.239731261702601 -2.01985545999689 -0.336534071155567 0.371061198735471
1.14695054460023 1.14696366074192 -0.211200645003589 -1.72475266861779 -0.297159535678807 0.319129867354172
0.885521983817972 0.878361594231294 -0.167100373080117 -1.32464292240979 -0.233787381979449 0.246703554180733
0.487107451399137 0.476438657841094 -0.0937867397284777 -0.724876201180619 -0.12762680208021 0.135390716230754
-0.0323301833034678 -0.0327522419505945 0.00809698491880489 0.0419886974655391 0.0187967739741566 -0.00950859336870472
-0.432545457829425 -0.425053377993112 0.0874308877515218 0.633080381416886 0.129984568710262 -0.121097968085762
-0.856265364192176 -0.863554379879948 0.166595586866551 1.27851365698825 0.237992180318442 -0.240062745830296
-1.08649766920017 -1.12316240331428 0.204817765533252 1.64885872433467 0.285315811634042 -0.305414618242434
-1.26903077579583 -1.32837722358818 0.234823911989867 1.94337804519076 0.320232999041445 -0.35700078093967
-1.43595356928271 -1.50758762100274 0.264010334757733 2.20615044702193 0.355054373591726 -0.403933659494755
-1.59198884644849 -1.67483577904468 0.290779444486245 2.45168909009947 0.388181108042024 -0.447802684392609
-1.7364411995731 -1.83317464911082 0.315647662680477 2.68257179502965 0.419703007316516 -0.489326775536848
-1.88482180408822 -1.99221805098737 0.34147716044881 2.91691689533078 0.454201182600597 -0.531918964762789
-2.04602963882644 -2.15430068470585 0.370049109770334 3.16248046779899 0.494874297286761 -0.577188274363663
-2.21309100136559 -2.3192731534241 0.399346690904416 3.41527794247384 0.537948551587537 -0.623973973951731
-2.37535260863174 -2.48210804889872 0.424822073041788 3.66476669132678 0.576536740177982 -0.669092133734587
-2.54445567313388 -2.65180661978774 0.452866965215409 3.92478715210763 0.617276825288107 -0.716544126042228
-2.72061353485699 -2.82484419995856 0.481615315112928 4.19241299405908 0.65847375138304 -0.765020226376981
-2.9060373904804 -3.00412976518178 0.511658335849678 4.47125302272022 0.70101228592129 -0.815254698396819
-3.08526577064287 -3.18958930410241 0.54134431844891 4.75077214797669 0.741143358331831 -0.865609627779006
-3.25729355596035 -3.37435203947454 0.568460633645366 5.02486254890325 0.778412193673518 -0.914498999492981
-3.4182373702778 -3.55549567996952 0.592566085952987 5.28839007968682 0.814406116555413 -0.961479889813549
-3.58186967266574 -3.72471231868854 0.618018034028908 5.54294883042245 0.858131894708297 -1.00815030776585
-3.74450429062819 -3.86663115260929 0.643879415510975 5.77299015169772 0.908352379281867 -1.05149894186223
-3.87925151316312 -3.97339782562084 0.668669973791139 5.95382313710602 0.957244909303997 -1.08758133059518
-3.97628356185077 -4.04650149070916 0.68827320622 6.08065762360822 0.995157111382486 -1.11376739512855
-4.05602167191876 -4.09941424630641 0.705992513630062 6.1787629320245 1.02913018510464 -1.13499766168593
-4.09689522940516 -4.12188993748753 0.715802654374061 6.22512155586434 1.04844497613634 -1.14563970007918
-4.11535891580065 -4.1230907113262 0.718202132475647 6.23874844386778 1.0560417046305 -1.14828855907263
-4.05860135068474 -4.06706429673329 0.702774358475594 6.15384211803364 1.03166266490247 -1.12945698270447
-3.94711759929129 -3.97330252630128 0.678826622793746 6.00008240934453 0.989012630729171 -1.09763127150814
-3.81090139988362 -3.86344637107628 0.65319828857009 5.81572209959861 0.940969418751451 -1.0610805096351
-3.64254252542242 -3.72099300693175 0.62453436696293 5.58176705539747 0.88650177178416 -1.01628340056291
-3.44059608043252 -3.54256079208581 0.593048040005358 5.29410565294071 0.827779186595635 -0.962957909954495
-3.23363036317617 -3.35783988541531 0.562308395854817 4.99707183032078 0.772375547182813 -0.909038739260602
-3.0377715529809 -3.1689556171401 0.532360431471778 4.70314989259806 0.724074795346144 -0.855999670222219
-2.85020170430241 -2.97861205834078 0.50151228874188 4.41325858945836 0.679423194984949 -0.803335086197563
-2.68067444744487 -2.8023921297729 0.475546154502534 4.14666933045804 0.642697266414456 -0.755816032499742
-2.5127206461549 -2.62837824507263 0.449027174211816 3.88328589173174 0.604869751598637 -0.708454337252883
-2.34999266659789 -2.46084079818558 0.423454962796884 3.62901431501918 0.567948840434041 -0.662718025551054
-2.17924257733235 -2.2918440089255 0.394330124489739 3.36945790517199 0.52514026170513 -0.614989203872671
-2.01483546002907 -2.12761946686427 0.366135286515751 3.11923224032648 0.484209261203837 -0.569101560268736
-1.86449054279117 -1.96770796762504 0.340652512664753 2.88323923079855 0.44902530311953 -0.526385490047997
-1.70660249501446 -1.80236796921229 0.311986174879835 2.63936625921004 0.409954548346108 -0.481648591155134
-1.5434587313437 -1.63329604326829 0.281482533418772 2.39021045463884 0.368501150457167 -0.435695636300137
-1.38041177352288 -1.45922135226103 0.250961799316418 2.13783266282538 0.327188619639864 -0.38923891303971
-1.20863828825895 -1.27920548512891 0.218060396521582 1.87532710161784 0.282154537241168 -0.340528714001725
-1.0361277321565 -1.10387943435235 0.185435413935634 1.61544481233042 0.237448686365059 -0.292387532569655
-0.855607311398596 -0.9251017849026 0.149781052942626 1.34811824017617 0.187745602596605 -0.242078741672678
-0.702738411749418 -0.771381338630414 0.120581244604882 1.11842468378204 0.148796765943036 -0.199520072976874
-0.612270915055194 -0.666901234692329 0.105294826874726 0.97000385275125 0.131494802803435 -0.173425636680992
-0.52807719556375 -0.567589912562942 0.0913791033750837 0.82978909320612 0.1164968080042 -0.148999811020878
-0.450881249755594 -0.478292797856252 0.0794526948664177 0.701740510879996 0.104012942178764 -0.126975926357579
-0.35975181613626 -0.385486307944683 0.0630445898418674 0.562773746928301 0.0823149024730364 -0.101593049571693
-0.252378974224009 -0.284642209039393 0.0417739723951889 0.407593787685207 0.0513969619067119 -0.0720155482199427
-0.154161810886056 -0.185290306789235 0.0233553530716246 0.259889359875783 0.0251960609835088 -0.0445337637692397
-0.0676334750180875 -0.087020813260442 0.00887365647572451 0.120558786187791 0.00614916474887736 -0.019726832781428
0.0191820035310699 0.010906792298913 -0.00586250088801992 -0.0188762517242302 -0.0127727010551452 0.0051206662926047
