9.12405020896724 13.5221836966183 22.3661910861366 41.2343522682525 57.9504207786817 66.2255795645349
7.58592053582384 11.6702427929768 19.8663251133785 37.8522384153412 54.0078914731453 62.015372929539
2.89805692998068 5.80254801321048 11.7867348518537 26.2782131174751 39.9213646783199 46.9426586870088
1.66160062966477 4.1116926850888 9.19469146408902 22.2759489122651 34.8856320408532 41.5426706051224
6.13576328690249 9.89914245562502 18.0460549795956 35.1569842631999 50.099487301597 58.2038084033387
10.8725525573093 15.5379381474515 25.3542544837268 45.1221252333688 62.0009914716637 70.8636857783564
-0.0574032973719974 0.849000455493757 2.83545604220338 11.2681078644405 20.7479347762472 25.8583961947443
3.67478388397401 6.82324352732155 13.2579629286979 28.4791882312537 42.6949204967628 49.850628693112
1.76923766771373 4.2925398509301 9.64627047555991 22.9358015745316 35.5394261444189 42.3419208695229
0.111830473824091 0.522328083117142 1.58219794940101 8.77329078751675 17.6393478837786 22.0659403498024
10.1841267475974 14.7230609231281 24.1986085334008 43.6034519000975 60.3421308264004 69.0403119887587
0.2061167843 0.376233392671685 1.01334689792225 7.66100693505012 16.2920347715474 20.3753656230222
0.876583688776931 2.9282263079633 7.23355958863098 19.0717042083909 30.7622438313419 37.0876221158305
5.99158750612889 9.67675913486001 17.8095718454971 34.7768236137419 49.49234668256 57.6984644210427
0.256447831667103 0.313948329458913 0.762372176783046 7.16768608611885 15.6935855259348 19.6232321640509
2.48705803630773 5.25584187608018 10.9537068963038 25.0253307703108 38.3851380841587 45.2788820956057
0.0477476400770336 0.96046884103723 2.92611155972348 11.3188135822869 20.8174867302633 25.8196760294181
6.50023681825331 10.3402877727064 18.1306170198784 35.4385360499909 51.05245155224 58.9233617778716
0.0768851438982693 0.638136472667418 1.9507054991496 9.47984232341071 18.5329382970891 23.1052590761681
0.218143988465912 0.335662830343875 0.894378262368295 7.44091817934459 16.0255637619833 20.0540198936148
5.27293738627926 8.91296550613283 15.9066963920243 32.4780936606643 48.0129360337238 55.292526459187
2.81280660523995 5.72639996669131 11.7758170953065 26.3009185773812 39.8956551601484 46.9696183959877
0.66720373874308 2.61815528874407 6.69552185968762 18.1132946820003 29.5130190141199 35.6440406299657
4.89239314675938 8.33422258505564 15.6802842390511 31.8597984177697 46.3690601605283 54.1003594190294
2.52879407897832 5.34456885200021 11.2182831724912 25.4424240544885 38.8058759190464 45.8047319295557
4.33336793787383 7.74457621610827 14.3023351984598 30.2038206297116 45.2767631911869 52.3384039935205
7.71768392712764 11.7806841631915 20.1845309244421 38.2052587350682 54.1324773386265 62.3568226769756
6.17057644373619 9.93500183203841 18.1185519616808 35.2477378913735 50.1684367268591 58.3097158972041
0.333666242105293 2.0292018289537 5.45827837674139 16.2529004832431 27.5409210229201 33.2197333912672
1.79130081238387 4.33889601321234 9.26852712214483 22.6174031944609 35.9209635751375 42.1697806377645
2.94837835913873 5.88058474575426 11.827295945856 26.3860998698398 40.2012113712807 47.1245638068718
2.12521601004323 4.80867838443961 9.99647119758516 23.7486813072723 37.3411639759874 43.7047702338445
0.176360811424471 1.69433278114622 4.83026257558137 15.0734573701484 25.8695770991716 31.4856444563941
1.91260978367159 4.51538306746225 9.87007487609954 23.4121771303907 36.4290944448424 43.0948252520178
0.00631892133604383 0.735074137427845 2.33134768033241 10.2056197760134 19.403739736888 24.1668693710538
1.00444945766322 3.17970641381488 7.63880260487424 19.8044808178346 31.8851438565861 38.0957095538297
0.158593754971727 0.433088920253194 1.23646256995604 8.10293507658187 16.8415810217853 21.0402049166211
2.35209549377494 5.09689458681234 10.5610125936177 24.5297163467982 38.0699295988019 44.6954809985212
4.98375653252189 8.49927600141796 15.7669678688866 32.0677934593744 46.9015070379663 54.4276314842254
0.0373603740797108 0.596789972136367 1.87869917792152 9.35241221835149 18.3653298166539 22.9034462366028
0.254939796120278 0.297754793131615 0.73123779539685 7.1246611028442 15.6571869337496 19.5680738398128
0.0811457665404291 1.08053194952209 3.21870754620284 11.8624525197173 21.5204168162366 26.6187773228362
1.49689062116781 3.93581384529031 8.88859683364411 21.8996531733903 34.6437014376207 41.048070089044
0.634633805030068 2.54335521446166 6.47114022553634 17.7884661742054 29.2471847426699 35.2258391134352
0.116649536344886 1.56933916332666 4.50326890963583 14.6020340692036 25.4850351343257 30.8615423785874
1.0406891719875 3.2300459228049 7.83752968827098 20.0293548505757 31.9286811049447 38.3343505537813
1.30793726389307 3.64643946222894 8.45785741515104 21.1500232376168 33.5772053925389 39.9719227568654
0.638693918898502 2.55014586484035 6.48778798026438 17.8129218999125 29.2696721333057 35.2579457810272
1.14043335499299 3.34453401541963 7.94904773069423 20.2624066706576 32.3001313232067 38.7575421860505
0.18048355574525 0.376426431583963 1.03104638026566 7.70873707744258 16.3684211640188 20.4379494592974
0.056824877187941 0.466359565999423 1.53362659088547 8.76545232194824 17.6860306270005 22.1075429352598
0.136712190909549 1.26840588290907 3.663011888731 12.6904851490107 22.6056382092485 27.8342598196049
4.9539775190157 8.52924268883935 15.3448408686389 31.7070472042659 47.1544903889027 54.3177038183113
8.0342744885617 12.2339918570385 20.5504600056935 38.814813390146 55.2619649753159 63.2594143798677
0.179854196815367 1.67651255706184 4.83127484564122 14.9704547299733 25.5474728805346 31.2786583671659
0.0182118409259681 1.18476767423129 3.63275397974947 12.6048303598422 22.3483212642903 27.6664429495548
10.0817576249212 14.6405741961097 23.9866744751289 43.362498059324 60.2309725629745 68.7894964079119
-0.0509498836318345 0.753165944740076 2.54313612949367 10.7230906106873 20.0872927722142 25.0544760860762
0.273141382999496 1.86631180503768 5.21308215407578 15.4687355564097 26.0119578729916 31.8280362097239
4.66846545468688 8.13323188077046 15.1160440352894 31.2033638112747 46.0897645436566 53.3765226854454
0.863620027021476 2.90768260889672 7.20176451373127 19.0151712227864 30.6807104036357 37.0058844316439
0.191411709248912 0.336964982971003 0.946610118460005 7.57621118348168 16.2226337728669 20.2743720238775
0.0972083379259043 0.551564946243989 1.69001705759784 8.98342627568762 17.8959248849487 22.3835709384394
0.067025130430973 0.992212779298972 2.98690148362647 11.4311437707369 20.9719447582771 25.9865216535657
6.49790155404839 10.3548649638627 18.087822310716 35.4119088604922 51.1307841674919 58.92959587217
-0.0668023424755019 0.7573267222086 2.54946343715437 10.8650754295322 20.4884074504295 25.3171617011543
9.79127056859072 14.2361129387742 23.583582781554 42.7644028367707 59.304454065434 67.9928075921954
0.134705705406808 0.448145035681104 1.30913375234777 8.25049744870069 17.0273931025248 21.2589412242867
2.32186205044869 5.08964198689788 10.715396411022 24.7642214787217 38.2057285773447 44.9677068778963
6.00516466446921 9.75668655209163 17.7786897540207 34.8137523184296 49.8074324670463 57.7971182538514
-0.0555423691761725 1.01298724377057 3.25302727986248 12.2350455761507 22.290493198197 27.3670446082255
0.0709761825579681 0.936071907249865 2.81910271208366 11.1168446020004 20.5815295048372 25.5259306470757
1.64470223844589 4.1548006232523 9.22421463206716 22.4575781509081 35.3933177463627 41.8330570517218
5.12586970426486 8.62150291169835 16.1314667229675 32.4839064131016 47.0500612000255 54.8771795778197
4.90556691720382 8.39067068552573 15.6294447630897 31.8604104438635 46.616491158187 54.157586328127
1.24670924079681 3.56199840954858 8.27658720603069 20.8925762871454 33.3398342700691 39.6400780307524
1.67328366172451 4.15083289142982 9.11672851498596 22.2787633476257 35.2089770627552 41.6375894879954
-0.0648239773557148 0.739529760626181 2.49389844634882 10.759509976673 20.3584724253029 25.1591831229825
-0.0488402704532397 0.778699406449083 2.61578151967891 10.8143288083872 20.1254664018196 25.1662553372648
6.18473448957165 9.91499128739026 18.1821322032831 35.2856237085491 50.0409720859236 58.3212699257463
10.9933317708279 15.6021589468971 25.6425033163905 45.4224931096823 62.0134211718396 71.141550693413
0.214700560535431 1.75091280609926 4.98560103755143 15.2452071019806 25.9041680803072 31.6742885036085
0.0624829999124265 0.449407683135008 1.47223758199535 8.66734254903035 17.6039285289401 21.9643776537892
0.124618788152282 1.54983570418249 4.55834856532837 14.483836510377 24.9229311815092 30.5774804511471
0.289751133951207 0.283947068311549 0.621607366519241 6.88624449975057 15.3531843161586 19.1865466422474
0.152596328861716 0.459443628086916 1.32664786738246 8.27449269753554 17.0466861483034 21.3017375764402
0.816025166051489 2.86348352651135 6.89297540054248 18.7528754313881 30.9230427628955 36.7975702007613
6.56672639060419 10.5129483399889 18.0408733828862 35.4674208186761 51.63727609662 59.1416341629294
0.292830054608418 0.276151285122025 0.604423346317704 6.8590042397755 15.3265824381333 19.1502314013512
2.21362709858677 4.93411410005317 10.1783085431894 24.035984269178 37.7209118747088 44.0972536579096
0.928370029132305 3.05393750344636 7.47890362069271 19.4718600129842 31.3134317230584 37.5830790834879
0.037653006724403 0.479816037212804 1.59789623005835 8.9295092948592 17.9459408155131 22.3683119397198
-0.0563595156401148 0.903340668174753 2.99036602162792 11.5788995103724 21.1695328342696 26.3268267778762
0.329266997970518 2.00777846178369 5.54619358204636 16.0287185083761 26.6680809835702 32.6046036235933
0.0585565074133763 0.655424482217062 2.02511695366535 9.62408829342255 18.7081045006904 23.3155297371476
1.36875810605203 3.74419400520313 8.58707440735494 21.3966500602386 33.97213679332 40.3399355309483
0.259802164336124 0.310838525158361 0.740247920321274 7.12252529190513 15.6397603762123 19.5497335996872
1.10815861418522 3.31957721235019 7.66401681515399 20.0159437658169 32.5323678016068 38.5594687991654
0.126620125712198 0.397811086470532 1.22489118427937 8.13380786633487 16.8967308679357 21.1338590950761
0.0843194989116532 1.20235870999935 3.56963861691543 12.5106251285065 22.3201520711911 27.5629624276226
1.28549475357179 3.55887704748949 8.30538320022254 20.8342946584402 33.0204121403236 39.5455059288529
0.405455106277978 2.16874655679905 5.68161009977726 16.6924112510234 28.2237560718775 33.8758587381139
10.8606879978906 15.4517039272835 25.4147643754204 45.12962485552 61.7171465937386 70.7964911893481
1.47883270661547 3.91288031018522 8.83982562303048 21.8331741241123 34.5869835237655 40.964190953333
10.3299678512447 14.8737710478244 24.4673739016344 43.9362206824316 60.6187579580577 69.4193098503574
8.42860247215166 12.7235399443289 21.1732340901185 39.6744982780605 56.3280490493696 64.3483458870564
-0.00163833553903457 0.585320785114033 1.97342511682041 9.60293233320618 18.6718006210947 23.3668017229471
0.22354354247796 1.60774748783534 4.49442733942062 14.2247833653926 24.5794899857168 30.0720172878058
1.5631374269063 4.03675277261363 9.0354090731281 22.153359244839 35.0051127160044 41.411321154053
1.88409400909734 4.43340830281906 9.65681788999002 23.0468884148327 35.9687778973558 42.626736322685
8.17178749319236 12.4356256267242 20.7211815979212 39.0897750482418 55.7515278610156 63.6507238523098
0.000517517862271548 0.533273576955243 1.80780510886111 9.36573596741418 18.5178262710993 23.0386179561781
0.721758282748665 2.70988085154125 6.64597682033054 18.3275308161843 30.339176020594 36.1918446600349
2.77382124648454 5.69922491961412 11.5986536881232 26.1222922565141 39.9303369327654 46.8140839821969
11.4374407526205 16.1142374571285 26.3907061276726 46.3929820145104 63.0344082044548 72.2943799769002
5.39307476843073 8.95158488795001 16.6408036712413 33.1908022017687 47.8344027452395 55.7583037191838
0.181222546368019 0.34859050190066 0.996397323801425 7.6713850215337 16.3312040773341 20.4204267796582
0.0293562092734498 0.5649430564009 1.85492136135003 9.33414532709451 18.3029781849654 22.9407014908664
11.9641895871006 16.71315312937 27.2952168925261 47.550904995262 64.2031768526576 73.6479293943227
2.41049064610318 5.19121850467976 10.6260792386321 24.6816179970705 38.4136632749663 44.9372530773104
7.47419899314735 11.5910463834519 19.5781200284565 37.5385772898317 53.9425215643979 61.7150671294948
3.91530288554246 7.20836820025282 13.5949543943714 29.1648167710587 43.9499132544448 50.9535489658083
-0.0545167966844416 0.756306552555434 2.55164712936824 10.7798395216796 20.2278893625042 25.1557678145005
7.72286464177704 11.8646413947739 20.032439671619 38.1203394036798 54.4828817911112 62.4017023171009
2.90431489971549 5.8825676659577 11.8206676286619 26.4901028188461 40.4761287473172 47.3377219448744
8.48440190662611 12.8024838721757 21.249973817996 39.7909230813596 56.513100197998 64.506181442916
0.820734615097418 2.88246692756479 7.24525101820525 18.9965642030455 30.5267878591791 36.8521809917799
2.61215989107408 5.44939728411513 11.410360417466 25.7058390487697 39.0580781016686 46.1330022783487
12.0492924856293 16.8136959500803 27.4376493767901 47.7363900670181 64.4044524498945 73.8677653421864
3.90653184041915 7.10374804118405 13.7655411331585 29.1663761561812 43.3508353014298 50.6975873471268
5.33122195211331 8.99646265889595 15.9834464216172 32.6065325395087 48.2326981143436 55.481162902547
10.7424432240547 15.3315730533367 25.1890528450986 44.8558989677334 61.5072809093288 70.4945202613996
6.15021424218966 9.87533091371593 18.1114305477249 35.1937421725157 49.9574202018199 58.2126671257926
6.64801895663789 10.6087680089812 18.1819477246197 35.6571625870646 51.8431366104706 59.3772305252356
0.393198069008535 2.10175944975619 5.69831925569496 16.4790824682185 27.465540285589 33.4313567241743
3.31910658023914 6.43007642966865 12.5816245630116 27.6416241676487 41.9464667953152 48.8944203591813
0.0458045361597834 0.533937970908587 1.7398627504622 9.11374332810503 18.0410680915097 22.6098647011351
2.81807339013761 5.71763869827499 11.53031551213 25.97513714582 39.7981619866373 46.606963828427
0.0945199176195562 0.517118717874012 1.56795792260947 8.75240859506117 17.6392854802046 22.0132225905466
5.53736296983544 9.17970827382264 16.510313633318 33.2086353492554 48.4769472258096 56.097980295717
2.64463758194868 5.49080051842074 11.1587616782608 25.433854886002 39.1867252638478 45.9012501732504
0.475200012264724 2.22643965721857 5.83956517983355 16.668987716458 27.7806392486221 33.617397268529
2.16585591005954 4.84401063233561 10.5074791200297 24.3013497892663 37.2734516778702 44.2188631313344
2.34218548772168 5.10458652463753 10.8018560598223 24.8490734885331 38.1833159774325 45.0419023173643
1.60878461552153 4.05613776749133 9.01233784546011 22.0854161649282 34.8782994519162 41.3525581479995
8.96138338938557 13.3368677966317 22.085609426942 40.8692693096764 57.5769077562201 65.7883414613983
-0.0220703677411085 1.0966062243755 3.4773927679243 12.5477891512922 22.5124954214702 27.7795348283118
2.96853457951301 5.9223684061357 11.8113694228637 26.4105119054189 40.3815810355602 47.1942178651676
1.81580107880419 4.38078733282757 9.65683383594344 23.0795744530813 36.0180754006148 42.6413140724108
0.01247066921652 1.22975158377318 3.80002419492467 13.1555246555802 23.31293525022 28.6741247517809
1.98715203037381 4.61460532738398 9.70433495813102 23.2928065471103 36.7575433912766 43.0854529914699
7.89037000428018 12.1020649614402 20.2489386532041 38.4584510735714 55.050343166903 62.8737957566619
9.01665896961239 13.4240682850655 22.1528480844571 40.9814904849379 57.791187499026 65.9492698239653
1.34728651272325 3.69052671648586 8.6585337319033 21.3558150055762 33.5562858159449 40.1653312717363
0.206571027604738 0.360444324561223 0.953520680668177 7.5494537792309 16.1666594959969 20.1998891886518
6.321669351435 10.1166795769961 17.8552537563461 35.0428822173768 50.5338515430824 58.4011206573328
0.0577573275810242 1.28705014440592 3.87031074384131 13.0432428174328 22.9172018106447 28.3140308592807
3.54201510830051 6.69246131803084 12.9130960177498 28.0694422844389 42.4919919644383 49.3908238270936
4.05354878808595 7.31222681114799 13.9840990709503 29.5332634745317 43.9573542052519 51.2126654893471
0.548193914819002 2.42337236657511 6.17127492774847 17.5114712889259 29.2342432253885 35.0299609517837
0.100700581194998 0.594616918478881 1.79376405413663 9.1757820486482 18.1554846537713 22.6544844887096
8.20073076297395 12.4697081176149 20.7700152070031 39.1547287103176 55.822637035604 63.7302459908003
2.47614159493947 5.2739164021413 11.110980543697 25.2786554889592 38.6040564890363 45.5840228079629
-0.00546468063505407 0.844926729688152 2.67075502734122 10.8387276194111 20.1775266357749 25.096146887117
1.91865669037885 4.48040013930199 9.73876358954072 23.1676803644382 36.102039832179 42.7855611383744
0.0535412233258354 1.3566740715925 4.10227564583204 13.6956066030037 23.9828218319511 29.4546581074321
3.48563956172744 6.58364013785242 12.8760281049239 27.9359463600094 42.0884004122569 49.1566140240378
6.04359287921834 9.74292613664049 17.9059851594636 34.9123962674118 49.6512590732791 57.8679484973411
3.95598184380185 7.17724196987188 13.8248964190071 29.2809844223084 43.5811207238219 50.8704520388332
4.65342022326891 8.05927228877524 15.1653121044191 31.18523622472 45.7744147201168 53.2912039695577
1.94129694366401 4.53346306534951 10.0275018349191 23.5426687183251 36.3089098474744 43.1772801142378
9.42706998643852 13.8344382080394 22.9345994777307 41.9366950998891 58.5213392535346 67.022917534486
-0.0523477019513085 0.892802430741194 2.94894510668139 11.5142865069806 21.1184524158576 26.2370163408314
6.07922233866747 9.825182214205 17.9363897258929 35.0049216225351 49.9259070098902 58.0179607281959
5.16867963139364 8.72955703548108 16.1284080708988 32.5679440745648 47.4473234739616 55.0489510384117
0.0753099007753785 0.885181493671957 2.66608013946523 10.8295583350963 20.2242959373594 25.1042867507599
7.15540386359591 11.2237702800446 19.021718234942 36.8049862682695 53.1811689051251 60.8223336904487
0.0735985009574397 0.474542137871104 1.52796500044723 8.71046171204727 17.5616052123042 22.0059999989995
0.015347127299336 1.28445120361685 3.8787728603339 13.4449877272776 23.9493153272447 29.1655980390027
6.27397746694584 10.0545662787939 18.328977771633 35.5222610442135 50.4219645123994 58.6352459821913
7.70577124727402 11.8790344035989 19.9453463724042 38.0475031376311 54.5743014667717 62.3624520602924
-0.0624342740151041 0.899785448712788 2.95621840424358 11.6311283011843 21.4445653875689 26.4545629378755
0.765771674863846 2.74881631362482 6.91841396185719 18.5423599396607 30.077752628213 36.3423262270768
0.127663578494566 0.433538154318719 1.27163393070003 8.18343064287248 16.9479459546978 21.1550526251909
6.40109343588148 10.2701509858466 17.8525675011249 35.1457404631085 51.0232835227214 58.6615526142415
2.53572774029183 5.3199683809927 11.0604938855068 25.1807331855252 38.5587324592547 45.4808429626774
0.892741540442308 2.99891007254436 7.45655119519358 19.3574053201011 30.9955547255626 37.3638569630522
7.17159062411239 11.2246338757641 19.0806177867974 36.8599149081833 53.1494172477808 60.86248904492
3.89065544770205 7.09922755021323 13.6811253241655 29.0873495981032 43.400293984269 50.63210142977
4.20931893083119 7.58354821392126 14.098916935739 29.9010426333702 44.875257305453 51.930487741565
-0.0399072014664255 0.652286235588203 2.22363847820601 10.1596895766826 19.4713349459143 24.2325547924689
5.20770082874155 8.72555268675533 16.2806444852033 32.6974961029636 47.308177245069 55.1494348551469
3.96910766925815 7.2787443577125 13.6840131561648 29.2988314676506 44.1291732733422 51.1351246682188
0.39867298187116 2.13549854049757 5.7982293939784 16.485464693645 27.2804550721043 33.272173520396
-0.00886965165723164 0.564009435902873 1.91563646399425 9.5646416769566 18.744203167827 23.3361325094311
0.0819264418065082 1.4455737335363 4.32275109301721 14.0754525756266 24.4255097396868 29.9958088641047
3.6949454319565 6.83879924416898 13.3369010440557 28.5639706463622 42.6944907777994 49.9357652683312
11.1292264979567 15.8468292417506 25.7883986482333 45.692531870213 62.6291190538497 71.5443669213814
4.78332647713669 8.27418876848124 15.3456564375788 31.5187740163138 46.4217004270324 53.7679763793548
5.30137061030532 8.84885335793461 16.4444390642724 32.9387174420947 47.6233140726922 55.4615762400793
3.80529342848164 7.04071331432037 13.4131368012052 28.8044775313813 43.4025976577545 50.3454006097396
4.088945208143 7.40559824617568 13.9675856352482 29.5968619258711 44.3207236710236 51.3565305983119
9.69445069089619 14.1615959883725 23.3617486277569 42.5157747057003 59.2155575753104 67.7424953355097
5.40348739767404 9.0390863577265 16.5752824957453 33.20375742731 48.2066699173696 55.8465970058159
0.165748222610746 0.397365106401288 1.11436726079169 7.87171405892726 16.5668970094314 20.685470582472
3.76103624713591 6.92147063324701 13.4734958279133 28.7553205870165 42.8991147499172 50.1773337014853
0.184112306997271 0.375331378942783 1.02404933063694 7.69374012923119 16.3489979318661 20.4161759304047
-0.00264511008762769 0.590125629912062 1.98877876023663 9.62807460031887 18.6954413995595 23.4026208601845
0.252333254110329 0.318625099058744 0.781398146948502 7.20511834799356 15.7389079055141 19.6803475578789
0.695600718112353 2.63337166661235 6.70804201314385 18.1924537023543 29.6372242952467 35.8521203768532
2.3732916689043 5.11100982287969 10.6809724080366 24.6489189449605 38.0261251197888 44.806725238628
2.00775662165385 4.63576564996257 10.1388320665013 23.7694494763253 36.7112639907778 43.5305333976357
0.224964956055517 0.317237608723024 0.83606777984757 7.34166311618568 15.9252379316685 19.907326092897
0.76560368429788 2.78336458747418 6.75273948698885 18.5237453607742 30.6366027352823 36.4780764772401
4.16025681689194 7.49556835248735 14.1095442167681 29.7968391647436 44.5428969011654 51.6098169558227
11.386698931961 16.1004370428499 26.2591451218051 46.2650810097965 63.0744022313448 72.1874831267841
-0.0570616802357342 0.845574158134033 2.82593657992294 11.2383574083848 20.6909117661902 25.808376123967
0.418761803097715 2.14933651310922 5.79808531952055 16.6408746087732 27.6512164752815 33.6550124407646
-0.0354493218821223 1.09152681302612 3.45627969341973 12.5883360940506 22.6985361901131 27.875742380724
10.5803136636367 15.1816367467973 24.8715074772648 44.4798793172335 61.2642198486727 70.0862878422403
-0.0441103301764382 1.08424164541568 3.43414362219091 12.5839391927823 22.7537969413055 27.8863248281428
0.155847447809091 0.363408172453543 1.07900326276156 7.85038619161192 16.564534621849 20.7005613870026
9.87546832104707 14.3099055560572 23.7738680977556 42.9794635531422 59.4015142489879 68.2066656669113
6.24176305230724 10.084523176674 17.5698916178115 34.7692006942193 50.6297263211465 58.1989100217253
3.44114053422898 6.53405183220406 12.7661533203756 27.7964579858037 41.9884361611025 48.991816156348
12.0353746660084 16.8087372303245 27.4037218462469 47.7030796840743 64.4115929566644 73.8394902775952
0.0360972380581393 1.34656995986851 4.01673859547753 13.7029645426808 24.2938705332654 29.544979465468
10.3571624255313 14.8763025570095 24.5583258701117 44.0211847561485 60.5721327905813 69.4805407546837
0.528704815277983 2.33456279431062 6.06141032767159 17.0578394900154 28.2790729029655 34.1731618837713
0.133840817013338 1.61120191037839 4.5863129864015 14.7588005766144 25.7039270692092 31.0924938661175
1.54473465563056 3.94089360695297 8.92298215596132 21.835694191227 34.3132609843315 40.932870307426
4.72920019028831 8.24205460388871 14.9768246392405 31.171219478008 46.4639082036829 53.6064049862081
0.215916825971596 0.317288341067692 0.85045813755182 7.38092610991737 15.9843361655794 19.9710021733048
0.0639532677435909 0.57998929060519 1.79494089531606 9.18828703086537 18.1696498542829 22.6630013300353
4.61447184387796 8.07623927251658 14.8522765175437 30.9477515017722 46.0241506650327 53.2627723523347
0.109959801154534 0.404017720670442 1.26826848086792 8.23973895744161 17.0515896268477 21.3028757277323
5.34477393003126 8.94903953147426 16.1776153697389 32.7537447021627 47.9673968006325 55.5253556972159
11.6899486869535 16.4616939717661 26.7768725371355 46.9385459018243 63.7977203956866 72.9818984387082
4.37842913676627 7.75483600414746 14.5632761593491 30.4111115915597 45.1441887574174 52.3701082282018
0.102910893820053 1.5357815290861 4.43312991043249 14.4739496577406 25.3152225104288 30.6748473532903
10.8560000504637 15.535790923967 25.3143597271121 45.0845059053407 62.0192222906513 70.8318738145861
0.175838342306278 0.355012075405635 1.02327373355906 7.72259607303435 16.3895217925783 20.4986773215358
-0.0386531919209752 0.699169298744199 2.36563952920089 10.3390292051337 19.5387325402767 24.460889028439
3.64537284192369 6.82989090956056 13.1071739894123 28.3565154423411 42.853661847399 49.7648696632805
0.0386397123269311 0.587281099618906 1.84813077715334 9.29446325807407 18.2944840760845 22.8160899847393
2.95837744874751 5.91616866618715 11.7712758091902 26.3706486182341 40.3928617234428 47.156560282878
0.148922032749881 0.407363510265608 1.16505105057529 7.97482436796082 16.6945676158749 20.8405292261072
0.0959156726567855 0.470999270595808 1.42485978979074 8.48293681027237 17.3112319719064 21.6043685264013
0.0458056691537725 0.567439718400489 1.77912435339933 9.16303136011559 18.1349966465827 22.6199214670333
0.00617907155744309 0.665266672444466 2.12257134796199 9.8146584970893 18.9228039593959 23.5843886570524
-0.0174989963104684 0.793220487707386 2.53329826948009 10.5828615955483 19.8559445901755 24.7137690550168
-0.020510513893029 0.94147415652191 2.97441594617038 11.397869858257 20.851578363967 25.9045421100573
0.00268070135828394 1.11814457409428 3.45982272701205 12.2870625649441 21.9496558052614 27.2001988629838
0.0446579882733545 1.30222415108397 3.93751980100382 13.1530125096509 23.0239557639963 28.4553143446477
0.109986593043853 1.52560382535524 4.49321078337559 14.1536655558675 24.2713699229678 29.9009755862904
0.232461448973203 1.80897849986553 5.12468918127183 15.2812836918658 25.7084388079246 31.5282170320658
0.397712052936503 2.14328287670487 5.82880978379472 16.5247607972099 27.3016491533385 33.3148735683441
0.628582228657752 2.56162642431518 6.65814528005519 17.9647481213622 29.1501778044188 35.3674518306608
0.916983838016124 3.03576036312191 7.53735063277248 19.4655071983902 31.0842484813504 37.4934699935558
1.26996659504473 3.57652072457918 8.48979756101435 21.0499709044482 33.1057802697328 39.7141361825709
1.68577387676047 4.17608597820597 9.47956373228267 22.6566896050812 35.1509639672772 41.9449288938458
2.14792840011799 4.81889796369717 10.4798253108335 24.2506204561234 37.1891658573117 44.1424877543776
2.65928152857963 5.51198565134579 11.501096901914 25.8442411560591 39.2327735063923 46.3198388986808
3.23606962885316 6.272817484517 12.5774918820462 27.4795354665223 41.3143366912928 48.5258295851687
3.86774090692746 7.0913258082702 13.7269385170484 29.1916452913312 43.4569484027085 50.8114716936209
4.58887694281873 7.99446179080717 14.9466387998915 30.9522446648448 45.6393552355158 53.1258021324298
5.36018294176781 8.948502131276 16.2481898153749 32.8049821639907 47.8897396092474 55.5368565176442
6.21188869645942 9.98365578126864 17.6728168707631 34.7898566487703 50.2353917554164 58.0783300233998
7.14105880523183 11.0960713383757 19.2238134474867 36.907690358243 52.6662017081217 60.7418058067174
8.11257948508052 12.2459498879472 20.8453208786773 39.0902054452786 55.1150730294936 63.4487390996024
9.0910924020774 13.3927765695699 22.478188385607 41.2635889093583 57.5089014402639 66.1139637565407
9.97294928335543 14.4210140262084 23.9412536962166 43.195976077357 59.6227729751484 68.4635936174119
10.8027917122411 15.3756769673759 25.3399778205919 45.0183130260606 61.5433789341166 70.6445708118625
11.4072461786593 16.0689658690955 26.3625268275032 46.34165150231 62.9215733658913 72.2140145922997
11.8030498350824 16.5219266302131 27.0333807352571 47.2060389730061 63.8147322235023 73.2328450219119
11.9956965665745 16.7464524657964 27.3527805194468 47.621706694441 64.2634351605272 73.7272368601525
12.0865668883219 16.8599831701038 27.4980648531241 47.8170717887102 64.5002337344174 73.9653559250333
12.0322670376921 16.8167715075318 27.3925478651285 47.6968918017252 64.4408680517582 73.8386535431003
11.8883555931246 16.6755610867713 27.1298874821384 47.3789942452615 64.1960286215149 73.4842700691192
11.6509772711261 16.4221425049125 26.7069071454152 46.8525745352597 63.7265170152454 72.8844666221531
11.3072082423331 16.0466181045142 26.0996545540607 46.0886765142661 63.0156114491517 72.005001326936
10.880280806583 15.565609827889 25.3551130921506 45.1386408007375 62.0808062420575 70.8970716104582
10.1905195790038 14.7779018282449 24.1641753902482 43.6023488482113 60.5203382333103 69.0825585863471
9.32369522496603 13.7815649265688 22.6751572356218 41.6672119386148 58.5206528947475 66.7757609560361
8.38041948070708 12.6828469943907 21.0714453542492 39.5578606647318 56.2709098968211 64.2265121445492
7.43140983859619 11.5583470135729 19.4775416156128 37.4268265594284 53.9060318024427 61.6033454201587
6.53042393164969 10.4710550729059 17.9765919952049 35.3821731360054 51.5489581751029 59.0371950232513
5.6766551286909 9.42566514938549 16.5527748632584 33.407795350921 49.2119817906565 56.51687752054
4.87604006193467 8.43253553076137 15.2135938243235 31.5219762379717 46.9313466705004 54.0781054719394
4.15798391310442 7.5241875835192 14.0003686742985 29.7705427822517 44.7482924667824 51.770416569193
3.49940052778295 6.67718756398455 12.8572384826492 28.0865396315335 42.6203977115758 49.5235999104576
2.90527233951945 5.89535997726817 11.7856250497508 26.4701601722733 40.5483897362283 47.3392815441581
2.35700448630402 5.15591984189772 10.7273417392138 24.8433200981642 38.4716036094261 45.1238582822931
1.85885661945267 4.46377448058708 9.68956451489578 23.2135662378521 36.3916781442871 42.8866146637075
1.42495512244712 3.83582283479505 8.71267258205524 21.6319976721162 34.3390934971539 40.6877037677994
1.05495351423111 3.26568038203611 7.76304976891823 20.0424625358785 32.2564445753886 38.4492950116052
0.74047669322635 2.73857485670918 6.82308777938709 18.4242488113667 30.1246431636799 36.1470791135517
0.487791941945517 2.25059204887866 5.87533082107642 16.7437905582628 27.9046504122403 33.7311579898147
0.293523178218156 1.78323726554531 4.87058226078818 14.9214360807488 25.5146806603397 31.09002097304
0.141449623675368 1.24324973172006 3.58242057897477 12.5397747363909 22.4214118553028 27.6135729485329
0.0822679936809596 0.807596910434285 2.43754330742275 10.4002049536363 19.6831355332565 24.4774190626538
0.050780540390134 0.627889121604119 1.9881291984077 9.56711749925766 18.6035207017797 23.2672861690619
-0.00833994200912169 0.641176782103601 2.13838632009565 9.88055378128946 18.9591473961854 23.7608808406247
-0.0471718091518208 0.748812102580976 2.52480388604692 10.6382997619881 19.900728927802 24.9035149449143
-0.0456729170376597 0.930704461765506 3.05719867420148 11.6591928737446 21.2038947605264 26.4203874793735
-0.00660652796029559 1.16893733469155 3.68954015331786 12.8467733528054 22.7240047177182 28.1677028877027
0.0969858854923166 1.47026967619441 4.38814975269982 14.1344075658304 24.4033104721323 30.0465432160903
0.257706773694448 1.83679386897003 5.17865617400081 15.5472989686799 26.2225232595902 32.0840964471724
0.486302727158086 2.27218592578696 6.04285131904814 17.0503650906938 28.1519395159598 34.2292973166909
0.777525811444185 2.76981194112832 6.9635600477211 18.613894927693 30.156493867321 36.4399651154047
1.12508161241959 3.31938493903458 7.91522885796119 20.196325815018 32.1922106682455 38.6579412925383
1.52614752353849 3.91534834922017 8.88744192493978 21.7783037109861 34.2337627035948 40.8533807327646
1.98035288967957 4.56150208255293 9.90732387088381 23.3971432926574 36.3007041375875 43.0713289939178
2.48964425179972 5.2568653619295 10.9684652686267 25.0360855225546 38.3683225390705 45.2834533195044
3.06003980039451 6.01154315072475 12.1183543332031 26.7575183609653 40.4690760063699 47.5614479625642
3.67286908874843 6.80336739192015 13.3269126765076 28.5233571463937 42.5636644478833 49.8592094777982
4.3045477879386 7.59994258055853 14.5520818577977 30.2690661178935 44.5658587608093 52.0875535854229
4.921611393242 8.36789702830163 15.7436305525674 31.9410395133179 46.4378635111593 54.195082993321
5.46430725544779 9.03383662035972 16.7919751204908 33.3871490363046 48.0080612021891 55.9905218081378
5.89940395004698 9.56240427776345 17.6363021253971 34.5371320019617 49.2240074806697 57.4016854387339
6.1458699042473 9.86464659963383 18.1097886641695 35.1836676765741 49.919915494232 58.1942286537437
6.25795596623431 10.0089852407168 18.3217239664096 35.4795276073888 50.2626395887527 58.5600315718971
6.31822285860891 10.0950267153608 18.4292503048639 35.6397396105769 50.4827195013727 58.7645756047753
6.28367252601096 10.0668123400521 18.3483084760183 35.5483934493047 50.4496458906908 58.6666707066041
6.18713379479922 9.96347444319725 18.1481117762839 35.2951033707674 50.2452357359916 58.370576681986
6.02242500160396 9.77711883462208 17.813365608723 34.8598360142489 49.8524174267287 57.8526349582141
5.74869829688518 9.45434490340853 17.2645719760388 34.1297798247851 49.1399843997998 56.9709180397343
5.44398648115079 9.0894681631322 16.6554934817735 33.3133937427029 48.3232884639554 55.9808992316435
4.99890918286618 8.54528606135689 15.769625480765 32.1070189205223 47.0672042524918 54.499081998141
4.45338789091428 7.86708059332394 14.6875985180302 30.6112526697697 45.4563654311943 52.6385706767362
3.86066254534719 7.11557271357401 13.5159781614301 28.9580166135457 43.6010343808281 50.5460640954147
3.26235941409592 6.34000801030528 12.3230706333595 27.2357990499706 41.5985070281094 48.3244809557518
2.66964388859348 5.5595510541358 11.1242126481999 25.4773212342242 39.5158188007239 46.0277811316548
2.14282830888971 4.83736202960746 10.0278500728728 23.808219625228 37.4436574774276 43.7929323574343
1.67075789246317 4.16460538425018 8.98512735732415 22.1719658695844 35.3685313571562 41.5607277860998
1.2429401332629 3.53241183649287 7.98096627578052 20.5602605735567 33.300699224799 39.3343710164239
0.864323667630783 2.94662311530983 7.02307635498674 18.9860088930961 31.2582485899587 37.1348749989428
0.543459849031097 2.41466250258582 6.10729548398978 17.4414614457309 29.2436656044624 34.9519569983764
0.295729460998568 1.95360218101147 5.25848429388274 15.9616004933635 27.2956840769733 32.8321840257456
0.106058191709689 1.5480202078762 4.45527249640578 14.5251588886386 25.401919029703 30.7546099279374
-0.00533781831056797 1.22436833864116 3.7428542687627 13.1974178025294 23.6307539131826 28.8041151022579
-0.0658974065404888 0.953930476748937 3.09179257343009 11.9489897097502 21.9568358681745 26.9499953112611
-0.0648994433200398 0.748675119490824 2.51760717736401 10.810455387622 20.4340752635783 25.2368262716418
-0.0238842012634712 0.587105535681838 1.99575768049637 9.75845291333947 19.0485182549877 23.6399563771717
0.0431515204304484 0.463292234208213 1.53836613055164 8.82047553097464 17.8238901199465 22.2039852679792
0.124744664405217 0.37766309951657 1.16555127854726 8.04690494914397 16.8319843891995 21.0095311127525
0.197398471197575 0.326210588917179 0.904822141582329 7.49885422433299 16.1363006470601 20.1562962880757
0.249696185932707 0.297422585296285 0.738963930876844 7.14625136396454 15.68963642884 19.6033056756731
0.288235646988048 0.277432641293335 0.617177279918796 6.88783593176079 15.3644300366453 19.1964685682551
0.29970903858858 0.27408315774614 0.582414328751232 6.8102972567191 15.2635856000249 19.0710659329794
0.295274418181136 0.277162558067453 0.589015750715876 6.82107836406276 15.2731270630057 19.0843902049908
0.274657904837154 0.288664976385957 0.644544614317772 6.93476996184604 15.4125416964802 19.2581738373213
0.238140534407631 0.318835404757533 0.781117387488323 7.21035067230304 15.7537635284049 19.6793724101853
0.195550292396749 0.360126081989699 0.961746611041368 7.57145812707468 16.2000941415192 20.2293641918936
