5.86706691191255 11.4777123708845 22.6941076700518 40.7878465424292 53.6964961122004 60.1484368343432
5.28732428532622 10.7874306729867 21.7828702216482 39.543552454634 52.2298200581484 58.5705110330227
0.969659357768415 5.46037263093034 14.4370915532909 29.1665140470428 39.8301217479475 45.1596183805293
-0.268147210384919 3.82854989905418 12.0170319179421 25.5701952874486 35.4512667937344 40.3892265205459
4.28516370832528 9.58112205208059 20.1682990959779 37.3163809427339 49.5925677041995 55.7281938787356
7.85290388359283 13.8214351273225 25.7535301030852 44.9234797321166 58.5509724264881 65.362257971355
-2.68585432316324 -0.146889790421705 4.92624134837685 13.8032126762717 20.5662804641828 23.945459313614
1.104568798227 5.6336429215069 14.6869970911439 29.5334333144364 40.2754192812296 45.6440285169133
0.0668740392968372 4.27795554502604 12.6954731714737 26.5865167527197 36.6902978160249 41.7399637254768
-2.55910390972225 -0.631599448505507 3.21846258735299 10.2661961261269 15.8117792221318 18.5820676501951
7.61960383604798 13.547669955702 25.3989014904334 44.4421300520678 57.9831274744499 64.7512100478654
-2.16482921137673 -0.628766439909489 2.43866348390572 8.30556784944688 13.0616451825086 15.4372651703893
-1.24347367069224 2.44889302459419 9.82798779273607 22.1780622813428 31.2662315059145 35.8074651345735
5.45387995722913 10.9895755012713 22.0569786726607 39.9127573870374 52.652840923073 59.0209357455645
-1.82910691197691 -0.514976973197096 2.10839683243004 7.31812340864484 11.6395977158074 13.7977909539406
0.53560696745587 4.88891433105128 13.5901482251546 27.9202970423856 38.3251641821732 43.5247585319905
-2.71027827495801 -0.345938180417828 4.37799616270786 12.7308693666497 19.1429020437429 22.3464920619453
5.27817737139985 10.7753556145731 21.7646251926068 39.5201460938467 52.2057346478185 58.5460214264399
-2.59839486531523 -0.604271304573471 3.37929409066839 10.6207488534506 16.2924980873098 19.1259730748091
-2.07261383260408 -0.600159684557712 2.34002869425881 8.01681265986547 12.6460983671274 14.9584964527545
1.97922681125218 6.74344757055778 16.2671667064496 31.8172302459613 43.0281904379194 48.6313510151838
1.14447301718695 5.68715917883467 14.767922021506 29.6538544362175 40.4213727780838 45.8027959105492
-1.88302823825141 1.48753045427528 8.22388407819474 19.5958329355326 28.0218016383805 32.2324474776036
3.32791739647913 8.41701097391656 18.59040366582 35.1171634503722 46.9788980337986 52.9073594240651
0.737964637633364 5.15301343127435 13.9774052058336 28.4921082078657 39.0223545060953 44.2847160126798
0.76844702508199 5.21044917566764 14.0910742691636 28.6559721963875 39.1953240616259 44.4633000183016
7.28874657821824 13.1740806092069 24.942197312016 43.8265788705775 57.2372720636933 63.9413703420674
4.58203104178915 9.93668964393261 20.6410735145542 37.9702804288688 50.3706909714016 56.5683366533573
-2.44350893250549 0.490971595225428 6.35509872736275 16.4184843692549 23.9729873437138 27.7478289344816
-1.59939153788548 1.93530979656544 9.00053807968535 20.8588286453011 29.6047284110277 33.9755216632334
0.4138174873279 4.73553018217931 13.3740701321708 27.5997563818461 37.9291844539665 43.0914090664226
-1.36280829284833 2.2834468744593 9.57091951250304 21.7700559688608 30.7491910286811 35.2363553205431
-2.46182831592925 0.442695073081907 6.24695852430998 16.2178428247845 23.7092294137218 27.4525775299386
-0.670838566361993 3.27415739800746 11.1594917536255 24.2533132064297 33.8270868750514 38.611631425609
-2.67350175709962 -0.526899033027639 3.76161084406537 11.4606312466087 17.4380373800387 20.4243419097411
-1.88267260853759 1.48754772862044 8.22315072380781 19.5910897611654 28.0140561787082 32.2232203687798
-2.27452144601352 -0.65350601671243 2.58374909752909 8.70353322151808 13.627039456222 16.0865158908817
-0.504759356849949 3.50188509169861 11.5104428143646 24.7890687741094 34.4855918165675 39.3315212773881
1.91008242970986 6.65531827708969 16.1410617842304 31.6346918762727 42.8077623798194 48.3919543645845
-2.5113324929979 -0.6390727381313 3.09997363510491 9.98732692855452 15.4314046389264 18.1507630906566
-1.62546440596924 -0.429528989206284 1.95783797100686 6.8028312934867 10.8750223586113 12.9088315437338
-2.70137096875288 -0.265064568530201 4.60253884673898 13.1743945765285 19.7364726554633 23.0150469474877
-1.54185663895481 2.01194425583503 9.1145614541768 21.0428090653862 29.8432445759997 34.240829436086
-2.26820866192433 0.837922846458622 7.04584400583837 17.6174715863393 25.5057219101162 29.4475832676986
-2.67805950993054 -0.128939561630603 4.96423283070792 13.8755188265536 20.664615855153 24.0567521832249
-1.27276845561718 2.41819763320338 9.79538664883152 22.1273442214271 31.1938793902703 35.7248187792921
-1.44249479845458 2.16644883866275 9.37955409662037 21.4665084669784 30.3689320329886 34.8177620586971
-2.23163991668682 0.891714768538906 7.13338981686978 17.7650911478922 25.6999564391263 29.664934244668
-0.946454337090162 2.8865328867287 10.5472779862309 23.3139195831017 32.6747956083399 37.3525729331832
-1.78762974321211 -0.495357175620811 2.08685615100534 7.1872809157243 11.4056437614064 13.5135529531228
-2.47080274274107 -0.663772838434462 2.94544901303753 9.62559830915672 14.9229492052163 17.5691666683896
-2.70061773241623 -0.191381737171206 4.82280155982616 13.6023715482298 20.2938191908577 23.6373514389473
1.04346520054766 5.61198602543421 14.7519369686747 29.6007818723445 40.2597629513508 45.5906578670404
5.03154265842578 10.4815583106949 21.3771770159526 38.9838013340551 51.5644933095498 57.8525953390877
-2.29087807516135 0.792894624855775 6.95576191438477 17.4643935430998 25.3130761934978 29.2350624059648
-2.58360237360347 0.178560747504853 5.69826849972794 15.2384933642774 22.4394353988882 26.0377154324881
6.58805098078064 12.3355730931989 23.8262407338306 42.3288882965026 55.5074112246175 62.0942950531382
-2.71017921475479 -0.35045147496625 4.36424411748381 12.7048325474495 19.1109243489559 22.3115224851456
-2.20993262224556 0.932901224689833 7.21374182740641 17.9027914332224 25.8739106949043 29.8570244855926
0.827087503070238 5.27966464176337 14.1811293018425 28.7834308499232 39.3518261840598 44.6340760568464
-1.22071481066961 2.50299551511479 9.94694931528777 22.3595319011012 31.465456764547 36.0167463448613
-1.9015431635887 -0.54309022472408 2.16904361330613 7.50552365590451 11.9078131341843 14.106588107719
-2.60400922797639 -0.607627888154658 3.3807879972602 10.6242437142672 16.2941873881764 19.1270156193608
-2.70844559883456 -0.334520345259479 4.40864134272849 12.7889606736747 19.2195864634905 22.4326107140641
4.63380407299948 9.99971499706017 20.7265129657421 38.0861627887864 50.5056862535883 56.7130297325519
-2.6214277473515 -0.594675285535741 3.45336675663917 10.8037456471732 16.5574635004275 19.4316373151765
8.08426249019764 14.0911861379814 26.1000595040568 45.3823821866105 59.0834752441623 65.9315367598134
-2.24407401076068 -0.644313532947266 2.55022378763483 8.61200028048071 13.4990470322397 15.9400695885981
-0.337366637617344 3.73128425517172 11.8638925273164 25.327881310858 35.1472439728144 40.0546006292041
3.40635833602488 8.53870530580462 18.8027652885379 35.3988705650755 47.2627186300661 53.1943227471138
-2.71335657020475 -0.418136684593761 4.16772024022961 12.3113658089928 18.582524435664 21.7157113880208
-2.70644241383382 -0.387047144802394 4.24712615594716 12.467192376361 18.7923172250668 21.9524887607921
-1.52673350297333 2.03904945893298 9.1657810245742 21.1221502399812 29.9381247229379 34.3437554661517
3.69983038417735 8.87154694219781 19.2106745383314 35.9792880807104 47.9978634409727 54.0050360568966
2.0575988218422 6.84288905441703 16.4086822216632 32.0232173778154 43.2770453667924 48.90151407179
-1.76384698115037 1.67455451494016 8.54681282459152 20.1188066646086 28.6766787264468 32.953311448413
-1.07296515650939 2.70642313844701 10.2602946412644 22.8580473262004 32.1006803054327 36.7196174612223
-2.60226882246344 -0.623141343591221 3.33174751108386 10.5074722518833 16.1204851538895 18.9252324399572
-2.66876684741583 -0.015734291555492 5.28889509152107 14.4583324086413 21.3798727976113 24.8399586280539
6.21682650262068 11.903647560551 23.2743280324205 41.5718626618914 54.5974199071804 61.1087784640865
10.4388692273046 16.8276931275416 29.6008883921927 50.0247028775724 64.4823092960575 71.7088061919775
-2.24107836367156 0.877291212183065 7.10915209557296 17.7252495221813 25.6483248322073 29.6074250630422
-2.32463859890096 -0.655370354779559 2.67847359387344 8.94398580503648 13.9646017408661 16.4726150753704
-2.36839830767621 0.645744988048903 6.66952493225471 16.9683668269142 24.6761189096726 28.527736636193
-1.36746002289295 -0.299812380146138 1.83114951524539 6.28779381862613 10.0981754353401 12.0012140201155
-2.36437086239996 -0.657895661744988 2.75028308164307 9.12840578583935 14.2241486594653 16.7695813019817
-2.27769353276684 0.808599465378541 6.97613367028316 17.4983315562279 25.3595453675245 29.2875951660904
2.6809385104234 7.63054827076592 17.5267744384688 33.6081051661068 45.154139675639 50.9256474641596
-1.29667548327839 -0.261292408579199 1.80520086585635 6.16522518589453 9.91330176303578 11.7851732947986
-1.43432296664533 2.19817756135389 9.4600526805894 21.5898239351898 30.5015882682649 34.9559160685508
-1.65409394066278 1.84855440486657 8.84897992523894 20.6165519769038 29.3062677355225 33.6487365204408
-2.36527851472158 -0.660538781039151 2.74416032859938 9.11731612900091 14.2104735198423 16.7546638065855
-2.69023192676878 -0.146499142090028 4.93620619680551 13.8251784891445 20.5944611627609 23.9766639657246
-1.7436399305396 1.72446131252153 8.65753814756385 20.2943991275569 28.8777923744123 33.1680558843298
-2.61038421621073 -0.600879058243484 3.41346940455453 10.7015357582225 16.4040383826889 19.2528992352738
-1.58864601844158 1.94674930322735 9.01278196495426 20.8789194913593 29.6333824867507 34.0082049079598
-1.73462037088895 -0.473168612323893 2.0450227664178 7.08927056828178 11.2964688701023 13.3977253424749
-1.99554700114633 1.30130618341029 7.89017886584259 19.038424277383 27.3150689505233 31.4510331461221
-2.28167338863179 -0.649001390536991 2.61163392475186 8.7692154269106 13.7190992530454 16.191724724075
-2.66976828922508 -0.102944773156672 5.02594700255175 13.9855446486093 20.8025788866532 24.2087406693037
-0.654907247443256 3.31261773046316 11.2452686595378 24.3765303547837 33.9518904883767 38.7382543309966
-2.52137037863719 0.328765235473586 6.02457000564053 15.829209331541 23.2067338182269 26.8933228981141
10.1284994566551 16.4689710457851 29.1450085202407 49.4238179184258 63.7857104643693 70.9642572463949
-1.70898482687527 1.77386322797962 8.73557071142498 20.4323696418383 29.0651796098749 33.379443125528
8.21845806622527 14.2500068590024 26.3083957876002 45.6617454291635 59.4082737210244 66.2791371122548
4.82064492434187 10.2277227465377 21.0367931855283 38.5217500400717 51.0268620019581 57.276891262694
-2.66450552724316 -0.540155799455209 3.70378389244916 11.3352005728626 17.2668617815534 20.2302952332267
-2.6088976305873 0.0945696226502875 5.49672043764326 14.8663103989239 21.957036052092 25.4999857269183
-1.63633392542018 1.87892052162412 8.90511184144255 20.7019956984929 29.4052991288977 33.7548394056377
-0.395528122027047 3.65558937907384 11.7527235149659 25.1683821759898 34.9593185075893 39.8523326742215
3.92420822799867 9.14655461034359 19.5869228995315 36.507987606612 48.6286366670173 54.6867568021957
-2.42001173721781 -0.661588560807021 2.85068362819623 9.38410345251989 14.5826627937439 17.1796863038241
-2.26051183693852 0.839211917712884 7.03371355231181 17.5942937140709 25.4808051787 29.4216343049843
0.139573337528997 4.37295629486181 12.8350613607473 26.7934410449801 36.9423717869476 42.0144537073178
10.9278215137811 17.3868732485589 30.3000295115304 50.9364393213876 65.5392959418739 72.8383287091173
3.86532434547114 9.07363817341166 19.4856022069411 36.3681822469287 48.4659894903585 54.5125080877146
-2.05835229976544 -0.599518238647042 2.31328474531056 7.95013511124721 12.5544416318977 14.8543570747448
-2.67331633258212 -0.518704485734767 3.78611082802279 11.5074951624719 17.4972981609718 20.4899233258647
12.9503289234219 19.7052546031785 33.2103210385374 54.7343172480289 69.9288073496789 77.5236780689941
-0.841142870933569 3.03315352933784 10.776993531457 23.6615924707245 33.0960655239593 37.8108979239789
4.03194482368491 9.27442310487808 19.7547139577566 36.7409840028311 48.9095642922557 54.9914789424308
0.594240432239172 4.97093750847916 13.7194617891766 28.1121352818122 38.552998571555 43.7710500338145
-2.70343126653359 -0.434709472505718 4.09808321246829 12.165563011864 18.3887495579587 21.4979966143703
4.75687644030617 10.1519010178359 20.9370505583517 38.3795303905943 50.852145640735 57.0860408706854
-0.0176987945917411 4.16740746683875 12.5330457786515 26.348405541349 36.4021435478764 41.4266294709086
4.24328752081634 9.54228318869023 20.1372020966283 37.2656589085215 49.5097639493602 55.6304006640606
-1.29904764233155 2.3759617141793 9.72125750120978 22.0026204718448 31.0326598401219 35.5453343600851
1.41923966780491 6.07211608078888 15.3782156527491 30.5176406768831 41.3970120243694 46.8369333801822
13.4106327429704 20.2406396068334 33.8981423503328 55.6182087267567 70.9208655198498 78.5710615411708
2.05182676607939 6.83656458023099 16.4016427715605 32.011709531049 43.2593421602701 48.8809871695154
1.71938106715231 6.41405578814034 15.7984113015194 31.1448123326847 42.2235896297168 47.7605616473387
9.24058021880631 15.4396708468721 27.8329748258917 47.6881251579297 61.7690444873025 68.8071382748661
5.60066101221901 11.1588502250342 22.2701159224668 40.2080094963246 53.0153300008207 59.4164288176905
2.94047160279229 7.93152768817443 17.9080792435486 34.1541977104018 45.8397562390462 51.6798719198184
-1.95319869292898 1.36933178904917 8.00930797871359 19.2398289167524 27.5744110406379 31.739117337112
0.428048713089896 4.75435378911667 13.4022567630416 27.6401754261401 37.9759840220661 43.1414757741323
-2.6392778361984 -0.57637032859762 3.54458414741559 10.996476695741 16.8105149514989 19.7150331797419
0.042186732249107 4.24111454176915 12.6342406219188 26.4914901390107 36.5741034444666 41.6130064427945
-2.43109864870966 -0.66556328898274 2.86094795274152 9.4185775807479 14.6349425823484 17.2407203615949
4.01258654103176 9.24818615239303 19.7144302078697 36.6859347106046 48.8475458036957 54.925870626875
-0.248263087247818 3.8526649916996 12.0498428955536 25.6127199183004 35.4994892061329 40.4405437981003
-2.41669366031022 0.551074283597626 6.48200829548394 16.6418709326757 24.2579347267064 28.0637093759065
0.658325095286276 5.05393868628233 13.8402578915658 28.2875721823628 38.763989808532 43.9996936194766
0.0394189129941717 4.23984592916811 12.6360445407159 26.495855829581 36.5785859428021 41.6175384044766
-0.966089468202385 2.85803449120097 10.5016873953966 23.2342820299889 32.5674355866505 37.2316854233815
5.58333946701496 11.1406299455934 22.2505299740071 40.1826960310832 52.9818715836068 59.379132304877
-2.67373659973328 -0.0943088780103646 5.05973214470193 14.0568997614405 20.8992455382476 24.3180805509259
0.0372154099671869 4.23730539183705 12.6325533554581 26.4926544392974 36.5778464034334 41.6179811038074
-0.814771046211547 3.07455553383268 10.8484365082615 23.77541560416 33.2381466347948 37.9671061330298
-2.63553308250133 0.0283306273866284 5.35144027692319 14.6035579172401 21.6166962468897 25.1209480120761
-1.39289679734992 2.24113371757738 9.50424581124638 21.667542951158 30.6224828411266 35.0975139080477
3.68707044877295 8.87314049262059 19.2433666510014 36.0194625010144 48.0168524631942 54.0144414995864
4.785327464518 10.1899449635808 20.9953845269035 38.4532136421243 50.9239082326615 57.1573622121943
-0.669772925365459 3.27561703258821 11.1615382631239 24.2558884378346 33.8289504064429 38.6131063580267
-1.9844520912274 -0.573782586724455 2.24276317833522 7.73554801786351 12.2424489943441 14.4935586929972
5.7039274457156 11.3150237141687 22.5372003243205 40.5646724240036 53.3780393044034 59.784689055099
-2.5653665187665 0.215744492689631 5.77309011074669 15.376717395279 22.6236240693401 26.2445840092678
0.155000736496133 4.39526271362455 12.8712065714949 26.8496347513982 37.0127342615209 42.0919605627545
1.34371582779572 5.9399019609132 15.1274858475788 30.1752331071369 41.0517141750992 46.4876464527321
-2.32918358581102 0.71574193493357 6.80071675661731 17.193662430357 24.9668280188193 28.8510361512083
-2.57069661816635 -0.624269432915016 3.26374347949201 10.3615039334227 15.9380101916662 18.7239390254448
3.94966794194748 9.17997456163892 19.6365332457726 36.5755548543465 48.7042690089691 54.7666383188999
0.630156699414105 5.0202145783537 13.7960612361231 28.2185353935376 38.6734337643619 43.898769232016
-2.71518177442494 -0.406944082231623 4.20478196297972 12.3865756983826 18.684658883687 21.831327294711
-0.308383867299613 3.77896843625159 11.9491595857838 25.4668347853737 35.3202080000341 40.2446040485688
-2.56486980118686 0.220511357055234 5.78669665596138 15.4020505417057 22.6555257192554 26.2798843327986
0.82307197115331 5.27010250249291 14.1594012333422 28.7585870669025 39.3356628489949 44.6218442682248
5.30501249606101 10.805686305215 21.8020169821197 39.5695328498546 52.2631161877389 58.6073557344776
1.55693381214931 6.2087123382459 15.5074106099865 30.7243432191342 41.7147044323098 47.2073712116982
2.13892927068217 6.94325897651481 16.5471467436295 32.2198445998129 43.5121365280962 49.155955424897
0.322889557016581 4.61635557356979 13.1986610774608 27.3346193232873 37.6004736709022 42.7310908579276
7.08096453487463 12.9153137632018 24.5792772464084 43.3406433938391 56.6924099753935 63.365958931982
-2.69953031867107 -0.218676298231441 4.73825712323266 13.4405447509742 20.0862819535633 23.4066932391569
4.15856267891028 9.42892772300519 19.9648122502708 37.0342842975329 49.258406739291 55.3681163896831
2.10707056324721 6.90032876117294 16.4821959108256 32.1237390758665 43.3967145950211 49.0307631207258
-2.71526615133979 -0.439634773103037 4.10706252451777 12.1909641370516 18.4234255270214 21.5373812648367
3.24548792457382 8.3179883510104 18.4588216261702 34.9271655484436 46.7445706254998 52.6511418919411
-2.54702289938541 -0.636376195124034 3.1800194710578 10.171054521319 15.6760104899565 18.4260215966404
-2.72762888969123 -0.357633965033165 4.37952258608959 12.7221502840471 19.1069242854243 22.2977620434373
5.3926127187684 10.9186260411907 21.9668686029712 39.7872242104354 52.4996218657957 58.8540841244765
3.84503621773006 9.04021725042516 19.4252806430538 36.2805774034869 48.3698032456402 54.4118378472706
-2.70618005957281 -0.435591350863824 4.10082193622761 12.1713127242389 18.3958334664853 21.5057441839744
-1.35919892565326 2.29808220980553 9.60924200234527 21.8207800818358 30.7914052091576 35.2751565349508
-2.06048173971608 -0.598296081481674 2.32281628940305 7.94672543208066 12.524568908389 14.8119080476783
3.74369948810314 8.92935126314209 19.2958216329 36.1097197952176 48.1611719975916 54.1845341952874
0.734060862389524 5.16642545898601 14.0283349146596 28.5590584311898 39.070961925051 44.325505638347
-1.23098596103236 2.47729582352752 9.88898614843043 22.2711637561043 31.3693570242955 35.9160809220966
3.84573482013098 9.04963241117679 19.4526656982308 36.3241367646349 48.4158610988376 54.4593328330805
1.32557951192883 5.9165329770281 15.0936525447189 30.1246905998712 40.9892277083124 46.4191375042875
0.843689319744821 5.29271229616779 14.18533469061 28.8007570658239 39.3947076463617 44.6888973163169
-2.64890814643929 -0.56078814299486 3.61091613273551 11.1363242064998 16.998456076085 19.9271893139181
3.54287817137473 8.67864165424784 18.9451257937341 35.614290427517 47.5724163580604 53.5489281786515
0.564702073697798 4.93600936335118 13.6741159944688 28.0420403558407 38.460574755599 43.6674939283993
-1.85841059509376 1.52082330097064 8.27450937150891 19.673229831852 28.1171698997314 32.3367220896989
-2.53660677608171 -0.645501613261244 3.13190450438006 10.0657780082833 15.533771722182 18.2653765569341
-2.46967732324718 0.430167935825965 6.22492704647458 16.186655215335 23.6749246655221 27.4165443028395
1.53399183328301 6.18207411907655 15.4733537255777 30.6777019592977 41.6594089740743 47.1477734015773
7.63773124091487 13.5770072745266 25.4520330214135 44.5123975716109 58.0509759512752 64.8184343670358
1.04738761303161 5.55777600560833 14.5736481892792 29.3701629912634 40.0823277756571 45.4358844846411
3.29578986607349 8.37504525770181 18.5288005652346 35.0262078216113 46.8695533878219 52.7888652563754
0.0442053578465803 4.24981994929023 12.6568129881269 26.5278927390636 36.6150267918905 41.6564525063296
0.0509951247717391 4.28786744527282 12.7606804402522 26.6699097990713 36.7422457753435 41.777789844738
6.9710122375054 12.785782034401 24.4106236975423 43.1139985453573 56.4278185457693 63.0823791712253
1.79186724373835 6.50952152559064 15.9406278573645 31.3442897238168 42.4518865210861 48.0036119196335
-1.98926644061379 -0.577615719190786 2.24047907590058 7.74496872075989 12.2658872538071 14.5237038715838
1.71899562550233 6.41406605507358 15.7994687219524 31.1470341637514 42.2238302329156 47.7597416084344
-1.89653151337278 -0.543118935516219 2.15878487566359 7.48015787968501 11.8741708200043 14.0687873975858
-2.67591120597626 -0.530841754017427 3.75452677873585 11.4489557010239 17.4230876101548 20.4077461438871
-1.86826452064398 -0.530049175944034 2.14198291408975 7.41191806060294 11.765691375048 13.9403727331965
-1.49446778790385 2.08305710775971 9.23273811771832 21.2349136009343 30.0863956029729 34.5093299374014
-0.022502712553716 4.15725941908265 12.5121237752721 26.3098740793128 36.3521710820646 41.3709718419481
-0.0881775346250641 4.06920845215932 12.3792254397397 26.1137243141331 36.115627545062 41.1141754109972
-1.82648906355943 -0.514222716077783 2.10531608135494 7.30316766949423 11.6163320664814 13.7704923201657
-2.35905398602357 0.673878459266858 6.73602113293491 17.0789372318532 24.8072127950296 28.6694090571096
0.237900267107085 4.49488015456849 13.0027459852122 27.052298927722 37.2778636301677 42.3877674566089
9.44536357850497 15.6748403334503 28.128987865572 48.078719532977 62.2236443266456 69.2936461837442
-2.67006914447617 -0.0866910909729669 5.07526497767922 14.0860718031341 20.9388203402699 24.362785369684
-1.84715376166724 1.54357003310833 8.32089148213004 19.7440863140119 28.1970282183536 32.4214606494811
-2.70309168662566 -0.270285439436975 4.59046913590052 13.1497589874087 19.7017579460763 22.975331873227
8.04528459494428 14.0465729541388 26.0443502732793 45.3060016324354 58.9908791825482 65.8309866615683
-2.70849714049318 -0.352641150760227 4.35401844818346 12.6864174725844 19.0904942968386 22.2901524157856
-2.07928131010849 -0.605299231829387 2.33812881213657 8.01687395411019 12.6452838301385 14.9572853453569
9.53339142825169 15.786997728213 28.2907956470683 48.2933996296853 62.459152773409 69.5402947510361
3.42643896431549 8.53930160834295 18.7600697176844 35.3578282788805 47.267053757053 53.2192636352707
0.587061611291984 4.96666882038713 13.7211695488938 28.1213399844554 38.5664640277679 43.7865488129205
12.3452644117839 19.0135746651203 32.3453039238404 53.6109417042758 68.6330609769878 76.141641309027
-2.70402745103087 -0.303380678935839 4.4925917723398 12.960507046326 19.4560089521266 22.7012279993791
9.22264259462201 15.4185725399797 27.8055827527326 47.6559000807662 61.7361066219173 68.7737541059466
-2.33833978673115 0.691781877656943 6.74724702639839 17.1003350351974 24.8478571060794 28.7190743006348
-2.69142591058468 -0.14111597381006 4.9557138102221 13.8548656000178 20.621800025563 24.0031767998137
-0.360522909124122 3.71042554182447 11.8488225220474 25.3004493572701 35.0987992904037 39.996352348351
1.26682075154624 5.83682544840475 14.9715641971254 29.9483428186717 40.7834299523949 46.1984188736647
-1.63658317771195 -0.429161576321376 1.98181453288008 6.85068601815163 10.9307849271015 12.9688173258105
-2.52407273832575 -0.646037524351062 3.10508510980635 9.99916336934323 15.4414128993634 18.160153228874
1.91403079181304 6.66264342864975 16.1550849539956 31.6605404878415 42.8430273781225 48.4319346245471
-2.2453427833107 -0.645928713352031 2.54803335860428 8.60659816132542 13.490620906689 15.9302658480454
3.64144189190335 8.80155360773756 19.1171356656062 35.8518212754892 47.8497426792319 53.8464650742719
9.83547108872668 16.1350321733424 28.7298656794383 48.8784187226103 63.1486455869084 70.28163984039
1.02209652713811 5.52768278320974 14.5338928645248 29.3126429494143 40.0112829572564 45.3581872022327
-2.67873524435803 -0.145514350949864 4.91615531925328 13.7768730671814 20.5298801553339 23.9039894704836
7.11468920185078 12.9622561664744 24.65371445622 43.4421268397595 56.8016426147106 63.4794539558619
-2.114820023148 -0.614340390240683 2.38191800034992 8.1426983651533 12.8278240691244 15.1680189815172
-2.70918825379603 -0.279802871356832 4.57416054606172 13.122484470304 19.6664557104319 22.9358545539221
0.0993809753516053 4.31834212389102 12.7512534263759 26.6697500199109 36.7944794876578 41.8543557164881
-2.50801815204242 -0.662801435440709 3.02491234917951 9.78647798757401 15.1139099684561 17.7762211843926
-0.116534981948722 4.03256037517918 12.3259606316347 26.0327077701312 36.0145368767934 41.0030459143782
-2.44325729714492 -0.678157829830072 2.85069427294269 8.17021913779361 11.7340684231066 13.5153195161917
-2.73518729866447 -0.775851979952083 3.14226980449262 9.03014213903267 12.96251832732 14.9284319191526
-2.99942998459128 -0.811896160396421 3.56206705919487 10.1445526175634 14.5472336598925 16.7480220623481
-3.16964814654017 -0.755488816214702 4.07261153072587 11.3190166783524 16.152789091735 18.5695661714803
-3.26545292693185 -0.609248807969318 4.70318571667376 12.6713259303266 17.9830785449719 20.6389679810481
-3.26520110332137 -0.373409095205744 5.41015994684 14.0858047628239 19.8697624284739 22.7617337613738
-3.1693967489552 -0.0499355353360825 6.18887254450189 15.5493081895337 21.7910812200175 24.9119105587179
-2.97111887394742 0.378037142635908 7.07619663497414 17.1264037544065 23.8285210889414 27.1795034650708
-2.69034228675604 0.915908868074552 8.12858083931932 18.9442835933084 26.1525476192383 29.7567645023953
-2.40853334549488 1.3868096336211 8.97665309486535 20.377830803672 27.9895619752527 31.7950061392205
-2.17821722210779 1.75645096732565 9.62471490076637 21.4480007078255 29.3441226079426 33.2916471566035
-1.90650252144694 2.17312235215799 10.3324696976301 22.569587715947 30.7263969771872 34.8048504345413
-1.55620296396092 2.6743803078546 11.1354864515376 23.8283212518952 32.2909951623136 36.5223019027357
-1.08266832519457 3.34095431022237 12.1882076723796 25.4589292925857 34.3059710192061 38.7294959509446
-0.456652540662076 4.19064009522192 13.4851115421956 27.429034351264 36.7264603264298 41.3751163980928
0.216327177961893 5.06535368157393 14.7631027550681 29.3156457495442 39.0212859413958 43.8739541339305
1.00873333376784 6.04461951102148 16.1113336125432 31.3104845210705 41.5092876087788 46.6061612719677
1.47281392026795 6.68075582314883 17.0967697977293 32.718227549523 43.1308236145525 48.3371867302238
2.20433904000643 7.60433871312128 18.4043895982158 34.603460977218 45.4021718297883 50.8015530253202
2.93041263596015 8.48465240535281 19.5931250185887 36.2559694755203 47.3646244095121 52.9189483323793
3.93330329297821 9.69597795734639 21.2215583128199 38.5053970356166 50.0249347130935 55.7848190744079
5.11258543397947 11.0767388572756 23.0007696839997 40.9704813179898 53.0060372173485 59.0216787839432
6.08302176925669 12.253607452699 24.5936160218216 43.1263014143766 55.4965377028756 61.6810745986879
7.29764098825052 13.677747652116 26.4364493809166 45.6039645951158 58.401946008152 64.8001811599202
8.4499438259017 15.0354157937296 28.2064294164174 47.9615856731759 61.1307802553508 67.7154123938152
9.24288469325352 15.9450933534076 29.3485714162627 49.4720770723549 62.899936365088 69.6133965795679
10.2948811947681 17.1698698094856 30.9198358530963 51.5450002564376 65.2952528597709 72.1703735993564
11.2478733513477 18.2635977309402 32.2950139661583 53.3427727492119 67.3750337858703 74.3911480890935
12.2050150414484 19.3578158495745 33.6634681246919 55.1209571335571 69.4252911591841 76.5774834470833
12.8853690177803 20.1249201079636 34.6032191040069 56.3363142441481 70.835476882951 78.0846565834651
12.9039079500633 20.1399419194543 34.6107766997625 56.3410628890364 70.8439430029127 78.0947666010293
11.4790571742241 18.5244145345427 32.6151842860179 53.7502608742082 67.8395925318933 74.8842858985519
10.2591916749881 17.1253582371121 30.8575191345917 51.4591136208436 65.1957460160246 72.0639760744862
9.05403232685688 15.7325156263402 29.0892147122182 49.129464061638 62.4930989398623 69.174782554585
7.60432109907956 14.0389697791296 26.9074268615893 46.2264740379941 59.1167453411483 65.5614608833231
6.49617982403852 12.7384409678005 25.221688196912 43.9713866320686 56.4877356021432 62.7452725742328
5.61004906403127 11.6996994932155 23.8789732429429 42.1484109699458 54.3283874900207 60.4183621720189
4.52580751924879 10.3968754348141 22.1381298846962 39.7671727530629 51.5313023634062 57.4129268581428
3.54473410791199 9.19309417544555 20.4858527090745 37.5022632274101 48.8980560846017 54.5939715116804
2.74514377687858 8.23591670510283 19.2157150026192 35.7195359956695 46.744828500397 52.2566010024206
1.98590052880147 7.30673863604282 17.9475253076813 33.9260545694752 44.5899752673708 49.9214906768755
1.25076221302423 6.38597074257245 16.6554751763453 32.0776105613771 42.3709561760393 47.5171724628433
0.491479532525101 5.37008988162476 15.1202301780425 29.8846122239324 39.8203324210899 44.7846509603639
-0.0265124614658931 4.7512719090462 14.3062725347969 28.6498436630075 38.2196049936649 43.0042015236615
-0.505935960674835 4.12118569810776 13.3753690995526 27.2578077737145 36.5135423691066 41.1413797197024
-0.987280084277367 3.47699430820461 12.4055224686785 25.7987158908833 34.7277786306035 39.192299702109
-1.48844398865679 2.77657738436339 11.3066614740517 24.1009827881116 32.6299924611907 36.8945180371046
-1.9771153194242 2.06145963143796 10.1383488830062 22.2587533669459 30.342407311724 34.3841037744559
-2.369053597857 1.46919778149807 9.14496387475492 20.6729524794102 28.3678322061481 32.2149040055884
-2.57872595560702 1.13259154726421 8.55523046141041 19.6891112977127 27.1116490401924 30.8229197529762
-2.84068663616057 0.692311181020529 7.75823503664405 18.3585196725163 25.4263083309424 28.9601667557173
-3.02550575756601 0.328536529616157 7.03652734606952 17.1003390941169 23.8107651937229 27.1659312924784
-3.15711759306462 0.00488499507822709 6.32889382508714 15.8148348892054 22.138748367103 25.3007068945659
-3.25466159260193 -0.357825020099305 5.43541129061233 14.1337645882572 19.9383290931599 22.8403931052222
-3.27452736223509 -0.620961781830437 4.68608451792071 12.6483061348872 17.9575591244469 20.6121429901282
-3.242372467959 -0.633859138230433 4.58302010062872 12.4112108580997 17.6319205641899 20.2422016384152
-3.25984707124224 -0.466665314489018 5.11983538440194 13.4969025573989 19.0798239416094 21.8713532567533
-3.19303829771176 -0.176729211741959 5.85308081842022 14.9526134982204 21.0555182279653 24.1055663327904
-3.14582074278064 0.020255035325252 6.35171536681746 15.8623896387405 22.2118295646739 25.3862038628387
-3.03656009606035 0.306318462117422 6.99218154124978 17.0189085037383 23.7020149190359 27.0436210896951
-2.86078862200589 0.64661443348649 7.66136175439657 18.184627520101 25.2008999559003 28.7090068551011
-2.57424339600713 1.13069346565542 8.54047995809845 19.6568578205055 27.0689079449279 30.7748894336502
-2.21698638758555 1.69282528923685 9.51229697273154 21.2444524755998 29.0678515542273 32.9794754401725
-1.80554640559133 2.30819906004825 10.5348363189028 22.8914491064489 31.140299461905 35.2642978297065
-1.36909386136053 2.93917705608674 11.5545107649545 24.5010593502191 33.1477785137394 37.4705345608418
-0.855786901517667 3.63344508854354 12.6103199310938 26.1066159601527 35.1248223165286 39.6331299449232
-0.407659763284803 4.25680128123399 13.585677843843 27.5798716089491 36.9099164848687 41.5749163151749
0.221278777566307 5.06640039738107 14.7554484585317 29.3123259345268 39.0324450788277 43.8919072842035
0.778410229742058 5.79139851670795 15.8171776239858 30.8596912613437 40.89059980106 45.9059552019461
1.45693745084941 6.65241698722556 17.0433372737331 32.6304696679955 43.0223899782716 48.2183308835686
2.23497887581427 7.62196335402294 18.3958248022347 34.55870836015 45.3353588406238 50.7236303157999
3.01671536202791 8.57807391813695 19.7005966829557 36.3881614202298 47.5157247529245 53.0794092641134
3.86760176221501 9.61134464350052 21.0987283342653 38.331789767598 49.8218212380131 55.566785942616
4.84885545498852 10.7908862266608 22.6747596922962 40.504230106705 52.3929842747257 58.3372673157843
5.78048840774463 11.8939888139091 24.1200833587621 42.476878052532 54.7265054488571 60.8508663252185
5.82008971618675 11.9454447079347 24.1956403916933 42.5809520076378 54.8445029688731 60.9760214460272
5.58871553463263 11.6743498362647 23.8455409480319 42.1038344021185 54.2770366095176 60.3635988791683
4.93455515643423 10.8876074262589 22.7929137586587 40.66641707484 52.5924504812212 58.5550680876653
3.96648963778373 9.73383162188872 21.2685750945704 38.5695093282238 50.1026772791187 55.8692910404642
2.96733198210873 8.49157923253829 19.5363360159606 36.1765342774561 47.3187029156525 52.8879187030543
2.05534404830203 7.3884406657224 18.054240496754 34.0606212446978 44.7366619123374 50.0744855728146
1.28147734248893 6.42405482032867 16.7088183322471 32.1435724148911 42.4384832301589 47.5857427990491
0.601076828608766 5.56380288234012 15.4890695401539 30.380576392359 40.3106516409372 45.275596552249
-0.096123011055499 4.6475553404806 14.1335130851777 28.3897602108766 37.9121275878903 42.672611829044
-0.710943460032085 3.83326542526287 12.9194963672779 26.591586885756 35.7347933571064 40.3053036487127
-1.13014526348848 3.27069802232016 12.0724719392724 25.2734187034842 34.0729075118734 38.4726955958377
-1.6931635038467 2.48464401555118 10.8399489338911 23.378953410698 31.7423212905886 35.9238501414135
-2.04852256317838 1.94852591759579 9.9411701320869 21.958442347259 29.9888343801368 34.0033036404643
-2.30744688597686 1.56175543367596 9.300003633293 20.9104164750308 28.6527169951959 32.5237891009759
-2.62037076871809 1.06724196966812 8.44246688324974 19.505316766632 26.8805600374336 30.5681813025777
-2.90010897328441 0.566658373273631 7.49979128566626 17.9073104819692 24.8508688376067 28.3224471515415
-3.09594307329801 0.176560144938836 6.72124538891841 16.5445278553045 23.0975550305903 26.3739078750042
-3.18660278061569 -0.078390899983865 6.13780381304402 15.4665529759319 21.688686887354 24.7996394866683
-3.25708765533025 -0.344683569279523 5.47959005964288 14.2263902427562 20.064515302133 22.9833106104937
-3.27827816043567 -0.577922134382626 4.82178902276508 12.9408926159409 18.366618619099 21.0789828184964
-3.25641363436915 -0.711137104243808 4.3794759994212 12.0142217655082 17.1032689090965 19.6478225409898
-3.13768352687 -0.773027929209148 3.95558172875649 11.0621698288781 15.8090086769726 18.1820773769703
-2.98656890249937 -0.805183253576338 3.5573850478318 10.1051896090233 14.4730255103286 16.6568420606316
-2.80846940959273 -0.78223242122054 3.27016816325779 9.35019494671026 13.4044968811935 15.4316111472791
-2.54879618782035 -0.708120689300236 2.97325385555236 8.49485767618019 12.1756223834625 14.0160164694208
-2.20551601378798 -0.574242078036528 2.68782482318359 7.5902848452061 10.8648272891122 12.5018582172916
-2.04477527888139 -0.508319122038615 2.56425467672598 7.17970192248812 10.2610538742798 11.8015607935518
-1.86817350758821 -0.41261629762641 2.49820758454591 6.87009631838013 9.78846024611686 11.2474967735981
-1.7582049557977 -0.35351902324221 2.45549012725886 6.67606196433666 9.49448420959856 10.9035138549637
-1.82518010770935 -0.398484227945578 2.45470020625992 6.73850999793738 9.59707115686223 11.0262481372536
-1.99445306485486 -0.488208516763183 2.52428782493369 7.04289252724785 10.0552022585597 11.5613607515084
-2.13516127975664 -0.551810836290424 2.6149807432809 7.36339701822899 10.5278274740713 12.1100880465502
-2.21419622106384 -0.584995161100346 2.6720209953332 7.5845694970232 10.8776188364435 12.5234503737715
