0.845278024897592 1.40038196069108 2.51055691198184 4.1755278269009 5.28533346657369 5.84025035008814
1.23344540021069 1.78944812109311 2.90164706930139 4.57048637677694 5.68384425336387 6.24052593875537
-0.437318938520194 0.118066693835696 1.22864370717283 2.8938551672327 4.0037435306365 4.55864800793716
-0.272558268331435 0.284570390998152 1.39897362907811 3.06764649073424 4.17897370281551 4.73481057711488
-2.02780333648568 -1.47212599968971 -0.360879472153686 1.30635225687922 2.41847904335414 2.97446856546403
0.851122128060259 1.40662390153217 2.5177443598623 4.18427259267327 5.29579660566491 5.85157394160581
-0.140415616792867 0.415736857138016 1.5281775924945 3.19691086667022 4.30900451707516 4.86515444124559
-0.988907810534577 -0.434388745236801 0.674540139704696 2.34178868145167 3.45501430365908 4.01154465343209
0.691616857146531 1.24734632903873 2.3589651125309 4.02733717972 5.14007957361098 5.69647098128832
0.0331014165197152 0.589518826285518 1.70216093391321 3.37025787396621 4.48207673061949 5.03797892598141
1.20681686509938 1.76307977865508 2.87561698210517 4.54616196737773 5.66034619764061 6.21746038687592
0.133186908334955 0.688960748741141 1.80046138704093 3.46616900242379 4.57561957175526 5.13025288699762
-0.24642111396046 0.308352592756792 1.4178906675801 3.0836711262697 4.19562955607458 4.75163670609387
-0.577291272790093 -0.0218269079749864 1.08894991045402 2.75572487071 3.86796311166324 4.42406723672622
0.220812045454092 0.77601247007446 1.88627694598067 3.5522231714865 4.66321821717016 5.21870831912388
-0.407976826899326 0.147489832397935 1.25835985499394 2.92335366190177 4.03242312627278 4.58695439144023
-0.077944066029286 0.478749586660055 1.59216652954537 3.26216268770466 4.37421489348499 4.93022168928796
1.57138937082812 2.12713116830427 3.23874373841788 4.90677430200761 6.01862464721709 6.57448303789595
-0.03833504536064 0.517207995676134 1.62851584890078 3.29591244320574 4.40746493519889 4.96325257264424
0.150695974841892 0.706141709397211 1.81705120459717 3.48426115632694 4.59577506496296 5.15143647587016
0.504405179262774 1.05865199727985 2.16720798212115 3.83123315218887 4.94123365445916 5.49620502088193
0.907743105087617 1.46254401431898 2.57224438702751 4.23867480528538 5.34937729606139 5.90465093370789
0.206826467698245 0.76176913247828 1.87170871149016 3.53818844455169 4.64956976886823 5.20523702255524
-0.547086654460591 0.00835767366898342 1.11910964901346 2.78597212855946 3.89815340919366 4.45422650336905
0.813049204990133 1.36854341686733 2.47960039488261 4.14592596173381 5.256349686091 5.81156796781066
0.282950905238166 0.83802162949035 1.9481814239643 3.61330721712428 4.72333740784022 5.27832328204863
2.03864410963037 2.59480542633054 3.70704926052216 5.37556656204621 6.48848329835411 7.04486688621446
-1.82535112912294 -1.27012069684064 -0.159709155858166 1.50783472080255 2.62067202509215 3.17702826530099
-0.762017812627955 -0.206513163663519 0.904393670428774 2.57033064931828 3.68080211914808 4.23605259877768
-1.5440686017437 -0.986898730453938 0.127587347362724 1.79862955745728 2.91118589237294 3.46741001201198
-0.871165525753623 -0.315164950456416 0.796677759806491 2.46563175470307 3.57826993690535 4.13453186739572
-1.64836594037265 -1.0926962523909 0.0187651100766267 1.68548289709535 2.79598757716394 3.35134355360438
-0.520514046749155 0.035746844884824 1.14824453468482 2.81604366965263 3.92790535534383 4.4838151744117
0.437856230112479 0.994135611341987 2.10671264131121 3.776024941315 4.88915153566555 5.44578038501706
-0.230646024906847 0.325900840944183 1.43906673225456 3.10918155577843 4.22262786751333 4.77926880155219
0.177991113536941 0.733840182111769 1.84544992987524 3.51148716529707 4.6221171520579 5.17741310791563
0.0491966049447348 0.605891069456435 1.71928712964166 3.39035338668515 4.50426089712965 5.06111670950967
-1.0673577497589 -0.513230629866393 0.594873791254769 2.25780826506479 3.36775384121822 3.92276159133587
-1.75679926314626 -1.20146856611597 -0.0908042096824357 1.57558840856177 2.68608601183014 3.2412491593777
-0.217211838606857 0.3379352047221 1.44844006472525 3.11497900393123 4.22516416912524 4.78038441318151
0.234480981700338 0.789816775268202 1.90047349749451 3.56721636613959 4.67863053525743 5.23436339332599
-0.0376718868642843 0.518072975886492 1.62969075840104 3.29764097099233 4.40910881794307 4.96482815410491
0.184616975829913 0.74138291561512 1.85487844858142 3.52444720649101 4.6378055132981 5.1944713265558
0.110036506340435 0.664930293078605 1.77472830718802 3.44025352301232 4.55015111517295 5.10513799449223
-0.83369190720006 -0.277745118680184 0.834070678378303 2.50078814359568 3.61182821247117 4.16740530694915
0.354089405919183 0.910429968138751 2.02319432491375 3.69109826739186 4.80240364870936 5.35802553058537
0.273230019794527 0.830188317836521 1.94408728336881 3.61336632100992 4.72536778607226 5.2813788204521
0.112338176925234 0.667627216987333 1.77831921770651 3.44432380432547 4.55488700138567 5.11014964739135
-0.275380416592642 0.280345867110714 1.3917090659974 3.05842723349197 4.16843459013034 4.72331317138355
0.100587141283646 0.654833649177927 1.76334553598737 3.42701891689065 4.53492782019548 5.08885244379645
-0.0657618137710566 0.489931481828652 1.60128277625115 3.26819342814058 4.37992070295838 4.9358168534468
-0.00326875571322301 0.551385987576659 1.66071027367204 3.32534177940811 4.43518619360025 4.9900879238122
0.194664867170531 0.750378650340415 1.86196144284381 3.52871581867424 4.63785035919236 5.19239077756698
0.911944479154185 1.46772420779335 2.57932650154643 4.24599085968115 5.35652421952988 5.91177037329442
-0.287298088413232 0.267553709065678 1.3773107438581 3.04294402377614 4.15381772749429 4.70925016150493
-0.245859546501232 0.31046339660812 1.42308992464619 3.08966944453261 4.20010893042848 4.75535950877694
0.720828213907782 1.27679062391813 2.38861483406193 4.05320482123691 5.16163325795004 5.71588828755361
-0.150102595335401 0.403794850920278 1.51161618423042 3.17601288634652 4.28749498085443 4.84322522942713
0.048887388099101 0.606352513168938 1.72137967679253 3.39170872713856 4.50371015837645 5.05974189305769
-2.3032538841728 -1.74669426431553 -0.633620193162399 1.03708933882897 2.15203294042945 2.70950771167989
-0.206645779624622 0.348084848575684 1.45758540241737 3.12145774806295 4.2296982227836 4.78384770622915
0.114821346752024 0.670293690008937 1.78121402451463 3.44708311811057 4.55746353795727 5.11264442829199
0.0311203231587792 0.586005135146027 1.6957579629734 3.36127833585227 4.47233612870852 5.02790350449469
-0.0437128430604297 0.511700202935309 1.62259357185461 3.28920199156987 4.40033772642691 4.95593009133313
1.30797264009665 1.86290527145801 2.97263331285121 4.63807357233056 5.74899970302115 6.30444118323719
-0.402796212714594 0.153599197220432 1.26641986973669 2.93357139771297 4.04353987359464 4.59847313403279
1.66431706758835 2.21889606352826 3.32796331562599 4.99279446251575 6.10342536177678 6.65877107175817
-0.00145368241257512 0.553984246579075 1.66463996306379 3.32932082754209 4.43925443490667 4.99418671734912
0.469164627239433 1.02359677006804 2.13238292686123 3.79631544263203 4.9057242941902 5.46042473434961
-2.55331309921655 -1.99805378825002 -0.887364971576749 0.778210713789127 1.88777714767151 2.44257682903298
-0.517122914387249 0.0383625150726618 1.14929640701339 2.81507237225218 3.92479630198146 4.47969510738122
-0.0318444976498033 0.522629151349667 1.63148680123964 3.29478375401243 4.40496204150146 4.9601539955849
0.157455303257923 0.712264358023712 1.82187954880012 3.48755751894924 4.59805873078989 5.15330169973897
-0.540231665084085 0.0153770924593977 1.12669432267564 2.79341983967517 3.90338081398842 4.45841745375659
-1.5093972506363 -0.954447026979874 0.155633971699992 1.81968702395516 2.92865434563718 3.48316635913311
0.163967544568269 0.720082069692065 1.83226654548716 3.50181820984776 4.61558426380277 5.17243130177564
-0.900003247637262 -0.344766189550832 0.765511619965585 2.43431806866234 3.54898634874084 4.10624177706058
-0.412491184842025 0.142664277350834 1.25295214082431 2.91944133729069 4.03128795801205 4.58712242278033
-0.0460374928949351 0.510472542799678 1.6235771159304 3.29399516387478 4.40789916397603 4.96491318500758
-0.621627588377446 -0.0653459163566534 1.04707200189647 2.71638207737182 3.82978899725666 4.38645523015287
2.12635101262317 2.6827630374211 3.79549990520783 5.46415648428433 6.57786891880166 7.13475390459246
-0.29816410910792 0.258087185139316 1.37061190993009 3.03808287082128 4.14908251476453 4.70457389620528
-0.0877555612266542 0.466933195159898 1.57629956655518 3.23944148256583 4.34829909064543 4.90281107864406
-0.275381702366079 0.280686180211159 1.39294001938402 3.0605808470782 4.17172795420957 4.72738946480023
0.343464896881288 0.898525606809792 2.00857220451242 3.67304094116344 4.78295320902038 5.33799003498625
0.054883767135067 0.611783118706545 1.72553342046194 3.39638488293574 4.51053587318382 5.06763246709279
-1.1970117465838 -0.640960958978924 0.471274313216138 2.13946218727133 3.25005970724903 3.80526390752646
0.332100443589558 0.887186680285966 1.99719036809045 3.66197851703632 4.77239232689373 5.32755239504966
0.344674985625383 0.899517374757853 2.00910454915837 3.67410317058397 4.78407629388101 5.33904603778214
-1.78473645257643 -1.22917548061147 -0.118046371165588 1.54881256980681 2.65984441385048 3.21535164344844
0.261829434955126 0.81765659128624 1.92942690442158 3.59681802463927 4.70767316121668 5.26309527006959
-0.131695134830926 0.424090618218809 1.53563427495522 3.20292312351996 4.314080168215 4.86961823281906
-0.185833553566706 0.370880193647128 1.48429859745767 3.1541140777701 4.26707851705429 4.82348926624477
0.090610831934138 0.646340182277615 1.75800691805002 3.42510953144796 4.53643122156196 5.09213124866274
-0.0889197652791934 0.467662130251592 1.58090416376904 3.24925958727021 4.36081782263181 4.91659836211746
0.203726249072444 0.760518649628206 1.87407048223114 3.54290172109559 4.65459784067121 5.21043562894995
0.234948029679696 0.790651548359569 1.90212555167331 3.56860301758516 4.67966978180372 5.23519541431181
-1.19693783455675 -0.641674905783909 0.468807325653988 2.13397401237361 3.24385493841208 3.79879469828619
0.018815458371278 0.575166277365117 1.68783518657932 3.35466440841589 4.4654137466777 5.02079548665228
-0.0457406260028289 0.509638454499396 1.6204047056774 3.28613629954072 4.39688288096381 4.95225968311024
-0.200799011591097 0.354793071678988 1.46600160575775 3.13290617482945 4.24422344315501 4.79990699282293
-1.000846232983 -0.444990769434604 0.666705819698506 2.33355483352662 3.44435966321829 3.99981713001167
2.06576817241358 2.62229482592911 3.73526465033045 5.40294973976523 6.51389417195411 7.06941567545959
0.134670869560409 0.690430846092162 1.80197000681152 3.46910957637488 4.58026335289992 5.13584196492772
1.45333966112495 2.00881254972424 3.11966562960656 4.78451238691811 5.89400141072154 6.44878374610814
0.62254134285797 1.17878818842024 2.29123419382637 3.95874475269967 5.06968246302121 5.62515876433971
-0.0932943105825424 0.463649636600051 1.57749030442061 3.24881292481327 4.3624759188861 4.91927182663805
0.0161578990314686 0.572577597511836 1.68531518783241 3.35330630246386 4.46584193687663 5.02209806610882
0.131804395279241 0.688425685399057 1.80153835935469 3.47000222943574 4.58236965593106 5.13854243820085
-0.537604158820013 0.0176369377809488 1.12808162880297 2.79198030181089 3.90154397160602 4.45635892323115
0.27660134410969 0.832389156919798 1.94392277282309 3.61133199459211 4.72342534872345 5.27947358865721
-0.211026488312556 0.345931820613653 1.45991726942973 3.13047436385957 4.2444634604357 4.80153491356683
-1.05494217263038 -0.500339973507941 0.608767284704768 2.27233911729978 3.38150083116492 3.93597807611136
0.53482576227281 1.091022067319 2.20349692667111 3.87359397448022 4.98746832945673 5.54440644809567
2.04221754078554 2.59870160044151 3.71175521483426 5.38116710805226 6.49386061426536 7.05022288748762
-0.703986061804901 -0.14888318452647 0.961277616750802 2.62804781013679 3.74050745577272 4.29676599631112
0.0892996334775769 0.644559566996363 1.75512697381696 3.42132930327386 4.53270908206845 5.08837868852403
-0.0230605847904061 0.532710715357662 1.64420867630103 3.31191065401588 4.4242995497706 4.98052855089204
2.32203982795336 2.87724367090494 3.987561438836 5.6532387886261 6.76355225380946 7.31868103639921
-1.43187876611274 -0.877085178799445 0.232448703364879 1.89638207350574 3.00629993786252 3.56130383013389
0.632626695601831 1.1869891996072 2.29583862961485 3.95980849876828 5.06902906853269 5.62365919568821
0.350880779745544 0.905621891574382 2.01504645833925 3.68048607956978 4.7910470374289 5.34630268572932
-0.225329700595077 0.330207988265388 1.44133143860676 3.10616051793837 4.21476662937488 4.76907176770155
0.905488663390817 1.46086553670935 2.57164890729817 4.23865388554297 5.35128570263862 5.9076501070243
0.437760677251788 0.992502904786613 2.10196024386974 3.76761269326622 4.87850400196033 5.43395617397409
0.301689725140069 0.858422294658797 1.97183774207907 3.64176135103752 4.7546944268606 5.31115344613085
0.33723811527421 0.892679451350373 2.00358622753277 3.66948687134558 4.78005489934978 5.33538407348989
1.0269899710599 1.58300846474498 2.69479472057536 4.36068742315524 5.47113737229664 6.02642282571885
2.30793516941485 2.86417702824691 3.97659692480331 5.64432053812133 6.75663873640122 7.31285165848199
-0.525159556137999 0.030341049247438 1.14138156650975 2.80703550674481 3.91707432388848 4.47214230477527
0.344820167614313 0.899859030267049 2.0098435839236 3.67489625133038 4.78489763872167 5.33984726998978
1.7349193964817 2.28915289835958 3.39763884223881 5.06053751504181 6.16905378619041 6.72337860556137
-0.81703759663063 -0.260838521759981 0.851631516499749 2.51786063086345 3.62736958858859 4.1821862100969
0.412291495638262 0.968516470483464 2.08087560303227 3.74932316899016 4.86229192807104 5.41874008238322
-0.272236613791021 0.283391770716304 1.39458722232953 3.05985069318202 4.16900541704161 4.7236063877264
0.494972956098253 1.04896258563967 2.15696471597091 3.81991833249137 4.92992727884682 5.48498502554555
-0.0156469484980501 0.540583382974933 1.65299362343515 3.32214215331117 4.43471527147331 4.99093572509634
-1.0513859746093 -0.495936635646213 0.615073920585625 2.28002359280919 3.38998773760066 3.94498518367783
-0.0601681379465328 0.494112235997226 1.60270434314003 3.26549731965406 4.3743639921121 4.92884521102056
1.33196103168518 1.88688716914565 2.99672621210733 4.66381479626988 5.77541656736999 6.33112474925244
-1.13033497572541 -0.574182752053001 0.538179616183501 2.20526727666016 3.31564281147839 3.8708013388484
0.0721287881479909 0.627427135753561 1.73799103081957 3.40362685842698 4.51455393466636 5.07011772323325
0.828606490596006 1.38480447633446 2.49707627897682 4.16372447088633 5.27349086695933 5.82833357853216
0.605661709498818 1.16136638922113 2.27294986754622 3.94050442546886 5.0519740887833 5.60771463860223
-0.748022992681369 -0.192726683996368 0.917873461519291 2.58536317356257 3.69709931594614 4.25295311308369
0.77628481417031 1.33127249914092 2.44140249362064 4.10703191484373 5.21646500981005 5.77117725546014
-0.320957806550364 0.233147357589987 1.34147510861075 3.00375985113517 4.11231828216856 4.6666809634355
-1.19461726339485 -0.640370008793371 0.468072331453796 2.13250524192491 3.24316402919187 3.79845968724115
0.412364461839563 0.967710680892254 2.07840997550931 3.74326398004808 4.85304496826872 5.40790140767921
-0.372908544994079 0.183119008423694 1.29512311424933 2.96421600831433 4.07779225343481 4.6345670113841
-1.53201773783586 -0.976181561380148 0.135552402877101 1.8005353967944 2.90834765559502 3.46231083929629
0.288258841255404 0.843449607847832 1.95373063282574 3.61843368590372 4.72836531651244 5.28331569689899
0.339018840223933 0.894566149949626 2.00554393066139 3.67195176704143 4.7819567350096 5.3368297805734
0.507984117229911 1.06378480268025 2.17527295064373 3.84240284490526 4.95483619533219 5.5111391509139
0.126396740047474 0.68181097399297 1.79261886130569 3.45960251787364 4.57270176660445 5.12930630538763
1.78696102439097 2.34319703640893 3.4558622261313 5.12486706061724 6.23700387370767 6.79308070174274
-0.132755955665522 0.423471075118449 1.53601390350559 3.2035533252561 4.31490365339647 4.87070058137923
-1.67367587390455 -1.1172599449478 -0.00437406602008553 1.6633244575793 2.77437245291432 3.32988020521585
-1.16060395445991 -0.60567741350022 0.504293856799356 2.17038102975185 3.28223285165509 3.83824753224496
-0.923480782611272 -0.368486330972221 0.741596534555312 2.40541783447232 3.51416155519942 4.06857482105278
0.00723880234970672 0.561933891071369 1.67139421119787 3.33865422516781 4.45143267234018 5.00780095962651
0.281566870925574 0.837238204136467 1.94876760154963 3.61552409611756 4.72554349066096 5.28056015916269
0.795931050035267 1.35082355335637 2.46054408619307 4.12388029497196 5.23247566853226 5.78670085609953
-0.243554054748029 0.31272542299562 1.42523909174525 3.09336403259771 4.20425287839602 4.75969704297778
-0.501307311286129 0.0547344990000946 1.16683753625713 2.83348708030466 3.94377115721689 4.49894138118431
-0.357060537899946 0.198388285110798 1.30929257592654 2.97239774190337 4.08015720801804 4.63408944970986
-1.03224258750725 -0.478055736113219 0.630603967766648 2.29377049693285 3.40255448134549 3.9570029592672
-0.753706999752984 -0.197565593049195 0.914701119807008 2.58394873454253 3.697122850971 4.25379920215086
-0.90612072640157 -0.350642508093581 0.760442928648385 2.42791409462674 3.5389657926273 4.09451921373126
-1.13805985769541 -0.583013112370043 0.527023895778621 2.19256010217299 3.30297076562501 3.85813245242153
0.759099224529021 1.31368336970996 2.42292544010299 4.08772118237356 5.1977129913148 5.75266774889609
1.33534741033132 1.89175010340843 3.00453981156663 4.6736576522887 5.78594800300653 6.34211587005191
-0.218222999091292 0.338380916112392 1.45172677003989 3.12257729775813 4.23563547565998 4.79216140276155
-1.79250521096371 -1.2356481763242 -0.121842703602383 1.54937725964063 2.66280996911744 3.21949923995341
-1.8434450260514 -1.28751702332382 -0.175834550868528 1.49190244894656 2.60493658947023 3.16150380267084
-0.0187952222927538 0.535520804531023 1.64405588948168 3.30588729159999 4.41489333639391 4.9694782763211
0.374320655202856 0.929475415991413 2.03988816737314 3.7057654249281 4.81536547384857 5.37011242822399
-0.0134769234286744 0.542777533957874 1.65530813303958 3.32255575505581 4.43251875279652 4.9875264223466
-0.742181281096167 -0.186982179829342 0.923396352628051 2.58942522941323 3.70015543952333 4.25548868937087
-1.67932494791194 -1.12384496607936 -0.0128501369024902 1.6523573970646 2.76128835139516 3.31572980292743
0.429440511304782 0.985144990194051 2.0964803497803 3.76346299835785 4.87548678438801 5.43142318499822
-0.394781261822784 0.159600349248609 1.26836604089966 2.9309211422058 4.04032056833654 4.59509760369065
-0.214642921844307 0.340736442521158 1.45142038367417 3.1176208858475 4.22883360079547 4.78447167076848
-0.0457456207189245 0.509227374929023 1.61915472690834 3.2856017466622 4.39563634631848 4.95054215092747
0.937808905406554 1.49183513772307 2.59991279273634 4.26395519969627 5.37438945399304 5.92960862838295
-0.322615376036095 0.234091912632993 1.34767034456838 3.019459337626 4.13356767025546 4.69060856224892
0.362825608785433 0.91674409211803 2.02425652335647 3.68766395784503 4.7979199433426 5.35294517251397
0.668914893843488 1.22415503596528 2.33469458908075 4.00170880006484 5.11291847867831 5.66849230613242
-1.01929072031749 -0.463283241472488 0.648756744783863 2.31452949046083 3.42491157304479 3.98006414408918
0.348082654858278 0.90470295310395 2.01813779009999 3.68804750742793 4.80062850695366 5.35694530081217
-0.216002340634463 0.339226773674097 1.44975097618679 3.11631654897778 4.22768387151612 4.78336366735418
-0.717089225343338 -0.161277839395403 0.950617367848404 2.61878588833632 3.73038810931127 4.28628392656374
0.316461561843226 0.871498484580452 1.98156576670575 3.64553536429721 4.75607293466128 5.31136048346411
0.134192014772061 0.689948563531248 1.80152038961333 3.46924194129021 4.58138656286852 5.13749682377376
-0.187379776769197 0.367267733500135 1.47658966637792 3.14025635007042 4.24896687526017 4.80329447601342
-0.307141561750993 0.246668374040145 1.35429938118112 3.01797999675912 4.12771919777209 4.68257998738127
-0.694381683118393 -0.138969021555762 0.971874318439098 2.63968740134756 3.75229083264985 4.3086626857285
0.423574260868667 0.979382477834672 2.09109153389426 3.75842482269607 4.86938092787842 5.42485364070326
-2.25440337922803 -1.69870743909127 -0.587395376257937 1.08176348149909 2.19531513941475 2.75207950890865
-0.985021056510719 -0.428498520018813 0.684411269976271 2.35302537937931 3.46593123997782 4.02240149418456
-2.03056771532304 -1.47487585163682 -0.363398972147187 1.30624662682981 2.42057888086937 2.97768902866091
-2.29059877119316 -1.73487205570101 -0.623429650245275 1.04208809012273 2.15140650401821 2.70605069400864
1.14526736972869 1.70055152117063 2.81116951621465 4.47667990653741 5.58757997057069 6.14304925043634
-2.52549721848001 -1.96876663641594 -0.855314557404684 0.812326474505778 1.92194428226313 2.47675236915992
0.0543836514270537 0.608634916462277 1.71726347032634 3.3828127683912 4.49438924078097 5.05018634845103
-0.634218017660006 -0.0774904073897674 1.03606304907391 2.70627444514328 3.81979577153595 4.37664121930662
0.0906780474860144 0.646495883281676 1.75810829924841 3.42425373839141 4.53469976388406 5.08994604613478
-0.081457816627593 0.474076443427701 1.58512912062015 3.2530802798848 4.36494822358146 4.9207916463152
0.202216994056725 0.759982595261606 1.87543293190077 3.54625378284103 4.6597043141075 5.21646374561293
-0.249706226811552 0.306252154337539 1.4181448084124 3.08464656797987 4.19494543439213 4.75008002911097
-0.696587228378293 -0.14070845460733 0.971189751945357 2.63932799573793 3.75208462910443 4.30851460522722
0.626725386534257 1.1823931666088 2.29358851865022 3.95958057974636 5.07003315558372 5.62520619946924
0.164650589863253 0.720575299810337 1.83227642565667 3.49860831784061 4.60870443332643 5.16371361805506
-1.22136158770081 -0.665746722250219 0.445624570835045 2.11101325069386 3.22091729526757 3.77597103349514
-2.23708438171425 -1.68189906075668 -0.571541838181287 1.09465921002178 2.20550485691369 2.76087509996589
1.28649809648506 1.84267385250157 2.95490050550088 4.62132849328 5.73145643790481 6.28655701993762
-0.108362197430229 0.446378095589469 1.55591026501127 3.22164850589105 4.33232868251066 4.8876678647198
-0.227290601911239 0.328670391160722 1.44040748927099 3.10751260866055 4.2184258656676 4.77381864695002
-0.472964719812236 0.0823527365188107 1.19287062311618 2.85834604732381 3.9690321750964 4.52441477017329
1.19077538274074 1.74708059475366 2.85960281816843 4.52674159287424 5.63863894322542 6.19464663965931
-0.552035959921782 0.00449809706305985 1.11757457648087 2.7864001550041 3.89813968114826 4.45404099285631
0.0483629516218922 0.604397921295438 1.71652421970543 3.3854533898908 4.49911113177749 5.05592361010624
2.26015960033965 2.81569350503848 3.92681996157607 5.59175990865327 6.70122492871306 7.25597825220542
0.833809378515919 1.38971098057879 2.50146898160071 4.16793033077546 5.28019200873146 5.83643723931566
-1.17931264721157 -0.623758386964922 0.48745601201937 2.15286812954818 3.26259033160785 3.81748981588099
1.92154897993799 2.47970913576624 3.59606954520134 5.26883131264323 6.38352650226283 6.94086176337917
-0.764851542051955 -0.209553654305998 0.900863494411889 2.56620911027126 3.67623908624973 4.23119542375552
1.92225367561131 2.47758712485032 3.5882079075117 5.25445451575611 6.36465985913938 6.91972760586208
0.089164339679271 0.64477915013572 1.75619633251825 3.4228697047413 4.53377323081569 5.08923813040167
-0.879591261223763 -0.32334099569109 0.789053391440628 2.45738211183978 3.56950298753354 4.12559616725798
-0.233717460062678 0.323179873473506 1.43693132068693 3.10587264848004 4.21825723815666 4.77440910791553
0.353788651144912 0.910517643753682 2.02386520201362 3.69197922988399 4.80321731964929 5.35893665568861
0.173329578548443 0.728358620424643 1.83834273060522 3.50222117906993 4.61125421937709 5.16572449044197
-0.117098955534394 0.439177891836574 1.55174940607141 3.21807165458973 4.32795688171617 4.88292581197297
0.710341789851427 1.26650510780073 2.37889351188426 4.04822992900623 5.16116896393645 5.71759041817669
-0.00746393893851855 0.547003890360405 1.65586941242329 3.31932587242589 4.42909870780076 4.98395051858425
1.23723302257756 1.79305249532205 2.90476851922177 4.57198041222399 5.68343694614224 6.23918121726313
0.93687435281022 1.49326776957026 2.60619377440581 4.27462849670815 5.38600708507122 5.94168763933613
-1.78935873540819 -1.23503069840632 -0.126432828263134 1.53696622996351 2.64596846590392 3.20048958848037
-0.818571006135633 -0.263455119297085 0.846777698438143 2.51156363875579 3.62155070458093 4.17654934272698
0.441479490168665 0.997103052631628 2.10829312352079 3.77420463511593 4.88380884894716 5.4386196720363
0.0835729192004088 0.639960173654376 1.75275927741712 3.42261506581157 4.5368786462363 5.09403928156031
-0.0689381203067665 0.486941633192059 1.59884151633306 3.26495433245849 4.37439198833794 4.92915261059578
-1.8304447876129 -1.27446580852473 -0.162257865412939 1.50670764642286 2.61890613161377 3.17505789305324
-0.249838123826501 0.306178502185985 1.41820866852123 3.08682312453808 4.19924909106727 4.75548366803626
-1.32337465803529 -0.768568638254793 0.341134053340192 2.00547712819359 3.11523700964073 3.67021516348307
0.0187028003168364 0.57323337952353 1.68229445105464 3.34588701787562 4.45494745803151 5.00947773918138
-0.140837820248742 0.414884847797877 1.52633015169131 3.19349842700784 4.30494337238791 4.86066587160923
-0.260251883845341 0.296460996342835 1.40988670525693 3.08002616061991 4.19345336167513 4.75016692044421
-0.316039697427724 0.240574175879409 1.35380190044829 3.02364389244178 4.13687213753846 4.69348624992778
-0.326464382865737 0.229670431439335 1.34194005792374 3.01034453750565 4.12261422843337 4.67874907210796
-0.325026816109295 0.230378387352964 1.34118880058982 3.0074042807713 4.11821448803223 4.67361959637911
-0.288441471707452 0.267153687886897 1.37834402901109 3.04512914590866 4.15631904932413 4.71191400675402
-0.217438182388687 0.338380438423059 1.45001770569706 3.11747313448647 4.22910986017326 4.78492823078488
-0.111980138858874 0.444103168988787 1.55626977166913 3.22451988990624 4.33668675740519 4.89277018653663
0.011087528020781 0.567009760783721 1.67885426774347 3.34662048488405 4.4584643167575 5.01438624613829
0.141735555443377 0.697344210574322 1.80856153441256 3.47538754771378 4.58660499226801 5.14221371177109
0.275314356182767 0.831426292951453 1.94365018735688 3.61198564971223 4.72420906852213 5.28032078707521
0.407501540229439 0.962495920597291 2.0724846814004 3.73746781583056 4.84745655572721 5.40245092615778
0.546491080563371 1.1013491830649 2.21106536445922 3.87564003154931 4.98535676294445 5.54021511704605
0.70664431850023 1.26270315665598 2.37482081950326 4.04299766491987 5.15511576154509 5.71117480328531
0.869692698532508 1.42472611588223 2.53479298856788 4.19989248150205 5.30995827999483 5.8649911984914
1.04606240003532 1.60133022131826 2.71186650970102 4.37765803226605 5.48818143609136 6.04344327994287
1.14617971534298 1.69993927877937 2.80745836421768 4.46873776083131 5.57625760227896 6.13001751394614
1.29373474032731 1.84696263459665 2.95341841277744 4.6131022771178 5.71955827994816 6.27278627781244
1.38571383413439 1.93997078417898 3.0484847152626 4.71125508466724 5.81976845472994 6.37402514763053
1.5669090826904 2.12194243022065 3.23200906992075 4.89710995221453 6.00717771488825 6.56221157578326
1.77773527797859 2.33392039324454 3.44629081358074 5.11484348086675 6.22720878052983 6.78339157012327
1.92964792001245 2.48611865366488 3.59906011980769 5.26847242924998 6.38141413962675 6.93788498336025
2.14510233594616 2.70108009890154 3.813035573411 5.48096977167026 6.59292682268572 7.1489053019237
2.32734039867724 2.88229035364704 3.99219029603786 5.65703963656384 6.76693886965004 7.32188849997851
2.32836121137411 2.88360274423974 3.99408596678864 5.65980800977797 6.77028794477316 7.32552796449383
2.41624030984713 2.9730294374225 4.08660770312939 5.75697489256518 6.87055291888583 7.42734193556873
2.45666912869749 3.01384558274454 4.12819846260531 5.79972841382043 6.91408234760259 7.47125928794395
2.51723571292876 3.072371791226 4.18264395113439 5.84805206220052 6.95832387678112 7.51345979533172
2.46673706673163 3.02129955313863 4.13042453594173 5.79411188386866 6.9032371118885 7.45779971122707
2.22150776078415 2.77854066401757 3.89260652887169 5.56370449432996 6.67777023118535 7.23480307875699
1.69113758257401 2.24912560693308 3.36510166405208 5.03906558993145 6.15504141978604 6.71302933883049
1.19656882752683 1.75370876215341 2.86798864000992 4.53940832217997 5.65368800158138 6.21082784572106
0.837572134192571 1.39356157095517 2.50554047213496 4.17350832752274 5.28548650524076 5.84147560957652
0.477955029213066 1.0338670238941 2.14569104363373 3.81342648804829 4.92524949645863 5.48116102658658
0.379529235406844 0.934815151728264 2.0453870724994 3.71124305024554 4.82181207647927 5.37709665601077
0.422847980969676 0.977119209519573 2.08566170209881 3.74847475656287 4.85701642740923 5.41128727758457
0.341800301772842 0.896263501375377 2.00518996836252 3.66857804908372 4.77750167512046 5.33196355420324
0.257175260336516 0.813704842180585 1.92676404501981 3.59635192953753 4.7094096929548 5.26593860847631
0.286282370897691 0.839680712017577 1.94647765231049 3.60666791312591 4.71345737250914 5.26685226188308
0.27653679958448 0.830716940213374 1.93907721444722 3.60161764180242 4.70997824208355 5.26415852421179
0.253629722157485 0.807738564007657 1.91595631534564 3.5782814006701 4.68649638693966 5.24060395062009
0.17684078139449 0.732174027399248 1.84284134258526 3.50882452231947 4.61945933240932 5.17477760097231
0.236775459735842 0.790596812127191 1.89823954609001 3.5597034069116 4.66734665800517 5.22116824726193
0.259839885860468 0.813136724237113 1.91973040907074 3.57962086274812 4.6862147326741 5.23951165618197
0.259173207426566 0.812713918455919 1.91979533489479 3.58041755140123 4.68749902401323 5.24103976128571
0.213430642879242 0.767080568779011 1.87438042194442 3.53533016242869 4.64262995371877 5.19627985058077
0.140213781355259 0.694856763975898 1.8041427072638 3.46807197797346 4.57735827419636 5.13200141943453
0.106755682115218 0.662596702109358 1.77427880767093 3.44180069199768 4.55348116129678 5.10932142589242
0.120535249021111 0.676340849279777 1.78795202594456 3.45536928076108 4.56698117396086 5.12278710406681
0.10899460835931 0.663236477253134 1.77172020689344 3.43444583701157 4.54292941922203 5.09717122020962
0.0694127882750469 0.623791869598038 1.73255001006793 3.3956875813723 4.5044461430901 5.05882541947404
0.0303520730825365 0.585740548477836 1.69651750651213 3.36268283711374 4.47345978763824 5.02884825920581
0.0047651165271809 0.559184143254232 1.66802216607402 3.33127973992896 4.44011831084625 4.99453758977298
0.0121285276527619 0.565250468391863 1.67149433597207 3.33086048040933 4.43710496685261 4.99022719445555
0.0033787845859506 0.557922407252375 1.66700962172744 3.33064109560948 4.43972924875348 4.99427330714487
-0.0326833242919133 0.523850857807349 1.63691925292104 3.30652124449264 4.41958891166649 4.97612275684494
-0.040231963238171 0.516947702572173 1.63130690947517 3.30284839223338 4.41721090082954 4.9743921127459
-0.0714022083274604 0.484195744128139 1.59539156491645 3.26218692723775 4.37338475222709 4.92898363302042
-0.102983385140476 0.454532964523051 1.56956567431175 3.24211450500662 4.35714692072897 4.91466313223115
-0.155246882395274 0.402467971562913 1.51789773012918 3.19104147974982 4.30647013732902 4.86418448778834
-0.173754366112093 0.382897899479851 1.49620239968062 3.16615968883272 4.27946487685111 4.83611745656127
-0.172113611129268 0.383897992897203 1.49592118337984 3.16395620708188 4.27597966048114 4.83199138099447
-0.160306366104412 0.394769662700316 1.50492171273141 3.17014980201623 4.28030176231591 4.83537775233442
-0.170956567525022 0.383217974783369 1.49156715146221 3.15408911446348 4.26243535306562 4.81660855313137
-0.196994593379736 0.359820130748543 1.47344962928984 3.14389304809285 4.25752223967141 4.81433680848685
-0.254798714340255 0.303423342895033 1.41986750631425 3.09453280978599 4.21097564646357 4.7691970954087
-0.277907399254277 0.280382109310365 1.39696091043697 3.07183318615587 4.18841588148993 4.74670719811654
-0.332833948547247 0.222826100325806 1.33414618361576 3.00112653701062 4.11244683983809 4.66810698868973
-0.3682719967694 0.187741098436344 1.29976732939066 2.96780595494217 4.07983134028032 4.63584404657484
-0.369274569756462 0.184851208466187 1.29310276447951 2.95548011301731 4.06373180675434 4.6178576470337
-0.423804069235504 0.131439888819944 1.24192781155392 2.90765952040509 4.01814715941593 4.57339098593015
-0.445627308582888 0.109000387437424 1.2182557850981 2.88213872668239 3.99139374344878 4.54602126511351
-0.42655811698369 0.128068246629391 1.23732096117721 2.90120030753263 4.0104536835638 4.5650803481214
-0.469180428117948 0.0875648101298555 1.20105517133706 2.87129275044532 3.9847859265031 4.54153245305212
-0.781794823869422 -0.225867847368029 0.885986043465704 2.55376797385021 3.66562336877374 4.22155103387282
-1.23591636525899 -0.681125625481322 0.428455932500458 2.09282677682011 3.20240630202147 3.75719610541572
-1.69149713732321 -1.1364659738044 -0.0264035227614334 1.63868768677029 2.74874654562293 3.3037760524879
-2.12164358921414 -1.56634011382291 -0.4557331680956 1.21017733100247 2.32078460881917 2.87608823333305
-2.55076303223322 -1.99568575563932 -0.885530984874919 0.77969736002999 1.88984571385493 2.44492005984396
-2.65450757956649 -2.09933890602119 -0.989001531919684 0.676504049864206 1.78684065179205 2.3420089722573
-2.57893852024694 -2.02323357673938 -0.911823558595037 0.755288845556038 1.86669528133303 2.42239856995281
-2.45567310855333 -1.89882926052999 -0.785141578239817 0.885390201788779 1.99907822779957 2.55592223431401
-2.37281985044049 -1.81640221590269 -0.70356675236523 0.965682808127231 2.07851384698094 2.63492943924298
-2.25995663209696 -1.70488444101302 -0.594739649104456 1.07046971743948 2.1806046148088 2.73567223676037
-2.03379930879966 -1.4776586956143 -0.365377504336868 1.30304497082642 2.41532693591184 2.97146790832982
-1.95158508629601 -1.39664905199764 -0.286776976469566 1.37803097643401 2.48790288279299 3.04283883657728
-1.79341558035737 -1.23743882577104 -0.125485347393827 1.54244535066254 2.65439912512268 3.21037601524238
-1.57179064546893 -1.01452928272285 0.0999934630589094 1.77177715209707 2.88629905407318 3.44356002650357
-1.42293733984679 -0.86687047123966 0.245263265881575 1.91346388962659 3.02559775115343 3.58166467743224
-1.32254208755526 -0.766715379387103 0.344938112931648 2.0124170814295 3.12406906695427 3.67989508821359
-1.18566987633989 -0.631054927704748 0.478175031589408 2.1420190385499 3.2512482887873 3.80586291842489
-1.01925103392138 -0.462791778210759 0.650126735975395 2.31950440681525 3.43242270765964 3.98888186514985
-0.875323750103693 -0.319782717958272 0.791299353556844 2.45792211641755 3.56900373047448 4.12454454408677
-0.748270420895783 -0.192994744192344 0.917556470941539 2.58338609328602 3.69394065524028 4.24921788225354
-0.581711816390797 -0.027014016444324 1.08238159873452 2.74647468907846 3.85586980183955 4.41056737020216
-0.437657894644157 0.11745542168367 1.22768182072898 2.89302593349335 4.00325841923262 4.558374536245
-0.300798078540158 0.256468508703641 1.37100163036685 3.04280241242615 4.15733714634783 4.71460447907718
-0.144262644557134 0.413182099332069 1.52807160763866 3.20040546657574 4.31529441363155 4.87273889915039
-0.000585051200812588 0.555298718162412 1.66706624232283 3.33471784636478 4.44648585039684 5.00236984228116
0.140784353212939 0.696002918685048 1.80644007717983 3.47209531045133 4.58253194195086 5.13775026198201
0.240015830599252 0.794819619922851 1.90442719896266 3.56883860034227 4.67844633177661 5.23325019085321
0.328132161514542 0.883764767008925 1.9950299801844 3.66192771828244 4.77319277851216 5.32882531325091
0.375870946545351 0.931642844852055 2.04318668344467 3.71050165029599 4.82204459039645 5.37781607444526
0.364578009509616 0.920013053259302 2.03088317520291 3.69718774900329 4.8080572426816 5.36349199813101
0.294008424267028 0.849265734806816 1.95978034057801 3.62555253518389 4.73606743840724 5.29132488616602
0.215914816688353 0.771185958088817 1.88172824904586 3.54754161018856 4.65808403529286 5.21335523923252
0.140547550991371 0.694653008178386 1.80286396785797 3.46517878570497 4.57338583580989 5.12748948276411
