-2.27204923858103 -2.43842313396278 0.464100836246984 3.48120447281046 0.571846744944985 -0.644050381400936
3.95718225945312 4.25695158639988 -0.802126682917504 -6.07929088507878 -0.982740520604871 1.12164319906285
0.0943504661673318 0.100537007474905 -0.019325128205073 -0.14409825378548 -0.0238077405036675 0.0266936898109536
2.05726999903096 2.19742688123618 -0.412736575386008 -3.15315193173018 -0.516319445435847 0.582395835830241
-0.387201404284806 -0.416050836855266 0.0786586014940086 0.594002411138697 0.09717127145429 -0.109779191570938
1.03270705710373 1.11403678884165 -0.209557894385411 -1.58891249648954 -0.254717681049084 0.292863068122308
3.69548440669842 3.96373794019349 -0.747768266494945 -5.66921085872139 -0.923660318184048 1.0469760971895
3.33692369127501 3.57828039540841 -0.675840167299963 -5.11741437062981 -0.835494295711711 0.945374587279875
-2.19319262615451 -2.3569695563323 0.443464044654959 3.36913084238839 0.544983395992741 -0.6216182662927
0.841005262164993 0.907859710092712 -0.17044325574721 -1.29499346048468 -0.206665209312263 0.238556175473874
2.05225186711455 2.2191269669364 -0.420346480049059 -3.15679213683919 -0.508657960543689 0.58266762766644
4.01854120328838 4.30885062632489 -0.811251836061987 -6.1666003127687 -1.00405399687986 1.1386591344926
2.50565863777576 2.69543648813073 -0.50985133021772 -3.84722833063898 -0.624091141286486 0.710391729899018
-1.25090687322549 -1.34683212734506 0.256193262484803 1.91902211633339 0.313557101346958 -0.354817315283828
-1.43091359155802 -1.54132166692449 0.293525257931877 2.19468641862418 0.358679066631681 -0.405775211697496
-3.58004142740506 -3.85672130566237 0.732755142710502 5.49547020792702 0.895366482541203 -1.01577333620717
0.981293043094774 1.06075653541724 -0.199298302374143 -1.5115561621727 -0.24096830209364 0.278444000869516
-0.668785348085309 -0.715018886765865 0.135503821940536 1.0241310748002 0.168334559434723 -0.189408317337787
-1.80006793713432 -1.93697032338801 0.368299482523002 2.76091182317533 0.451316229570643 -0.510451029033118
-2.05936882760903 -2.21450096946549 0.416893179094117 3.16382736874454 0.511642425430761 -0.583745680829973
0.0874936078862065 0.0981102894973599 -0.0157312085073106 -0.141289072647185 -0.0156552277154718 0.0248564535913462
0.245066145470823 0.255369159909243 -0.0514813983809766 -0.367243272899908 -0.0678387948812225 0.0692197456898565
2.57613665196228 2.77699297337975 -0.52447459357471 -3.95919284095 -0.639606627280931 0.730631133758839
2.87373114639475 3.07772745497193 -0.582681335151577 -4.40298733633355 -0.721805613770207 0.813871951598581
-2.31567365435255 -2.49086540375307 0.468404618478929 3.55831956082059 0.575139449604516 -0.656419378933844
-1.7925875864898 -1.9281892142467 0.365881682312651 2.75021673871968 0.448758006686166 -0.508292942926715
-3.76605240709556 -4.03061653755626 0.754620487738811 5.78041916765589 0.9369022011009 -1.06605742950403
0.741921508161601 0.798606571892984 -0.150706942120676 -1.14017949637108 -0.183564214703487 0.2103102058612
2.59805461814074 2.79536175627555 -0.527143346478073 -3.99066760188163 -0.646154150884243 0.736463357251452
1.79729374452593 1.93870970952352 -0.366827052328423 -2.76245496405428 -0.447660863498172 0.510200437565342
0.0588781417140465 0.0662381934974903 -0.0107477134981167 -0.0945748817290456 -0.0114899212262698 0.0167766072743443
-0.907049719216772 -0.983702424195569 0.182470120418723 1.40109503560445 0.220374349732138 -0.257371798715408
-1.77204090452188 -1.90894815183899 0.363628341775666 2.71788894394281 0.444393391731657 -0.502560989924244
3.15059417435773 3.38586491688199 -0.640982444208174 -4.83378522390152 -0.7873813372647 0.892924389647411
-2.01761990816246 -2.17396707787188 0.414161804147437 3.09473385775302 0.505572432594837 -0.5721746424515
0.466432139375801 0.497022608394456 -0.0952880984634274 -0.711371667857323 -0.120152930844653 0.132090437035918
-1.55774426518395 -1.67614667001218 0.317610987510509 2.3907359915985 0.389191492779315 -0.441667674690386
3.83882157401386 4.14046854169878 -0.784114226991831 -5.89927272182596 -0.953609365184301 1.08908080971844
-3.37922303129604 -3.63149139740473 0.687053300456976 5.18543027593166 0.84484839654534 -0.957954703039939
-1.47375044408892 -1.58708627099336 0.301555702974881 2.26150064328995 0.368775407497441 -0.417989693945819
-3.18222693075534 -3.41789592817236 0.645653427532188 4.88290812239762 0.795151131587011 -0.901814475125159
1.14011353960813 1.22929171266452 -0.231670946221183 -1.75308292265053 -0.282198852879525 0.323318620704291
3.97118471876328 4.25138758661998 -0.801285703316001 -6.08844351137807 -0.996682035784022 1.12497274453961
-0.665988549868194 -0.686532154542485 0.140812564900531 0.991749692606728 0.188364733275752 -0.187935039415547
-1.76918112812811 -1.90004747891042 0.36018655082992 2.71322255527676 0.443371599395024 -0.501486818982026
-0.444626406298581 -0.48065426354161 0.091351294576821 0.683207370674221 0.110573641878422 -0.126164537043859
-0.330602318076619 -0.353194287581422 0.0685207850966869 0.504028495830978 0.0846929191771116 -0.0936284929248389
2.82677424749799 3.04213898363723 -0.574727364777063 -4.34092203264759 -0.706112481490983 0.801788673883005
-0.705659744438064 -0.756809914755019 0.145823157087276 1.07819271878313 0.180037339382046 -0.200038417501579
-3.1748719826757 -3.40207174990544 0.636580133084773 4.87543019044371 0.788565437167078 -0.898915222265342
3.39766186570819 3.66273882411161 -0.695941622078634 -5.21612750523138 -0.847777204580636 0.963716958493988
-2.12033522607588 -2.27856200478866 0.428860937630995 3.25666505161726 0.527410785635471 -0.6009528692241
-3.48432311262755 -3.73449017219772 0.697812186359651 5.35305062105921 0.863955680691631 -0.986725358888027
0.264715287502885 0.267089415157242 -0.0592742347887528 -0.384166368677913 -0.0831435880947423 0.074589482054889
2.81077703570755 3.01230154223851 -0.569893772948096 -4.30824715719835 -0.704600405190027 0.796084295988964
3.10963550227038 3.34352864802462 -0.633363234295507 -4.77145722424697 -0.777374893198823 0.881527252704607
-1.67592098516867 -1.80364832620769 0.343984821606272 2.56916334723488 0.421154820335938 -0.475259922650348
-1.14971159906225 -1.23472489920338 0.230390225397744 1.76887654937457 0.282956972661298 -0.325750315593538
4.09221872633447 4.40642745903047 -0.829020707032906 -6.28983435259946 -1.01800918847908 1.1606675812796
0.631163048312186 0.671351399971483 -0.127683530554864 -0.964217069005127 -0.159750141571893 0.178488856421655
-2.62584170831705 -2.82510966157766 0.52913036536248 4.03773577155964 0.649760829558604 -0.74420224554672
3.46627826237962 3.71428404700731 -0.700689717764696 -5.31552741870858 -0.867410340973298 0.981788159889686
-0.647588894177496 -0.703709248309581 0.128652650345464 1.00430135619452 0.153719559435413 -0.18375319379621
-2.19196277560782 -2.36183430298451 0.450119478500095 3.36172344714293 0.549891548260076 -0.621647439338866
3.1457586709788 3.39076607839645 -0.642222103878036 -4.83216796141893 -0.782098105132242 0.892096450018698
3.60247764243948 3.87454050896465 -0.732076442313955 -5.53106222695002 -0.899330204424844 1.02151810337793
3.1481622721521 3.37358636295255 -0.635868233045828 -4.82848462358476 -0.788593842348981 0.891941673011408
-2.09515804197684 -2.25434478872773 0.429896276349532 3.21138534752796 0.52676754172949 -0.594074893188013
0.1794957018105 0.197875129271829 -0.0355208217012416 -0.280473185692807 -0.0414281182282885 0.0510345268099229
-0.770076579305746 -0.824938602768298 0.157430520213848 1.17852137363217 0.195117771990884 -0.218303489175346
-0.669534785263046 -0.720720315355946 0.134884911206658 1.03059570489103 0.164733152088383 -0.18984400427398
3.48027384234811 3.75063215562396 -0.712641144396226 -5.34222772809392 -0.868756311572735 0.987060963713721
1.12965795578541 1.20530405341144 -0.229790845830924 -1.72580973635153 -0.288421073082229 0.319925459291747
1.80286364729973 1.93715900166844 -0.365472438521519 -2.76771951408103 -0.449356575233465 0.510943731427274
1.57195949605497 1.69113341108688 -0.318844952901072 -2.41473671066161 -0.391069219974024 0.445667688746677
-1.9946244790689 -2.14620496424068 0.40364026616038 3.06601357336258 0.494491573057659 -0.565520931138799
-0.0779851680173832 -0.0836784780838106 0.0155149322597163 0.120282947998784 0.0187842620262387 -0.0220894172788247
1.53276933596163 1.64420457412552 -0.308729262777391 -2.35379014160494 -0.381048268987182 0.434204471512421
3.65752031708149 3.93530898687673 -0.744936070658965 -5.61459830472855 -0.912171237633538 1.03691242482881
2.09582032539283 2.24557605931719 -0.422241714864769 -3.21558450740067 -0.523470379762995 0.593601678185123
-2.56200571373551 -2.75343979402208 0.516813432640836 3.93800923069818 0.635901144496329 -0.726408746443467
-2.07049430928637 -2.22500126191338 0.423067658384925 3.17455154720461 0.520147406267856 -0.587137952219671
-4.15864814357823 -4.44417914959715 0.833548714238654 6.37725551272431 1.04196630608967 -1.17758485585219
0.123114842595599 0.134304614676548 -0.0248299675346209 -0.190569438896202 -0.0299440844543816 0.0350048057407722
-2.66661619149672 -2.85737447958379 0.534938772581249 4.09508217422652 0.662535967147334 -0.755178695517285
-1.0791596255951 -1.15952041187643 0.216939372728364 1.65904226665882 0.266992079640186 -0.3057516642291
-0.309935738368988 -0.332349858650847 0.0645256161140489 0.472444204159827 0.0804355603252049 -0.0879040005562719
-3.88265833913917 -4.18656509854887 0.788881497409837 5.97166512674258 0.964299868380957 -1.10211245664269
-1.69489592142091 -1.82218334788277 0.344308274969934 2.60186825435986 0.422633279504365 -0.480438873208663
0.320135284109903 0.347114628674172 -0.0657097494529649 -0.492384321503182 -0.0796322689990294 0.0908722121613793
-0.714171578001119 -0.77447916983457 0.146631726789979 1.09930657803235 0.176021886658426 -0.202657666912257
-1.78518129572639 -1.91861486381801 0.357256141179974 2.7478379031302 0.439092860073554 -0.50588092717
3.08976832811156 3.32322536478655 -0.629705476748741 -4.74146675270238 -0.77259446461845 0.876073805338626
1.0635694323627 1.12988560885465 -0.216700032243833 -1.61964175150362 -0.275421226608553 0.300906654711068
-3.1394271994053 -3.37974997312877 0.641887196681143 4.81858452263585 0.786586811824144 -0.890920674983361
-2.59994674907158 -2.78900802968312 0.528266033796222 3.98733533004532 0.651224970830941 -0.736973534564398
-2.7883854289334 -3.00152522757326 0.57357281974182 4.27301618524908 0.702716052930194 -0.790889959579631
0.349460378991125 0.380077409901491 -0.0696951421723414 -0.54240439012004 -0.082138139363335 0.0991689639606091
4.15900416586971 4.4492540024667 -0.84259848398571 -6.37014077083379 -1.04621002918881 1.17786954320564
-0.667854627576534 -0.728768379596036 0.136544029869615 1.03126324276721 0.163526140426058 -0.189738660430296
3.96445109417911 4.25556776686147 -0.802018303558486 -6.08492751541032 -0.989889403376328 1.1235609941264
3.17504274456742 3.42260662854708 -0.647613144449181 -4.87797671671396 -0.790998080330968 0.900794206042797
3.6428043293463 3.92646514558015 -0.745107722449507 -5.59351852313733 -0.907981454372888 1.03318703049199
3.41279485462415 3.66968832119533 -0.692459685888002 -5.24054802091503 -0.851815139258563 0.967747941450192
-3.04842618218353 -3.27576474924753 0.618222980019784 4.679883183481 0.759663600418602 -0.863989063593878
-0.201066787006401 -0.217927752529596 0.0395557587011429 0.311982248807174 0.04751904622597 -0.0570250492348844
0.602518997143037 0.651652330372842 -0.121306453125496 -0.929082762831473 -0.148540663148649 0.171094056436899
1.38284902594055 1.4954203554336 -0.282180748271456 -2.12870783942919 -0.34132402508622 0.392563419289245
2.52074411164547 2.6989842326837 -0.509927650121395 -3.86328018566651 -0.633581368865777 0.714114292000188
-3.91876341507838 -4.19765314073408 0.787779475909906 6.01456612577584 0.976687674812916 -1.10986332871123
-3.47187116461515 -3.73756163229075 0.710868815483899 5.32589324614254 0.87044750476346 -0.984734135110078
-0.0211116039555997 -0.0234431318281952 0.0044845557209924 0.0325955923867316 0.00525016500703103 -0.00601195014639821
0.885173748178224 0.954152819830783 -0.177881366459282 -1.36374932081311 -0.216785171401283 0.250934175448934
-1.41504499582792 -1.52272739988349 0.288850662902146 2.17151794536162 0.353941918770851 -0.401286918291019
1.50242428572054 1.60410845416233 -0.303909890770169 -2.29855440066176 -0.380300892843719 0.425336109484407
-0.149421971704221 -0.162531451909308 0.0290682924757075 0.23305779636477 0.0342802034161593 -0.0424097725826276
-0.458150339369166 -0.491682708136534 0.0929539815312393 0.702535126832889 0.114823509555624 -0.129796960430689
2.76896973977731 2.98562523602097 -0.565870241739952 -4.25350030996125 -0.688556184925583 0.785344658305699
3.74213374101908 4.02994955601655 -0.761999821426718 -5.74765087080169 -0.931958980758025 1.06121921776293
2.79619542698419 3.01532881190692 -0.571563609793679 -4.29542575111095 -0.695317429377323 0.793098778630633
-2.47385921242551 -2.66295597194256 0.508474392158474 3.79136681062233 0.622668246672916 -0.701538149653118
0.64777633513865 0.698662702327117 -0.132993395261465 -0.994084889643495 -0.162019511394357 0.183732192383828
-1.5016831773535 -1.6161302895857 0.301976758385842 2.31115664670886 0.369817316379269 -0.425672245189044
1.85421219353093 1.99012566904637 -0.376402514186348 -2.84391419666354 -0.46314636711493 0.525225721814044
-1.17864951048838 -1.26558079062745 0.241940387962267 1.80448078221134 0.298304751421432 -0.334211266798617
-1.54578568155555 -1.66477015826011 0.317445997339014 2.37016552324769 0.388175446529304 -0.438382623723574
-1.18238155939836 -1.27260084203718 0.242993218672382 1.81227232516039 0.297098007907132 -0.335268359231161
-0.327637732538412 -0.350033156778067 0.0669009328967153 0.500965487870501 0.0830444697144827 -0.0928163225338505
-1.84802182132986 -1.98574933951296 0.375068219569737 2.83650372150087 0.461028502102002 -0.523775009025777
-1.45918862809474 -1.56676200102227 0.296256740861798 2.23877416264045 0.364777404954852 -0.413574707892122
0.85252250331148 0.917495945472495 -0.17517435878005 -1.30659970705169 -0.21488777576536 0.24184239285994
2.80246625063976 3.01280980934652 -0.569063163204628 -4.30226714018962 -0.701333270388627 0.794882640236333
-1.42491043342985 -1.52877146071745 0.287275565862814 2.18778582561251 0.354544397806158 -0.403659307521902
0.120381180163357 0.12678052997801 -0.0251032605249601 -0.181782242008848 -0.0320270962849718 0.0339944921957119
0.241310932552774 0.250110625580759 -0.0512266147348201 -0.359971315650835 -0.0684254072082607 0.0682398396401153
0.322038753230329 0.332124470328427 -0.0659937041155888 -0.480823670505223 -0.0863542287903687 0.0897219330830955
0.407579125577584 0.422872163304328 -0.0830941441252296 -0.61139823835371 -0.107762561620035 0.113807105766841
0.479418543227123 0.507468168523387 -0.0980382741204262 -0.72796426719403 -0.124905674726455 0.135396204429466
0.573725944202264 0.605802269331029 -0.117512402606496 -0.871002045901172 -0.149943128932127 0.162272452650391
0.648519781819526 0.679337420480646 -0.132089858195915 -0.98212448110195 -0.168557422233191 0.182833842425422
0.729691639488785 0.75156348844505 -0.144016908355845 -1.09611037215709 -0.185268064552789 0.202162727216131
0.826331274084492 0.839301771153194 -0.159369277559072 -1.23286140260933 -0.206917616875775 0.225968365750611
0.94746431994182 0.983740346655824 -0.186758627607073 -1.42863176110476 -0.239288711102425 0.263107269014822
1.10200596740422 1.17114907441181 -0.223451034056056 -1.68004979912663 -0.281715390201687 0.311344336653769
1.25064574126478 1.32925377094035 -0.252878257167555 -1.90698885636533 -0.317179382446616 0.352798035171843
1.42055927785214 1.50444765635149 -0.285953193941165 -2.16284151677346 -0.360982646591666 0.400081770639261
1.56959972929133 1.6522638828748 -0.313013698175795 -2.38361238811081 -0.397534471724337 0.440107519553727
1.72519465915237 1.77056205493534 -0.334228823919169 -2.58529142907403 -0.430998146928389 0.473834916145255
1.88348571255093 1.90719498932487 -0.359292412916054 -2.80340865466786 -0.467330098355712 0.511911898760675
2.04581910310554 2.09756921133883 -0.393452362269868 -3.06786156685473 -0.508047788045611 0.561510781488559
2.22020554257328 2.32277544960082 -0.435862833352864 -3.36515669343238 -0.554165466853585 0.618733787254111
2.41191093767898 2.5511661751029 -0.480502276777382 -3.67533725888613 -0.60595730171322 0.67799492835398
2.58261371367177 2.75247705217886 -0.520159252468728 -3.94820257221216 -0.64918984739206 0.729333190369761
2.75762107502263 2.93004208733027 -0.553538033756798 -4.2077918810965 -0.690401927128318 0.77623601836091
2.91907297488473 3.11074857861559 -0.589646495137464 -4.46097775558734 -0.734477981209184 0.824423343965322
3.08961118081406 3.25855305151404 -0.618396522634197 -4.69455831096517 -0.775907650494161 0.865933396283361
3.24398852953719 3.39964459111829 -0.643248089524516 -4.91373331775974 -0.810593851659188 0.904357781411156
3.39911810222874 3.57228111759521 -0.67389481635058 -5.15847931712152 -0.848060019907877 0.949373121128932
3.57131366749174 3.74861896031837 -0.705876249284593 -5.41691120109855 -0.888431578186262 0.996044982942932
3.73262914863159 3.95201984857199 -0.744262482368533 -5.68880904281624 -0.930548875684982 1.04801905913032
3.90741950010833 4.15438862206599 -0.781867025026313 -5.96885368200984 -0.974050231510778 1.1002458535228
4.03870367543023 4.31172418833494 -0.814592193132106 -6.18076237116137 -1.01224681625783 1.14152118662611
4.15923122954261 4.44491870072334 -0.843296016816231 -6.3674200342055 -1.0502171190134 1.17835027226502
4.16789070351855 4.45178652995405 -0.84266468926868 -6.37822845336865 -1.0469012954835 1.1786742164501
4.15579801740014 4.36366416728351 -0.820764659097055 -6.30379765868261 -1.02903973436634 1.15800251543035
4.12878711157978 4.32232320067247 -0.812630085047551 -6.25538432448809 -1.024185406063 1.14912893087738
4.08340489677267 4.32163849699622 -0.813096674766597 -6.22354248846819 -1.01966967446484 1.14676499561146
4.03621632754164 4.30463954019621 -0.810897489804457 -6.17691862699714 -1.01368715328185 1.14087027252952
3.92760726926005 4.15748434897821 -0.783562328469185 -5.98445831546845 -0.982447633243487 1.10306753703523
3.7584759757948 3.92991196289841 -0.740856406673288 -5.68883140477429 -0.935605650262016 1.04564832807544
3.5702267171247 3.76382220379654 -0.709256908989127 -5.42918030446281 -0.891300276042677 0.999861923145611
3.40676169959574 3.61162981519225 -0.679323572043813 -5.19611120694425 -0.849450748577252 0.957323976885201
3.26440843442114 3.47047567421232 -0.652448328730942 -4.98633891794758 -0.81385279139608 0.918960623421095
3.10568603784021 3.33159515794534 -0.628336036934597 -4.76556352852986 -0.778588268998559 0.880623952141356
2.94683035257838 3.16603821172832 -0.598340122156524 -4.52320518493002 -0.73970253249739 0.836273368457124
2.75948695641783 2.93500497317233 -0.556372109232482 -4.21321370628477 -0.692111256392619 0.777954802900516
2.57521645203781 2.66570420395859 -0.504265302891339 -3.87779054105192 -0.641515372972573 0.71191973000429
2.40714272819218 2.4630559261711 -0.464527991983669 -3.60503432596541 -0.599837021312855 0.660538063438019
2.2215674289621 2.29626803250147 -0.431466102889276 -3.34633195637761 -0.554534028685877 0.614150663100318
2.04269423158247 2.11018643282024 -0.395465826962929 -3.07602129387595 -0.50893127748212 0.563912613456286
1.87828503650706 1.89464994549988 -0.35517091471309 -2.79131856101296 -0.46405390833195 0.508379480945795
1.71638500113232 1.69212319854213 -0.317596588148169 -2.51914875068258 -0.421609414992974 0.456170076708804
1.56211267521931 1.53701131738805 -0.28897573072325 -2.28995483023894 -0.385107635592426 0.41475116981368
1.41282988214562 1.39674932020586 -0.263432067521902 -2.075583773636 -0.351181920165387 0.376908128693981
1.24662958015481 1.26828055203415 -0.241632706267232 -1.85686805707238 -0.317607107818222 0.34094035048672
1.00525607987653 1.0567373393038 -0.205244675011883 -1.51998422366039 -0.266196792423469 0.283342571141903
0.627519678772909 0.653449542114753 -0.133206363841811 -0.937451443335598 -0.176722268741798 0.17722319509806
0.00826741105128222 0.00910263307761475 -0.00351356155056614 -0.00970806849045017 -0.00473054300713579 0.00235029072326654
-0.510642413878035 -0.52177101671369 0.10791985315321 0.756940631699408 0.146393516152099 -0.143852340920483
-0.899871631207176 -0.947901795378691 0.182326367726822 1.36424011128353 0.232332036194452 -0.253145234716419
-1.03974331603644 -1.10462917874028 0.202805513059258 1.59289325676919 0.250053735988447 -0.291303202879898
-1.21962098962871 -1.27590975087583 0.235873000919084 1.85409478764038 0.297297682449142 -0.339528858556845
-1.39738524494532 -1.45526478669309 0.26975873007459 2.1168483746548 0.341516882808249 -0.387430617470507
-1.55542992746752 -1.61344896831579 0.299377605269557 2.34995249513403 0.379424881238634 -0.429605190868543
-1.68215283255801 -1.77838213864226 0.330283981291072 2.56725841731827 0.411552486073554 -0.470968340064723
-1.8183705373101 -1.95449514352688 0.363721823926384 2.79918200654714 0.446929701995868 -0.515248397805834
-1.99750635956846 -2.13963848837197 0.400067194605724 3.06588933266077 0.493231928847097 -0.564570534921651
-2.17483669185883 -2.32811030826119 0.436675373797836 3.3355633489392 0.538355331987491 -0.614569148134494
-2.33404140822829 -2.48421140776358 0.465952464431352 3.56868971099785 0.575768092535744 -0.656600073568607
-2.50172147726385 -2.68002581362849 0.502714090419928 3.83901940900075 0.619431623206305 -0.707504723895056
-2.68056598154056 -2.85847676717722 0.533065326302348 4.10917770814089 0.663763245917401 -0.756713692980253
-2.88483318824679 -3.01279655810906 0.558514746998095 4.37687297088472 0.708866093582813 -0.80204472871773
-3.08180877762495 -3.19732489824436 0.594571984019203 4.655185920428 0.75625490228873 -0.85191713121388
-3.25390634314522 -3.37404117349224 0.628354554639671 4.91199789783795 0.798472448803165 -0.898861275603151
-3.37251418803945 -3.56027234710081 0.662011569046517 5.14326520863026 0.830898876881297 -0.944609724658798
-3.51641729557939 -3.74095471219737 0.69623745583665 5.38492315697826 0.868709065387015 -0.990687337482693
-3.71360750845107 -3.86955192425192 0.720832560035187 5.62227879306239 0.914192269712032 -1.03027858271454
-3.87237896897975 -4.03118016723602 0.75175147756248 5.85936693776222 0.955542908339476 -1.07417025890966
-3.99157787375812 -4.18403306446063 0.781877210604514 6.06134464898953 0.990530313388378 -1.11386315369538
-4.09445625717846 -4.3443776869047 0.813002195777356 6.25906851671138 1.02421689497622 -1.15446997468518
-4.14648218963533 -4.43623526866633 0.831742697308118 6.36399608491763 1.04007491792833 -1.17578983687811
-4.18945840141436 -4.41075551910999 0.826553404899648 6.37193793282592 1.04357106198092 -1.17206601101531
-4.1414770963939 -4.20666803849966 0.784390241230277 6.18206147957949 1.01655228743456 -1.12645762422726
-4.0089028686299 -3.99627306111948 0.740208555896028 5.9331213816445 0.977685244829735 -1.07605510257612
-3.83684593017846 -3.82135515286873 0.70488573530487 5.68032332544513 0.933334987320163 -1.02952659991714
-3.64273224893235 -3.65272673050139 0.672858727407371 5.41279321376835 0.885546449847254 -0.982133244928814
-3.4154116147589 -3.50182458686351 0.646277270267412 5.1331511084418 0.833611419259121 -0.935778023403342
-3.18421071865788 -3.38245218612238 0.628949200027817 4.87272736819412 0.786525602346754 -0.896119375231382
-3.00128006715943 -3.21186970259768 0.603015629362643 4.60116811054225 0.743912853807855 -0.847908790983697
-2.7895688801481 -2.99007878129584 0.556942969800019 4.28255070705478 0.684663514905651 -0.787348574058616
-2.63205505001009 -2.83302508542362 0.529795209312432 4.04878830898474 0.650199954176998 -0.745952082214275
-2.4859054801494 -2.66436696322434 0.501484717567198 3.81335980069641 0.617991960853647 -0.703409123082106
-2.31997308209342 -2.49295884770789 0.46801392805995 3.56366660346068 0.574887734147883 -0.656958023973956
-2.14854186737514 -2.30429848251742 0.433216979643164 3.29637284616658 0.533254744367451 -0.607767791066298
-1.97398106430846 -2.12220891993848 0.399044220971343 3.03303864557629 0.489217281041263 -0.559338153134815
-1.83914250131157 -1.96642897556953 0.370255067828297 2.81697255342284 0.456852206894498 -0.519341277009743
-1.67520475030649 -1.78695495104028 0.335202323725499 2.56407291389245 0.414082006724573 -0.472044481106566
-1.49460067199178 -1.60433874827711 0.299025269240162 2.29789525809791 0.366770776967464 -0.422754837681795
-1.34856759705936 -1.43528066198098 0.267697570268655 2.06411261697731 0.331592556160411 -0.379481051124766
-1.18106103166717 -1.25267891951347 0.232524334446506 1.80591918139918 0.289285545367236 -0.331552537007004
-1.00202987816498 -1.07444737718662 0.198763819511498 1.54125074067921 0.244243170026907 -0.283046557550351
-0.81028681771881 -0.871748805803417 0.16045678267643 1.24880298349597 0.195479798226738 -0.228926870961169
-0.63821540288209 -0.69441546643078 0.126380437349963 0.990926584220529 0.150472961469149 -0.181067936624707
-0.586536282865049 -0.619661399572703 0.115657578322193 0.894583365664231 0.144859715312668 -0.164433103309242
-0.52168182146881 -0.537501268629221 0.100593679995411 0.784844004467318 0.130315207328443 -0.144002475640815
-0.444309298016917 -0.460327189752991 0.085361193633452 0.670444350532645 0.10935636095476 -0.122629416669354
-0.348986241711733 -0.36445077921247 0.0678178835448891 0.528725478600919 0.0857629607787721 -0.0968588980299181
-0.219286254643432 -0.235318723233793 0.0424359455544094 0.338683170172141 0.0514488783069117 -0.0617115254477867
-0.119102225425153 -0.129413360256753 0.0229438618115358 0.186250388603883 0.0267118764329328 -0.0337943193671102
-0.0528331187713263 -0.0561876232564523 0.0102896269568862 0.0815727348577417 0.0123276634509601 -0.0149149158686433
0.0265860328697749 0.0261099732683735 -0.00579234211269324 -0.0384237249300146 -0.00801464451695993 0.00739441716622644
