-2.37445562325396 -1.69171079472296 0.388669589420002 3.00950635794771 0.698756811503848 -0.46259391790977
4.15049682964432 2.98849514620232 -0.705008325068656 -5.1917342205254 -1.26116076074987 0.771792355629125
0.0987186861553972 0.0694741839586454 -0.0170108194654285 -0.123687381421147 -0.0283652541747227 0.0188031311625413
2.09947969017662 1.45775969588207 -0.392791654957194 -2.40951640075905 -0.696329801843139 0.260279216312944
-0.402204124820813 -0.287441196403666 0.0682144483501309 0.498777273705711 0.124921094418435 -0.072023478392692
1.09104729538474 0.800876977384709 -0.161354556416228 -1.42677764804767 -0.3211719516839 0.229130416451987
3.85331122220988 2.68212082456686 -0.699040610177009 -4.60505317115437 -1.18043200073175 0.599060357776394
3.4677364481551 2.44275085236583 -0.60780544857262 -4.18863142256623 -1.07553600987762 0.556384685832992
-2.30778013875285 -1.596151196485 0.426454138996062 2.76459590877268 0.692546324949072 -0.371260996830077
0.893544831371402 0.656893917372203 -0.127590207478639 -1.17930137774103 -0.257159261268546 0.192337349821364
2.1862199436631 1.6286764809691 -0.33923780998511 -2.94620648225405 -0.631378583591651 0.532335425003232
4.17773695100464 2.90469209784558 -0.804959974218086 -4.91353504897397 -1.31261876669296 0.623303649224802
2.63088817761272 1.93116023305451 -0.381643481726896 -3.4405396715341 -0.773212901562711 0.548635586694188
-1.31536062786914 -0.966412703521585 0.188098084283118 1.74956292371038 0.378239583072281 -0.293674868879686
-1.50511508832042 -1.10492383718451 0.207422181903338 2.00967061310857 0.428099439621536 -0.335714974413909
-3.77544062967321 -2.769526853149 0.623135833460414 4.94575606108718 1.11332362082867 -0.847166976930806
1.04414479244429 0.770776258144787 -0.152113174559561 -1.38411234987994 -0.302277495111769 0.231079521440761
-0.6945123240061 -0.491957841133365 0.115276425511938 0.860159865016984 0.209522978901013 -0.122386545287103
-1.88630132005159 -1.3772816316037 0.280294301132819 2.47169361289725 0.550069371845673 -0.402121013987823
-2.17778231867244 -1.49587586436794 0.384579914313994 2.64531464606899 0.635972371024588 -0.367456002361337
0.108870076188995 0.0878819534173968 -0.00801693390330141 -0.157640451193005 -0.0267115770350544 0.0269330622027117
0.237225614627928 0.155548359321134 -0.0496583131677715 -0.26868744578546 -0.0732588322364289 0.0308576873566674
2.71716569066284 1.97376159169684 -0.440056228577886 -3.49927141377468 -0.801019316828536 0.560042047215927
2.99983788221389 2.04141378525348 -0.557230322550604 -3.52488271836498 -0.902011588487187 0.436985125437083
-2.45017766066327 -1.65981989976235 0.450063147027551 2.91985726853319 0.716139402105472 -0.385351956125472
-1.88023155575876 -1.35682406118448 0.292022039809069 2.42065265657715 0.551186440079158 -0.380625244681995
-3.86901585687701 -2.78883262022241 0.623337933347271 4.7067065558023 1.26528134881761 -0.600641989304356
0.783768295942241 0.578059881380268 -0.105459440653336 -1.0414203891889 -0.223993187244627 0.169277986863262
2.72301732979121 1.96704194651384 -0.418839842854422 -3.47124645012802 -0.811371548700166 0.522945679797935
1.89822105007992 1.39028309696708 -0.292643864509995 -2.49342481874582 -0.55775679493911 0.416741769937177
0.0708832082763817 0.0554417033607103 -0.00626869327093719 -0.0998261221269599 -0.0183105442751142 0.0166612242186024
-0.965504404147749 -0.676464241099581 0.171774679770527 1.16875852498862 0.292160309300767 -0.15732377445789
-1.86248426326236 -1.36760053837882 0.250971164580549 2.49047474164752 0.529027024006277 -0.413984683565624
3.29701896510382 2.36923905098029 -0.528511128098182 -4.16481855102043 -0.98603124496809 0.62176359717836
-2.12053192983799 -1.56081533138822 0.27555733337241 2.84784976735736 0.599119170646356 -0.472487015198436
0.478139223057519 0.318089391855053 -0.0990316492679677 -0.544460012358765 -0.144600241138367 0.0629627324548096
-1.63157901041738 -1.18527768569452 0.241193170734509 2.11465240495691 0.481290091518936 -0.330902409881235
4.05831337865637 3.02360689771734 -0.598364333922092 -5.43434756471526 -1.17941178007053 0.940682042473434
-3.53063310350997 -2.53778692007436 0.58310787390316 4.44383897982977 1.06876951452598 -0.665230554895289
-1.54837273440902 -1.13190163805559 0.221441417362077 2.0431060704827 0.448037031009493 -0.334320244048741
-3.30941081304568 -2.38277238714923 0.546777389496826 4.12099456159267 1.02428014841723 -0.591249195866624
1.20740433306273 0.861734789740454 -0.208552960594801 -1.51867214141104 -0.353117155635951 0.232405623421095
4.11919644818898 2.76137253874533 -0.848097098151091 -4.65771887212832 -1.27995941756506 0.51543925984136
-0.639696238665192 -0.432640150123661 0.113545401848669 0.778373262854063 0.191090977605915 -0.111360298305823
-1.84622543142657 -1.32754254339726 0.289454719960943 2.3506731720016 0.550288447701297 -0.356587709752231
-0.470083892615686 -0.345740463992237 0.0671852857746797 0.626151503209781 0.135535473862686 -0.105345790371149
-0.343159863919987 -0.250169687339135 0.0450185890594544 0.459083017760403 0.0955714353876811 -0.0757636741604576
2.96312110898064 2.09900149171366 -0.520391140397455 -3.67625484711315 -0.89370258085253 0.545074053368788
-0.732890777694163 -0.538297112856063 0.102836570987915 0.977380574182755 0.210797739301367 -0.16404203152083
-3.29472161083956 -2.28207631026744 0.580692362255025 3.86412058630992 1.03350263990793 -0.447148167067556
3.58759394076529 2.65922101219656 -0.474038918654225 -4.86002442071767 -1.01030393478178 0.834092099267455
-2.23415148730228 -1.53894389506379 0.408786707694413 2.67951789864965 0.663797422211086 -0.359116283404984
-3.6271662898016 -2.46597930921782 0.674783947188793 4.15801812622592 1.12676755003491 -0.447034815383937
0.229802718923888 0.149114270723606 -0.049114577946948 -0.268847926793947 -0.0744107833774081 0.0377276566791383
2.94027911436326 1.99058236510002 -0.551349002737994 -3.4710391845094 -0.875690773556252 0.442469701690376
3.25804051383771 2.35036874548534 -0.514333529645296 -4.15356811549722 -0.968162541846887 0.635614477381813
-1.75674776065371 -1.29431932974403 0.244713272833928 2.34615805797297 0.504029628030128 -0.393600726725202
-1.20450190009426 -0.848401284541794 0.209348999528747 1.44856564790754 0.373593913717709 -0.186368081962584
4.29755830579073 2.99653159990272 -0.81801707605358 -5.19237382975337 -1.31006685096972 0.73660602166899
0.647811905599775 0.440409783825296 -0.12706353873472 -0.740872443578942 -0.202822153110523 0.082266911050212
-2.7831051080033 -1.86227883703213 0.531269081409879 3.23668244412698 0.816303439798395 -0.394648766753597
3.59891417995065 2.50146405876271 -0.653369208149856 -4.27055822955426 -1.11549848214565 0.537349126438164
-0.704719671903129 -0.484786222531989 0.121665665607653 0.851345030244204 0.204625772215927 -0.113438306520287
-2.29976161183808 -1.69891917089474 0.30420450958938 3.0888581381591 0.655819336636575 -0.516057623281183
3.32262119291969 2.44483827433416 -0.462234576475476 -4.43041767944057 -0.942560473305132 0.737501482393026
3.76729680046923 2.7050919789746 -0.635116503719698 -4.72715425355856 -1.14668648316863 0.709837092017642
3.29322522296378 2.16188266307304 -0.67552159859332 -3.72125612929789 -0.979344538533766 0.413755126555363
-2.19543467637657 -1.60960436540036 0.307241587712609 2.91430665028126 0.630192196265096 -0.480985364459561
0.196558926631053 0.141223525861147 -0.0345405741078233 -0.242093145215525 -0.0590886461941167 0.0338499686721612
-0.801832994454181 -0.574935868846148 0.133701900850738 1.0224613519376 0.237885623166251 -0.162320005130339
-0.709048666609165 -0.499722164073732 0.120175458168204 0.878398322494953 0.210841007493293 -0.127310620718696
3.67408045644038 2.71922404973526 -0.479434931550277 -4.97001706805979 -1.03119172103312 0.845213112889359
1.16244572030305 0.775778585513315 -0.229556889290041 -1.33318923786243 -0.354586810449616 0.154532785505414
1.88089941679757 1.36262928664839 -0.296336462264269 -2.38974013913213 -0.575165399863615 0.359508948437744
1.64440573096353 1.18942466353264 -0.266403282223803 -2.08086695916709 -0.501760611580396 0.313979495575722
-2.11159047802892 -1.45523699930878 0.371997549778937 2.57558754466001 0.618253275827606 -0.363478126052749
-0.0845419680389852 -0.0600135183308159 0.0121275673697915 0.108960672018227 0.0231987197742366 -0.0169956065737556
1.5897135475536 1.15504350754393 -0.238472498370388 -2.0073082392047 -0.497589080364363 0.287278817285348
3.84007367515164 2.79323950105928 -0.566721409627105 -4.98067930047556 -1.12205211051415 0.779781818823529
2.1662057807432 1.51778913220406 -0.390203929779564 -2.56524721296276 -0.685203461601787 0.315042063531413
-2.69929005817258 -1.84278450144474 0.529800319859569 3.18376103380293 0.818237492049227 -0.420242769663893
-2.16583057488034 -1.56549768638516 0.35193517006647 2.78469826788127 0.641939355522894 -0.446380072525807
-4.28909531399681 -2.81486434100813 0.920078917333368 4.69412004331581 1.3472579223164 -0.439888194206289
0.132251948672444 0.0938168027258167 -0.0233603823147903 -0.165761100143902 -0.038779419595867 0.0254227468517245
-2.77390843079792 -1.89071367163266 0.529536485202568 3.19044037919143 0.864209597345132 -0.358202548114879
-1.13176144391062 -0.769628076956978 0.213206859146472 1.30784803900483 0.345330317615083 -0.1493277589793
-0.31924830153902 -0.233023234668196 0.0455570347516918 0.42726861868318 0.091491742573209 -0.0733962156326103
-4.08533125385817 -2.96624294281678 0.752330694743208 5.17103378717246 1.27285046902735 -0.844159416126565
-1.78146150743761 -1.26227058336393 0.295193867820542 2.22483527179553 0.52651654045218 -0.326466376061998
0.33895444423861 0.249002757258358 -0.0437622732173286 -0.455707591529417 -0.0951179628631377 0.0759956632912189
-0.758255365932309 -0.554478276256423 0.110953481736677 0.999643051572528 0.218327422700991 -0.164092281471423
-1.88579544250881 -1.26427928734658 0.364098348923229 2.16906294878644 0.568020362076421 -0.250416576862136
3.23916194443875 2.34167064395691 -0.508117250131412 -4.14904882272878 -0.960115296090772 0.643563821024028
1.06625689280242 0.723454964966629 -0.195232573267005 -1.22315240461058 -0.341458749096969 0.12770640998731
-3.29752688050314 -2.39757199828332 0.572051562187472 4.2486410450855 0.992056140252918 -0.711552609064135
-2.72456386111563 -1.89352558729922 0.504376021034734 3.31619966700235 0.814996169399492 -0.476919560848801
-2.92282557201087 -2.15751378858881 0.444336682352195 3.88196779232771 0.850228528682665 -0.665401708331341
0.380831046618441 0.283876943837964 -0.058798607924937 -0.499739488981855 -0.110672806511413 0.082259003940364
4.35080149552238 2.89299812711621 -0.85421461730843 -5.01315526509907 -1.28902471929765 0.594598863072813
-0.714024338370008 -0.521610468635616 0.103145364965635 0.942434114878357 0.204566341774369 -0.154384752545486
4.15611501651403 2.82635806486506 -0.821156348538599 -4.85948977779922 -1.25398632512104 0.616839512222157
3.3411884261635 2.44359320162489 -0.512426448637062 -4.36139555429968 -0.986155341801933 0.711660017770879
3.84758562687102 2.8530066335026 -0.516982045043353 -5.18846778768809 -1.08812636694463 0.883166302884423
3.56759058210379 2.53378573843402 -0.615145925124954 -4.41561344960529 -1.08615645230595 0.638432125791909
-3.21565450065431 -2.22301903726428 0.586793353556231 3.88347349890905 0.949861934642912 -0.535218270030948
-0.218241511662739 -0.153178789938103 0.0362168906154355 0.266697847824178 0.0642841645582634 -0.0361481193998352
0.63299769112933 0.448980451479631 -0.121136273998241 -0.766662289333986 -0.200533925804044 0.109555414881446
1.47382325579688 1.084530541651 -0.238515291405712 -1.94442430002202 -0.427205064149918 0.335853857728134
2.62081491725158 1.77283754624187 -0.514316552462075 -3.02736529711423 -0.800993565220713 0.358901043988547
-4.055495739372 -2.81420946674981 0.809773671839154 4.66449778460967 1.30372391522352 -0.543478382003817
-3.64751335550877 -2.68235046639533 0.540741542906158 4.82275260093587 1.06397545054655 -0.806281290220069
-0.0223344117096569 -0.0156362956163197 0.00373563891433297 0.028540699147 0.00677174363233905 -0.00462809116229283
0.93346314548476 0.673435789177907 -0.146573978080962 -1.17549342173066 -0.280152025232323 0.16989621997683
-1.48373419583741 -1.07978039485607 0.217877090108299 1.93466685956384 0.434532579744381 -0.308113166074408
1.54508848442111 1.04724891421945 -0.294528512321357 -1.771189922918 -0.480635471222264 0.195660880607523
-0.165899564655209 -0.117171320809199 0.0263685619891278 0.206926706929784 0.0472937118260696 -0.0299247535869436
-0.4743981780695 -0.338157968905006 0.0780258819067427 0.582693772293946 0.147540504499437 -0.0789800678751287
2.9250818299657 2.1693820081066 -0.39798883461636 -3.93884068942021 -0.830512225554828 0.67020284003685
3.93391022804143 2.86224649284053 -0.606980011628238 -5.08994281210548 -1.15912269580431 0.808013555257461
2.95971871868165 2.1914201649851 -0.381432574079623 -4.01266182028846 -0.822861451973864 0.68294716951989
-2.59170144360815 -1.91100981034112 0.372834646007362 3.44818872238414 0.747599253189188 -0.579470695710687
0.684299039206864 0.502752601502889 -0.0900855727962399 -0.921575663103497 -0.189872871994704 0.155152261623309
-1.59061401571487 -1.08750745529376 0.29206504921434 1.88582370078051 0.474747411125082 -0.242070104291925
1.93228596251279 1.4009204905988 -0.298426900922816 -2.45315656817238 -0.583810809026239 0.363936723713793
-1.22696636764283 -0.894985937971829 0.19175350397209 1.59902180443574 0.362922218955251 -0.26240025247938
-1.62424368038379 -1.19359628109321 0.222487088989726 2.17288157754991 0.460951358451973 -0.364272229365126
-1.24257468406309 -0.918587763896433 0.171086374952608 1.67105684508626 0.352543959046546 -0.285013562680338
-0.338966974959447 -0.242112818185005 0.0570804596326375 0.424738584590123 0.103560846641165 -0.0637996305888914
-1.94572632977182 -1.35588269232003 0.327769310399745 2.39484730377202 0.570525689972925 -0.338310667066683
-1.52614691637437 -1.08134274388044 0.256247599553223 1.89649625017644 0.456220908582796 -0.274038221632835
0.894614882507336 0.648894625479176 -0.134986444262532 -1.17495309434851 -0.256313602561221 0.194027996690977
2.94085740840105 2.02411306910869 -0.545891251175884 -3.55327817163064 -0.878094971437954 0.496243060149958
-1.48064777974855 -1.05158255842073 0.241034440045274 1.81170074231315 0.458244428116054 -0.240068600454877
0.122861735676389 0.0800802348966811 -0.0229015593158803 -0.145037928630991 -0.0339952925283924 0.0186133099449631
0.230866470426517 0.149895813290828 -0.0493048345581008 -0.263733916339708 -0.0707342932029721 0.0326508800769871
0.309452575838821 0.190311478373173 -0.0629357372913962 -0.301638462166511 -0.0930775517177466 0.0012246784486703
0.399139684548805 0.247243114076549 -0.0805356084790779 -0.398932625279913 -0.118051479025352 0.00898795889386677
0.487260061932634 0.311059696222728 -0.102534546861998 -0.529369711776835 -0.143532176771356 0.0463240451403511
0.586752426281703 0.365711388422728 -0.126510854927286 -0.627002819435477 -0.168291674846941 0.049297446145044
0.655093246556901 0.419519899214815 -0.13249294885166 -0.703835071773212 -0.196573047826071 0.0524901537544702
0.705720048806439 0.444976386895715 -0.127245915889643 -0.658775440666727 -0.228756972125878 -0.0297271732759486
0.77350621854227 0.474026254915261 -0.125417365919963 -0.627094484405333 -0.260096053714683 -0.114724471687296
0.927756605883255 0.578669416361395 -0.165985455527122 -0.877982226110407 -0.292970650137267 -0.0308920767922835
1.12575527799571 0.741142463294754 -0.221465065744618 -1.25840544142029 -0.344440055607249 0.12448181988597
1.29909860876795 0.821743728693948 -0.255016675994182 -1.39836751537126 -0.371366750563227 0.104235164887924
1.4631216539237 0.907219361064618 -0.294258261273728 -1.50495448000378 -0.422948372623408 0.0690526657542637
1.57427234771624 1.0107942164808 -0.29215214064009 -1.61545432865234 -0.494379663301358 0.0537258410487862
1.63726557000219 1.02996898650702 -0.250258420164728 -1.42861013944917 -0.552902075825958 -0.170490654432642
1.73151520993292 1.08541600346363 -0.229935025759811 -1.36587312151611 -0.612261302740084 -0.313098901987055
1.9314250182105 1.21093207874416 -0.297449959615656 -1.61960409450541 -0.66543500917714 -0.251689171496836
2.20940513734684 1.3744039902747 -0.406057011693659 -2.08043758477794 -0.694792269826821 -0.074243547175363
2.46257264400028 1.54658405787561 -0.49013902758512 -2.50083358053677 -0.745210194259477 0.0825307938177254
2.69018695499272 1.73045392289763 -0.533892182573874 -2.93398495961658 -0.791369604134174 0.247778315839299
2.88360702347026 1.8000771454269 -0.562344991432913 -3.03235290868389 -0.820045122450448 0.179336728554302
3.04411500401322 1.98749684516891 -0.572113844152613 -3.39776687390915 -0.894870847143991 0.32257417911132
3.18712070363234 1.997711784887 -0.575719160252172 -3.28351335907407 -0.924297491291123 0.125173929040617
3.2998444098998 2.04664419775821 -0.587370454605167 -3.19966825209184 -0.98416027277596 -0.0258601044938393
3.46042346431564 2.16937473647587 -0.630534848720998 -3.40395238864238 -1.04795724192848 0.011545058008228
3.63140629583213 2.24991335913755 -0.676444868028123 -3.48980474783027 -1.09795671434152 -0.0431125234664145
3.86180902345193 2.43420020041081 -0.733979249302949 -3.9777391649788 -1.13860635470941 0.162703396274266
4.07996632366129 2.56618967950932 -0.81533736711828 -4.27512007582151 -1.18407558741513 0.252969525419511
4.24926047178018 2.71304666488288 -0.855271511664688 -4.6725711960762 -1.21359835932229 0.430178468697534
4.37282622296078 2.81574398579123 -0.888035644190306 -4.91847308534487 -1.25184564213961 0.529546934991026
4.34517751302897 2.89206131421524 -0.837994111202663 -4.97352791164764 -1.29779918741819 0.561423372797654
4.23687166087693 2.64047905310298 -0.768654676713211 -4.13374127559793 -1.26912762224317 -0.0107895919338557
4.17541524550273 2.58140203053768 -0.779914036046677 -3.93148380432948 -1.27385781319247 -0.108057982801162
4.21145885841069 2.63417802525484 -0.841355977052823 -4.27184456276944 -1.24923343811428 0.143206180932711
4.19853014074905 2.66914967221519 -0.88918354745463 -4.47852834387848 -1.2501926538574 0.33834302769331
4.0250341642953 2.54504750110337 -0.808874302983414 -4.12190469086115 -1.21668064784041 0.171334915322006
3.78235163343068 2.32223127268137 -0.696547081350333 -3.54657568462762 -1.14312218811349 -0.122349610389212
3.64311441981413 2.2906279954611 -0.691450694400044 -3.64672910599257 -1.10165159061931 0.0691556090138274
3.52327088568359 2.20525951969784 -0.697764313357143 -3.61149304692126 -1.037144155782 0.146436239036266
3.39092023419442 2.12017626566917 -0.697129379749908 -3.51786359514199 -0.988441780460444 0.189015045811053
3.25845550722746 2.14036968927372 -0.667753096329691 -3.71401967885088 -0.962928697774756 0.433833349544141
3.12295094362937 2.03359142699828 -0.626498192888752 -3.61026882505384 -0.889878020992406 0.445183907756111
2.85279105561276 1.89367455695549 -0.521595686375825 -3.22283988367193 -0.858032146213781 0.316334941603078
2.52494753809804 1.58225259527056 -0.405697815821818 -2.3455166418207 -0.801562723563303 -0.138865625391494
2.27808878859224 1.40635189338483 -0.365531711169674 -1.88071458849364 -0.772441860285106 -0.311396377898095
2.13770714563952 1.34219455225153 -0.36599706573883 -1.89560223056746 -0.721412803320329 -0.182817363901101
1.95967462345084 1.2416493353511 -0.322717916293567 -1.77304220105676 -0.66818912433802 -0.152661099774873
1.70762538026751 1.08384098222723 -0.215577561747407 -1.378619356028 -0.624167504357247 -0.303942792214577
1.47413058446646 0.948851993048752 -0.125023043215421 -1.05319768552665 -0.586169959145331 -0.406047053884122
1.32973352940671 0.861745260388336 -0.107258786841889 -0.950595671586191 -0.536446858372065 -0.370592483248244
1.21309155379326 0.777316625549108 -0.113617921524555 -0.884780987351578 -0.478089037399715 -0.316727335649717
1.139865336491 0.726066154147599 -0.163926006978992 -0.998405375706925 -0.406619279451556 -0.131539220605038
0.987103929748587 0.625790744972284 -0.193560385121081 -1.03443308475942 -0.308306655150605 0.0507736527881889
0.603837558706158 0.370794416423423 -0.128673052845194 -0.644767229118895 -0.17324163754672 0.0449289895332758
-0.00210533430348263 -0.00406592162588097 -0.00868805082871404 0.0157833174006561 -0.00418437879334505 -0.006654354861848
-0.48616451141167 -0.321624248260971 0.0861222627992253 0.580737941307373 0.142871573346884 -0.0779164530430591
-0.91818332802976 -0.582358411303356 0.17331410092227 0.988054195470581 0.266600903970565 -0.0695211671851609
-1.08682855636131 -0.682550726870207 0.20109975061669 1.08094826263252 0.327073852169088 -0.012556442354912
-1.22900914468114 -0.767157562859312 0.220553130807903 1.14006708658781 0.390493668685992 0.053888047874633
-1.38692439646635 -0.866238535210152 0.236189822426426 1.25484035220795 0.44748133778045 0.0933186772664106
-1.53340702726867 -0.945570241160904 0.259933113003758 1.33934394698721 0.494068961907598 0.138937648082831
-1.72934232310946 -1.09883183910228 0.317018159550213 1.75267791108231 0.526990928781237 -0.0420613582702341
-1.93190272677509 -1.2712507869792 0.376433404603346 2.19254945938447 0.569385190068846 -0.239207058949581
-2.13220652281419 -1.3551202790251 0.409353950348567 2.35138408930679 0.597536950991333 -0.212997163783389
-2.30777896507766 -1.49588064406371 0.439596881014414 2.58049121897886 0.660766370839077 -0.253220232395299
-2.47710138843993 -1.53655248989443 0.492380028623276 2.60272148053185 0.690804698862194 -0.163973434630473
-2.65279848468402 -1.73219590969005 0.527234723898714 2.99288553661732 0.770960993798639 -0.321783888819244
-2.78525934387874 -1.80745307597945 0.538133237117282 2.99823961331779 0.849230176219617 -0.21368743905188
-2.85576845132219 -1.77607643380818 0.501764383592135 2.57478038161836 0.926396283998129 0.19486350050641
-3.0122397638014 -1.87768310634432 0.495755842049857 2.63954047486661 0.989588539090449 0.282563334238634
-3.18786055818891 -1.97559786244623 0.524872337027674 2.78738511671856 1.03581179983839 0.299258374569889
-3.43486151383012 -2.16387116175311 0.625521955432665 3.38839529415772 1.06423634217157 -0.00839200282203064
-3.62814584143012 -2.34642647518847 0.680118714434559 3.82189183285806 1.11952893319395 -0.202882412495582
-3.68018678987046 -2.27922365453212 0.65633035705435 3.31980100505188 1.17324407027825 0.240849422165079
-3.81911504555183 -2.36585558555221 0.701214726759822 3.38859720021851 1.23291944348996 0.283720281145444
-3.9992638268417 -2.4685045961405 0.780385662410119 3.6841211364351 1.24769248995536 0.171580353335118
-4.20872377915906 -2.58532563313966 0.9001754965022 4.13070846720375 1.2543753704535 -0.0602049027049089
-4.29935589249156 -2.77547959435379 0.938433865320351 4.63540613774334 1.32217173581871 -0.397810139019065
-4.20201042049479 -2.6956177148614 0.827980910913781 4.27853565980033 1.34219184129015 -0.131356821857579
-3.83547458787933 -2.4102122001252 0.550859455466534 3.1816629609097 1.35388008560459 0.581179282331025
-3.51578855185375 -2.24033725707019 0.368409608702805 2.54435883520874 1.37712053298244 0.908595779190517
-3.3490349402342 -2.16415699812424 0.306235622861099 2.41696729403451 1.34298503637961 0.89454397081836
-3.25103445756989 -2.08011009432975 0.31467027897529 2.4261302828021 1.25530648414358 0.785704317101964
-3.23119413888683 -2.05673998901592 0.420215164167699 2.77663120777986 1.13656269136862 0.423923999234937
-3.28520284738665 -2.12206825441078 0.573909762293796 3.47456319631525 1.00980040033577 -0.170224981801217
-3.18627486885604 -2.05546635782445 0.592722998673717 3.5533011338732 0.902244242966324 -0.334502441898175
-2.97952805019902 -1.86750986636069 0.57619080131116 3.18702524360138 0.831955735025308 -0.232998208216368
-2.79415811732952 -1.86017074589395 0.535045468676057 3.23012077681418 0.817077671040054 -0.384015125828992
-2.64235552161288 -1.71870028795618 0.499055241455797 3.02733837803575 0.748291312528866 -0.341155796595118
-2.46840462314063 -1.62509857770273 0.45681874046337 2.86549716588972 0.703746626463891 -0.33906112075262
-2.28784268916496 -1.49378104830163 0.413660624443006 2.64219782431504 0.642879779352499 -0.30019379695393
-2.09468604877275 -1.42396472913267 0.36963258834609 2.52351108308394 0.606331957021283 -0.340521198510391
-1.9562190654804 -1.26265744861511 0.345385719476878 2.21756622427974 0.546335837325218 -0.223848647453855
-1.78143058581296 -1.12550177048825 0.324375468197525 1.93388997118818 0.497742925517978 -0.148707174486175
-1.59147593715848 -1.04411304289386 0.296770480954803 1.80271902820019 0.461657631376788 -0.187308407592079
-1.41549372698814 -0.894393676853086 0.26712596234095 1.48600235788053 0.410670593561163 -0.0797692382023685
-1.22747128114675 -0.756017464157614 0.245084669767569 1.19915277766596 0.364814751944435 -0.0101976708012272
-1.06192472068061 -0.674754876999951 0.208604901346761 1.12302807203277 0.312428238986075 -0.0715357504175423
-0.872436316919781 -0.551666515579958 0.16613608669188 0.939077786260925 0.247283502246054 -0.0688390428924967
-0.697947373039057 -0.476431701596096 0.120428649291508 0.836308928270824 0.201450819563795 -0.107786538206722
-0.603628787279664 -0.393188319775883 0.100975069068404 0.643226591076415 0.182455983741773 -0.0325694111366574
-0.505693497045983 -0.310278342098142 0.0835214055184419 0.433387989228941 0.164951033076962 0.052647853724589
-0.433436511979462 -0.268814023646617 0.0725091036093405 0.372250603133302 0.143277822967752 0.0447547421415823
-0.350303398244973 -0.220083176879453 0.0596640824997855 0.330940128937526 0.110193665489552 0.0122666956673199
-0.236362938840546 -0.155057827620382 0.0398465179691081 0.259079880610596 0.0690920440992152 -0.0186431376794189
-0.135439768859268 -0.0934727081695135 0.0207868895779039 0.168279640202513 0.0368124108670795 -0.0243431848667157
-0.0591109354045126 -0.0394159749537172 0.00819673520942102 0.0721086871625437 0.0152775151666224 -0.00958190286906605
0.0242228400629726 0.0152407848715488 -0.00460363347177166 -0.0277539211188271 -0.00646401388509716 0.00315552750958236
