3.64914681093067 9.43372821497692 20.237742272615 69.5033500294853 149.542021084705 191.044239196624
3.05708194968903 8.73898377311265 19.3417798720637 68.2799506349558 148.060529651508 189.436015222729
-1.27059807262975 3.40747802150501 12.0053243226183 57.9150403999067 135.656964289712 176.016695608316
-2.47192049001096 1.7935845769256 9.5592348488218 54.2793012597276 131.283999713303 171.26781613502
2.05578697974983 7.5326817219541 17.7249294224609 66.0438851950316 145.427241649751 186.605153147404
5.64955769698424 11.7858179258413 23.289355918392 73.6218224523305 154.397388722802 196.264851802001
-4.91666901015962 -2.1963204957953 2.48175443770435 42.5296573870428 116.395340692328 154.814029825654
-1.124536283592 3.58573044421594 12.2474925990387 58.2777773403574 136.11069650594 176.514064651107
-2.17492104256379 2.22565302485339 10.2677864667396 55.3421697770148 132.526296705155 172.606531205459
-4.7723412899342 -2.67414816172717 0.755457969338427 38.9741782834584 111.654134266647 149.474596365044
5.3916316593047 11.4980131615061 22.9486063080477 73.1683942956638 153.822406917652 195.633833573971
-4.39394801889082 -2.67749802824765 -0.00468741972969265 37.0349069926458 108.88752745283 146.299098081939
-3.37857507524036 0.441198902511472 7.29231976518603 50.765710595943 127.137513622194 166.788132625807
3.14648166237797 8.90286697875445 19.6727399417447 68.7416117054259 148.460587340971 189.8209760076
-4.00913357557749 -2.54085615223399 -0.380043119146799 35.9815419052565 107.500165337307 144.734591205283
-1.6319314492149 2.86451268482785 11.0779292305703 56.5488625263509 134.176533425669 174.461366779192
-4.94300586697052 -2.39838811905097 1.92860952809929 41.4605485979817 114.97726256015 153.221588034937
3.0723387289705 8.73826268578657 19.3010545318727 68.2174117825488 148.041264569004 189.434211173562
-4.83164604471565 -2.65542268773739 0.933761500003263 39.3541017039243 112.128304303784 150.000380239096
-4.30541872981041 -2.653048405538 -0.10890681808966 36.7472471392419 108.473478669853 145.821973843274
-0.258141982656449 4.69162119370574 13.8320194868651 60.5604730344096 138.854243071259 179.488526258009
-1.09005984722214 3.635615924453 12.328896896988 58.3978090501202 136.245378112878 176.656678301042
-4.10937328792046 -0.559994889591132 5.77613844561278 48.3236471131822 123.856341681262 163.108223865033
1.09142822567431 6.36634259171384 16.1553540960227 63.8576934718128 142.798919188484 183.75691009313
-1.40272651526526 3.13867656250681 11.4358230733928 57.0816775219377 134.891602301466 175.262441875698
-1.6089626971345 3.09763255609409 11.7908331061227 57.6139008381854 134.970578364957 175.169434106737
4.84058752232303 11.0277082313611 22.7001567998129 72.8713254610096 152.976408300922 194.563297248725
2.36993510164946 7.89092935907945 18.1612370822841 66.6553176403256 146.217092549662 187.476790822209
-4.66169785050994 -1.55314802086589 3.90033807875957 45.140727953267 119.812832282538 158.632040091227
-3.85992188235711 -0.123607412149229 6.59877829566157 49.647859349619 125.419029572728 164.798884830556
-1.81421533555263 2.68820348996074 10.9294086414106 56.3292574256288 133.761014132367 173.961699860113
-3.56019135144278 0.252114057017215 7.10734994188064 50.4737634164025 126.59961953322 166.142364930135
-4.7031636267648 -1.61477289044784 3.80103223602414 44.9568515008324 119.546699870148 158.328489696846
-2.90121404526022 1.22688188441376 8.72274972422695 52.988909232887 129.649529866279 169.466257341224
-4.90916956662684 -2.57962736317689 1.31909324124845 40.1996622071578 113.266572549117 151.286531325164
-4.1067169039361 -0.558118428824886 5.77836087732198 48.3223209306826 123.845657026682 163.093164600964
-4.50043915546629 -2.69707002488979 0.149324411792603 37.4452175333823 109.455803286019 146.947974055461
-2.74541956098422 1.44581747689883 9.06883841296697 53.5322406409394 130.31984937756 170.201635414292
-0.326923072123249 4.60364707415731 13.7042698205911 60.3744594965872 138.640930646846 179.260533493841
-4.65937149990359 -2.65279453591765 0.573163453869092 38.5965700052378 111.303674664212 149.123275034508
-3.87216022728398 -2.48416349581009 -0.464046246304737 35.565858504523 106.699923678108 143.757030428744
-4.91712864514803 -2.30820404654481 2.14138271609466 41.8763538239334 115.57417511194 153.904040102504
-3.7256548812787 -0.0143820892983812 6.63292822214035 49.7126781561977 125.702336850847 165.172729695684
-4.54149400449053 -1.22949361705107 4.64601959998865 46.4142007050515 121.313142451732 160.258651970284
-4.87421025577886 -2.16283658689911 2.48724112064538 42.5558238896605 116.517980001934 154.976514121998
-3.50168184532311 0.367984723193673 7.34508879095096 50.8487741567544 127.023284523499 166.595978049721
-3.6714045533297 0.116399691990116 6.93104818014438 50.1941295163293 126.195273781366 165.680423312034
-4.43258443607465 -1.14490113471896 4.66099995522171 46.4606580118547 121.555319663134 160.581561673592
-3.12474119683584 0.861215799030711 8.05852634646533 51.9706664275617 128.519486355879 168.269262268237
-4.26734551743331 -2.6583729495358 -0.13539186485423 36.2674877396807 107.125195400462 144.094792720232
-4.69225934199032 -2.70696836514381 0.50218547671472 38.3506648984817 110.747072928989 148.430720966607
-4.97759882977063 -2.26103220534582 2.42282186114501 42.4034040063838 116.100554810862 154.445468176012
-2.05076188696805 3.17188007044043 13.0811209207059 59.5649839529419 135.717443671392 175.469117113628
2.78302909578309 8.42194537507565 18.9407241727659 67.7367652512665 147.399645499586 188.718538501743
-4.53284498392307 -1.26400769748551 4.51767480010071 46.2085513193542 121.127797082935 160.077072712369
-4.83856806489379 -1.88240678201654 3.2776249247906 44.0141582750101 118.259467903998 156.874601830518
4.35464144876189 10.287148475654 21.3912976185714 71.0689923650725 151.334997892815 192.955223866165
-4.94284491777822 -2.40215965313734 1.9177616209751 41.4406936562016 114.948300066056 153.188019122046
-4.44680723097377 -1.12173645574396 4.76672664229477 46.6329545370105 121.699990130023 160.71796935563
-1.52226426719639 3.171760201731 11.8267657480556 57.6647309173618 135.136173567811 175.381823992207
-3.58264537318473 0.395205197096162 7.6248833699476 51.2790369347823 127.239694988247 166.735380766451
-4.11827587518972 -2.58755397708027 -0.291573105367029 36.2155135628116 107.752406965403 145.003105545773
-4.87961582937289 -2.68104399562215 0.966295640588704 39.4131342961608 112.116935456503 149.963676956723
-4.95003094417271 -2.39146979694746 1.9678315777514 41.5304876859197 115.044532496042 153.289409829544
2.40846184187035 7.95126910360239 18.2715770889114 66.7998014675353 146.338597486495 187.591543013058
-4.76759384679333 -2.60188816062577 0.948062850518646 39.4399655968768 112.435602774428 150.402236993541
5.86523306096542 12.0460521955955 23.6416123353735 74.0921460566848 154.915794983785 196.810652960557
-4.45894828530082 -2.68690895849525 0.0915885345716749 37.3229268457401 109.33857423156 146.828248205908
-2.56894259128072 1.68065294814149 9.41805186602657 54.0655297163556 130.984744024606 170.930366810359
0.742067059589026 6.29207376736632 16.7436525196501 64.738931687732 142.911070221562 183.576967990841
-4.95243542162913 -2.4669955637237 1.7473968324402 41.0710538167708 114.402805259454 152.559201371536
-4.93122058008908 -2.43508683745246 1.79490189252948 41.1915060308458 114.628916984577 152.831830364955
-3.75839607624966 -0.0113541300554214 6.72176452228536 49.855383302666 125.767964121608 165.210545310724
1.4249257269997 6.80429019663168 16.8118400965932 64.778585150542 143.826242240263 184.844702291014
-0.166549171480102 4.79936851386105 13.9705534847808 60.7553628604988 139.105106059303 179.766617432488
-4.00720563987946 -0.381244732648712 6.11052308052611 48.8668046051562 124.509008176271 163.817840152226
-3.30153747750625 0.656554881138648 7.80942054837817 51.5758866513756 127.928258362853 167.58901331402
-4.98064114036964 -2.73961453384701 1.02097682839305 39.4470690678169 111.880570157682 149.616158992024
-5.2541237356988 -2.22728317051594 3.15728198034476 43.6887752712385 117.072863465416 155.326760685753
3.8329498811571 9.78927218989237 20.9831915096245 70.5443578038522 150.37824784136 191.814942629799
8.19671469126165 14.774770057282 27.1727504275545 78.7762587641221 160.309168943725 202.564745726098
-4.45657205222906 -1.16923028752352 4.64037070361799 46.4303256022321 121.479504337128 160.486026021336
-4.56584237159038 -2.71082050382361 0.239754823258543 37.6890472495353 109.794575147871 147.335042771994
-4.61413904684749 -1.40756054675891 4.25035362317489 45.7365712142465 120.504446029888 159.379533241877
-3.63736874892703 -2.36260085615305 -0.562501501477013 35.0833757442483 105.904757240539 142.81244458875
-4.59494419064377 -2.70559124331652 0.310791854223259 37.8631965002059 110.063248066635 147.648555000534
-4.48361076462577 -1.22974993333589 4.50876065301838 46.1978305890928 121.204028952449 160.187253244094
0.2355545567254 5.47892513780897 15.2588768740723 62.6189975208723 140.890991249979 181.556897012816
-3.56099942625867 -2.32158409101708 -0.589021806980588 34.9686688839889 105.723535203724 142.597638663993
-3.86813714220648 0.0575064428822522 7.2024078009327 50.6111462210476 126.235937820538 165.579170132538
-3.88530180833619 -0.203028400960631 6.3998438370961 49.3500143693137 125.135898947023 164.514619671223
-4.59580154026176 -2.71206540346635 0.294095384892972 37.843976615337 110.034292093232 147.614980840561
-4.92644912271278 -2.19579278521155 2.50496955100074 42.5753407168782 116.428046988325 154.841447400406
-4.16139992935772 -0.409505052752259 6.383059037234 49.2962522185346 124.641806525899 163.841327073019
-4.84059955501754 -2.65103835091924 0.966743164776853 39.4368350786144 112.240266801182 150.12797613983
-3.82785750420854 -0.108473078267696 6.57141394432114 49.620213056998 125.462109550925 164.869976137263
-3.97031851907372 -2.52614677269579 -0.399057850414967 35.8249457836146 107.12919377492 144.267343718243
-4.23819263997476 -0.757136342793376 5.44527765045918 47.7792036332463 123.146068920343 162.315978227175
-4.50802647927055 -2.6964075044259 0.164055179280505 37.493088413077 109.545746280897 147.057369973108
-4.90322790320101 -2.15580822708957 2.57746772184515 42.717875666107 116.635837535258 155.081291298322
-3.10184047110161 1.16704965954364 8.99796010675752 53.4132103931764 129.700657539762 169.377088429891
-4.78372577617894 -1.73429312009921 3.61041343167261 44.6060296450196 119.02836031771 157.73145878332
7.89849124997739 14.4228916813896 26.711485612255 78.1685482189288 159.620280665319 201.833014097998
-4.01471818115657 -0.307303577208624 6.36860091574282 49.2745313366329 124.855522078871 164.14995719895
5.98347506537786 12.1966268195084 23.8624585294001 74.393471346135 155.236265123868 197.143994237996
2.63361902644321 8.20288463049434 18.569067900274 67.2104105907656 146.877500796375 188.188832720367
-4.89934506597923 -2.59210573135991 1.26320358782507 40.0707932830253 113.088426376025 151.084596891565
-4.83799819231668 -1.95386349153349 3.05332754274636 43.5997843784727 117.783729016194 156.362066993602
-3.91786724766214 -0.193464549253196 6.50764548413944 49.5130417572161 125.219539660921 164.569115817035
-2.58922104922661 1.62512994898162 9.284585538964 53.8626116126664 130.802418390152 170.752392830022
1.67547808278789 7.08498033270547 17.1487128476611 65.2539308144684 144.453795450413 185.545352636984
-4.67841942165668 -2.72399850171642 0.427692388362466 38.1487988900742 110.408112834291 148.028882866354
-4.46846432498997 -1.20038503540572 4.56808568603624 46.295405926576 121.333673916996 160.333537074958
-2.09135875100102 2.32117407180361 10.3813786153002 55.5144481873573 132.783259812948 172.901885308265
8.69419558670025 15.3343348013011 27.8510766275162 79.6621855535577 161.370668429708 203.709915568575
1.63112435582376 7.02233120180184 17.044158587276 65.1072378836499 144.301091246639 185.385236671816
-4.27924207197365 -2.64285444421139 -0.133159311627304 36.6770099919178 108.387523280882 145.727690996176
-4.92976292147076 -2.58116816193011 1.35773216816094 40.2660365522086 113.32410344905 151.342868991476
10.712571343613 17.6487959245729 30.759864105263 83.4642687929581 165.760433839061 208.394889244399
-3.06241679693725 0.986743976946836 8.31970443366854 52.378222193852 128.939006175532 168.702909664808
1.79547004914967 7.21996618329527 17.3087429736076 65.4729194061863 144.733460372666 185.850612274963
-1.62599265215596 2.92791196337802 11.2689326181626 56.8279059427487 134.388035690022 174.651546830551
-4.93633154866392 -2.48526886163608 1.65569283971629 40.9013586875773 114.220609296205 152.365690089338
2.52954325842541 8.10302876304315 18.4870410241257 67.1077480503244 146.686522137503 187.961017775564
-2.24633395958294 2.12064103068079 10.0981476775445 55.0910218498091 132.219026609176 172.271359846259
1.80840851961819 7.39898056969691 17.8705654899762 66.2802758840667 145.260359078397 186.279882895629
-3.54056879394796 0.31946635884958 7.27846039590354 50.7419492300866 126.871369612808 166.42308597026
-1.36026624041673 3.77286795493254 13.4261138532732 60.0406824809518 136.999695517548 177.086901423926
10.9708428479521 18.0968393219852 31.6415322245774 84.6491328295568 166.682032501856 209.228603186796
-0.206454764000892 4.77609413502787 13.9883470878866 60.7947766911098 139.079389905316 179.714436305788
-0.478584726911276 4.38254549211343 13.3345385405509 59.8342394558851 138.072238089244 178.670305134911
7.00782794997792 13.3877127003325 25.385979320418 76.4201051405169 157.60153564886 199.678118973137
3.38700160339056 9.11313620981651 19.7966703361795 68.8955620589863 148.84193597614 190.295136300197
0.810575358003322 5.92640872609909 15.3688177128558 62.747998110205 141.726729738317 182.679346102388
-4.16140229278 -0.676177066384418 5.5260342025856 47.918778949263 123.411917341307 162.637829839613
-1.79790542595374 2.70969422883434 10.962909888692 56.3734610541594 133.811596477195 174.016800832534
-4.85919500827936 -2.62317958990768 1.08344235755129 39.7048228496978 112.64509392007 150.59776380674
-2.18974613836149 2.19040954441291 10.1897746907776 55.221605420462 132.40690290488 172.485708872339
-4.65869785499685 -2.70832379349851 0.430366433438251 38.1609924621007 110.463559496684 148.101190126433
1.80947403105969 7.20984807423382 17.2420818265895 65.3788778277111 144.69570592933 185.833573827341
-2.47418225356414 1.80594160197644 9.6071070035728 54.3459179963648 131.327092976256 171.303857569192
-4.66650502214949 -1.50753274130694 4.05293331886446 45.3975212205796 120.080552681543 158.911924293375
-1.56997201408483 3.0030502558528 11.3847060964123 57.0091705625259 134.597719164663 174.875604680577
-2.19343676002833 2.18966404779167 10.1956768298939 55.2363341077788 132.420876746103 172.499346971516
-3.20178379567643 0.806914633043072 8.06430725330166 51.9818963201677 128.403202834741 168.101025930455
3.341583631873 9.08604911995357 19.8147145910899 68.9228933389188 148.810424838471 190.242046464793
-4.9005050938467 -2.140929008103 2.61382651002143 42.7854303571897 116.726023587788 155.181990237699
-2.189123249361 2.18942370283594 10.1846372397277 55.2215530036795 132.409320287944 172.487952574023
-3.03626566229998 1.03121729360392 8.40261001552888 52.5034373726888 129.074286314289 168.845241440596
-4.86983329051074 -2.02403228505742 2.9073696102588 43.3388903605898 117.45004747422 155.991274875508
-3.59796625100417 0.205779182712411 7.04573299341352 50.3713582612492 126.463892025671 165.991680691783
1.12435654083065 6.66641590161134 17.0732513257127 65.1894039862582 143.707719619027 184.520994033218
2.44402082913191 8.08679922987291 18.6364389593028 67.3194298884371 146.717988803493 187.924648475057
-2.90224110662708 1.226090053113 8.72153343633111 52.9904048669581 129.655076616556 169.473382288505
-4.2105524595975 -2.62030894690327 -0.202023770541 36.4627960067155 108.074779984865 145.365680668867
2.99268183004893 9.04871290211231 20.5276848531954 69.982457751367 149.007379701705 190.112038706129
-4.79374994039631 -1.83402148406883 3.3216020340078 44.0955039467904 118.44917343288 157.110877531637
-2.07529649382115 2.34642930943376 10.4298154126417 55.5907254476827 132.848420937942 172.963780390301
-0.888615825458256 3.89065540749876 12.6876153507791 58.9086514489645 136.876183882903 177.346868396998
-4.55894849045482 -1.33408440433688 4.354400761973 45.925820735023 120.793239867896 159.713780173192
-4.80071824114184 -2.6725293920854 0.822028860233052 39.0913594763531 111.765774117613 149.589091744816
1.62328557667436 7.08886742948893 17.282584533584 65.4536549795848 144.502788871467 185.531394134715
-1.6740936562639 2.93630670590479 11.4126370613152 57.0522116639125 134.476438452306 174.689155318262
-4.9440400087217 -2.45332704649493 1.76553103652036 41.1250875041399 114.523628195796 152.708299309076
-2.55524701663846 1.72609184831654 9.5346877340129 54.2339741113851 131.134987274075 171.078034883666
-4.79194523308795 -1.8249626130649 3.34873539168046 44.1372771072391 118.484849651388 157.145401675169
-1.40685341334138 3.22099349959094 11.7144353400596 57.4891148452746 135.162755947867 175.48616529641
3.10481533995549 8.7667968331945 19.3188728149685 68.2440371200187 148.10238414638 189.509124794119
-0.660190838520071 4.1621600275776 13.0426866747608 59.4312426658371 137.546840460871 178.087479389042
-0.0906308665714862 4.89353077881421 14.0988026418624 60.9507869008319 139.34666229835 180.030197020148
-1.93204258796775 2.55289446529061 10.7678861605534 56.0954671750637 133.422438045063 173.57614139627
4.8377371273014 10.8542907401509 22.1275964153341 72.0755939301659 152.528105999892 194.240678266251
-4.92668786106218 -2.26341058592919 2.30110537574452 42.1746762537176 115.9244237521 154.285075645024
1.93129920476249 7.3800697620537 17.5145735986394 65.7587331361194 145.091259321957 186.242519067141
-0.12740530278279 4.84592394228876 14.0296860521407 60.8511081445963 139.23221915187 179.907666557175
-4.95778008464535 -2.49209387306806 1.68148603833814 40.9456026622924 114.242825923875 152.380599573291
0.944075592217516 6.23592370202497 16.0760370399956 63.7605855782937 142.555532777834 183.454125659694
-4.78144888201215 -2.68855406786196 0.737103725526501 38.9071872475852 111.511838278264 149.301717382532
-5.17913059696829 -2.50831955463286 2.13057794636135 41.7566344831724 114.82891737661 152.897812687703
3.04310418008141 8.81678345213736 19.6337594957353 68.7010451770538 148.302734026636 189.614708977691
1.67962420689345 7.0190658126177 16.9156907628052 64.9155552893701 144.241887637205 185.37411500605
-4.93809199194728 -2.48649853806543 1.65434261575771 40.8979709712643 114.226246048199 152.376576551894
-3.72368353442726 0.190837647191673 7.2938396594134 50.7582668538347 126.591690606445 166.023820266556
-4.44103560535608 -2.7148363386977 0.015784800672967 36.889549589029 108.294946356852 145.516367253017
1.52020143354214 6.88943533626892 16.8697796383041 64.8577150213421 143.987392748645 185.040173786461
-1.69210532668906 3.02788874748422 11.7575329085967 57.5682009532706 134.830650398492 174.989481240635
-3.46995774988825 0.42211689075448 7.4462177960586 51.009797100045 127.203857409539 166.787258768146
1.62493164884447 7.01021254647419 17.0171791945253 65.0647553012767 144.26076656212 185.34280340503
-0.902484052167327 3.86807426860423 12.6480808146964 58.8599729601173 136.820433551739 177.287251809759
-1.31683782949089 3.27722559298697 11.6872756070777 57.4492386859964 135.263282727504 175.64249265015
-4.89070110057694 -2.61755196948 1.16712209555427 39.8702979618218 112.827756315216 150.794017341133
1.33310146683601 6.63856625667743 16.4820743016843 64.3130055574666 143.406173811604 184.433593131164
-1.70226795974645 2.86866072761788 11.261286323179 56.8208061052215 134.268562612604 174.486726774193
-4.07818377014186 -0.525055044227876 5.81700225776559 48.3890693127139 123.952829059634 163.218145788876
-4.75127599801718 -2.68504312913088 0.684225942720718 38.790559807432 111.377003337192 149.154562376283
-4.6896757811486 -1.61532708957308 3.76974096081831 44.9016961661614 119.512243228913 158.299995399714
-0.690018723524099 4.13630666789909 13.0247165814111 59.3984745456206 137.488823520087 178.018486790131
5.27564830805313 11.4678367000134 23.1219898077437 73.4212899080762 153.828827184071 195.545170606517
-1.14301483075481 3.52786611756557 12.0994191137123 58.0548806732727 135.932237231805 176.348013551372
1.05649597745951 6.32068090798592 16.0871395173136 63.7694771404572 142.705421070822 183.660424743649
-2.22356500046309 2.1861840014125 10.2562860003043 55.32433366952 132.431727082292 172.481362870783
-2.62716449380519 2.03295188581413 10.7104424789069 56.013001439211 132.359041788488 172.114820030635
4.73398083486268 10.7360302174783 21.9790212144425 71.8565343252225 152.251743727581 193.936490976052
-0.491957397570521 4.43716758120408 13.5472664327159 60.1514132983567 138.268997229841 178.824684943035
-4.15966240844208 -2.59640160932323 -0.245850342221607 36.4070874598932 108.121426194969 145.452529975566
-0.50957335034396 4.36595814331229 13.35468567474 59.8780285990457 138.049990151642 178.621007382716
-4.10822058690226 -2.58051318948015 -0.2910949013897 36.2034927909057 107.711845895456 144.948735684713
-4.89500280336196 -2.57438573786167 1.30410797231776 40.1679454841242 113.254314067113 151.282416117541
-4.13892178678714 -2.59938392508488 -0.272003216371292 36.1925639262658 107.583272842879 144.771967913958
-3.67603287699171 0.0532602032406984 6.73610086786493 49.8833371308147 125.931897393774 165.430168686173
-2.25199745769842 2.10982230992925 10.0718484380521 55.0452624657338 132.187874565902 172.245697508948
-2.30489615243529 2.02710000925169 9.92865803173688 54.8316218497696 131.94354091331 171.983456617146
-4.0344389655204 -2.55456584340023 -0.361570670514531 36.0039302451318 107.455612844353 144.662326001913
-4.69584344331081 -1.42415138034769 4.38736782002295 45.9562458202123 120.577624146768 159.397805299854
-1.83086154498346 2.52227794069111 10.42400910413 55.5690069217228 133.188065347751 173.448896283559
7.21666852462176 13.6232248101762 25.6712659658682 76.7962300661116 158.065131858171 200.182289198876
-4.89683602829042 -2.13592542209284 2.62213181562207 42.8061067183654 116.767581187814 155.232713484082
-4.13290644542253 -0.53048585364225 5.92700414693163 48.5578646324454 124.021586284156 163.250611761886
-4.9337464088236 -2.32038184238847 2.14501707341526 41.8789654986771 115.529605709279 153.84018482949
5.79825894296781 11.98691267036 23.6057194003413 74.0538718058929 154.824260202929 196.696955583739
-4.89686029617542 -2.38146225491796 1.87755885968866 41.3666634097045 114.944728591299 153.211610116832
-4.32099625386503 -2.65871969526131 -0.0907406723491054 36.7717208592079 108.46466137488 145.800759663863
7.1855898312913 13.6861598576641 25.957824206819 77.1966885442323 158.239951705237 200.273539670253
1.20335864291606 6.49468484218063 16.3163113468652 64.0860207964801 143.094715806559 184.085140222571
-1.62867764002508 2.92713167237841 11.2758336480429 56.8447595973633 134.393828198252 174.652811875477
10.1075041313264 16.9594166608995 29.9018324775217 82.3428479641188 164.461639287033 207.006985926752
-4.86309315167585 -2.3190815578525 1.99152953153259 41.6020656508146 115.313141581431 153.640684465088
7.016011647429 13.3810265512809 25.3433801652372 76.3553428723211 157.565889531685 199.652011567988
-4.55780298001522 -1.35383501837799 4.28730662012672 45.8105598798117 120.685919068219 159.606184032284
-5.00752297588649 -2.22896406332727 2.59056257899087 42.701521068124 116.406160147559 154.76376830809
-2.71650653594115 1.6077904615303 9.52970067606381 54.2229040884165 130.88707421118 170.734060289523
-0.907248467090467 3.81335077417341 12.4765788005028 58.6007748159525 136.644087877839 177.138318995823
-3.96325748711342 -2.5240106264091 -0.38378850158524 35.7029408573746 106.713864948166 143.725065050686
-4.74077316303415 -2.68459594062704 0.664110936384905 38.7334753423093 111.278830378449 149.035667841712
-0.304595149968408 4.62096581392318 13.7104512909676 60.3890631099737 138.669945310133 179.295090640712
-4.46069193961696 -2.68825942891465 0.0924916656913312 37.3166112663702 109.319846627405 146.805371551292
1.38403488807314 6.73930035229143 16.6964789587182 64.6290128612577 143.671631633535 184.685287428625
7.55160347212566 14.0612380845684 26.3344309545817 77.6870447223764 158.956725175187 201.089423486704
-1.18971637606899 3.49141774219284 12.0896498152912 58.0333110915418 135.840435988086 176.228141220181
-4.90374093208142 -2.19372436242302 2.46212707853313 42.5008279989142 116.368352876959 154.78517746675
4.78687237622167 10.8716594288353 22.3095747376073 72.3204257463276 152.583099933107 194.223432228898
-4.35656747708909 -2.6712576411888 -0.060536395823162 36.8855580876501 108.655652263963 146.027617062085
-4.93979061387314 -2.33164652020354 2.12381022730472 41.8453588935656 115.490526798844 153.798721430332
-2.12946403949695 2.26559561309517 10.2909218454353 55.3811250370641 132.624560269815 172.728981350228
-4.95642173998376 -2.80896232998026 0.784417598585468 38.8327238996266 110.848992244969 148.391924537823
-2.34503898110136 1.98772589077776 9.89505710763016 54.7808299314092 131.842820195268 171.861293581566
-24.5658508549406 -8.89766107701549 22.3926329584018 70.2924690079772 103.060554532175 119.411889903228
-25.1205453162362 -9.06904466891357 23.0152397309083 71.5329813335529 104.216485825504 120.544972289988
-25.2106474880945 -9.06885422302156 23.1763049986865 72.348835227009 105.827125847012 122.539019408691
-25.6709873039111 -9.08896736525516 24.0675316623281 73.9600423223597 107.358105850982 124.051796403655
-25.835655506331 -8.95294914092748 24.8133547223639 75.4441851982415 109.181969252351 126.051492940264
-25.8043939081102 -8.69519374417647 25.5227004898373 76.8601047672137 111.094162207158 128.210832544255
-25.6746295114383 -8.3613283077479 26.2614148023035 78.2760608655123 113.021932803568 130.392141687551
-25.4737931196373 -7.93939213981418 27.1242581217863 79.8273408498891 115.055684333194 132.666207677451
-25.3167796133598 -7.44908358111188 28.2920749847342 81.7831410289567 117.339331760219 135.121523416976
-24.7045763566909 -6.88446096470033 28.7270584899058 82.7449991911385 119.276837359689 137.522382143465
-24.38470719078 -6.47918934441157 29.29533917598 83.7208123596228 120.665378165987 139.111756307218
-24.4922714080629 -6.16612386255788 30.4895002434417 85.4031710963434 121.951740511758 140.228395224183
-24.0884078348198 -5.64889781769832 31.2280775096515 86.5862743884178 123.528692671822 141.998451908124
-23.6315989668355 -4.98490343937696 32.3087647961292 88.2434412043289 125.528132800879 144.17067776488
-22.9663060394611 -4.12308985016597 33.5594961561997 90.1637481619224 127.969391323551 146.869487017661
-22.2447824788908 -3.24583036267143 34.7417105251746 91.9397583068311 130.259234929326 149.4116272117
-19.8718655698642 -1.84565700767644 34.0306496304814 91.5615421580014 133.173291024655 153.852361019946
-21.1598992625043 -1.70020169425473 37.2237092224041 95.5132575102576 134.286940963552 153.677111246315
-20.3789427391415 -0.748461762755451 38.5142900393796 97.3709615937261 136.576365982926 156.180335012626
-19.6360371780105 0.137028622655344 39.6829465713712 99.0063857401314 138.559483058911 158.335870484192
-18.7288111462349 1.31315088387031 41.4050832751204 101.37353009617 141.203212100195 161.123856031041
-16.0401787804796 3.11472193964076 41.2766614433527 101.634221933719 144.596203372442 165.971016800818
-16.0988239270938 4.01704708003389 44.2089961004325 105.330467277072 146.800833630057 167.507723499258
-14.7655906039596 5.47928832991669 45.9174721390429 107.654651070573 149.748760019829 170.759153585799
-14.1340969124172 6.68903072178449 48.3376633584749 110.760428900304 152.331507316323 173.118765555496
-13.0005396630143 7.70246867479239 49.0765953042238 111.804527538908 154.199855849451 175.37490328539
-12.2428496571192 8.84968877005692 51.0343902521621 114.31914845156 156.515443383285 177.613334594215
-11.2878206963457 9.94009330712384 52.3948106157031 116.100129463226 158.59046942929 179.834850747308
-10.3547262661411 11.0305077990252 53.8027330546728 117.924215907115 160.639872220483 181.998951440745
-9.40721510107089 11.866206769788 54.3857076924115 118.736813913031 162.132329933023 183.810691514214
-9.26522540888156 11.904095610349 54.2005673878241 118.527687623587 162.176303420287 183.9706825165
-11.0840399317651 10.1949573681085 52.7548912394325 116.553961667203 159.051022976179 180.300943603445
-12.2218878859235 8.82320371143271 50.9075417026264 114.156235433075 156.427692327764 177.559276339228
-13.4073833672478 7.42948936454051 49.094195915119 111.779776458292 153.732601530102 174.70263206697
-14.6825563487018 5.77759984958342 46.6694509581096 108.602369021577 150.405970570435 171.287575832684
-15.6338101020538 4.53014514020098 44.8149149100964 106.144283704562 147.811407709283 168.614347210796
-16.9260101397538 3.37606904236464 43.9792999026363 104.903416614557 145.535935155135 165.851548179826
-17.7454767878943 2.14250976599531 41.8887160638056 102.130878158809 142.832099915347 163.161545532344
-17.7029738440499 1.23798740878418 38.9860267757553 98.4180607988087 140.48717680934 161.425943019339
-19.3179716007144 -0.0217932153977456 38.5101644170613 97.5759271686499 138.054595523548 158.250906267352
-20.3274203894902 -0.99815016659053 37.6296197987665 96.2157024318384 135.830942722694 155.616738239538
-21.0241425751906 -1.89200578778735 36.3403408998021 94.3622154644355 133.632649884194 153.244942647648
-19.6843012176046 -2.34950677113082 32.069460740421 89.0097744629292 131.650833319825 152.789961690293
-22.4074398405467 -3.54394963558942 34.1635344267196 91.1326522337128 129.464790072706 148.617043528812
-23.0361453121806 -4.20648015899038 33.4508349199727 89.9787917943468 127.700225356619 146.559520893904
-23.5110629744301 -4.83803826034077 32.5073207349094 88.5397801684323 125.907197168599 144.590417358529
-24.0303251217063 -5.54073200863121 31.4398471378106 86.8816006282543 123.817566668442 142.286538935449
-24.433210336862 -6.23593880197484 30.1498309308599 84.9116769792479 121.577770718464 139.904606124113
-24.6777444650079 -6.79322820025238 28.9507736374737 83.0900140809889 119.635185190955 137.890030878052
-25.1286076495711 -7.19714260870284 28.6659408796258 82.4572205085225 118.315038604449 136.244062528981
-25.3648835019475 -7.63546855518721 27.8208950479389 81.0570383567939 116.592383278851 134.35831023008
-25.5435901550117 -7.99522008525839 27.0983280046625 79.8053381109381 115.000920366117 132.596453300268
-25.6998660459304 -8.31824228850466 26.4451396919048 78.5873344412725 113.346226958519 130.725772148773
-25.6579016889591 -8.64300650715917 25.3720266212306 76.7028401284639 111.189714308937 128.422698726833
-25.8012767163778 -8.9470512614833 24.7584907338507 75.3774958775621 109.17576926601 126.072854397795
-25.7636389835465 -8.96570359835456 24.6251403934781 75.1165083837044 108.868309757465 125.740647047976
-25.8756968650482 -8.82676797509136 25.2758400123287 76.3297210008647 110.278199297416 127.255848725556
-24.8482162545009 -8.27746187826896 24.7675049697157 76.3608960673325 112.517936642336 130.527591855973
-25.4754144452594 -8.25083370960071 26.174641022947 78.3093602178047 113.496807195271 131.07366720586
-25.6083930522891 -8.01657212862015 27.1707117654478 79.8752530622874 114.945265777957 132.482867001719
-25.3748406643852 -7.65917918798667 27.7701326948495 80.9561596750535 116.44989185042 134.195332202445
-25.0926329540132 -7.18520996837824 28.6266519882964 82.4067658509431 118.313947278207 136.265428629475
-24.7321434295846 -6.63103219685548 29.5660659636719 83.9685896254765 120.329039555571 138.50564601043
-24.108525864723 -5.97140496882293 30.2730813116783 85.2628569701765 122.46179866756 141.040179313389
-23.5443880500224 -5.30268066203715 31.1393434795119 86.6686771134019 124.438294751564 143.293726178041
-22.8982180979559 -4.56015873106378 32.0615172899443 88.1338795089498 126.50319804613 145.649169246322
-22.9317741983499 -4.06113408038611 33.6786834529745 90.3186726995735 128.104460688437 146.996333806984
-21.9619909128892 -3.17708041307966 34.3516467638137 91.5051677822688 130.352651995266 149.747223984766
-21.716192080905 -2.52723691207854 35.8439234271349 93.5416562306689 132.128488587561 151.417132136873
-21.0739048118707 -1.66640340714839 37.1473330963523 95.3942951155928 134.248273510372 153.674369962019
-20.2692318859903 -0.686850576712435 38.4742709914377 97.2919518834173 136.569294501618 156.205392263817
-19.4658046234222 0.272590107318234 39.742825836075 99.085013577548 138.764604361998 158.599761696949
-18.6590043851484 1.28651493956754 41.1740972208441 101.077616654656 141.075542385102 161.072061196568
-17.6587374871316 2.46357472198838 42.7017874155605 103.193018653373 143.636099038749 163.853103447775
-16.4826171103359 3.64158930111374 43.8590599695872 104.832224431814 146.040329621914 166.622455276855
-16.5629157884506 3.6632511857857 44.0980543728853 105.1168221035 146.112974935646 166.598624819237
-16.9459904051686 3.34407351958988 43.921543062302 104.843171200012 145.505243714222 165.834409270739
-17.3600878162311 2.62971906625422 42.5821631206718 103.07895301701 143.901501623578 164.293512257633
-18.5887781770429 1.41490812797199 41.4244686702998 101.391848095327 141.327921893558 161.297579748013
-18.3672896434732 0.481095956589975 38.0488460701835 97.1140263941353 138.85831480447 159.638053206249
-20.4023301198656 -0.941346049388864 37.9669582826667 96.6159784138023 135.963985625166 155.628270942877
-21.1447119171664 -1.87049361014812 36.6648283116101 94.7413799469684 133.695085364907 153.162661114425
-21.8956008122912 -2.75509207490307 35.5196424812011 93.0628269575929 131.537906696482 150.771011104075
-22.2144163893236 -3.58621218505194 33.6214702354564 90.4549934116256 129.230490940231 148.583604497713
-22.6104341323463 -4.38474252808686 31.9894920816022 88.1712542027927 127.032827889076 146.408732784688
-23.785346691363 -5.14252970694012 32.1462467414457 88.013049887343 125.199534968574 143.795031694035
-24.21672631301 -5.89281541715551 30.7443491021074 85.9233263154821 122.902694561504 141.384811612629
-24.1227084255917 -6.24825453367254 29.451185523722 84.0357143855936 121.322048377454 139.930090174743
-24.8001245024692 -6.74842065357138 29.3497149152522 83.6067378469868 119.872505920379 138.00167721421
-25.1750683637188 -7.26896974247514 28.5431911337985 82.2622509147544 118.075714507045 135.982418772984
-25.3194780122534 -7.7294087785133 27.4370872039498 80.4718378058725 116.074468622966 133.866128374842
-25.5516415835279 -8.13736454349917 26.6802259719631 79.1356991835543 114.303842318229 131.88015571048
-25.6710431381152 -8.39805261354961 26.1401416039592 78.1100923480611 112.897157549328 130.285180982061
-25.599671586176 -8.59293506177771 25.4026871643439 76.7686078742369 111.334200787545 128.604353265084
-25.5690019021735 -8.89305800096037 24.4237923750942 75.1337785036918 109.576675462955 126.773281198608
-25.8896143772432 -9.11430605600149 24.4383767068096 74.7239407863467 108.209741471115 124.954121270173
-25.4908000283053 -9.07494511180357 23.7325737725904 73.4500265646541 107.03274087941 123.806957292305
-25.5003727245529 -9.14616590164698 23.5552960517677 72.7527230143558 105.676343420229 122.133239857147
-25.3408117629071 -9.1104466256106 23.3478495504861 72.0860498356919 104.621969021085 120.888206597968
-25.1151201748502 -9.04858724136425 23.0852616715149 71.2696494273707 103.378349052936 119.4332572936
-24.6101543315204 -8.8711184092017 22.5906487296413 70.1239358448556 102.107075868663 118.087099573438
-24.4837413650458 -8.80716715419235 22.5345046826242 69.7867385440673 101.495272802787 117.341415700151
-24.3117054601356 -8.70464010648994 22.4996947580704 69.5107380984193 101.027977542657 116.779666910571
-24.1806492278427 -8.64282876368715 22.4205397937619 69.2719228210099 100.727504217995 116.446609608191
-24.3053229912606 -8.70848909717079 22.4781580549749 69.4047510654337 100.815740719655 116.516267304468
-24.5614834105511 -8.83318351948557 22.6236542718469 69.8040007960821 101.253400187031 116.978264974129
-24.7335167146829 -8.90832607715002 22.7451905606767 70.1596406807556 101.712021581604 117.490449320611
-24.3371269939669 -8.81660395353552 22.1767828536532 69.664896165918 102.188306620509 118.416161396424
