6.74106866808397 12.7528850938531 24.767457876968 43.7991628089045 57.1607106394662 63.8312078334145
5.14257338898291 10.8722426025232 22.3389620266637 40.4685285296597 53.1838559682347 59.5491097513381
0.464088701372289 5.04525143364515 14.2044770829367 28.8485933049398 39.2342319652616 44.4332972226647
-0.779763456677662 3.34909060334517 11.6086389986336 24.845137676448 34.2614823935495 38.9821183639403
3.71516094901435 9.25904155368474 20.3547021742556 37.6548098442726 49.6433082872777 55.6476094652177
8.49515721075492 14.8792668533003 27.6460491421244 47.606900662018 61.4639296903415 68.3908694692664
-2.46612599709034 0.0979366103887426 5.2251906585692 13.8023159342553 20.1391054434839 23.3203357165828
1.26901781342305 6.06541282206515 15.6622337891692 31.0379114848962 41.9515027638093 47.4117335676808
-0.661982565261444 3.56025961798151 12.0130702595027 25.4730496236379 34.9931699536737 39.7700287875089
-2.3293275222218 -0.212263781446956 4.02240770047943 11.3316462415495 16.8522907894417 19.6162956256331
7.80871501350974 14.0383267347773 26.5088530442023 46.0936830928791 59.7478470817576 66.5833303855222
-2.28051706932792 -0.352865541429624 3.51255267637486 10.2620337809169 15.3922751795927 17.9560455740972
-1.55268675395991 2.17059320927115 9.62325352765495 21.6224303587705 30.1994502893224 34.5052274067277
3.57924108688578 9.06955078646678 20.069287500649 37.2235712748567 49.1276528954181 55.1042373839734
-2.26281723280909 -0.410553848211381 3.29972945722607 9.79819887703601 14.7424535481123 17.2067940200043
0.0479575340994853 4.49176860519928 13.3786365132706 27.6022232828218 37.7007737350222 42.7582053164422
-2.3592216798634 0.199032778128474 5.3250172204626 13.8714847357553 20.1589407520987 23.3160487251711
3.99661836433878 9.54369712765538 20.6491963957634 38.0936722082075 50.2641721062771 56.3663246278269
-2.35210395348892 -0.110937422468979 4.38115383505288 12.041328455365 17.7728794301641 20.6467420907996
-2.27552102632831 -0.387744943028393 3.40020382268765 10.0446948396334 15.1101277899669 17.640232069004
2.78869914544857 8.03010994237331 18.5004692871143 35.1980861099476 46.985184444951 52.8644011005162
0.327678546244814 4.96076130419462 14.2337825031935 28.9090604007497 39.2233284863818 44.3926040283655
-1.72244068529855 1.86333380117285 9.04633374148118 20.6485441623977 28.953099746944 33.118549710415
2.48652577461317 7.65730362962601 18.0033099761953 34.3529982256178 45.829638699743 51.5791693505054
0.0632083677102138 4.58716554398614 13.6485706725956 28.0271287486904 38.1577730368558 43.2406223474995
1.83359306526837 6.86410751878261 16.9067004653135 32.9344994731761 44.2549381884959 49.895559943517
5.22643689152271 11.0327425941858 22.6465212098721 40.8150846423738 53.4489191685665 59.777076513022
3.75228528314135 9.30252919903958 20.4161756845042 37.7351522725821 49.7329909430724 55.7463567535299
-2.10438607546979 1.23405507078202 7.91260645819137 18.8611031805598 26.7844028261402 30.7428903892268
-0.683771382992402 3.49368931293319 11.8265326350198 25.3161972163997 34.9585117713507 39.756290824679
0.528075082443038 5.10345643591747 14.2583550475672 28.9670251058806 39.4342559720162 44.6722022853941
-0.34339344176141 3.9628592724859 12.552176363116 26.4447883336735 36.3671865226378 41.3042856043876
-2.24040104606477 0.917472708712731 7.24147262421416 17.6412717396997 25.1970959464906 28.9825641609359
-0.514684128477459 3.74663135715508 12.2807216622947 25.9829872055345 35.7286401782001 40.6079582525407
-2.4458679542248 -0.0343124034556917 4.78907878581901 12.8109673478633 18.6953334634817 21.6416002345121
-1.39708036401519 2.41199420877721 10.0243671741179 22.3651893571072 31.2122299185148 35.6279825470357
-2.31580592344295 -0.305714177844286 3.72344525212848 10.7006828071989 15.9733842159294 18.6091528349763
-0.083331347713903 4.28986576637038 13.0366278551224 27.1509936881339 37.2271573500321 42.2614529057255
2.58490211183913 7.77214220203901 18.1459075410846 34.6158749933752 46.205088182036 51.9939320820855
-2.43367963946566 -0.166706487422596 4.36155885678768 11.9708775056665 17.5940071980604 20.4019671655376
-2.2753733367801 -0.423009796165431 3.278827413864 9.76456059592957 14.6968989038121 17.1492077440395
-2.32133368552041 0.321207061374139 5.6093351206083 14.4094702948054 20.8738787941751 24.1151569753807
-0.926482408786718 3.15583556610223 11.3117382635267 24.4877207809708 33.9004141907533 38.5937438868582
-1.7609875144225 1.7778323021708 8.84705605107903 20.3436037533394 28.6121771598607 32.7394664761438
-2.32775949772255 0.775215056823994 6.97112679209299 17.2211937604767 24.6884600767566 28.4072227016223
-1.35691415524367 2.48625009649971 10.184189150411 22.5573431776608 31.3769372985627 35.801294109448
-1.09567249865823 2.88157354305899 10.8416245135992 23.7047090787496 32.9029301726759 37.5019416045427
-1.75547377947106 1.78535273310184 8.86107448138753 20.365616469255 28.639025019221 32.7704478456124
-1.29313851861677 2.58459896778997 10.347013536502 22.8192525327386 31.7164061230974 36.1820675547739
-2.33485365598749 -0.364930717841722 3.56717846464743 10.35076562067 15.4553331101659 17.9941212052926
-2.39196501977935 -0.268831983015335 3.9847000172954 11.3334272918636 16.8839998240486 19.6616211583728
-2.26505626588953 0.509494447213598 6.05037447987395 15.2382271325272 21.9663053171943 25.3304866265999
2.46184548447991 7.63536324568164 17.9581902380082 34.4451356169236 46.095023773598 51.8969009214673
5.62388998373725 11.421905203852 23.0134828461425 41.4261923273308 54.3853780378773 60.858662051868
-2.23261849446793 0.915839003593206 7.21410494877199 17.5141612420615 24.9757655996588 28.7180781172435
-2.43035958205972 0.405617265177693 6.06982433599827 15.2186276788452 21.7748556012135 25.0570154239132
7.7064065654194 13.9209160940419 26.3364324948816 45.8913370944229 59.5512959963215 66.3697617196551
-2.45884100684673 0.00456309401845974 4.93716188076325 13.2559573839915 19.4385039267327 22.5446696771217
-2.12931774782722 1.10362006632247 7.58017524448741 18.0227393352083 25.494283851237 29.2493338029428
2.25452463964941 7.36346559556699 17.5576005274656 33.8087595595935 45.2738953551912 50.9815339601936
-1.56583838484799 2.15123024474646 9.58997460490399 21.5647578841348 30.123888182125 34.4199851610598
-2.31414248387138 -0.387400296462471 3.46500767172137 10.1944436037873 15.3058709353171 17.8508002922777
-2.33998661992028 -0.184141986831444 4.12416825964032 11.5384497503898 17.1277306759494 19.9251901655218
-2.33784907795227 0.233843866557903 5.38197360414697 13.9789537834032 20.3117979620775 23.4882510341672
4.01268717466703 9.54035963982322 20.6093193042285 38.068460179039 50.2899667472027 56.4159377099466
-2.50687724533438 -0.00264646644787527 4.99603247905143 13.4491190522821 19.7252120207262 22.853178417749
7.39185004311204 13.5569572997427 25.9042143821874 45.2583877215462 58.7354987509749 65.4910167177981
-2.34613627856306 -0.297584323964983 3.80521902014422 10.8617086585771 16.1659141873298 18.814203586422
-0.131273381144534 4.30182207006527 13.1726958873356 27.3728813671882 37.4423508440826 42.4791071866559
3.57773905997592 9.09412155849039 20.1195517141639 37.3415053829401 49.2898258799753 55.2618015350821
-2.48357244881337 0.242116941374351 5.68808414806964 14.8161246754635 21.5451337049818 24.9023193007218
-2.33614024835469 0.180884315859173 5.21717529377892 13.6634170946025 19.9063722476101 23.0357946966535
-0.791594417619613 3.36712674809703 11.6694053337866 25.0639559791624 34.6192252811638 39.3798592590276
2.72051566876105 7.95837895943434 18.4406194223757 34.9664859028911 46.5433821971095 52.3446739893427
2.51043798824237 7.67047253206669 17.9953055965853 34.3944745273152 45.9419301307329 51.715655557973
-1.16655113288706 2.78702176437284 10.6838482195226 23.4697921525844 32.6220024909942 37.1848015932474
-0.773346056421567 3.34696703987568 11.5910941627932 24.9007022280042 34.4106381380075 39.165883702122
-2.51010596417469 -0.0199894249822556 4.94662292704935 13.3487812958293 19.5878463407774 22.6949911327543
-2.46975842543594 0.0305228325710033 5.01706445546165 13.3573115641861 19.5218327188517 22.6102396843789
3.76683289891239 9.3178524625034 20.4374010752434 37.7313746361943 49.7025499370999 55.7116736458247
8.59327321877073 15.013089904884 27.8761319708759 47.8499691091275 61.6466848670625 68.5694901552433
-2.19885439943248 0.989802986335326 7.36931898040459 17.790064988815 25.331091895695 29.1136896611872
-2.40601832338348 -0.286854341848805 3.94776746897893 11.2581618094438 16.7708569628906 19.5201372155824
-2.28643803456352 0.789440002629391 6.9412454537676 17.0266255967776 24.3484445234603 28.0195636718533
-2.26190806936985 -0.439469652203169 3.19622586438368 9.54858674004659 14.3673233437808 16.7612411684369
-2.30849025643322 -0.276969679771617 3.79606489240639 10.8562215295161 16.1984844397473 18.8720129568448
-1.65561689385696 2.04000028706657 9.41578194685482 21.4230014806873 30.0502312150107 34.3463690683412
4.11609703882741 9.6254738287663 20.6156619666209 38.1740749783781 50.5840131397529 56.7645112641358
-2.25920528839631 -0.443971642954936 3.17786937167314 9.51983266080447 14.3372147253202 16.7287235755544
-0.257862086676481 4.08484069594439 12.74230118884 26.7399333529956 36.7320826705625 41.7019059183051
-1.46384445223288 2.29931746551223 9.83526985825355 22.0082582174179 30.7172335595104 35.0801737044576
-2.42705276016807 -0.2596569584896 4.06940719506818 11.5195088376678 17.1248778327596 19.9195713631419
-2.46126278442229 0.15043871812571 5.37652775915809 14.1113664598848 20.558205628364 23.7954088939847
-2.09648582684573 1.24723059313182 7.92876355079907 18.6038298500581 26.1834399670345 29.9815242435488
-2.37655699907272 -0.099636822548945 4.46386607001395 12.1978145450913 17.956059811989 20.8429269613511
-1.04559504001177 2.96954209586555 10.9946634883096 23.9722383846695 33.2529247982293 37.8832141620096
-2.27001501679932 -0.416029775457046 3.29077429088314 9.7655162578925 14.680239557755 17.1273087912289
-1.36311047888322 2.49272234681804 10.1908527161757 22.688421613603 31.6481005368185 36.111925802594
-2.34355603352793 -0.331142583090036 3.70157173067144 10.7187618407247 16.0421734921605 18.7026326952639
-2.31602775710047 0.43865381897283 5.95515622900315 15.0605405949975 21.7051601934498 25.04058691275
-1.15123214552555 2.80007688489414 10.7061840151984 23.3933107011307 32.4336050194763 36.9687070501354
-2.05330462722924 1.3602415946533 8.17461009369184 19.3364127650724 27.399821813039 31.4165798906004
8.46189376900325 14.8523628263591 27.6572210972186 47.5635329905885 61.3272993172751 68.2337482281758
-0.948948839712087 3.12962399069469 11.2717436366122 24.4297855444977 33.830165078814 38.5129581213312
7.95110216639817 14.2123793207118 26.7556418821711 46.4065367343596 60.0808761029905 66.9354655819409
6.03321377424843 11.9063825852298 23.63293012294 42.2878311388552 55.4290514188419 61.9795674183091
-2.42254819491697 -0.155043057481377 4.38623297120748 12.1432184265753 17.9626016825307 20.8845592365915
-2.17318788797251 0.84463612201502 6.87300477656232 16.7744500520041 23.9655942197708 27.5606376167293
-0.869791213287039 3.25070376352851 11.4756212348818 24.756396250155 34.2371216122681 38.9595873640668
-0.555986155583056 3.65749534303524 12.0899318515063 25.6316914521082 35.2746573752888 40.1062744359224
5.76920850728413 11.5943664132667 23.2128135791446 41.7316952630123 54.7949244959907 61.2970875318919
-2.45956909509786 -0.211489854364211 4.27459706599912 11.9560827342765 17.7138475762461 20.58268232459
-1.7409772032192 1.89268467469645 9.15153489391274 20.9819601339092 29.4933610405581 33.7356083342914
0.299996890787892 4.8960447725156 14.0915000377344 28.7595881952555 39.1282068198886 44.3140276503395
9.04143316308516 15.550048100085 28.5979472997616 48.801982863617 62.7212468184266 69.7107147018508
2.99149387157244 8.30101259307826 18.9348208675846 35.6618426926002 47.3557328347641 53.2208510373075
-2.3115635308573 -0.376368032396415 3.50025957427635 10.2766606253344 15.4291926619484 17.9992653509971
-2.40034050927486 -0.172732213272017 4.2759592997796 11.8805368045543 17.5903956588777 20.4510181351463
9.55567154720521 16.1871888341476 29.4775961740216 49.9452439093265 63.9766934972557 71.0218232648829
-0.0391177370589296 4.36083221862433 13.1467093004247 27.3447113246742 37.4829423901509 42.5351915304751
5.05296461948519 10.7385261032472 22.0923020391844 40.1940793261927 52.9696983063286 59.339802311408
1.41438002119296 6.34223841398817 16.1840897221249 31.8828998124687 42.9679175826891 48.4947129075561
-2.46599841268689 0.00509945692576375 4.9546996458782 13.3211833548082 19.544651745346 22.6666914625132
5.30247922900595 11.0412756180546 22.5144188160699 40.7467932292299 53.5837897547389 59.9963474707965
0.419545604942825 5.06294577421399 14.343398837978 29.1535218911867 39.6217178890021 44.8499047720468
6.08849396424085 11.9765101330579 23.7213534508801 42.4169321356454 55.5904506583788 62.1486529262653
-1.58382448434282 2.14017728023233 9.59232115437124 21.5311438315118 30.0222007836055 34.2807678719807
0.133779399180337 4.70131566177187 13.8412243811498 28.2921325363211 38.445242805344 43.5364878831508
9.6395961508517 16.2905987897279 29.6190917303768 50.1314905835715 64.1840829298293 71.2392789374631
1.48982039030618 6.37634951646571 16.1457584516058 31.7053950039777 42.7006147788362 48.2028590805339
2.8476562806098 8.10241937934018 18.5898308811136 35.3382522234296 47.1725843024413 53.0686277464139
8.35809131894973 14.709921894981 27.4420875764604 47.2979545437956 61.0622877942965 67.9700770945916
3.73550296646264 9.2727985098384 20.3695945563365 37.6416155749471 49.6046287497133 55.6126709722459
4.2005879362942 9.72531247841069 20.749496443245 38.357293379274 50.8001497836977 56.9990523212584
-2.02542243089727 1.34239299828246 8.08158811246825 19.024815417366 26.9047008458002 30.8589936186735
0.825564120529787 5.59480290292369 15.1289498568602 30.3244794268305 41.0522154143392 46.4090301255972
-2.38614295197448 -0.20198240245644 4.16545948937096 11.6616617342673 17.3052149996106 20.1342169550638
0.394880774106512 4.92400036599279 13.9834942943652 28.5759009888233 38.9782135758409 44.1779198831802
-2.36906863750625 -0.234115239393282 4.04331094247249 11.3513571721353 16.8205872348018 19.5558157377337
3.01883519800921 8.36325651583546 19.0600980980344 35.8907800613095 47.6486944558612 53.539528332421
0.215749856232848 4.68688973909588 13.6281992495751 28.0494396993697 38.3391087599584 43.4791176345087
-1.91834815130515 1.46149651662353 8.21302129380402 19.2210741241965 27.1589411004747 31.1222234451461
-0.28445848740163 4.1065716464024 12.8992762725827 26.8559859210196 36.6982381495419 41.6385548555566
-0.107612477837725 4.33454911849789 13.2335563705137 27.4348422687698 37.4849205248832 42.5231147101816
-0.834266498420727 3.26379058899281 11.4670099847371 24.68990351343 34.1306520736056 38.8570620756311
6.57571051651015 12.5551938098191 24.5017027891386 43.446574721004 56.7586828867638 63.4014786177202
-2.4250751291249 0.336112598054243 5.86704277980838 15.0873201930578 21.8696354959631 25.2731158415733
0.547203524295551 5.12303289433231 14.272393726167 29.01880550782 39.5327975530216 44.783914663283
-0.606639382835008 3.61274485628829 12.0623896435594 25.6468257496586 35.3190925267774 40.1603419112178
-2.39283378016076 0.466181286267113 6.1920525800752 15.7000374974528 22.6699441721305 26.165798696144
-0.481046182466814 3.77098574702699 12.255301059157 25.9845305446823 35.7956143793804 40.6787150668341
5.48035469656663 11.2498136068868 22.7571489028326 41.1132215604127 54.0699836407955 60.5194334845961
6.62862431155871 12.6264714994319 24.5908123895757 43.581922501925 56.9317453117929 63.579825571962
-1.06300786582125 2.95664444981993 11.0060520662433 23.8811970687578 33.0229668423166 37.6101559433893
-2.30050332642623 -0.374548452033774 3.47943138349528 10.1768212093572 15.2453095697173 17.7721181525758
3.80223815736013 9.32635154361595 20.380522570037 37.7046380674707 49.7687903868525 55.8156372111465
-2.36731811167134 0.513148034160404 6.2786181228249 15.6284089341001 22.3522525103523 25.7280601646315
1.12174860835812 5.88435334846511 15.3925784221365 30.6983361049826 41.5895283034891 47.016085368868
1.65534100367866 6.56149341844517 16.3781420968645 32.0848868361756 43.217902551032 48.7857755094654
-1.90414299326246 1.61596458091598 8.65379152982752 20.1453252825816 28.4295583272559 32.5632771478015
-2.33313135305648 -0.147887574195308 4.22835828388062 11.7354945089224 17.3779700672177 20.2046822362545
5.79884414633726 11.6297681149816 23.259802020967 41.7951963185659 54.8689457046369 61.3764144670395
0.0142925052545055 4.51711471287748 13.5371470412706 27.8599215820768 37.9573146323819 43.0239767007203
-2.45444784466671 0.0712349737413044 5.12135524406808 13.4455294574617 19.5094688220683 22.5467659390768
-0.521599938027395 3.70705843848363 12.1690536544241 25.7499848217672 35.4166308594036 40.2603529649793
-2.35247294753471 0.592995741360512 6.49090575474726 16.2394242098914 23.3602020507884 26.9324007011182
1.07734998552728 5.81497462546361 15.2934118733225 30.5057635937432 41.3181519822879 46.7260417509925
3.63264954037341 9.13542348051978 20.1652314685637 37.3594047008817 49.2854175813312 55.2764778076601
1.55319451892062 6.43667924158845 16.2090389879828 31.8227716457116 42.8812237789766 48.4167385252274
2.26064587795957 7.34361698556037 17.5197650214123 33.7050184591941 45.1212045151192 50.8367582602271
-0.497921491979652 3.79965939302257 12.4041471600266 26.0864365507321 35.751330990875 40.6017046914829
7.03651834666693 13.1161958328372 25.2874900918786 44.4573800279513 57.8578000198648 64.5678401752592
-2.45700461248603 0.139386367719376 5.33787938595968 14.0480588076725 20.4867740430569 23.719970312143
3.66603348497877 9.18432756986444 20.2381071946898 37.4945171650544 49.4671251882395 55.4697956348531
2.76801833817172 8.01196153699235 18.4998651540661 35.1114370319501 46.7760745908096 52.6038600174414
-2.33507669195261 0.132910711843188 5.06815333285349 13.3762319209292 19.535283049547 22.6203989374242
4.72414354744416 10.3487208669392 21.5687411888383 39.4896125158669 52.1531060635772 58.4587982425784
-2.36598288925744 -0.258034109675236 3.965317986903 11.264510593943 16.7840786982228 19.5518438337226
-2.42522568564054 0.499724683309757 6.3371631514907 16.0525531057081 23.1669238126547 26.7092369120585
3.85022550694958 9.43620625312329 20.6161698046158 38.0015032708027 50.0251505106708 56.0491872937968
5.29168804514047 11.023301789805 22.4592190236255 40.7054943029389 53.5882820260525 60.0038185049787
-2.48281746646258 0.13690597732257 5.37759278276823 14.1956237456784 20.7214134539133 23.9835945188257
-1.66174149177004 1.99224270296013 9.30476196628715 21.0906445856166 29.5238463947822 33.7568569370905
-2.37264555282029 -0.315503175393254 3.79031574047858 10.8177266876087 16.077465487831 18.6951748878172
3.93712223459143 9.42096317777139 20.3933162298443 37.8185740148626 50.082015044384 56.2163184517914
0.0945619203625085 4.55907421966623 13.484056757947 27.7567188810272 37.8835752912683 42.9536410694076
-1.51116379877507 2.25819036864169 9.80206603044848 21.8891966348222 30.4858712955558 34.7975968592464
4.74027701668204 10.3672007568693 21.607033709388 39.5244187100836 52.1690676211546 58.4768282523185
1.48882170906389 6.34930154822982 16.0750825262163 31.6377701439201 42.6720121570368 48.1929737702849
1.70936030630348 6.70960649293033 16.6958237333043 32.6252237068735 43.8725028371564 49.4794308681447
-2.46325589874529 -0.096086356440283 4.64431848747912 12.7126535441639 18.742473698627 21.7624692362129
2.80724299222045 8.06248685838095 18.5861474529475 35.1772070528424 46.7982011585914 52.6251971978108
1.46733004797291 6.40942949870084 16.2776493081626 32.020850351532 43.1378719342669 48.6792754846282
-2.01074462624898 1.37872802901054 8.16273212422027 19.0406060667493 26.7866484046948 30.6760088886654
-2.45275165789009 -0.180975401741686 4.36253627954146 12.1373896140542 17.9665773537955 20.8785350834769
-2.32482934059786 0.683898055601026 6.70573192698025 16.6163786332962 23.8329837270585 27.4535893639404
1.28186415542711 6.09680004792707 15.7284192193307 31.1116681776328 42.0065723230416 47.4605835571247
8.74251848895027 15.1954575646689 28.0843930318258 48.1872483276031 62.1095354085357 69.0582935145086
2.3714423575714 7.51324842125692 17.7759118480626 34.114677650199 45.6298790118006 51.3649172219331
2.90674555957655 8.18151936255967 18.7508095875834 35.4200820947522 47.0965831776161 52.9535260721196
1.38118256724118 6.23045502403366 15.9028179278786 31.4459492355715 42.4850669709405 47.9780591003546
1.66643177324 6.60371757730752 16.4492528968227 32.2339013494243 43.421196881628 48.9858873719839
7.31526408840106 13.4438356240136 25.7071386908477 45.0332338818421 58.5465428253981 65.3068537582914
2.98304268994047 8.31926211658442 18.9716069798775 35.7760765222574 47.5284945795934 53.3880958928475
-2.33799649291959 -0.345531568255248 3.63732241613267 10.5034946213749 15.6695572808693 18.2422835730016
1.34620313063351 6.18466855283775 15.8612501967957 31.3001261498137 42.2254439047414 47.6940470844981
-2.32728563470692 -0.365073265038459 3.55580404608462 10.3308363977065 15.4357540220483 17.9767110128451
-2.42308481574638 -0.150304767635606 4.40040774901381 12.1676070660635 17.9920398097503 20.9167019876858
-2.26418110779321 -0.406334392572167 3.31563021693923 9.83319343490952 14.7917527521953 17.2638510972866
-1.73019153127281 1.8760086678448 9.09379158226357 20.74034980914 29.0818234053455 33.2693079509295
-0.0590323978675546 4.33123830337524 13.1181060272095 27.2356059711503 37.2870248643192 42.3210358094769
-0.425006772882351 3.8869811197962 12.5285863388407 26.3218233868829 36.0908441498823 40.9943305657656
-2.28865359425331 -0.405076235884943 3.36435317635858 9.96602380899306 14.9884457689143 17.4891358497402
-1.70792279648895 1.95989596923256 9.27761793447847 21.1960863227618 29.7621724361947 34.0265862563425
1.7402059162716 6.69761372195914 16.5849017574848 32.4285549805844 43.6535189919052 49.2375911157705
9.0039981442947 15.4964056843177 28.4995246266361 48.7071529202495 62.665277799337 69.6602920639622
-2.46924906654378 0.094951109269184 5.21789739815503 13.7751069700352 20.0912774053815 23.2599880411984
-2.00222655877136 1.39198847783069 8.18033986616876 19.1863079146407 27.1024835579185 31.0729793323268
-2.45287685075618 0.322288428369524 5.87456922393393 15.1550075179501 21.9855025883072 25.4006572555686
8.2065686981761 14.5198594404461 27.1590946791451 46.9543217216825 60.7215266116457 67.6146983835119
-2.47063961260657 0.310433485721253 5.86861228753053 15.1660644888321 22.008410144487 25.4226200086297
-2.33623676819707 -0.363619171374138 3.58170061045272 10.4571356248686 15.6732976395029 18.27290064884
7.44585137778583 13.6592168945003 26.0913581967824 45.4727711556225 58.9088764425044 65.6392800441325
3.77739935878108 9.22511081017938 20.1218237431258 37.4517830933317 49.6614194651125 55.7650026255881
1.03143923493876 5.75388802323497 15.1988019508213 30.3802022915489 41.1809438098619 46.578380765003
9.62962744895661 16.2754049432044 29.5931010149732 50.1060377478706 64.1672416353584 71.2255938933939
-2.40533609353169 0.559551757877866 6.47745137627713 16.3133766501769 23.5075265652342 27.0895738031413
7.95638198839492 14.2421992631862 26.8358470486114 46.4814508054761 60.1059179288788 66.9408461330985
-1.86466718317042 1.57018049913778 8.4334620771666 19.6091236548087 27.6584142399657 31.6785222083607
-2.31416429945928 0.814804475289282 7.06019812693235 17.3838589617728 24.8985499228209 28.6394234557418
-0.895441394214771 3.17982976061953 11.332555844488 24.4014791422321 33.7023618785013 38.3660811524119
2.23530878564847 7.35637128071339 17.581772163106 33.9016454062671 45.4286046007295 51.1732995855398
-2.3064742509953 -0.405292511361966 3.38782356764443 10.0149402848739 15.0457810320308 17.5458038496842
-2.39271633817264 -0.176653210193081 4.26126082450674 11.7854566221069 17.3855082488258 20.18783336426
2.1115182078133 7.21828137383872 17.4327308818327 33.6561302622357 45.0741657434942 50.7796185627944
-2.36594432053887 -0.327034896020538 3.75215227125528 10.8332619579311 16.193745001718 18.8683244833918
2.82648122079319 8.12633779206208 18.7334334585663 35.4410506474769 47.1231108802718 52.97420817095
9.29148661179343 15.8697119771706 29.0227792773115 49.3932505501298 63.4173853365682 70.4304870883781
1.97511699371086 6.9841991031082 16.991654607265 32.9992820657119 44.3308907585245 49.9802957563943
-2.34063756205183 0.742680011957085 6.89941036505486 17.0914236099844 24.5206658215318 28.2205162126984
8.47390186936639 14.8637713631067 27.6261627561583 47.5897490448517 61.450742833849 68.3680973436373
-2.31126688025453 -0.370256567497776 3.52052036321414 10.3220736936531 15.4953015389254 18.0777514291874
-2.45692287331903 -0.0463321973166842 4.76790473151452 12.877991695964 18.9046468347209 21.9283926664706
1.22278311679798 6.01989135657424 15.5927925866065 30.9923770674681 41.9418056556863 47.3940010715663
-2.43790991439317 -0.176324846717211 4.33729791086226 11.9186348541161 17.5183399912007 20.3120754830638
0.532697950922299 5.1071220344121 14.2487903057708 28.9943373914757 39.5110812155832 44.7587202096152
-2.35833346451384 -0.338625033662269 3.69185069320989 10.6132416191244 15.805104970655 18.3874415663692
-2.40108333233428 -0.283224714819558 3.93920394452452 11.1188379570758 16.4669166373064 19.1284155909676
-2.43576617264064 -0.195043923266306 4.27427321454813 11.7912047813991 17.3480663239205 20.118350928927
-2.47194857006585 -0.105057146933012 4.61106648040191 12.4471299453702 18.1876078632557 21.0490062136951
-2.49135539804666 0.0167478208598017 5.01267530767227 13.2175355536134 19.174851561767 22.1452335386429
-2.49037044715006 0.161098054461424 5.44389983363182 14.0331753771551 20.220305350156 23.3070190802507
-2.45757919504236 0.337551317776566 5.91184909760724 14.9138583231009 21.3633288152786 24.5853391052561
-2.40931287519108 0.523735412164896 6.37472708234436 15.7723505818254 22.4756744828104 25.82563636765
-2.33901884587243 0.751240265833324 6.91525873267086 16.7649765714213 23.7610391860676 27.2568846280467
-2.20313662126852 1.04257736707069 7.52324737954552 17.8719177437589 25.2172500058589 28.8936414158549
-2.02537197329428 1.38669758676243 8.2043739653762 19.0932607905438 26.8222021072069 30.6946732549083
-1.79165695068928 1.81601796661026 9.02017962638421 20.5188604028102 28.6750623126399 32.7564302032943
-1.50255398147373 2.29950320784295 9.89121662356645 22.007481046625 30.5992724967011 34.896324527826
-1.15511070818214 2.8481224678713 10.8429782041481 23.5851374712942 32.6089523247434 37.1225512547195
-0.749800612280469 3.4492204244834 11.843457012131 25.194006719552 34.629648741146 39.3559616609721
-0.305087350665847 4.08493174366786 12.870006407476 26.8045842432271 36.6265818301421 41.553244373614
0.17791170024659 4.7627630180634 13.9360922945753 28.4340437838655 38.6164115630334 43.7213123518801
0.721704747885034 5.50562607012111 15.0641139294987 30.1135426603301 40.6441490397325 45.9112591646131
1.32313586191356 6.30884408213356 16.2590748374905 31.8649593799803 42.74515056188 48.1771018581232
2.04531385301148 7.19969158795592 17.4930242868569 33.6358757776311 44.8865838544917 50.5082458719626
2.82153573194552 8.14911781124595 18.7972187336639 35.4888471780342 47.1156095354819 52.932624049191
3.6896487777729 9.1920893115101 20.2015186852169 37.4547007281774 49.4690779251036 55.4899596326706
4.63694925770012 10.3284087654888 21.7151388773718 39.5413483024702 51.944452384638 58.1594777823076
5.62842270688828 11.5148373420003 23.28543475253 41.6825733908361 54.4657731325325 60.8660061216611
6.63071458363096 12.7071161227638 24.8549306601191 43.8049502622149 56.9508095040984 63.5297290662212
7.5420599821361 13.7778847282759 26.2525606145135 45.6847841482736 59.1470640854121 65.8889766282402
8.38414764423465 14.7849957364935 27.5905072822105 47.4600539346483 61.1783225345631 68.04841921651
8.99183715990488 15.5177012932273 28.5729305140416 48.7541381318424 62.6410855230924 69.5947079854173
9.38711521919106 15.9954846343731 29.2211495389472 49.6031590465659 63.5885608317269 70.5959729121403
9.58393973586558 16.2257432749874 29.532633231025 50.0142004792718 64.0490621458461 71.0929422572543
9.67685708678499 16.3363187524707 29.6807553638961 50.2142032710664 64.2782155911411 71.3383133298808
9.62294147369897 16.2760642482774 29.5940338270858 50.1125709890969 64.1792547966095 71.2288306682046
9.48145958632341 16.1081056109596 29.3581934734644 49.8197023922943 63.8726054655569 70.902100468137
9.2519808464691 15.8240379351439 28.9599457549483 49.313918218943 63.3319386953268 70.3382443009663
8.91608851439379 15.4109161058429 28.3841313930734 48.5752936786925 62.5329696826689 69.5007080166023
8.49722756996532 14.8938726691973 27.6678725640107 47.6453987911419 61.51303297147 68.4323995798704
7.80853566300468 14.0561717715017 26.524533219606 46.1442958692957 59.8348956575637 66.6606513605718
6.9378303315906 13.0011719301384 25.0953204481801 44.2546297739313 57.6998033708115 64.3962843762091
5.98308734275956 11.849820456336 23.5509709124041 42.1904485535174 55.3320933137538 61.8730981894573
5.00828843103259 10.6878307259991 22.014291935749 40.1041724006573 52.8856757180998 59.2476388467539
4.07786327385335 9.58101278209824 20.556028839135 38.0931180813486 50.4889641307098 56.6610397260449
3.19984179921644 8.52887710512346 19.1579142797346 36.1394621023376 48.1410479127306 54.1173295789664
2.38221610302035 7.53889949224096 17.8280301831854 34.2610164003189 45.8726848728491 51.6553108538392
1.65467257374639 6.64565273415053 16.60604858894 32.5029421427204 43.7305216077986 49.3236012042993
0.991333116427004 5.81841160401982 15.4464436783037 30.8071039121248 41.6531235130236 47.0566124893448
0.403468243413192 5.06009602490953 14.3443044162145 29.1671548370594 39.6413792127461 44.8604176594432
-0.126630235486291 4.34131720622891 13.247567625968 27.5103525081836 37.6160897180911 42.6500190326454
-0.596903396603424 3.66563155686251 12.1658373198565 25.846010741989 35.5814507998249 40.4285854535294
-1.00304216861534 3.05260201853393 11.1451509767473 24.2300660447937 33.5815045041547 38.2376502611589
-1.36033364671763 2.49129061087441 10.172002754462 22.62441305472 31.5463729229413 35.9889489489018
-1.66705743450106 1.96894892586388 9.21746727878271 20.996238504839 29.4562859360708 33.6698387890923
-1.91376840984592 1.48415132844773 8.25967906043337 19.3061934260071 27.2687900489313 31.2369996840286
-2.10843288344283 1.01937409631488 7.25533293533134 17.4790147889081 24.8890640264911 28.5838208757288
-2.26455189891645 0.486225689741578 5.97444606104756 15.0897905199087 21.7732815010888 25.1116726369209
-2.3385899846869 0.0619879341202188 4.84934071079524 12.9498326291403 18.9801752710154 21.9931029602812
-2.38096487726669 -0.111430376405001 4.41096662290575 12.1183951056983 17.8914384061249 20.7759505501478
-2.43807595542939 -0.100778456979339 4.55427581128146 12.4288300400065 18.2991522858939 21.2342849583614
-2.46924097590368 0.00145100099608433 4.92818369840339 13.1818703521107 19.2904181614901 22.3505587698283
-2.4657039581927 0.179438788426205 5.4525875699084 14.2032998624306 20.6305818587626 23.8464028470433
-2.42904231022797 0.415236675455901 6.08029044092061 15.3944212315771 22.1828792083154 25.572451865812
-2.32578176865331 0.714633721925338 6.7758623963506 16.6832917615892 23.8646738136492 27.4524609785383
-2.16632117625662 1.08142279657672 7.562721820309 18.0951700069459 25.6893710381381 29.4881291472335
-1.93906478166721 1.51748848237665 8.42503695264265 19.596432808063 27.6163434099214 31.6352252381092
-1.6513943290916 2.01487333504603 9.34895145740079 21.1615706726592 29.6100595656951 33.8488642546892
-1.30969800507056 2.56260840377479 10.3101117787617 22.7508334840021 31.6226204836965 36.0735815195672
-0.914604773655863 3.15522300826392 11.2960638814044 24.3433847368351 33.6279828081777 38.2831447971106
-0.466141510479261 3.8005351677722 12.3281110910354 25.9719414645402 35.6625315834737 40.5146141062279
0.0465212246943567 4.49703080682798 13.3918914184573 27.6122372819885 37.7003907542263 42.7500405722703
0.622371849496722 5.262503203107 14.5319196186305 29.3251519697183 39.8010307135357 45.0407289201766
1.24313038088371 6.07325207124776 15.719201171317 31.0733826697811 41.9206090986544 47.3432087680882
1.88443236468042 6.89710588539905 16.9116233467942 32.7923510195938 43.9744805730959 49.5667432607833
2.51008878068786 7.69641469405945 18.0659873667048 34.4343966386366 45.914257352204 51.6607984657429
3.05385246584202 8.39536548505231 19.0809915755872 35.8548970427671 47.5633604339724 53.4285027312969
3.48476869727404 8.95319577922615 19.8996542753856 36.9861944409743 48.8544657173729 54.806080887198
3.72839870376202 9.26804159128997 20.3636122425033 37.627309734811 49.5830209932794 55.583785713159
3.83564432315748 9.41339012359613 20.5802549437316 37.9300279354975 49.9279630027707 55.9452723925128
3.89162948980815 9.49299106817388 20.7002581410298 38.1039250337711 50.1302257909072 56.1549475200161
3.85857643835388 9.44918702581211 20.6360497166269 38.028437119472 50.0547690498151 56.0784761400234
3.76100987703626 9.32687276886845 20.4585431515444 37.7959013790709 49.7986911588357 55.8048953898068
3.59469063096 9.11637938997562 20.1525241879062 37.3862142798501 49.3398992362095 55.3147796855277
3.32111915546231 8.76491333920556 19.6351285680271 36.682604942554 48.5471917353661 54.4684363172585
3.0209332805067 8.37203457676003 19.0519786865023 35.8866140253786 47.6517486929478 53.5171158460808
2.58025753104398 7.79455376171179 18.1968359661441 34.7033890677574 46.3027149203133 52.0789415152939
2.03577050734726 7.08250834392827 17.148070619519 33.2322325954775 44.6004852527956 50.2564709500999
1.43334937340104 6.30321711397684 16.0122138904029 31.606511564154 42.675320907531 48.1804136096546
0.815367629398683 5.50730877572557 14.8559708004157 29.914303181259 40.6267007004772 45.9548595680763
0.203429056707975 4.71061716750329 13.6883577918291 28.1821700292462 38.511900091698 43.6486593581073
-0.331304063856043 3.98694678171927 12.5950792921509 26.5151759576812 36.4531229318086 41.3954288534742
-0.810594903584358 3.31847108905073 11.5498865948295 24.8776101722971 34.4039781955317 39.1425706012034
-1.24320176294416 2.69340602079096 10.539018972678 23.261410842929 32.3672667892537 36.8972745068719
-1.61677541226616 2.1175481391467 9.56262535732039 21.6716555715877 30.3622313133823 34.686365973264
-1.92970145728935 1.59649144412552 8.62637835190183 20.1094827622682 28.3817380997533 32.4975330495713
-2.16530698139451 1.1474347301308 7.75369444351404 18.6075863596076 26.466094570333 30.3766208405559
-2.34239788977612 0.752948611876322 6.92909400040992 17.1499389488491 24.5963271852929 28.3020259888853
-2.44887243378756 0.441027808306465 6.20417462243121 15.8072561715285 22.8453357003349 26.3474353185999
-2.51046177432521 0.182471805367278 5.54787497380988 14.5490975306834 21.1848515034739 24.4863502749218
-2.51381619655774 -0.0117073315741865 4.9748682545425 13.4044937592689 19.6590934985628 22.7718762880499
-2.48722085019758 -0.16263433541011 4.46720445996075 12.3573120942094 18.2480334780477 21.1783177425749
-2.43814164460348 -0.275817942469967 4.02855261232928 11.4277327866778 16.9862430926036 19.7502520781892
-2.37861555497473 -0.352213266907975 3.6801895188455 10.6683398962179 15.9455903354352 18.5676887976872
-2.32384504083835 -0.397496102889048 3.44031571196618 10.1329140767341 15.2065725466098 17.7264207990577
-2.28650658833786 -0.4230459489096 3.29226847548122 9.79219339705527 14.728553291119 17.1797030550669
-2.26367251674971 -0.442091278321615 3.18968742582886 9.54826708003897 14.3774412343769 16.7740440925069
-2.25972083865329 -0.447135019059111 3.16487511751384 9.47902436163863 14.2685289025481 16.6452838934826
-2.26841547395398 -0.446914740256452 3.17742691293361 9.49583545200591 14.2789157934419 16.6523404915551
-2.28666926209345 -0.439300131876399 3.23105170812239 9.61017373380068 14.4288941396523 16.8199505921521
-2.30718142712017 -0.414413290870146 3.35025693487678 9.87455523440876 14.795297702178 17.2385993672417
-2.32778813585021 -0.379213589548029 3.50681136347899 10.2195677321811 15.2742395541047 17.7867461852064
