1.06222371531742 1.62854079370397 2.72622962570663 4.38974430910389 5.51912237659098 6.06297662775231
0.988549563213396 1.54124077965461 2.65772701563354 4.32123410384371 5.43252680073538 5.98840998483341
-0.962715465416578 -0.44949587630826 0.723628654862376 2.39240193971892 3.43784888633602 4.03743043402942
-0.73687370050816 -0.229307872542531 0.953313997072566 2.62151282246333 3.65734723553363 4.26299695824487
-1.56611189930654 -0.958933278525632 0.0761420627977277 1.74644097009404 2.930214352873 3.43551667833617
1.25348070391916 1.78582943146715 2.93515128198164 4.59866495424269 5.67581776100616 6.25570661058855
-0.208072554238455 0.330514637035552 1.46644606402324 3.13394646583151 4.21811203996112 4.79215688489352
-1.16812875519511 -0.622500864205646 0.502184328925635 2.1713231557146 3.26532039843011 3.8321362359891
0.429871447009344 0.976914342618897 2.10277797116707 3.76683651303797 4.86790849435439 5.43004446587374
0.0176628281691722 0.561674554333803 1.69028507300363 3.35697594455913 4.45043966527189 5.01852174266847
1.21641075638972 1.74723109204931 2.89816306684608 4.56164282277155 5.63741742902216 6.21803516740149
0.0537323134439892 0.589888212067133 1.72999045166875 3.39663290694073 4.47857228605727 5.05443431352529
-0.578533544379521 -0.0637056735682077 1.10854028073364 2.7763977701126 3.82258153602653 4.42098607372341
-1.36171656111737 -0.815735624058788 0.309659513669158 1.97973423501989 3.07295791076022 3.64006855200011
0.071256164419035 0.59699973259956 1.75241085070068 3.41901426321263 4.48541067355811 5.07196727668853
-0.897381909118121 -0.385806338232647 0.79009425816624 2.45868325551327 3.50132537871835 4.10266874979875
0.000209304721493752 0.58362969399977 1.6554465177457 3.3216193507603 4.4733020185877 5.0011756014989
0.940204262973489 1.47760016010256 2.61604659331779 4.27965156363322 5.36937497701918 5.93960901900499
0.0046033729435586 0.573775183036416 1.66572478519946 3.33225973606855 4.46316868179825 5.00527279330781
0.0504572913544679 0.574151226800288 1.73254372495973 3.39919691819549 4.46241310939055 5.05126200604844
0.713251551962173 1.30520211632152 2.3628365482207 4.02636791275794 5.19689764268735 5.71215234407361
0.576091961849914 1.11905651241698 2.249823180272 3.9136438864085 5.01056121879122 5.57539103080278
0.195479657089456 0.770891553836434 1.85556378927486 3.52026898042457 4.66134000789568 5.1965601764395
-1.22945914513854 -0.699916865583009 0.448870611956813 2.1184965545746 3.18831236841541 3.77158215881834
0.538786174786976 1.08295522023447 2.21225005521909 3.87611246967899 4.97433378482292 5.53829963603009
0.630599939602982 1.22208255712832 2.28034675379647 3.9439170508006 5.1138128070239 5.62943587106298
1.08048436248744 1.5980653994936 2.7664679870321 4.43000816689365 5.48946707671942 6.08051525548031
-1.54819589020975 -0.94728786903314 0.0970868113716146 1.76738038380472 2.94183387638164 3.45347614531807
-0.608009603599861 -0.0448429665978154 1.05613119366553 2.72372136958301 3.8412922748681 4.39131723002215
-1.03375723621018 -0.452994204723211 0.620744713547469 2.28917379522178 3.4340242715603 3.96562323595689
-1.05001004488709 -0.513744773172689 0.62509542077948 2.29390338804863 3.37368975759453 3.94999241856108
-1.10155455403957 -0.517490540780401 0.551054656061906 2.21963334322285 3.36972110322075 3.89791918169943
-0.496361791709119 0.0567623539688116 1.17238750760368 2.83991549546375 3.94303576895643 4.50311943262001
0.428594658185051 0.988995991503296 2.09490266606871 3.75890122653214 4.88017167469863 5.42877175350012
-0.0319846680683717 0.55771852082154 1.62001807078142 3.28659849495071 4.4475569562044 4.96874318209365
0.265092339714488 0.839388784517085 1.92558048320089 3.58999060089246 4.73011797982423 5.26607444832447
0.0306994682812628 0.583728088414551 1.69892331308997 3.36561957543368 4.47283624302076 5.03114727817896
-1.0217926589429 -0.469776193827677 0.646102434571802 2.31467374167232 3.4173925059408 3.97791877241572
-1.46865954876503 -0.868164555373677 0.175883472927112 1.84571839835047 3.02047124736908 3.53236014194751
-0.026665500746936 0.55693354239518 1.62762936897242 3.29439858994059 4.44668412244391 4.9737280884036
0.0594762022410223 0.576512307231497 1.74468510496483 3.41125852103626 4.46452761785213 5.06021052110874
0.0169449120766904 0.597366363081617 1.67366011227989 3.33966171865572 4.48698702294496 5.01796353136988
0.350464994405185 0.922068147598963 2.01187048981921 3.6760174924879 4.81311240924243 5.35114255552759
0.185856451183709 0.764465383323892 1.84428415893006 3.50900462509817 4.6548757447403 5.18693104052778
-0.553938888049238 0.0191290450306803 1.10549777375241 2.77293628976481 3.90527761168698 4.44555284155928
0.283746817919887 0.848558104123355 1.94875972896696 3.61316072688494 4.73922029400945 5.28459524914051
0.325033274099457 0.893692094502605 1.98804519360312 3.6522847731389 4.78459614095811 5.32581355464897
0.186890787648757 0.765217046558126 1.84545706724771 3.51017600339272 4.65563021413047 5.18796264553559
-0.635432088463108 -0.124174701618004 1.05325941749714 2.72123397928784 3.76221537723056 4.36418126391408
0.0307159679115569 0.585216042931097 1.69789495977085 3.36470288142431 4.47440618163289 5.0307427639561
-0.0676691834087452 0.463979612509209 1.6103827646222 3.27732226802352 4.35183190429212 4.93296472177183
0.039905756743702 0.6183931229248 1.69763170200434 3.36341551282771 4.50803729944154 5.04095808223512
0.670019609798627 1.26896166817622 2.31625520000008 3.97979423707376 5.16066928466051 5.66883242355593
0.972516870495749 1.54531401989382 2.63253133659048 4.2960357821827 5.43634017622136 5.97257407800135
-0.421657882236975 0.115253368255525 1.25457026083556 2.9221636474486 4.0017155911475 4.5778935625687
-0.0147343847823184 0.583407947582214 1.63456917866082 3.30054570441842 4.47339599973236 4.98659099626104
1.1503273350799 1.70544845778225 2.82050988207236 4.48402459544122 5.59566282935697 6.15182486145392
-0.183824949717157 0.355400650694904 1.49040323597895 3.15779919166287 4.2430702457758 4.81647584742318
0.0841230087363818 0.670562644101255 1.73917904631493 3.40443148617739 4.56072430162416 5.08548809687477
-1.52243485866413 -0.898161651321022 0.11057277804674 1.78036748203424 2.9905010270382 3.47841480851109
-0.572461308653745 -0.0582904387923704 1.11493142400092 2.78278344058903 3.82799090848802 4.42705624643418
0.0190627675334148 0.539803095533797 1.70245401790011 3.36909404926711 4.42770652418541 5.01979335610477
0.0102290011038854 0.554904964656485 1.68253545379183 3.34924031293411 4.44365745278436 5.01110123160837
0.00995772410317066 0.589528964068892 1.66694215880444 3.33305259137506 4.47911294671389 5.01093086124399
0.911358316881847 1.46129953661455 2.58121541009687 4.24478690570161 5.35299923603272 5.91072170965521
-0.272032099361096 0.281293409476058 1.39597813897259 3.06314022273224 4.16834158292175 4.72799794147082
1.23696797446495 1.74964961554654 2.92690042312795 4.59035385613588 5.640025115611 6.2382571959879
0.0146154011260669 0.576897147943127 1.67840353680924 3.34516810595768 4.46621982623567 5.01482191116378
0.478622172917927 1.0410155022905 2.14342122404222 3.80730267754827 4.93236733275868 5.47838981165797
-1.60485327590279 -0.983118595680383 0.0303538822438878 1.70064974099016 2.90606460361459 3.39666009377345
-0.373809201069744 0.187447196358632 1.29071478442306 2.95800543981199 4.07410099674723 4.62598716413487
0.0113411250477987 0.587053869526324 1.66997201097019 3.33613885555455 4.47653991183957 5.0122774288296
0.370910900175866 0.943362068652653 2.03171909887347 3.69580338999585 4.83448662180109 5.37145110614229
-1.25740280952254 -0.724979803931981 0.419698026537758 2.08942142991754 3.16334385843982 3.74379438630236
-1.41247900782435 -0.827403862090937 0.239355767478593 1.9091111979011 3.06111256110394 3.5884930392478
0.308341951843522 0.881801575736638 1.96909804398069 3.63336399356462 4.77270941325324 5.30922514059095
-0.877096777417903 -0.33348656014356 0.79547129200927 2.46374378419454 3.5532896321873 4.12248113098824
-0.266585339870934 0.286517128799281 1.40153274584725 3.06867546214621 4.17357922671239 4.73346381438455
-0.158291805492884 0.377727482768338 1.51740002558881 3.18488299022534 4.26563280655132 4.84216036493479
-1.40106489379358 -0.846531343003237 0.266426702036071 1.93659415108735 3.04228738533429 3.60081582483061
1.39394862749674 1.87288601425309 3.10106623065782 4.76449656523106 5.76282908315637 6.39632941914944
-0.4352239501583 0.100988898946556 1.24140395883028 2.90900588129474 3.98740365783441 4.56430706722797
-0.077154915035543 0.454914601860785 1.60074190472998 3.26760134483711 4.34260429845731 4.92340884721555
-0.399614479504826 0.138946345660686 1.27570843724799 2.94328681732633 4.02550203896077 4.59998275999307
0.0847709061720192 0.606954204998432 1.76758164622575 3.43414640019367 4.49528496004878 5.08541665640785
0.0329772400796944 0.582956724441292 1.70275419393628 3.36940475414355 4.4719691357106 5.03360782190941
-0.794305363946336 -0.221207246704028 0.864798598996443 2.53267577110067 3.66515504002778 4.20488641954911
0.790752323115948 1.39472072566171 2.4351173467148 4.0986023313871 5.28612834954917 5.79000385657653
0.081988472852033 0.598225803090518 1.76760751862866 3.43414862972837 4.48632974576819 5.0826887584807
-1.13101097078288 -0.542556260855239 0.519406474395314 2.18803682430107 3.34472804052528 3.86847965545138
0.254783621332272 0.825600539832693 1.91697299334941 3.58145056821803 4.71623851395886 5.25573947328695
-0.10237472211298 0.432535701401626 1.5741688511655 3.24107356687677 4.32014854606631 4.8981214850447
-0.236626447957272 0.303726788384507 1.43713444512034 3.10463231157796 4.19115289415607 4.76349207717875
0.0985031104137092 0.683966720225451 1.75415058170309 3.41931618374267 4.57421221184489 5.09988426416495
-0.00682370567674285 0.569146532736911 1.6512024386926 3.31776812309338 4.4586966978504 4.99379021101528
0.330839636345312 0.902334213631756 1.99243601650779 3.65664205628322 4.79330385608466 5.33161970786309
0.0729702868376652 0.602604339855054 1.75222927548924 3.41884243781839 4.49115184025239 5.07356931714326
-0.853893296685957 -0.283880258342026 0.806431406284874 2.47447202050037 3.60266024437654 4.14536426602197
-0.01604154617013 0.510203572194896 1.66467736735689 3.3314662003644 4.39815784578671 4.98469993972385
0.018898289019032 0.604368121190464 1.6735774081877 3.33944817541216 4.49412984724858 5.02002358121894
-0.657900550422594 -0.14933282102791 1.03202535216893 2.70005975691314 3.73712590733679 4.34179992512622
-0.673150628998197 -0.100504582246994 0.986492049212835 2.65411910259674 3.7856189517354 4.32611476616056
1.37679034612928 1.85946690838101 3.08200032714517 4.745431680023 5.74945115971102 6.37903939424149
0.345388754572064 0.918570440486409 2.00605181613737 3.67020458816314 4.80961675202588 5.34609843562068
1.2616903964914 1.77789950837915 2.95048458433853 4.61394584527143 5.66803571663875 6.26343557645408
0.969882705190285 1.55515325211382 2.62435362991301 4.28787933546724 5.44599802461368 5.97015172366199
-0.101904239312532 0.43342801187786 1.57425338777685 3.2414536862113 4.32141836621745 4.89869039366727
0.0712811538531371 0.653443260455586 1.72769332948111 3.39312283419427 4.54332597386517 5.07242776473465
0.358112793872392 0.931139784002975 2.01874760761365 3.68286460059241 4.82222805198645 5.35874063302694
-0.821801983764762 -0.303297166043145 0.862838196385218 2.53115399142336 3.58351019299676 4.17803757647698
0.922902776364136 1.52035737059961 2.57143325413026 4.23496618666738 5.41128426590664 5.92300226805846
-0.143778024123283 0.395961013447316 1.53048978434673 3.19746520603979 4.28344999046298 4.85661139552841
-0.75718721902813 -0.187302064979513 0.903537782738416 2.57135227167825 3.69898775778795 4.2420146864598
0.530347318012432 1.09354532189027 2.1942799120606 3.85806796032905 4.98504171363391 5.52973222654143
1.42974505990477 1.90452830435327 3.1392802792321 4.8027291861606 5.79435560879437 6.43258026571959
-1.3048974732033 -0.764078724263568 0.368393462689218 2.03823321784263 3.12437517761406 3.69648009936039
0.0164803807783739 0.538565655668321 1.69923249971175 3.36591012646083 4.42653364042842 5.01724072280673
-0.0492197975847157 0.487507212836638 1.6264533446325 3.29351497617821 4.37585299855709 4.95158104123427
1.48585092811365 1.94973966569284 3.20110954703784 4.86457993203333 5.83947630359683 6.48927239124038
-1.11186540505764 -0.537092141184453 0.544988019338653 2.21364475118955 3.35021259417967 3.88774066528015
0.887138810258863 1.47899983526854 2.53774161376951 4.20124462988722 5.37018371461904 5.88683799356167
0.605050165313745 1.19003093120566 2.25792482961649 3.92152767106889 5.08174084940538 5.60395214112109
-0.212657661967492 0.330356047102834 1.45990313442632 3.12721827638562 4.21779461845396 4.78752287678451
0.945860144712949 1.52061344558551 2.60470778765445 4.2682091102651 5.41175886646569 5.94573727776598
0.532923988664537 1.1024100627842 2.19367918511904 3.8574298149075 4.99394727751686 5.53222766806189
0.954810326355747 1.5478855713528 2.60566352237136 4.26920387186156 5.43870338965454 5.95511061687503
0.235091779846985 0.803579766627244 1.89847982653485 3.5630516824103 4.69408693497939 5.23607036284391
0.559620792552766 1.09811923631754 2.23581655007147 3.89966750141028 4.98949142097673 5.55907830133146
1.48744836805936 1.95248442911838 3.20226282735806 4.86574286752831 5.84221622033915 6.49097930310584
-1.11380516365511 -0.591555663404672 0.567766014147887 2.23697855446027 3.29627162980682 3.88668972032456
0.70120635634392 1.30074124563337 2.34721409823835 4.01073207050899 5.19240624184103 5.70007712934737
1.33369357192337 1.83089779432672 3.03189157878351 4.69533713906344 5.72090086370831 6.33581585598534
-1.40816300106476 -0.850724446895038 0.257901875299081 1.92806499131354 3.03810133091224 3.59368041280875
0.801910323061514 1.40382785732068 2.44727735782937 4.11076274933839 5.29522321591181 5.80120012625307
-0.479898486725076 0.0491794728883147 1.20033079889222 2.86799448390375 3.93546169227563 4.51957820833632
0.571827487452631 1.14436622730914 2.23081866789541 3.89450177992556 5.03600549506244 5.57089127563444
-0.0410983530417367 0.4943364462233 1.6352125535712 3.30222980126516 4.3826527563566 4.95970667438286
-1.07930170019253 -0.529783382319558 0.589466461360192 2.25823225605083 3.35762689098373 3.92057444003411
-0.000545253005694021 0.569803252768072 1.65967966168954 3.3264122148544 4.45927495699237 4.99976128398057
0.839815599889237 1.38617757889267 2.51104978623379 4.17469704862647 5.27811386814053 5.83887101661465
-1.07610731035663 -0.520631243373879 0.589899011113077 2.25860017101935 3.36670779641806 3.9236764015298
0.146269608832032 0.726662807659775 1.80378455767964 3.46870119137321 4.61689311091465 5.14738122005624
0.495479166786235 1.03734252416984 2.17049791469781 3.83443786866622 4.92852116837352 5.49528373131823
0.497664811894041 1.05130978596663 2.16669967578896 3.83058664726577 4.94264535672861 5.49736698484528
-0.826931732300647 -0.293794407126672 0.850792083933424 2.51901482616205 3.59290519486351 4.17269775855648
1.03868259800098 1.61025940836945 2.70006613415175 4.36358565938713 5.5009033677631 6.0393178917892
-0.327154157891744 0.220297490297271 1.34362400829666 3.01106339221408 4.10720375498178 4.67268399954621
-1.13645968685462 -0.576104322927723 0.526985163275275 2.19583561018654 3.31142846235324 3.86341858120114
0.413247151723998 0.974918636077811 2.07906752152094 3.74309505012802 4.86605796324967 5.41353349097437
-0.366917067657041 0.181655229120944 1.30350332203316 2.97095689564913 4.06836776806706 4.63281631788058
-1.066605476204 -0.486106196581529 0.587843073753371 2.25635276297463 3.40101265343726 3.9328355354975
0.897621453173289 1.49742203846846 2.54482174846803 4.20834426905259 5.38844311704683 5.89754850736952
1.01004170530414 1.59490735571518 2.66522474534982 4.32877035935293 5.48552667539949 6.01069977090542
0.351121028395069 0.906531643437707 2.02041377020377 3.68463659736411 4.79732296248765 5.35170549010027
0.04789086569954 0.593051833023805 1.71966684994992 3.38637319014764 4.48200441764471 5.04824464644458
0.937883200098086 1.46989119684393 2.61622297889851 4.2798619535915 5.36175580153198 5.9372351085215
0.00400360890133991 0.598731248492179 1.65490116569827 3.32073727012449 4.48869978504025 5.00533653272801
-1.31469791616152 -0.722132003746631 0.333086465179943 2.00228729551719 3.1658784839996 3.68540737770094
-1.25270129778398 -0.693506697162177 0.411113147310516 2.08044036364237 3.19454093037643 3.74773734583038
-0.69417721751876 -0.128230599162264 0.968575243802838 2.63628310981514 3.75794706764073 4.30504647258076
0.0165782104120206 0.576126859558759 1.68208945850116 3.34864089151868 4.46529795673426 5.01731454828883
0.925760086997467 1.52285783148114 2.57448227301062 4.23801607140337 5.41377487296049 5.92587780045299
0.530836376270887 1.07569703350489 2.20402161146622 3.86789280320398 4.9670542068994 5.53039419335864
-0.0327706987666111 0.560793572333495 1.61779779071776 3.28423550150332 4.45068884120489 4.9681446060894
-0.81938408742679 -0.303190597942615 0.866357507183923 2.53468512779279 3.58362974899381 4.18048583453873
-0.386448374817977 0.159573817280485 1.28525401069369 2.95275269539005 4.04620422906633 4.61321786251396
-1.15710752065772 -0.608628450611193 0.511861468112137 2.18092069353338 3.27911689725358 3.84304921085029
-1.38346809571263 -0.831702087875877 0.28519837321635 1.95530763478736 3.05704754510792 3.6183317760475
-1.18137256776716 -0.640651604108759 0.49128476263839 2.16054002849714 3.24727452314568 3.81905989698412
-1.30758992798874 -0.748152710380255 0.356326162216913 2.02590728219797 3.1401296801752 3.69322700813667
0.459399126182449 1.00388975873235 2.13336920403039 3.79737185038174 4.8949656516712 5.45940818110322
1.15996849827687 1.69432989668864 2.83932368946743 4.50280078717778 5.58482571321577 6.16098437968307
-0.242577297083159 0.299371024368664 1.430484235451 3.09793476506499 4.18673847934362 4.75751992349304
-1.54245566501297 -0.941737557546786 0.102842073741989 1.7731057588737 2.94734707210596 3.45919026811526
-1.49801263623953 -0.892666052648552 0.14435860529274 1.8142833626722 2.99606973653151 3.50312704882236
0.0126305783170322 0.584546148980843 1.67289521468639 3.33911834960886 4.47393948856983 5.01353809806008
0.837143449357607 1.44022254875697 2.4822601419194 4.14575769842754 5.33147603492725 5.83665791677985
-0.031273415894133 0.500163165584544 1.64693808382864 3.31389979174433 4.3883550715165 4.96952783107763
-0.477096339436328 0.0930224675966973 1.18354410761294 2.85090288110321 3.9793556085956 4.5225294773484
-1.53565927758753 -0.940519958183794 0.112474667707034 1.7827846813722 2.94860347103885 3.46606748440261
0.887544374408799 1.48615728852151 2.53515201938928 4.19866541039842 5.37724515808682 5.88736165536983
-0.312044402730697 0.24229857926718 1.35552198932163 3.02279350620217 4.12921126921479 4.68786914185798
-0.553567019626289 -0.0370144878113359 1.13270646621759 2.80051694892189 3.84924210844261 4.44592451126955
0.00633024017122455 0.572475237756581 1.66812549139871 3.33499050653384 4.4619192075824 5.00631946056875
0.848563510111838 1.42245731755462 2.50700871578882 4.17052241409339 5.31403897272165 5.84782738068133
-0.896546098370402 -0.387234508648671 0.791994068133981 2.46060688870001 3.4999218366821 4.10353643177961
0.25245166338489 0.818960614027636 1.91674094838855 3.5812511867391 4.70950810409252 5.25337786533823
0.868086059280085 1.45859933113819 2.51912330390093 4.18261981172555 5.34988256072776 5.86764117542014
-1.20005733791184 -0.651694849515185 0.468935608779855 2.13817299158454 3.23623462971097 3.80031579700578
0.626907543338065 1.21478323759984 2.27836978355381 3.94195390052494 5.10651864469965 5.62576704242195
-0.182307085338869 0.359834008822361 1.49069655306988 3.15788558832491 4.24733130611822 4.81796250391658
-1.28650650342894 -0.747129781035647 0.387329643995999 2.05709678751252 3.14125548824401 3.71473813083558
0.606930450898026 1.1934612970309 2.25906060602834 3.92265589052086 5.08517317941785 5.60582054154489
0.12118739555068 0.703446735475861 1.77826579130335 3.44332189075091 4.59371755861517 5.12250005445086
-0.148826996595854 0.390903768557403 1.52538663724006 3.19243144809656 4.278434268983 4.85154098062997
-0.39019989850217 0.151720112669169 1.28346261032666 2.95100882205723 4.03832175010599 4.60942658103799
-1.10985049565015 -0.582152471602505 0.569102533237715 2.2382314539935 3.30560838734988 3.89051282425927
1.26149868940784 1.79647950923762 2.94211523770443 4.60566434981079 5.68643644014139 6.26394119079387
-1.52818627085798 -0.904917522281009 0.105372131693896 1.7752099942083 2.98378186697041 3.47273426953352
-1.33916511165784 -0.785792713815706 0.328069676420824 1.99790040105491 3.10269427449102 3.66213125992234
-1.39839689002545 -0.788667166404265 0.241200464183793 1.91057920860549 3.09956812101047 3.60187431301397
-1.45430899593099 -0.835679177563628 0.18112001341648 1.8506515382372 3.05272549143022 3.54615266586425
1.15803519908279 1.70016556988117 2.83397717000616 4.4974651402861 5.59053501819199 6.15924836215574
-1.59419302406212 -0.964149046798206 0.0366279227993596 1.70673245618433 2.92483362082451 3.40705866253433
0.0251555267435323 0.582293979559259 1.69116447397788 3.35796449579325 4.47153202059004 5.02522858812605
-1.10798040610285 -0.582971565602781 0.572262473951505 2.24141714089185 3.30480753122307 3.89242887651029
0.0334133531445026 0.586521386269681 1.70129062915413 3.36807612314593 4.47567270713486 5.03350513582088
-0.0998363295430426 0.435513438613949 1.57630939911322 3.2435200430137 4.3235358287069 4.9007723259559
0.0698510430113918 0.596630328747669 1.75051690403537 3.41712478588913 4.48507104984114 5.07055846370372
-0.541912840331904 -0.0230248587153288 1.14325585303312 2.81103666399031 3.86321832288397 4.45756256898481
-0.929666775575369 -0.404447991358553 0.751231887240745 2.41977336318552 3.48265006772435 4.07024449348622
0.46015109569423 1.01000683167732 2.13144517966657 3.79541751668892 4.90116113802089 5.46014436906586
0.0421636368808848 0.561148633315462 1.72642810045858 3.39303852504975 4.44914162372314 5.04291414904016
-0.7861330690549 -0.211784600602406 0.872416825647994 2.54026605064238 3.67454859915218 4.21305046766204
-1.46191687199563 -0.842978489027575 0.173383936011227 1.84294653479241 3.04545630541845 3.53859005952567
1.34843277491499 1.85447501732923 3.04309356041054 4.7065943534494 5.74433772095588 6.35120588364889
-0.199004817763051 0.33853484676738 1.47598229932973 3.14350130869747 4.2261987394406 4.80126575085638
-0.478588426073116 0.0478519556097276 1.20290195401033 2.87058146137993 3.93413546587692 4.5208894168498
-0.377550198730485 0.180396767886038 1.28852326278261 2.95586754694016 4.06704070714806 4.62221465486291
1.25426754637666 1.77946161956177 2.93906444893494 4.60254576165105 5.6695146193245 6.25624414433689
-0.399588040840322 0.163481485686426 1.26415827429244 2.93147610496349 4.05004010822629 4.60015891497883
-0.00393788343336297 0.519570635810397 1.67810197422854 3.34479733442962 4.40743611136479 4.99677750224551
1.29206452550892 1.78424960537603 2.99182021653335 4.6552555088334 5.67464966287202 6.29345045705358
0.82209484620332 1.40192058881313 2.47766761879522 4.14117514100465 5.29351001166025 5.82128708457375
-1.18806495620607 -0.629108332162203 0.475872360961422 2.14493024726578 3.25866172022591 3.81203278702595
1.46756945322173 1.94021957049778 3.17876393037175 4.84226122886704 5.82997239329687 6.47109436874661
-0.495190287635154 0.0758415832857267 1.16506625700661 2.83244228869259 3.96212769100682 4.50440510718148
1.31860691386356 1.81247176564087 3.01800585125567 4.68144237551405 5.70263576639629 6.32037848103264
0.159813973669912 0.739408413906423 1.81773903135138 3.48258964394084 4.6297000984774 5.16091312699117
-0.568092367571338 0.00623120962821963 1.09076884490608 2.75821884978496 3.89236096063079 4.43137999720376
-0.711121589253093 -0.203708326861498 0.979218587115394 2.64736514261459 3.68288378005143 4.28870327994439
0.661913944508276 1.25555283249052 2.31064268848981 3.97419618060814 5.14728297766169 5.66074385521782
0.0326909037346387 0.551262379456407 1.71713176072982 3.38372410081768 4.4391509099161 5.03340731932928
-0.0118903671889666 0.564816933502996 1.64558143185649 3.31228120397641 4.45440921668389 4.9885310771704
0.695360445957481 1.26986187763055 2.35308971733056 4.0166956227175 5.16170705078987 5.69421831955664
-0.0359066088688524 0.491532702457227 1.6442209581335 3.31100224437934 4.3793457551301 4.96475912227292
0.815098950245744 1.36517088973889 2.48451688348007 4.14816266407773 5.25711402840559 5.81409315201558
1.36196440783619 1.86921279858514 3.05631770882224 4.71986291876046 5.75906952304761 6.36504376429118
-1.42938229287149 -0.826260616714228 0.213524431618773 1.88311772676186 3.0621578297877 3.57122979705684
-0.545735253559397 0.0271104457326044 1.11379226216391 2.78122127693057 3.91327246827533 4.45377116469214
1.2279999652429 1.77020701350201 2.90495451515128 4.56849255509782 5.66021310164031 6.23017451188744
0.0151988755324294 0.538003094070508 1.69761014867908 3.36430762659134 4.42600549136474 5.01597188021711
-0.130852638411121 0.405311312036883 1.54479786934353 3.21219128183849 4.29332730140776 4.86968800648017
-1.35120147274787 -0.75082439456907 0.292853778147773 1.9621286073624 3.1372813774924 3.6489675204734
-0.0271137082807403 0.556466451449008 1.62714511003126 3.29393631651487 4.44622349842906 4.9732459941863
-1.16783351373501 -0.598131340219088 0.491112041417328 2.15998043181468 3.28943964174098 3.83200658011979
0.0153320960818143 0.577171646087111 1.6790616532739 3.34592056542593 4.46653114510896 5.01528363342066
-0.00775682653816344 0.565159191393722 1.65097928815438 3.3178660182389 4.45474149936299 4.99227161745805
-0.0252626870730773 0.557082790724864 1.62948302945891 3.29629994335573 4.44682350989288 4.97503749414028
-0.0377257683304458 0.552337584690039 1.61385650757404 3.28057809158063 4.44220695757457 4.96283474747652
-0.0415309358962868 0.553924603015732 1.60804988822713 3.27459664327777 4.44386819948092 4.95931010291774
-0.0372030204090669 0.561330521707435 1.61142735447049 3.27775463909942 4.45130637271435 4.96388233993829
-0.0229041069224287 0.576067928082868 1.62591710567996 3.29199032732325 4.46605986900778 4.97837219469099
-0.0032918868189281 0.594554575503265 1.64633026191532 3.31217314844963 4.4845859107008 4.99810733381684
0.0239506141258482 0.619348140490782 1.67494054427592 3.34053499951533 4.50944815158053 5.02543637877845
0.0669733448167441 0.656734496445671 1.72063245270047 3.38596505073846 4.54692304560541 5.0684176294062
0.119703493338615 0.702301081981398 1.77667766434039 3.4417374956014 4.59258573237013 5.12103633232335
0.185419523907018 0.759320890920487 1.84638611353661 3.51115797166297 4.64972167934083 5.18656091170641
0.25843777246137 0.823108378444734 1.92360123588677 3.58810570098648 4.71365206430752 5.25933446310844
0.338002229366113 0.892955897388915 2.00755905336995 3.67182774626863 4.78367932278203 5.33861283904601
0.41860114976526 0.965124712958139 2.09183741716186 3.75592242737191 4.85606460868336 5.41883585343433
0.49508726452076 1.03589588018048 2.17064392714778 3.83458740830153 4.92705696942875 5.49490290735003
0.565750436806099 1.10400448456434 2.24202176889755 3.90586673038947 4.99539602638859 5.56518036875443
0.633969643867982 1.17152486209516 2.31004085275073 3.97383370083898 5.06316676301243 5.63309877022962
0.705933662150623 1.24206632715182 2.38223884110627 4.04599050279445 5.13393079265356 5.70483954560715
0.770654853714911 1.30866968940734 2.44593208871686 4.10964951789104 5.20061028477863 5.76959606226674
0.844579842366474 1.38139514727392 2.52039199543642 4.18408075922801 5.27337669708409 5.84363100454964
0.92768549795157 1.46013398532379 2.60577940927174 4.26942572588797 5.35202034020203 5.92699859978708
1.02201769136729 1.54581489183324 2.70468569623426 4.36826734083672 5.4374365419888 6.02174916587465
1.12301602743411 1.63495379952622 2.81195480047616 4.47546979717853 5.52619409160237 6.12326758856125
1.22503656197574 1.72335315341365 2.9211916412822 4.58465278449009 5.6141445226332 6.22587241222251
1.30566285086218 1.79483557927694 3.00694201960882 4.67037320327646 5.68519765595363 6.30713142428567
1.39564734466959 1.86940147559407 3.10503858227747 4.76845432351905 5.75941980338538 6.39784012499372
1.45610257887093 1.9198260419296 3.17085536269281 4.83428006596146 5.80965180533906 6.45890054816637
1.49086475932667 1.94945836075689 3.20845337014155 4.87189733215731 5.83919968215394 6.49408491585568
1.49459449221956 1.95569762306952 3.21120546153829 4.87467156061916 5.8454226367102 6.49804705267298
1.48426737665128 1.95133963751492 3.19816298366299 4.86165124098871 5.84107461098928 6.48785123856857
1.45146212631328 1.93043678956764 3.15964292273581 4.82315695256517 5.82020975901057 6.45497991724587
1.40314032857855 1.89826164487057 3.10347475017494 4.76701419882389 5.78808403788332 6.40646634314624
1.35104854361979 1.86179839378989 3.04369096356869 4.70724117192623 5.75166671489087 6.35407660442716
1.28739253156329 1.81599300215605 2.97120179946505 4.63475584724145 5.70592123328708 6.29002242652101
1.22804238217171 1.77079474983998 2.90475238065899 4.56829440397908 5.66079720023835 6.23023406815579
1.14459770113419 1.70461385112775 2.81255203605038 4.4760866705584 5.59480683728273 6.14617450906669
1.0418945444431 1.62183009399312 2.69967620917391 4.36322215712554 5.5123337516292 6.04277527115257
0.941730802895727 1.537404265216 2.59126772801114 4.25480870382861 5.4282612497552 5.94195793955329
0.854939161900386 1.45908206337949 2.49973621687025 4.16324231579302 5.35025206455508 5.85458917725328
0.784528951489198 1.38994907696091 2.42819276366502 4.09167766268641 5.28136146140304 5.78376085498266
0.720557949841328 1.32402992098196 2.36481623585701 4.02832051089958 5.21562264313963 5.71950854599629
0.664061957970743 1.26268860147818 2.31043341066796 3.97397617392319 5.15440582335241 5.66286272966135
0.61542131835934 1.20643424159604 2.26539675248234 3.92897171980745 5.09815529771107 5.61426675090757
0.565867615675514 1.14990998972552 2.21930787092951 3.88294063032231 5.04155530223808 5.56488629092247
0.517039564103496 1.09441073370605 2.17400682800957 3.83773812734637 4.98594435517176 5.51636855253295
0.460737898455335 1.03474961121086 2.1198570441667 3.78371505143415 4.92613975837509 5.46052613344399
0.398157630399521 0.971848074162429 2.05807692793351 3.72208274351082 4.86306812415114 5.39847557030297
0.336337975411336 0.9103131844984 1.9966835338735 3.66085751081996 4.80133849229454 5.33710767861469
0.272219384609269 0.848279623039317 1.93184049375756 3.59621301897915 4.73906773568717 5.27321960824008
0.209022540089774 0.787643335099151 1.86745966468262 3.5320678441224 4.67816550518212 5.21009681235428
0.149445282481191 0.730039262013075 1.8068453683702 3.47174216345881 4.62028142273087 5.15055033275525
0.0941227945650532 0.675311887932244 1.75102558199707 3.41629102353371 4.56527128782971 5.09524546221642
0.0407654678784251 0.616335553758405 1.69976139714896 3.36558628711251 4.50591305302272 5.04180457461983
0.0113771369224636 0.571805422602212 1.6767376120794 3.34311942383177 4.46091605761978 5.01229628238085
-0.0204373664532347 0.524466523130955 1.6516705152789 3.31849508837085 4.41312403246258 4.98042679347855
-0.0802019398091505 0.457434983092085 1.5949229830632 3.26213662250109 4.34573014058353 4.92052679379582
-0.145299260717315 0.390742740794084 1.53038370702256 3.19784103748846 4.27871956610873 4.85520654315844
-0.214709290212001 0.32116764417054 1.46110013149693 3.12867350683134 4.20875746523562 4.78550676364664
-0.283492006485246 0.251384380336103 1.39300831039368 3.06064001621273 4.1385638775497 4.71644087234295
-0.356518878172283 0.177170983121053 1.32093163283993 2.988558089115 4.06393348958373 4.64318130252594
-0.422490879812312 0.106525427538341 1.25755344765283 2.92520206306788 3.99297040182669 4.57705198190569
-0.48635964561897 0.0359658409563622 1.19711797730295 2.86482660916134 3.92223552864745 4.51311558404152
-0.551374352572024 -0.0364226653790866 1.13566404933573 2.80348001928668 3.84983212689213 4.44811863332382
-0.623164619068743 -0.113966808592298 1.06653424704401 2.7344994486357 3.7724113474001 4.37645727424064
-0.70491526168414 -0.198317843866939 0.985846558541719 2.65398291857909 3.68826093912093 4.2949137678001
-0.789628393384201 -0.284439911959433 0.901454911402303 2.56980001827916 3.60239211292603 4.21036237989492
-0.884083163793769 -0.376147748127185 0.805172709151815 2.47376428293789 3.51098163642689 4.1160010973833
-0.97330866353627 -0.462863909465894 0.714307794055553 2.38315195420793 3.42455084290757 4.02691738149197
-1.05935437462314 -0.54558415382194 0.626370963009682 2.29547883792552 3.34211496484627 3.94108384989826
-1.1415498878532 -0.622474807439815 0.541619535013086 2.21099247668811 3.265491449974 3.85917919263823
-1.21989713240474 -0.693873690866206 0.460145899317082 2.12977859710791 3.19434868657972 3.78117660821812
-1.28500315170147 -0.751877195211074 0.392013412322961 2.06186613757072 3.13656300666035 3.71643383318075
-1.3343862572216 -0.795152875610774 0.340112020501488 2.01013682745021 3.09346710039149 3.66735358284674
-1.38232095405828 -0.832939351636123 0.287593422214771 1.95773306612861 3.05583080417599 3.6195604515395
-1.42860162921649 -0.866801842746834 0.235488590349819 1.90570132103159 3.02209240848374 3.57328410360994
-1.48582139237511 -0.90715229491221 0.170246225669254 1.84052521405136 2.98187747583505 3.51600373597931
-1.53775229161984 -0.942121027717753 0.110153560068955 1.78046779671355 2.94700950317491 3.46397282966523
-1.57643833112976 -0.966914217904283 0.0647313145763713 1.735052220115 2.92226873597004 3.42518926758091
-1.60469148402903 -0.983328859870041 0.030704532128205 1.70100513274283 2.9058592438094 3.39682868281843
-1.60959993930845 -0.98149336798106 0.0223925212907008 1.69261628196676 2.90762060840757 3.39179423712521
-1.60026042729415 -0.96916043379254 0.0300906073993854 1.70021406249769 2.91984507903308 3.40100815397665
-1.56539650907954 -0.935568183132166 0.0652055253845559 1.73515402463278 2.95325591769754 3.43565218493283
-1.50584527317415 -0.88135458574613 0.126933544329833 1.79664039123002 3.0072288219751 3.49486639002953
-1.42202871538037 -0.806838863865214 0.214971051652902 1.88439362749903 3.08145326232242 3.57828131902024
-1.32653711029323 -0.720960785256573 0.315097127052192 1.98422739746397 3.16698835189081 3.67341849895015
-1.23094212964893 -0.632709751774004 0.41442773098251 2.08327397773241 3.25487579298371 3.76870566415215
-1.11941143957839 -0.531279718896501 0.531217622808915 2.19981957789573 3.35596615056217 3.880052553174
-1.0149738670295 -0.432988645862158 0.639052101762092 2.30742666315486 3.45396560600871 3.98436428886001
-0.916612923916921 -0.338006942400598 0.739446006769057 2.40758856564194 3.54866430289713 4.08261906937532
-0.821272091049742 -0.244715829665029 0.836129630624765 2.50404525329086 3.64169198829616 4.17789604378247
-0.731977657506057 -0.155558170164307 0.925772087442439 2.59348772433537 3.73063898027124 4.26722539005309
-0.643001874739688 -0.0673538579432447 1.01524779691341 2.68280499876818 3.81874992090667 4.35633425563663
-0.556102931711327 0.0185483602587453 1.10259056139478 2.77002104717199 3.90469003669972 4.44339548043408
-0.464033744919786 0.106175207526183 1.19653514745983 2.86387219180269 3.99253859629454 4.53561709764534
-0.368624310786191 0.19458277267333 1.29498877749122 2.96223238508503 4.08125371963703 4.6311985621719
-0.273347508915184 0.280662231892456 1.39436799665652 3.06150919567969 4.16769453192718 4.72668951020776
-0.183976337333952 0.360529286169531 1.48810141375588 3.15511362265057 4.24786600977377 4.81630646030276
-0.100768446880126 0.43388055498894 1.57592461604614 3.24278574375277 4.32144759198731 4.89972482875054
-0.0313545588144312 0.49458508593263 1.64950592667389 3.31621002559391 4.38230214393098 4.96928157582511
0.0197428149191275 0.53943695163232 1.70363273916015 3.37023502736565 4.42727178376787 5.02044467050848
0.0540183327419249 0.570426334291829 1.73951294192032 3.40607327315887 4.45836951964027 5.05473632176178
0.0782452316280328 0.593607059010533 1.76426846043114 3.43080723414608 4.48165717432827 5.07895066654681
0.0873754921122214 0.605480090426685 1.77211701454928 3.43865889260445 4.49367427857141 5.08804501940553
0.0872838208368377 0.610304332340133 1.76966511425677 3.43623374053028 4.49867506907535 5.08787699103875
0.0775359116564069 0.608064920943089 1.7562416396511 3.42287202385198 4.49666370442781 5.07797289834999
0.0591386247144273 0.599738257296649 1.73294585718763 3.39965705341912 4.48859888003723 5.05937234553973
0.0376985020104215 0.588882065566001 1.70642773502982 3.37321841879981 4.47799786995457 5.03774574329098
