8.57343814499207 12.3471723746115 21.2278012716805 39.7585003325363 55.7695529864048 64.6503680969327
7.99359194056292 11.659960951656 20.3387708919366 38.4866695170645 54.3295514805311 63.0670811643311
3.67397878213607 6.33818448844044 12.9667741842878 28.1394410857914 41.8863622412315 49.6480580604889
2.43906789054839 4.68998609026906 10.5655502319085 24.5362801772556 37.5208774301727 44.8794676949801
6.98085990030239 10.4713109077689 18.6889962129154 36.2872516003065 51.6757569059388 60.2157237118793
10.5550137967825 14.6875647570526 24.3006410593902 43.8923910088461 60.6226825238815 69.8507086765108
0.0215091643648573 0.724844949032279 3.46151663010732 12.7663561487059 22.6409635682902 28.4364062344608
3.80892593621188 6.49352204515076 13.2310525968018 28.5010278370621 42.3489434032395 50.1406110923434
2.77163020325873 5.17932836827127 11.2228637259934 25.5708741407731 38.7483739332184 46.2420827650988
0.141054638695817 0.234130128005773 1.75576547922445 9.24507634018057 17.8762815557636 23.0898874594507
10.3211570076489 14.4240616185759 23.9311854575924 43.4184362798771 60.0471215929358 69.2498656838194
0.54100157629444 0.260563892083639 0.954245479828688 7.26941160105624 15.1397078727425 19.9293800563667
1.4552142486054 3.31087401893232 8.36478212224523 21.1484265672916 33.3414501507155 40.303139173563
8.15737359258539 11.8731877178132 20.5832797640014 38.881764831082 54.7424084739501 63.5297358408864
0.881438178270481 0.350880440668541 0.653691020839693 6.29039095134762 13.7041731092474 18.3028582033386
3.23527460084662 5.75180291474238 12.1295029963388 26.8974564767876 40.3943541500324 48.020665759457
-0.00272315365200434 0.525719939717748 2.9177414013273 11.6837290456528 21.2157943183387 26.8502826798712
7.98039566843597 11.6403419899743 20.3115378498984 38.4786810492693 54.3087096368621 63.0407356570903
0.111259697308762 0.26733717150921 1.91371933307127 9.59567221372366 18.3600450182253 23.636553990626
0.633640562719388 0.2674402840788 0.861734387790361 6.98728098739273 14.7214439204307 19.455135863043
4.69105367443381 7.62403071879241 14.7932809928306 30.7846578066697 45.0823730638147 53.1350516769244
3.8556869040504 6.55362448592591 13.3094143712767 28.608855886553 42.5181086080367 50.2933563379393
0.82323604234121 2.37412891229842 6.75725425231115 18.5625174796114 30.1067803541505 36.7321636096774
6.04027696018926 9.30333695178447 17.1200176447811 34.0809296305253 49.0658451282724 57.3980833765791
3.43698979525688 6.02480518163737 12.499438167066 27.4608792788322 41.0966784972107 48.7824310548901
3.48921453665651 6.09339437051826 12.609098495015 27.6096448954649 41.3018605392738 48.9741790257846
10.0072269538545 14.0766986993914 23.4411153668748 42.7980857270784 59.3231529694292 68.4507853134068
7.28682729093723 10.8024270643742 19.1658208873731 36.9483397976589 52.431283750113 61.0612851643846
0.273340944968693 1.34431803235088 4.90651570072841 15.3740955299267 26.0483949165467 32.2376669586479
1.1028060807922 2.81980324418704 7.53259995678576 19.8220271693335 31.7046172803001 38.4695038117636
3.12532624197276 5.60121106966889 11.9066397056712 26.5730145080381 39.9846237484604 47.5852499331998
1.34680548322872 3.15912664902888 8.11009666348331 20.737122742098 32.8119160275523 39.7446582326455
0.235952688338588 1.31099021422548 4.77503623384967 15.209913419374 25.7735240825105 31.9645744685501
2.03643901619508 4.15315971666823 9.68576920084146 23.2263791705876 35.8981338339583 43.1123458283576
0.0386993178777304 0.345215076044501 2.29169216345624 10.4227885708446 19.5044861382216 24.9282011844016
0.82071115237423 2.36064670920161 6.75322789154583 18.5662629643486 30.0784976132382 36.7194844659859
0.447149891469398 0.222496334300147 1.11745217412077 7.66795594381494 15.7115190250783 20.5865354818067
2.20612716797081 4.36986330266531 10.0418370013265 23.7589583630951 36.5741843641695 43.8306934843625
4.62007179795416 7.52818015264914 14.6643381698153 30.6177005457455 44.8795170062 52.8978852230068
0.187047462946974 0.246286598159125 1.61960040323022 8.96095377837786 17.5006878045998 22.6394995861442
1.09258717929096 0.464718591750256 0.486589635272008 5.76362979237208 12.967409699469 17.4060588790473
0.000941984182719075 0.605865976267939 3.13276900234701 12.1501472057922 21.7992997047162 27.5156415930803
1.16332427004543 2.88604823628813 7.6486711628627 20.0259709878928 31.9010299387683 38.7524640595825
0.447040837001965 1.71312263792698 5.59454060089848 16.5708444571766 27.5842068613933 33.9367920744886
0.0267427838752998 0.735364474240492 3.49971023261658 12.8458374582194 22.7264758397175 28.5561625650683
1.43338218599143 3.29286440072052 8.31450529527268 21.0955199337101 33.2631117998993 40.2255406006418
1.26356540354032 3.03624771249806 7.91551183135684 20.4413020243057 32.4327183641128 39.321102824716
0.487640975691834 1.74308401485166 5.67812007436856 16.7306503977538 27.7597602682748 34.1765702976396
1.75555563520083 3.76032978179921 9.07484873305953 22.2828515883254 34.7459375537338 41.8504226026175
0.929581010630493 0.393493508289701 0.596380245731853 6.13402723321225 13.5201302279731 18.0263460191522
0.244443642315751 0.217591302920983 1.49285556759824 8.57660324719015 17.0011803666707 22.061955519865
0.0139404473455419 0.679850758899849 3.35591791702889 12.5590239760593 22.3780026192448 28.1363231891376
3.80733808873405 6.52787939547501 13.2231364273634 28.4799059448646 42.4089385029684 50.1450229303263
7.73572857142263 11.3545167423891 19.8997967361596 37.967227050955 53.6482238749523 62.3597546735572
0.412080650644356 1.67187389550401 5.47765923244896 16.4433403349862 27.3694178742531 33.7201754578187
0.127034013149949 1.07155296658512 4.20569634237428 14.2258849993792 24.508856638424 30.5357557281919
9.29355893585154 13.2080409882191 22.3586720974636 41.3082801146615 57.5836359949208 66.5859115600082
-0.0125046141463492 0.534371143488484 2.87606032050879 11.6863200495417 21.1832633044386 26.8169709338067
0.48095477403372 1.82166591099556 5.72917260700875 16.8841206359646 27.9378439056506 34.3543033712658
3.5400555885823 6.15658618030385 12.7033683520131 27.739302278628 41.4513255298463 49.135525827359
1.48730298334321 3.39125143052417 8.4608843496676 21.3210147774319 33.552744402075 40.5218604647628
0.806283172110022 0.322579356024788 0.710454270145499 6.4834549580048 13.9653075660695 18.6150550411708
0.108267872108447 0.264766152857413 1.91114204756387 9.58450556662713 18.3740370848427 23.6291644062518
-0.00650271292266478 0.526092999109851 2.94243711116429 11.7522668722177 21.2925036915874 26.9262428301256
7.33824789884331 10.8549315277325 19.2568190279938 37.0656662236648 52.5777080758276 61.2157393913574
0.0853381499138464 0.280856477361258 2.00150251767293 9.78043968588239 18.6283381399242 23.9374007202947
10.7927360815415 14.9754933278415 24.6100633527608 44.3616265311701 61.150062150796 70.4204800366035
0.466045857062214 0.227960039679166 1.09844776995422 7.58833754463502 15.5782983123877 20.4401938096616
2.36504008402007 4.59912462840288 10.3874477095772 24.3090020622732 37.2392023600447 44.5634046471071
6.13860947401434 9.44991653218552 17.2683747176082 34.3478193070558 49.3613402311682 57.7221335427291
-0.00854662214684034 0.472207938668886 2.68395161643298 11.2986468800928 20.6505384911673 26.2146235833045
0.000499038378829925 0.46342163981813 2.8014017137851 11.4240974139153 20.8818159992413 26.4515727400842
1.17831559681376 2.90811578340853 7.71073275526258 20.0797040006254 32.0292450680376 38.839734778499
6.39294523492221 9.74572908293766 17.7542711897367 34.9306655420431 50.0973994487244 58.5141227795064
4.76507882180068 7.72747229416823 14.9300425901626 30.9962880799179 45.3561774111509 53.4000204728536
0.943111827416611 2.54611005832571 7.07742114479731 19.1085863403732 30.7392023800223 37.4505522745412
1.62922072576532 3.58035490494683 8.79098281104015 21.8360589648366 34.1541188853964 41.2193697893747
0.111341188987889 0.280667120416187 1.86362663851473 9.4374879648841 18.2338026969118 23.4269311189913
0.0514790516512647 0.883461478287929 3.78635116724303 13.4059820161322 23.4733540833003 29.3667421215468
8.93520607616657 12.790171085177 21.7915523835302 40.5273889104225 56.6979670543054 65.6171333924317
13.1480957520514 17.7122260814065 28.1378369809437 49.0077941721117 66.5520832794931 76.2077758856247
0.460373152657715 1.75620379706829 5.62519717539317 16.6984443038435 27.6962216965552 34.0972872074839
0.380831295218473 0.213676386986003 1.21547587736393 7.91953314224926 16.0293493609486 20.9753762599031
0.331692846009747 1.52005067835762 5.20384117661093 15.9529001779934 26.7323510587379 33.0220291078132
1.35442924913705 0.591962385326681 0.358194898345774 5.24830691984069 12.1971845566348 16.5000843930822
0.337369018755192 0.207407006218934 1.28176159556245 8.09453981409166 16.3042167537142 21.2712231140205
0.430458414369333 1.66840218192914 5.50812686085978 16.4599125658872 27.4463427102815 33.7834089740973
5.39197134726816 8.53081782175894 16.0392752550561 32.5408035120866 47.2841530370778 55.4396136923369
1.41401423841755 0.619242401564887 0.327971702044645 5.12465180869662 12.0023435039481 16.276600451793
1.28628591566777 3.08934383786327 7.97939507402588 20.5229708122762 32.616700715824 39.4567595376696
1.06000119808882 2.71543623399307 7.387533376436 19.5865187343152 31.3813697791362 38.1377820599001
0.339334093027395 0.223836984054326 1.26874057174413 8.08382713401115 16.2786803513392 21.2515542748935
0.0181537483511981 0.729337679220229 3.48319735647298 12.77904463473 22.6691542890054 28.4734854920722
0.973030425008054 2.63297623475107 7.16412339145978 19.2579887792698 30.9726874192034 37.6695146942707
0.0888998183942827 0.27678106968704 1.93404667832606 9.68024973899742 18.4764282942933 23.7550737671792
1.1201856878733 2.83079737669735 7.53234303004002 19.8678208586889 31.6894333005756 38.5119836558394
0.969094087924112 0.400251673314746 0.554900445152544 6.06700446932697 13.3707800455763 17.9028599906277
0.711759842611844 2.18052746316376 6.41333655150253 18.0263345767435 29.4000528873557 35.9537649467849
0.41992124433166 0.220571975724612 1.1355786508229 7.74537687254461 15.7951519193439 20.6897837495155
0.0274217320890188 0.770527890788538 3.54259476705693 12.9670877673284 22.8561261125487 28.7050227709867
2.07251802827732 4.20616471944292 9.74908480318927 23.3351746796544 36.0258503842561 43.2512204672807
0.184748177315833 1.22093862170566 4.55587199693197 14.7843503188902 25.2934224555287 31.3881662315983
12.8391898325677 17.3520666688344 27.6765817673885 48.3951614960986 65.8696323872516 75.4614060501403
1.00759573431875 2.65903387859877 7.26980248485568 19.3867937337391 31.1646537289722 37.8745026472937
10.9259404037881 15.0978062637236 24.8494793771854 44.624811162524 61.4812016318297 70.7741507126036
7.53065564504529 11.1007180541539 19.5680548454393 37.5009141502217 53.0818138515923 61.7723137524429
0.0364224027288281 0.335114130389615 2.23191648288562 10.2896046842204 19.3427906290103 24.7181994712174
0.0921603232163374 0.967004776458264 4.0217511687972 13.8402570704956 24.0381250893271 30.007672332226
1.07060411876016 2.7539908052151 7.44328569741153 19.6596022798134 31.5003889289591 38.2487356670613
2.32523140188069 4.52973272783085 10.2894407122568 24.1516920927408 37.0233011492102 44.3479335241908
6.63314200194537 10.0219772229909 18.1220702324931 35.4637640700062 50.7147445989796 59.1865116761355
0.282461674769622 0.23368914790831 1.37009921452025 8.3597622891497 16.6682792714604 21.6784998669143
0.452436412860173 1.68976260627078 5.58144843933684 16.5569043459337 27.5420364172946 33.9178169445422
2.84203159343005 5.24851238082857 11.3682183108414 25.7716719795288 39.0028840602468 46.5216677958378
13.6271306190309 18.2542451949064 28.8270183141199 49.9001567595126 67.6230735757319 77.3415758338921
6.56831763810045 9.94893769530967 18.0216984209802 35.333709204111 50.5494881866315 59.0190624269651
0.657326426113637 0.276365321514976 0.844205793307699 6.92686523253643 14.6244458624482 19.3530979734349
0.0263829112222058 0.349650881272236 2.30702148234279 10.4702964407256 19.5904236921972 24.9808767141114
15.6403446187965 20.5912012176499 31.7321787180112 53.7010034845537 71.9921053800857 82.013997932703
1.87226618330766 3.91623522229256 9.29624955512713 22.6468509118841 35.1401563439407 42.3065042903537
6.73835151287763 10.1550931616978 18.2626377818632 35.7248452481109 50.9785370943035 59.4769290659804
3.29912760263056 5.84281868198799 12.251945747922 27.0878951950883 40.6210133379326 48.2616505694767
0.00689014005694071 0.446345187233752 2.62650790124437 11.1534785864745 20.4452320029447 25.9905553348774
7.46043110483627 11.0194023483198 19.4623985702284 37.3499826581421 52.9308457379847 61.5769018866851
2.6903207076469 5.05413309128528 11.0709816864102 25.3154526401021 38.4780063983143 45.9135830187127
6.96609201701583 10.4182117504795 18.6588900261187 36.202283755165 51.5864633486918 60.1347825855396
1.40399508209561 3.2243087909333 8.25367065591961 20.968360797845 33.1134254462235 40.0603532484809
4.17492838670572 6.97783756768278 13.8594676397127 29.4446696033475 43.497579554832 51.3798862609281
16.1285791738434 21.1161320559129 32.4158863220193 54.5791392442098 72.9893562864743 83.0882822976316
4.7568072640207 7.72939054689873 14.911692532467 30.9983190333355 45.3328397934123 53.3713096801992
4.41926919238674 7.30345806191488 14.3286993661033 30.1258819808622 44.3008460639859 52.2505911455896
11.9482442492738 16.2926482503988 26.3743438084911 46.6434205968156 63.8497162675803 73.3085434210564
8.2939434453013 12.0492897366594 20.7962541887185 39.1772429398355 55.1216812510509 63.9242907082686
5.63959336199868 8.78030823454623 16.4530355172167 33.111324766191 47.9013344895914 56.1764264192686
0.755786337338221 2.25348804335582 6.53365071382324 18.2123422790257 29.637962196376 36.2425577347283
3.1312588496719 5.60132475920712 11.954743443533 26.6063336612112 40.068933144395 47.6487664206557
0.0709981318144066 0.285893902272804 2.07907490413431 9.95916541182531 18.8939942749499 24.2274279993752
2.74664541850988 5.10919136815146 11.1635314296045 25.4569067837808 38.6495672349935 46.1214960391803
0.285066224342594 0.207758039319834 1.39568477072875 8.39374467427082 16.7027793355075 21.7370174282509
6.71942629379779 10.1178552569499 18.2599574414207 35.6480308271415 50.9330182526017 59.4207095820162
2.46152079569881 4.71940602597389 10.5802825606047 24.5723775798415 37.571225598712 44.9460329845566
0.290283515359967 1.43567400399954 5.00911055743925 15.6241230158482 26.3274070718835 32.557087835551
3.36803580215485 5.93660878212732 12.3586613398474 27.2491680283401 40.8516969269802 48.4959236943284
2.7391739274478 5.11327241713013 11.1609034343176 25.4856257349143 38.6433432701417 46.1194306886305
1.74032391035769 3.73798543355844 9.02979543230159 22.2191482258198 34.655432970169 41.735137180012
8.2904279272638 12.0145782950154 20.7839520152202 39.1525140779701 55.0524544847464 63.8806445453024
0.0359581590366828 0.785471664508508 3.59454326348788 13.0305624266847 22.9652726321337 28.8178929816347
2.74747857962743 5.10566389863419 11.1674797053402 25.4530129291401 38.6499815795087 46.1141661865978
1.89464808276599 3.96059459665956 9.38411281224214 22.7506380117116 35.3068160747609 42.4681383402589
0.0781914732151168 0.905600181355608 3.87323625840791 13.5761810835818 23.6899175712974 29.6136791616899
1.32345732129438 3.1197742790022 8.04587628116044 20.6466616242872 32.6786611581159 39.6036095446789
6.41268140562107 9.76737201057774 17.7408798966669 34.945999385129 50.1383356379044 58.5337174474071
7.49211219696798 11.0714322979342 19.5221474579263 37.3967786126054 53.0279887830547 61.6595702735189
2.03828230266146 4.14436869007908 9.69419526139844 23.2352129498837 35.8978408552536 43.1087902425703
0.716571940882542 0.287229596063994 0.783930193119275 6.68890138960449 14.3130454975601 18.9999945237333
8.44854300133354 12.1785994400339 21.0437408399233 39.5074741582666 55.4807790224015 64.3126858273907
0.140336182275806 1.08423400836222 4.28688194709708 14.3728385009735 24.6740702540113 30.748026852303
2.86503022543026 5.26731733094794 11.4059964514432 25.8287651652204 39.0892091441066 46.6006030044947
4.04434318780472 6.79081739934393 13.6653896401324 29.1418562253747 43.1030169997708 50.9860294006105
0.382393082313976 1.56769495507997 5.34663934356562 16.148769123707 27.040841023058 33.3524965542835
0.137437392410812 0.245326389936759 1.80024224026159 9.32148730719543 18.0143334503916 23.2171522293693
6.6608595051105 10.0559284616288 18.1693176984033 35.528091606174 50.7892972633681 59.2683505183843
3.32948001357564 5.89651148961108 12.3068809095234 27.1833120402931 40.7503908727305 48.3967798029317
0.000824441104999156 0.457029832855747 2.75748391367978 11.3286565544172 20.7761928656024 26.336306886232
2.41264978334915 4.6615668042511 10.4824926825258 24.4502772212703 37.3910990754565 44.7360832879713
0.154104417444046 1.10178907184481 4.30597096971078 14.3780370162336 24.73704468445 30.7758300196342
3.52932499330399 6.13813896426832 12.7043487760347 27.7184587708464 41.4120841000114 49.1149473739552
8.01466650908736 11.672788556848 20.3327888981971 38.541904935882 54.3282320600216 63.1151222165491
4.25432481598403 7.05523516059102 14.0457025126288 29.6909093463487 43.7850290707053 51.7064763690982
4.84452454949691 7.81892617596345 15.0833758158222 31.1766650738345 45.5852805933466 53.6560308304566
3.02889540021808 5.50295733630477 11.6974324778469 26.3031459763883 39.6818209731983 47.2384349227651
9.79233164791613 13.7849246884979 23.1015053443499 42.3309714184405 58.7580707650541 67.871661088631
0.0169383431260788 0.659916601730966 3.2759891018409 12.4179936112181 22.1644506263808 27.9052330623047
6.86753811168348 10.2967450346589 18.485635196774 36.020093134465 51.3182087580626 59.8635222140668
4.81171953372627 7.76620022178443 15.0101759780375 31.1174253822488 45.4502272721147 53.5329911938088
-0.000175147941700007 0.417645510205881 2.67656975716656 11.138044860309 20.5111162039926 26.031139666955
5.94545229357361 9.19066124437831 17.0025657994393 33.8757642168289 48.8507267032498 57.1600288626369
0.155262645677228 0.224375585508726 1.7149235968884 9.14303693475862 17.7622350237657 22.9312389473155
-0.00848616044303624 0.533382356688388 2.89686459134827 11.6665042331686 21.2085551080718 26.8012486993872
8.10387496562739 11.8031529014 20.4813235300553 38.7590355392562 54.6076493304562 63.3639301217248
6.53155055325284 9.90369169219968 17.9573773325533 35.2686711391648 50.4286243238141 58.9059256561892
0.00612290312753674 0.458241296401021 2.61716059094597 11.1543789049857 20.4538832102696 26.0045849121416
1.34950043358711 3.17914045568566 8.12817200137884 20.7906587635473 32.8698436404512 39.7866693182708
0.657691832880764 0.287214130185105 0.817273064087477 6.9163273521958 14.6119290400301 19.3220297067084
6.45623117148916 9.82521638009309 17.8244299587895 35.0659961730515 50.2256444210471 58.6757621254441
3.45706973421826 6.04722680426896 12.5275736761284 27.5245269085007 41.1385230318617 48.8311558402713
1.46632985437025 3.33925528908321 8.41609333864231 21.2334153512681 33.4489397274219 40.4149761679368
6.56337234162178 9.92900022916116 17.984530184739 35.3053591979408 50.4870428795585 58.9647935575479
4.03846658222168 6.76875193023458 13.6369304193804 29.0994532370623 43.0608608739303 50.9122339108103
3.55503060818304 6.17010648557426 12.7165590949231 27.7697348524196 41.46158008562 49.187669923189
0.0537685026588279 0.296702962312008 2.15673745438524 10.0947911971425 19.0786133056688 24.421881719657
6.25206705802565 9.53870984853228 17.4962719007977 34.5802698448753 49.6555685799815 58.0574966886435
3.26409244946222 5.82269673869079 12.1963351849027 27.0115959379755 40.5514077991944 48.1639023755133
0.842440028113546 2.4084817645621 6.78332959577863 18.6531716894538 30.1958396131961 36.8397622101903
0.185370139519632 0.216974910815512 1.66681888481806 9.03790902403236 17.6106619734976 22.7673344657291
0.24231021966972 1.30780015409386 4.74596167546475 15.1560194669975 25.7455159216102 31.9200341319795
4.24743760120093 7.05660969537592 14.0044950447646 29.6549302511883 43.7227478471752 51.6421739636709
10.3506653765989 14.4671581949325 23.9555068417401 43.4791989240148 60.1403488119274 69.3191487753143
3.75073749784681 6.42570190872941 13.1176760287089 28.3374055092947 42.1458884912675 49.9291932753695
5.99117427707374 9.2354063421761 17.0653506421833 34.0033184974562 48.9380346476107 57.2897287568512
2.74666836081968 5.11010908009802 11.2044114928411 25.4908440765829 38.6812836845886 46.1611726307859
2.78294315565243 5.17918098194341 11.2586750086117 25.5768483980715 38.8775026951776 46.3023162959611
9.67595422758026 13.67475046813 22.9367677911318 42.0926556751155 58.4912119438845 67.5830242219282
4.4946245048002 7.39171919752411 14.4796364373971 30.3000138089305 44.5482277679972 52.5177833879088
0.727233242676006 0.295417438775496 0.785565553776255 6.72700959565143 14.3256699141103 19.0133020639135
4.43100719778073 7.28697553803654 14.3232441608561 30.1254061954869 44.2919618396215 52.2526322921245
0.814355559505475 0.32549149002538 0.705641916655659 6.44623547220281 13.9373765886581 18.5647910496123
0.0260653075386647 0.342855064722599 2.28826829317067 10.4053153961215 19.492700657751 24.9016439174241
0.841494585089725 0.339072388468667 0.679077269969425 6.38190303830399 13.8443947675703 18.4464638077706
1.21199700399113 2.95480005526596 7.77029432796967 20.2057397258917 32.1611465333699 39.0130722604842
2.68803421012929 5.01406598666801 11.081077151815 25.2491800853551 38.4379894654485 45.8779367509133
2.62808667626478 4.94923269029523 10.8923679349692 25.103767336074 38.1870557481449 45.6059573710308
0.886623134044162 0.366391909958054 0.638952905312907 6.28216624834731 13.669350533666 18.264963068836
0.354478818980525 1.56333363236223 5.25703633228716 16.0189979595008 26.9177144778093 33.1733117139774
2.94242037938657 5.35524110981206 11.5599805958389 26.0281928500824 39.3483686492701 46.8791361480179
12.1404920242264 16.5633873952598 26.6580993932869 47.0556115175905 64.2781367581021 73.7903516336191
0.030504452915216 0.783578502201078 3.62738656738896 13.045140856969 23.0172140458436 28.8504779552087
0.838659806893523 2.43950524688382 6.83181716861943 18.7199665193441 30.2804069123224 36.9210627266872
-0.00410872737419359 0.607396942354335 3.12174245012095 12.1291556783572 21.7622472968457 27.4691755567631
10.7499158170905 14.8999607411744 24.5859141870696 44.2805849524167 61.0769668467257 70.3262612848638
0.00217526672600943 0.524094488627063 2.88764630162425 11.6757432910006 21.1387127286486 26.7874611587451
0.622273271484583 0.279764455300529 0.852634065688934 6.99174500652603 14.7237496076698 19.4497270952322
12.248197994835 16.6779091670215 26.8071359202803 47.2613913706082 64.5274140691353 74.0384902426466
6.13681538894143 9.42580313360496 17.2814753772449 34.3209874509116 49.3240874495818 57.7037376233127
3.29633180010439 5.83357428810782 12.2703146222761 27.0792497160536 40.6370341861822 48.2816846866246
15.0472401883636 19.8950412821269 30.8835757354259 52.5743634681038 70.7208459576612 80.6487383414857
2.60963165661605e-05 0.565364286020162 3.02720856986296 11.9341165999335 21.536589363656 27.1969508298799
11.9313146744345 16.3007780260092 26.3537045306879 46.607923394375 63.8316418798431 73.2719872333918
0.368078771341609 1.55982106544161 5.27634857075511 16.0795404776812 26.9133159471944 33.220592250219
0.0186180661168461 0.742098209144899 3.48529384029031 12.8001321474467 22.7221267512323 28.496071606655
2.3535965171331 4.57626517086557 10.3741578695895 24.2542028511448 37.1625804147925 44.5071596102415
3.96993321850442 6.69875622382056 13.512466627103 28.9312974640719 42.8377884945345 50.6932645826078
1.07118580533666 0.461187155285115 0.509826598543458 5.7903195603134 13.0499060093833 17.4664542286347
0.175262534470134 0.213251412220289 1.63453167756945 8.97483397070589 17.5150452045455 22.6629859284623
4.62563108286233 7.54167686432598 14.6828219461942 30.6368757477809 44.9012483281684 52.9301313089347
0.461130994385338 0.225091090949732 1.07049147270091 7.58266341522501 15.5457856746856 20.4276909759908
6.35515936909793 9.67157661639426 17.6522211237661 34.8159932764189 49.9341915392287 58.3473073589659
12.5460719835438 17.0333118978344 27.2475258256423 47.8517997457703 65.2311024258996 74.7761774064271
3.72561298532386 6.41973823519694 13.0499673231789 28.3013211520909 42.0649027086927 49.8472937785258
0.0202519942179734 0.71122767642928 3.44349851342471 12.7497495300394 22.5850558094089 28.4006172405039
9.82550495252855 13.865215762976 23.1808554369397 42.3965991033029 58.8954294000574 67.9787311680395
0.602999489911941 0.260376028896055 0.911428551083453 7.1198753924248 14.9144262913609 19.6713752774606
-0.00430279752028811 0.60970614489683 3.08750312430449 12.0969510817064 21.7433260126067 27.4360121681205
2.80606504697091 5.19360435639858 11.2876094494789 25.6302343965818 38.8663612490427 46.3458820637377
0.205728886765721 0.25006985760943 1.53455036094853 8.72882203778062 17.2270199978348 22.2774864134646
2.59117623054483 4.90953067150314 10.8773735629635 24.9966427602467 38.0758681361117 45.5103753063466
0.818728979481107 0.360053220122208 0.648235857349117 6.44115998588628 13.9908476842175 18.5693326003383
0.445261917471198 0.336533671201391 0.949491954312125 7.3059860211394 15.2997067805287 19.8813453978426
0.236614695133248 0.280158918712063 1.38869490765869 8.38998320182654 16.8601494318296 21.7653845023957
-0.367755383713558 0.4153254284574 2.24756762467402 9.94102470644823 18.5756959148309 23.096280336329
-0.754762273990812 0.584988392955733 3.13392496586063 11.549740395725 20.4734942361037 24.8507780155871
-0.670558963738823 0.816691316481808 3.74801009790874 12.8791537049045 22.3510162665567 27.0662835420246
-0.291231268651036 1.1251295415221 4.24791198986271 14.0905724196224 24.2117842051048 29.5186460137559
-0.0783223275192373 1.56480025250115 5.10829801782783 15.6492167060484 26.259864113899 31.7909757986569
-0.0176455123133167 2.14708745833494 6.33815740317608 17.6474412523508 28.6609273340985 34.1164475463521
0.63744619038139 2.50886116639076 6.94554871430252 18.807198481261 30.3304203828692 36.5848973252798
1.02649914133655 2.84347934961475 7.45407440385112 19.7359009966993 31.6390449411301 38.2768649005556
0.88485611066963 3.36088072998376 8.42082955031753 21.1298531802661 33.2208719045347 39.3513918552998
1.10881631353137 3.84782544554379 9.361296404252 22.5188501956307 34.7710008118185 40.9261206210146
1.53426006541244 4.53640353840896 10.4604239402867 24.2009728857991 36.7900417481867 43.0543778642727
2.43215753786398 5.38208029578849 11.5306308057783 25.9357710061815 39.1438590583629 46.00250211044
3.33177525247197 6.19827412974057 12.6153198813301 27.6177561461421 41.4022817435968 48.7513024923791
4.20760728613676 7.08265777524377 14.0175332746187 29.6646833950351 43.7473953002308 51.5874175864387
4.16991170412207 7.81326786413936 15.3884365015611 31.4658836506031 45.5417043181054 52.7603926742521
4.36159822002172 8.73750348029313 17.2126850200743 33.8995490437605 47.8598764338898 54.6596844992611
5.30739828451872 9.6313464535887 18.1702369473671 35.3120104483237 49.8142133564384 57.0080212005889
6.66066275180126 10.8511580524273 19.4484229927492 37.1873148190422 52.4584967274675 60.2418475360476
8.29901507386214 12.0814855242898 20.922276303008 39.3329478086694 55.2564066447657 63.984830754455
9.31663966447653 13.3151672767933 22.4179113027776 41.4036786853632 57.774682527186 66.6997000557093
10.4823599095064 14.7660787724437 24.2851089094374 43.9285573362481 60.6824798474145 69.7556937904369
11.4988853209658 16.2240879859566 26.0798830847854 46.3094249698063 63.5457585722449 72.4913860773898
12.4295218450598 17.0204463402765 27.2070930995862 47.7853528292014 65.1693793949244 74.5680766916803
13.1876777389194 18.3651944709828 28.9688311376396 50.0558739089567 67.735644465874 76.7816280437355
13.8896737099591 19.465665158687 30.5652754108966 52.0989433026534 69.8420198391379 78.7281393049222
14.8530463772968 20.5549289233954 31.8954606737706 53.8321145894173 71.8942856381728 80.927491071514
16.0015959597494 21.2113680131476 32.494410683301 54.6808322785483 73.1228901291768 82.9706003158418
16.1205857442072 21.1826090244871 32.4703012247218 54.6392356228095 73.1043413352736 83.1045166176891
14.4145641843179 19.7194577993439 30.6054331508634 52.1780702443777 70.3098489306608 79.5665840921658
13.1963072798689 18.3211243446231 28.8511075355914 49.9013615411312 67.6538021140739 76.7364449591741
12.2166308791286 16.8553282656292 26.9232750603475 47.421735812605 64.8347922731698 74.0964434551732
10.79613483717 15.1220374720635 24.7270166352415 44.520828786919 61.4230712807991 70.5242432603696
9.71738497945925 13.8084863940951 23.0680916499692 42.2508814659355 58.7584587684712 67.7486031350376
8.63163923370955 12.8916530063242 21.7932874787501 40.5028499724487 56.7738295234073 65.1877503803922
7.67697568661204 11.4902112810011 20.0045141785411 38.059080749788 53.8742403430565 62.3473764317831
6.77951487334723 10.2025396022405 18.3641134761665 35.7941689810232 51.1112743020302 59.6099397614477
5.96175893471197 9.30698567311516 17.0531050735511 33.9766209253942 49.0827317350657 57.2702510659109
5.18454865790184 8.41371969405986 15.7885336916427 32.1869758755308 46.9539859548313 54.9190027309424
4.40782218110676 7.530756130378 14.5033444268703 30.3760646468063 44.7555513702617 52.4518934519693
3.70609530461691 6.39432274693231 13.0355966983721 28.2009107744289 42.0847726017319 49.7893926128087
3.14455016863884 5.85237714000089 12.1497986965948 26.9374247149437 40.580579963824 47.9641024591557
2.28302681007044 5.30156471954682 11.4961680730764 25.8491940068589 38.9710183451519 45.6651482524181
1.64327464466615 4.68565876063094 10.6839383199881 24.5403294917891 37.2073475831701 43.5125968511803
1.15422071970389 3.98872993796182 9.56259517663607 22.8163769398355 35.1207977051846 41.2307550975206
0.968094087482527 3.19213349645727 8.16322221163822 20.7071612249207 32.7480819477824 39.0764150302206
0.816224092699148 2.55845972227988 7.01349919058068 18.9569898762587 30.6961494571209 37.1525944584996
0.306586188936283 2.33666907257214 6.58830316345125 18.1713707558787 29.5716914428098 35.4220708317837
0.0220153147402589 1.92691379726086 5.84585719561902 16.8400286927043 27.9017181321731 33.4991907507567
-0.124218009144446 1.54712596773118 5.08470060564141 15.5755057571249 26.2659116095386 31.7577810618631
-0.300638151163636 1.21888500890414 4.37253416151321 14.3188239129449 24.6220584636419 29.8807470599227
-0.15478141126685 0.757722632367967 3.33875067947887 12.4583064662611 22.3031803819882 27.6930515348217
-0.239016968216495 0.548598686391857 2.62746991314872 10.9773515321015 20.3861328664221 25.3696412207161
-0.253316633294818 0.542340435489892 2.51437362343258 10.782695502096 20.0770331784862 24.9614635990148
-0.332897900040847 0.735024541226755 3.06420716601988 11.9230751703268 21.556561696899 26.5341802433386
0.0373373403253508 0.869240922287584 3.6899138288128 13.2511325829838 23.2980572766462 29.1399344508631
-0.19015546711699 1.14063161511762 4.39288292185345 14.3146821111704 24.5833663173043 30.1060835179839
-0.466206635833795 1.50285853033568 5.3263296335581 15.7703739740712 26.1916239351729 31.3422424404137
-0.158039456867518 1.82365127137119 5.87181957523302 16.8541200941825 27.6539841634984 33.1420643189405
0.248770746402692 2.30892349971305 6.59302974454832 18.199146126136 29.5147020863877 35.3435811185484
0.844463930797409 2.84622366619939 7.36992179084885 19.5840517873009 31.4699219491755 37.8359928727297
1.36856026106032 3.39354412680588 8.38059357303322 21.2110025863389 33.4325166457185 40.2350008026821
1.86388684437981 4.02940528346701 9.38317725730854 22.8005273368948 35.4187177149316 42.4611658298573
2.3638151953784 4.65988844238705 10.4614288120054 24.3885694254136 37.3524339049736 44.6524889104984
2.63859038299975 5.43165091732931 11.4895529602916 25.9391323501215 39.3295178873334 46.3426402997122
3.42630288452188 6.1350423894886 12.5866256372806 27.6214687190222 41.2970031038488 48.8585759841571
3.82918153349775 6.95043026397652 13.7101245638699 29.2230236631887 43.2715024756253 50.6940900723414
4.40195223628425 7.85918204837423 14.9848946157817 31.0597666449576 45.483713837253 52.8850133236412
5.24153501462918 8.82596911374701 16.3056196594989 32.9569179638712 47.7693455250257 55.4536119178446
6.06055119333045 9.7374519652128 17.6085515423828 34.7246149382335 49.9323550042977 57.8862896583943
6.8498952496549 10.787762364692 19.0356355142826 36.688466962901 52.2818612864262 60.341112441841
7.88322958061593 11.9554792300786 20.5832320626616 38.8586098615648 54.8217389259564 63.15650721066
9.03338740843142 12.9418761835075 21.9431315881219 40.7347366756582 56.9902461557828 65.8815403941746
8.89707259881797 13.083958173328 22.1007184224008 40.934512171863 57.2450052891126 65.8239690647776
8.59561488687988 12.8592080976107 21.770248345056 40.4936841298499 56.7516173807283 65.1458294834085
8.12897734375693 11.9648216509783 20.6334962851184 38.9654174762717 54.9122326915235 63.53443179137
7.04051094315614 10.9065525538287 19.134722106626 36.8808312027903 52.5211667423781 60.703220877663
6.18406097915259 9.5422117283382 17.3771564358853 34.5024393738992 49.5609486903892 57.8955742929677
5.1788027438695 8.52643607585557 15.9045973974264 32.3686475222624 47.1136614818557 54.9747191405016
4.42054791954531 7.53731040924876 14.5775811015454 30.429715655362 44.7986221677411 52.5153441120011
3.69103175878027 6.70316578742328 13.3722998245845 28.6794456448588 42.7062069869199 50.1370013399854
3.12347872981052 5.70799492022379 11.9704307687211 26.6543882535002 40.2299726346301 47.6695711847919
2.49126313335583 4.88083823456681 10.7867801128114 24.8590566375062 38.0480363390542 45.3058782863853
1.77048522088105 4.46842581749841 10.089153328838 23.7214145989371 36.5486633483379 43.1026740370769
1.20468306273017 3.68083640777649 8.87959628654192 21.8652205802744 34.2152341246687 40.5392721134894
1.21009373874512 2.99223529155511 7.76836518921942 20.1872233077698 32.2712701019605 39.0438022227196
0.758347590431309 2.70956799488584 7.19737612260505 19.2416514450807 31.0755480837985 37.3526392091301
0.27755233250487 2.2924809796407 6.42723546673442 17.9586207230221 29.4025819502132 35.2147274103533
0.209414129428443 1.69241093248788 5.37745369555441 16.2204019163836 27.2388630058586 33.2059406460227
0.0535161274713596 1.33456895542047 4.57015428362392 14.8076431098251 25.4781457621501 31.292419117872
-0.0843985054494318 1.08634905027221 4.01531931478819 13.7609657423217 24.0965645409881 29.6545276386361
-0.0801405416385912 0.735759033763692 3.32759852336252 12.4971160670668 22.3958331848574 27.9325367370325
-0.0936439757867517 0.526348832684055 2.6874840758398 11.2154534959414 20.7047786551922 26.0246996072645
-0.262318449996307 0.509778583325575 2.30809638607301 10.3748756866503 19.5855307074345 24.3795010339335
0.025037447126364 0.349180484927492 1.8314159467012 9.31720690399968 18.1704482709301 23.1080577658891
0.0994191854478282 0.364928649210705 1.43690704675187 8.40901049302476 16.8856251778065 21.50257407291
0.0736657175985728 0.417796634851914 1.27656621113782 7.82705735464626 15.8675508004803 20.0585036376661
0.255363391470927 0.500808616950713 1.0353143296343 7.0326942269108 14.6814640298856 18.5571001693773
0.897654662004711 0.533353628672411 0.5846225961455 5.90818220329928 13.239738980676 17.380747049955
1.11031080762933 0.633786141470407 0.410584781237104 5.4354214796955 12.6604417378271 16.7168774292994
1.2568826873886 0.716523134212262 0.357971869282476 5.16819254607497 12.1624777904268 16.1311637332933
1.4148914366403 0.763791200849103 0.290577823896873 4.94701993676469 11.8501208402007 15.8332956636051
1.14493739451663 0.760807786962908 0.452014328734792 5.19376415556712 12.0185917353458 15.7354141568318
0.57770510224389 0.705897777899899 0.815764108159931 5.83333501164386 12.5606486711444 15.8662077960322
0.516269719527562 0.625665020293864 0.859932645610333 6.06433519719876 13.0098088885968 16.5066548763786
0.917455979604831 0.483799079753906 0.579968621142417 5.92483541152182 13.2019373962753 17.4463534157196
