0.84498261120162 1.40042388735284 2.50929753568941 4.17847240502693 5.28444938940914 5.83933210707471
1.23576176634293 1.78659901480075 2.90515181925449 4.56543000366074 5.6846957773184 6.24346576581181
-0.439458818027316 0.121762785056257 1.22870068977556 2.89373545213661 4.00514878239213 4.55765410403777
-0.277096901079629 0.28213617118979 1.41029374814409 3.06882507716379 4.17318373655861 4.73421554719507
-2.02762585994511 -1.46996886380592 -0.361357321272313 1.30179368337451 2.42121103794556 2.97547191207956
0.850205029507549 1.40331442548209 2.52193401985043 4.17921752596577 5.2939093158252 5.85223816703891
-0.138826740388789 0.413875546454698 1.52624090090598 3.20073801917329 4.30527172157623 4.86469595044572
-0.983128050681795 -0.432486278679596 0.667558531831214 2.33858100601505 3.45814356555618 4.01440645729062
0.694316135265662 1.24472684307343 2.35778578963045 4.02635371650496 5.1393234608196 5.69775058076552
0.0312836618788114 0.593716062779127 1.7034212809174 3.36967915618544 4.48198835548823 5.03735416454846
1.2102547740315 1.7635290987858 2.8717447682746 4.54658908842428 5.6598984300956 6.21884143431974
0.129430334633165 0.688760821599988 1.8040532968653 3.46706008411917 4.57879942382562 5.12666473992096
-0.24320509094933 0.310243156723321 1.41684204542828 3.08097682824838 4.19540400894904 4.75556585547675
-0.577442295604014 -0.0192497094948371 1.08815439114086 2.74996762344295 3.86773831082111 4.42635863902364
0.218338484634858 0.776757291681484 1.8874426473379 3.55079602844877 4.66479655963217 5.22108629003022
-0.409554255745598 0.149188058735616 1.25945429668824 2.92847815399747 4.03419836625334 4.58591780169396
-0.0777647437305057 0.477672462045114 1.58693961360024 3.27135523474448 4.37469177936465 4.92618416849561
1.57447844621074 2.12619486354121 3.23670851951431 4.90936644624915 6.02301024408709 6.57450480276943
-0.0364727036356757 0.512754571636405 1.62801805902593 3.29731829117736 4.40717847985192 4.96322020255222
0.15237361981008 0.705755659307206 1.81331016575458 3.48484034942647 4.59991600621211 5.15067758259218
0.506759700653627 1.05782932880206 2.16555091701212 3.82912776373765 4.94310235876881 5.49811043685693
0.911968788295451 1.4605089527714 2.56250222323354 4.24512935864329 5.35316362502843 5.90324752058856
0.210107500251782 0.760799833394245 1.8659939368205 3.5398907768234 4.65108324582515 5.20605782389916
-0.545835040910698 0.0120893283224409 1.11834634359414 2.78233731558692 3.89937778925432 4.45693966787875
0.81470391840727 1.37020565535115 2.48253418820626 4.14752735636715 5.2576307848779 5.81076775959288
0.282479552201729 0.837269823569916 1.94910450186895 3.61312661233523 4.72437225813919 5.27805730437085
2.03831503574322 2.59627574830185 3.70824987964475 5.37065530597027 6.49097365436565 7.04564902055156
-1.82191648458424 -1.26835390696098 -0.163645054742806 1.5052691397321 2.62412371754059 3.17966141930147
-0.763620981277043 -0.204924257199338 0.904943007415261 2.5705495627825 3.67964688851695 4.23549822626173
-1.54433125151244 -0.990073954555288 0.126252060232306 1.80681710096016 2.91291917921328 3.46260226368029
-0.869315823486586 -0.311828618792403 0.790351007998574 2.46818445310529 3.5807126325697 4.13386141410153
-1.64951666804312 -1.09615849213025 0.0185534836777851 1.69015403655296 2.79077047252514 3.34922904885478
-0.522783730257017 0.0359080941288271 1.15361744736642 2.81216989778258 3.92817924721943 4.48347254580179
0.439255430239874 0.99475984808094 2.10789966496788 3.77506082650564 4.88640458462474 5.4460816806639
-0.229530652590283 0.324599637717822 1.43831493148185 3.10883966683698 4.22592945765158 4.77850510782198
0.174828615131026 0.735433341438856 1.8513959604302 3.50733078524281 4.62248197897203 5.17723091373687
0.0512388301775305 0.605890457987032 1.71479982927472 3.39195437065968 4.50844466618011 5.05988947776299
-1.0667453607644 -0.509669423830528 0.596047948210668 2.25120213176382 3.3671505696992 3.92722103022005
-1.75595284258993 -1.20168200178859 -0.0934369016776445 1.5774494779688 2.68941930580431 3.23946885219114
-0.21578953629629 0.33232418563708 1.44178520015017 3.12454550861333 4.21976618694457 4.77846265885836
0.235885235382767 0.790466912028144 1.89758005801956 3.56845639846667 4.67785817663513 5.2351416209035
-0.0357520036995288 0.515743275639189 1.62710140479869 3.30105866260141 4.40954178399271 4.9632256614459
0.183239477934377 0.742233822635875 1.85871221800662 3.52071947974736 4.63716847549063 5.19433396168931
0.110842512008769 0.663278181885885 1.7701008522254 3.44487554174644 4.54902174741553 5.10398688876034
-0.835377798589119 -0.276336862259887 0.837171215936351 2.49875584836694 3.60902030459554 4.16699301582604
0.352409672212583 0.908884598139477 2.02725890878425 3.69121241224719 4.80337064809367 5.35612088290674
0.269966858198992 0.829881021313885 1.94827320798437 3.61504884449218 4.72414004172204 5.27879492504876
0.113664855483677 0.666209386100349 1.77753233888988 3.44696381656735 4.55572057898246 5.10971673707689
-0.275339987831998 0.282572033732617 1.38806119186709 3.06406019059377 4.17418166238185 4.71989318571051
0.101819767112848 0.653000388294465 1.75523112429929 3.43604634371533 4.53617135114749 5.08530996663332
-0.0663286952745778 0.49077783759062 1.6037852530603 3.26493212283445 4.37838937104114 4.93727994284054
-0.00200505215654232 0.551103898668965 1.65829860501236 3.32625725528362 4.43643677396738 4.99026464445457
0.195024168338088 0.748166302395068 1.85931141502243 3.54046431015245 4.63977297421277 5.18782521106752
0.91081194992211 1.4666307690311 2.58130364129382 4.24714943481295 5.35728567824275 5.91035967862728
-0.286120518736032 0.266230530212889 1.37675742816263 3.04370753868068 4.15505031501547 4.71095316136261
-0.250460676351517 0.310541067744822 1.43216447899038 3.08748432459738 4.19816170241363 4.75409605462409
0.713777767728048 1.2773362695401 2.39734340736681 4.05364840640692 5.15831602840051 5.71223444259772
-0.145163411723995 0.404015208780059 1.50700824258946 3.17054442127493 4.2889306143906 4.84855364686007
0.045003763083244 0.603430603616253 1.72625441975208 3.39684886469322 4.50145227263471 5.05544290480906
-2.300376402331 -1.74408685487977 -0.635253829188973 1.03349731149033 2.15239917087396 2.71277841009642
-0.207086644154383 0.346818260432041 1.45570336738685 3.12555310569646 4.22931622541838 4.78268464889725
0.113484796588413 0.670340935234868 1.78305605434015 3.44600506720032 4.55769581352874 5.11197317223167
0.0321477238153106 0.586473486876882 1.69421424680399 3.35959780175373 4.47126014708893 5.03017728774229
-0.0433730376983648 0.509941228458912 1.62131837540722 3.29000972114635 4.39891023087788 4.95590185432458
1.30895253376669 1.86579794945015 2.96947373048208 4.6359330317007 5.75006893786472 6.30587214969949
-0.406473896152603 0.152069561866549 1.27007868214434 2.93535593230972 4.04452849824527 4.59374495743033
1.66682497223279 2.22188974968046 3.32427088696441 4.99257279518997 6.10353689957107 6.6617942171606
-0.00478380496568375 0.558322227293825 1.66926527525054 3.32403251148841 4.44026363648396 4.99452507904407
0.470160120739126 1.02496595785971 2.12762983226498 3.79833419019181 4.90603704470433 5.46070828005396
-2.5528577784514 -2.00052669703676 -0.886716514540151 0.782812322038845 1.88805734662128 2.44116039849023
-0.518648891558657 0.038489776427447 1.14857213358097 2.82001494843067 3.92327063801794 4.47790632576318
-0.0323248826138032 0.524989214687434 1.63682453427761 3.28786726218453 4.4017923147123 4.96526632681878
0.15896418717898 0.711992746233302 1.81778894057256 3.48925290016543 4.59941498627234 5.15390379221374
-0.54142708584243 0.0110712316089778 1.12240710696435 2.80113639196199 3.89948081590288 4.45436192462348
-1.51067498329507 -0.958146882565473 0.160486912196087 1.81969268644831 2.92752552014568 3.48238322753239
0.166198372263925 0.721393996329243 1.82937571752384 3.49981972561632 4.61726258146503 5.17392636815999
-0.894339543282059 -0.339667254930581 0.756158838365993 2.42806614650665 3.5529719305539 4.11132374910486
-0.410863504180694 0.143542532837808 1.25268945508449 2.91632863908333 4.03537762980798 4.58881762645121
-0.0444229672396671 0.508979407546076 1.6215841043292 3.2947932875729 4.40567692169722 4.96587771196519
-0.622611476792301 -0.0644544997921645 1.04453577853995 2.7132402252201 3.8290875102047 4.38583522613642
2.12386420674184 2.68399338426581 3.80182880922614 5.45573102716547 6.57483576787654 7.13697269211856
-0.299576309905392 0.25796115909295 1.37324474670958 3.03824133751157 4.14858006793034 4.70254431990423
-0.0892482296822985 0.467650378949988 1.58033104839111 3.23814366015549 4.3459033354042 4.90449869818188
-0.275883006436638 0.278058248184093 1.39265907518794 3.06358787619952 4.16725359262028 4.72573899919046
0.34180594476777 0.899888259094002 2.01153060841659 3.67067322715473 4.77929204813754 5.33926003506845
0.0552591520169978 0.612999900092222 1.72426259526589 3.39620276277632 4.50980007079537 5.06840231950613
-1.19681245330374 -0.644307180171095 0.469447982316362 2.14557279142125 3.25256080798468 3.79989612310641
0.332630938119197 0.892634860794065 2.00071571789324 3.65820188949774 4.77680948779986 5.33101138222355
0.345504646644789 0.901412823333552 2.00469969205819 3.67614854849761 4.78481700933306 5.33871270016995
-1.78322351285248 -1.22810573317018 -0.118810641639111 1.55153771234901 2.66149861999551 3.21597462259709
0.26157384772348 0.81454175924646 1.92852173430206 3.60110583914723 4.70754634400173 5.26066338346611
-0.132123745488071 0.424086332014221 1.53493209669197 3.20385378650846 4.3145762382139 4.8677199759379
-0.186360506632082 0.370648864200502 1.48323755709026 3.15550210121849 4.26943663134128 4.82206028427872
0.0906832303564263 0.642379517968056 1.76103868346487 3.42483321672357 4.53476560400625 5.09219351626965
-0.0916770295150618 0.465427653901553 1.58644428389809 3.24934554486968 4.36018573046348 4.91461516557234
0.200494326314688 0.760385633276583 1.87750926491703 3.54352226125587 4.65482911008417 5.20838506709375
0.233546411436949 0.789136891406189 1.90759730684246 3.56487174852557 4.67985301702174 5.23558234279383
-1.19830217151325 -0.641139810289444 0.469385921379622 2.13446627756265 3.24390049157868 3.79811903913406
0.0145672945976659 0.575556906000417 1.69655017338859 3.3511195131995 4.46471529315597 5.01999389572587
-0.0466501252502495 0.509391795468174 1.62354785087014 3.28339500668057 4.39684238510073 4.95317176750538
-0.201577503906093 0.353457272317111 1.46547988107621 3.13236006540914 4.24282880458074 4.79927081157825
-1.00220959594278 -0.444879689474573 0.667748536879469 2.33576866072619 3.44188603384304 3.99902645516515
2.06241016486029 2.62363645423275 3.73998899645594 5.40206417552087 6.51220252083826 7.06869895886874
0.133657979152664 0.689733804077901 1.80312068327371 3.46918966822312 4.5811135111235 5.13605857717035
1.45002407895816 2.01006243730268 3.12291269446221 4.78435908601994 5.89172818346318 6.44787972672538
0.61948940547392 1.17812300281871 2.29203888603078 3.96123122451233 5.06786225683333 5.62219498832464
-0.0909883674137083 0.46549141757537 1.57118564995569 3.25379508797383 4.36395596388487 4.91703391363362
0.0133376012039449 0.574703548692887 1.69304893801047 3.34508587866647 4.4658275540613 5.02360245296403
0.130655951686161 0.691908205797955 1.80429932894082 3.46829387816161 4.58179046795211 5.13800770888166
-0.541277695538453 0.0178430659625854 1.13572202623589 2.78873496001619 3.90063380610637 4.45813602312092
0.277514295538617 0.832373109281212 1.94591812774074 3.61276264279436 4.72324414236091 5.27834724467922
-0.211453714202533 0.344870319593471 1.46342620564149 3.12850847903249 4.24124975579333 4.80285125555194
-1.05656284961379 -0.499865373860902 0.608860308730336 2.2696392214388 3.38439173153896 3.93452286159978
0.537977758492447 1.08975233878758 2.19904064380307 3.87423115003067 4.98739805728063 5.54528411134622
2.04300546538364 2.59782111265269 3.71275249325632 5.38275619598125 6.49402113938229 7.05031952029702
-0.701095958748136 -0.14709387574009 0.959121900640923 2.62437553852216 3.74015645831459 4.30086081102725
0.0902617625516978 0.644285176575269 1.75730537341892 3.41793317714138 4.53528189285049 5.09149831062887
-0.0221087880994868 0.534316282185991 1.6437535198527 3.31023482328374 4.42375936551309 4.9828158214849
2.32193666756864 2.87884416383604 3.98579115576077 5.6541949564933 6.76488775037945 7.31824843476658
-1.43344115062131 -0.876452888953533 0.236380749687805 1.89139931940659 3.00359603002854 3.56301019491873
0.634698757258883 1.18481102186398 2.29308847048984 3.96307303167658 5.06939912515077 5.62414740762611
0.351660263432014 0.905326191601135 2.01266295196959 3.67825919739512 4.79180873588627 5.34672502139196
-0.228421816623785 0.328576219521708 1.44464701600617 3.11010778828456 4.21420726797637 4.76571630586522
0.907045353254818 1.4607180465568 2.57288550987085 4.23296966880759 5.34933851767844 5.91125328267066
0.440816407603762 0.993761202523174 2.09660351560218 3.76900955234687 4.87921162252175 5.43567208067237
0.301699152629016 0.859480243202567 1.97079029969675 3.64453448056064 4.75451311557423 5.30935628802908
0.337073223914756 0.89316912407563 2.00451999506657 3.66863006424614 4.77827815628836 5.33569608359131
1.02217154374507 1.58634352442679 2.69980371543148 4.3581038726882 5.46768183191034 6.02586589662876
2.30465592178307 2.86396788685364 3.98081783758835 5.63884787127972 6.75251648290115 7.31323175870823
-0.528114888270894 0.027496614386065 1.14345497325559 2.80762336708882 3.91367192992829 4.47069719658679
0.343978745264 0.900689236203538 2.00802591200176 3.6743223751634 4.78595586702659 5.33849947382276
1.73520549587302 2.28876984641001 3.3966230314696 5.06311424998363 6.16656960403017 6.72377655334524
-0.820242418895489 -0.261490499468739 0.857977450525668 2.52203050236774 3.62573708655733 4.18049580535277
0.410315590452511 0.969265399929707 2.08303641220613 3.7420081167995 4.86165209819066 5.41863332507725
-0.275074179982771 0.284739527342137 1.39699391121918 3.06377423080419 4.16861417196841 4.72155007347213
0.496794338569005 1.04916602011231 2.15816628035549 3.8135005353531 4.92830806045565 5.48952542528716
-0.0150250071053963 0.541126158880344 1.64923034448677 3.32363819402197 4.43636795741024 4.98912171311982
-1.05390518072623 -0.498049321962544 0.621992665913765 2.2764931494991 3.389420180762 3.9454029943999
-0.060578192530781 0.493527866524533 1.60566201912383 3.26332846475399 4.37271682496475 4.93036550020541
1.33634869185063 1.88721625320887 2.98793669453531 4.667332763062 5.78014311584753 6.33118244013953
-1.13243153641904 -0.575398306181936 0.542639065593854 2.20600661274717 3.31612826410051 3.86782677218142
0.0711566834524117 0.627238548353183 1.74150661937791 3.40145187703145 4.51131154642173 5.07253560912727
0.825121594301332 1.38701668859926 2.49898423168009 4.16763409771264 5.27450014080983 5.8242361442844
0.606877616843997 1.15789054417607 2.27250591794968 3.9426960222708 5.05196577491145 5.60721844392478
-0.744453149132706 -0.192092997892467 0.910531005541185 2.5890028568747 3.69870237970201 4.25334599587059
0.777187944800899 1.32811136651389 2.43773297881554 4.11318071710492 5.21669216195867 5.76850251053049
-0.321244745402021 0.230523445804466 1.34455982284272 3.00178795231599 4.10936869215204 4.66884803848131
-1.19208905224345 -0.639613846429985 0.4651321695751 2.1294303407244 3.24457197003256 3.80076331765855
0.409552884469229 0.96667098414704 2.08244184670714 3.74088366778069 4.85428378213608 5.40821218955236
-0.371577627677402 0.184493268398267 1.29632528660226 2.95975451020598 4.07689577155284 4.63539399432419
-1.53725752985453 -0.979587305703853 0.137867065342431 1.80979762726053 2.90463474107161 3.45639063692815
0.288858911179427 0.847666577110643 1.95796883911909 3.61782660275546 4.73196782096942 5.28633000851
0.338762736591562 0.896657560377336 2.00108074793901 3.67705700695512 4.78733907708884 5.33349221249655
0.507183983187544 1.06656695426534 2.17960264819895 3.83588893262957 4.9516258140536 5.51508084836351
0.127604546556536 0.683143010303693 1.79717430011295 3.44919479821094 4.5711821003489 5.13517998544135
1.78678801134844 2.33838536095872 3.45424071401865 5.12788860002754 6.23560928134803 6.7906325486623
-0.135212294625715 0.42106773528885 1.54145475279243 3.20404146240207 4.30919248809297 4.87054914631404
-1.67725335174097 -1.12007736689863 -0.00020206018928361 1.66397247968583 2.77296510008634 3.32666237871947
-1.15851184489875 -0.607627816583739 0.506673951929664 2.16572437340737 3.27926666080356 3.8421549852099
-0.925471341486682 -0.370420063961657 0.746814224170915 2.40521614354828 3.51241606857695 4.06783875429769
0.0135612317324356 0.561444186916936 1.66280837557733 3.33801274643177 4.45353883896143 5.01135465409367
0.279433678656471 0.833859315927549 1.94773559494995 3.615508865374 4.72518230204281 5.2799025629765
0.79156967908533 1.34892942307293 2.46199665111647 4.12251794397502 5.23370684311742 5.78495545705612
-0.245019259064436 0.312833584043936 1.42209643403078 3.10072423808938 4.20387590053333 4.75609317307089
-0.504362022087219 0.0541777401079448 1.17363135708412 2.83154610642663 3.94114682458508 4.49648503316312
-0.361772461405263 0.19869502603155 1.31688559190942 2.97205958619053 4.07927594385818 4.63388482360571
-1.03016118372183 -0.482936480805925 0.629397298591544 2.29502641888708 3.40182346384396 3.95853504920495
-0.751276238592726 -0.195572727605952 0.913347400620782 2.58565990723039 3.69511052316595 4.25630321814419
-0.903726089079527 -0.352894689347768 0.756263159651908 2.43423156813816 3.53905061607369 4.09353639129111
-1.13738107547293 -0.582019514175907 0.524445636112663 2.19296756550028 3.30472175650275 3.85784279624847
0.760680266907517 1.31166215587694 2.41964246182706 4.0890054488932 5.19983019718279 5.75276312453011
1.33500553600906 1.891618310619 3.00263023152822 4.67675614218254 5.78440032123375 6.34054627967567
-0.215850316785564 0.335609229585064 1.44647296999669 3.12989713615293 4.23581856683947 4.78934595011643
-1.79156747219506 -1.23852852892148 -0.127492870111081 1.55475643108706 2.6631212368231 3.21650561204159
-1.84421862668699 -1.28389511510422 -0.17373475863421 1.48508828136017 2.60270301387402 3.1649696097143
-0.0211287844407323 0.538111231656768 1.65290671994508 3.2954047118696 4.41124124250666 4.97371289137751
0.374932495044662 0.926300683017538 2.03506363422616 3.7120830224228 4.81680923309689 5.36622947570282
-0.0162980516494872 0.541577397126406 1.65579032295387 3.33038183464278 4.43118220428296 4.98346602606489
-0.741233862467439 -0.185328219957554 0.921968375791728 2.59025205713456 3.70219331187482 4.25558865480062
-1.68135406226052 -1.12492702208901 -0.0116032409585018 1.6562460719406 2.7620409998003 3.31241193892932
0.427748991413108 0.985403723353183 2.09860400758052 3.75599655799331 4.87615021441129 5.43101146276111
-0.396302168001534 0.159829174030566 1.27650369751272 2.92243152553727 4.03693205825029 4.59869815224057
-0.216554010416869 0.339965519595344 1.45058558235141 3.1157049339336 4.22513245592596 4.78309004949359
-0.0427933522282933 0.509067304582851 1.60818426606644 3.29433222818821 4.40050395543183 4.94699500886579
0.940742348364073 1.49133469389877 2.59778105745771 4.25988591814835 5.375160681709 5.93322176364011
-0.320717239672636 0.229530098386043 1.34082375963743 3.02404095923098 4.13229099214496 4.68738620574666
0.364884307789759 0.923022689260385 2.01816461494723 3.68344220212901 4.80273535283504 5.35593052963781
0.671561509746185 1.22283941621406 2.32874707137291 4.0054469708641 5.11429838318413 5.66770466716121
-1.02223795781775 -0.463272367415719 0.654247208727656 2.31016992330643 3.42572490871411 3.97996458686048
0.34867086802468 0.900997109834731 2.01870788912568 3.69105545901298 4.79914259760522 5.35490133609967
-0.214294955455996 0.338107988055675 1.44816679059228 3.11621461972425 4.22792224319654 4.78397436294257
-0.714436385619427 -0.165617338214979 0.949184494640888 2.62490340662968 3.72773947782717 4.28632428868317
0.315917721323802 0.873898311350484 1.98897508845634 3.63813046687029 4.75625016323971 5.3156121522488
0.135084407369246 0.688838287051809 1.80186346333846 3.46862119577093 4.58003779562125 5.13881298593723
-0.188075229383857 0.366180167413881 1.47663037880014 3.14187151213485 4.25027423891417 4.80220796147986
-0.303774164395765 0.246140023885491 1.34881220633041 3.01967629903108 4.12823836158449 4.6837254563657
-0.692004129097918 -0.139671697072 0.967051559623612 2.64066387645733 3.75048720389009 4.31169713161327
0.423922465088979 0.977743865037009 2.09057849909229 3.76212746213 4.86991199080235 5.42339923731048
-2.25111644121871 -1.69724935639683 -0.59516530144535 1.08173143565641 2.19655807170725 2.75420403153688
-0.986937449027727 -0.42544393212283 0.689403865271431 2.34747293771308 3.46517940391318 4.02431477645151
-2.02682153194132 -1.47798458922627 -0.370119721879947 1.30329039338096 2.4210860650721 2.9787044254986
-2.28907206337235 -1.73009860704845 -0.618354846200739 1.0474565431933 2.15699838311132 2.70780033201031
1.14463581412303 1.69981393462643 2.81511713442719 4.47240886146054 5.58698791120573 6.14516969072493
-2.53026576122331 -1.96973621254977 -0.8526842425952 0.820718375439095 1.92099121545153 2.47064192115976
0.0596720652870351 0.607198729552334 1.71164913224513 3.38246361251085 4.49513774763233 5.05340399699812
-0.631986415235646 -0.0769519172074582 1.03739787656668 2.70761806535863 3.81668758986092 4.37769378930059
0.0888821359367918 0.647211391875255 1.76142494085152 3.42364292461743 4.53338600505819 5.08945215208528
-0.0798351691849395 0.473597620754473 1.57750673492187 3.25763014310467 4.36909622886993 4.91980122857203
0.200667348528957 0.764059631229287 1.88135613913187 3.54328669974149 4.65666292346396 5.21434165160074
-0.250888482110309 0.308169527521066 1.42214241743591 3.08539543306004 4.19664127259013 4.7498647657034
-0.695401174185779 -0.142960098531567 0.97451363496758 2.63518058094536 3.75012603691206 4.31089443601255
0.624574880378667 1.18506845821436 2.29586473272079 3.95772307242297 5.07198985699726 5.62427987996387
0.161999551192833 0.72331492608509 1.83340823161495 3.50037100006099 4.61002815604145 5.16139712753328
-1.22300338887889 -0.667717102850718 0.451065604062074 2.1128712430562 3.2182954124616 3.77646960051316
-2.23923144243617 -1.68541846809102 -0.575645473461406 1.09313764054626 2.20407289271143 2.75741592433123
1.28176439467354 1.84401034956233 2.95952391287652 4.62212650239853 5.72882011883278 6.28422550487537
-0.10585273210193 0.444859892370129 1.55038892256716 3.22558415931288 4.33280181983603 4.888420722079
-0.229899163139167 0.330896701071897 1.43913704208325 3.10861268305607 4.21933970493907 4.77089067446728
-0.474052602929147 0.0848556220468994 1.19454951922219 2.85587711583211 3.96796613349024 4.52641512860255
1.1872968327335 1.74915130958546 2.86876015866092 4.51958688130751 5.63604776669649 6.19693210965406
-0.55359615952133 0.00371850801559555 1.11721284088757 2.79032854380267 3.89545577558853 4.45107266621621
0.0503640449162764 0.604346159991373 1.71865670221076 3.37923741667938 4.50000060525861 5.05859748783233
2.25632043514805 2.81327844138454 3.93259062555811 5.59017191118247 6.69869767151751 7.25393620767926
0.831952034798613 1.39174098282591 2.51119815429981 4.15745200562963 5.27541432889103 5.84112312769887
-1.18138700688939 -0.626125887237306 0.493404545708009 2.15267933721359 3.26055661167222 3.81633059571424
1.91920387801225 2.47988267822395 3.60419103178474 5.26691052518696 6.3846060625723 6.94036556360667
-0.765983453471853 -0.207015877817474 0.899717204516897 2.56596798908516 3.67828614743247 4.23027245480623
1.92347006584308 2.47929775706303 3.58396327422028 5.26053034852329 6.36687110571026 6.91808287670205
0.0896279360664755 0.642443389057998 1.75840105426666 3.42226848114798 4.53211964869316 5.0888368691481
-0.880232973076723 -0.320848352836062 0.789876867054467 2.45793194504147 3.56828889107924 4.1259288510551
-0.237998412433509 0.32205953347842 1.44299675233103 3.10313213518784 4.21614809334408 4.77204670571499
0.348843665873793 0.910873950273642 2.02673657166193 3.6946393491111 4.79718220279281 5.35626111651229
0.170665309462631 0.729393898786329 1.84198107797295 3.50002753891043 4.61237283144515 5.16452828025205
-0.12183059665358 0.43807766913285 1.5596102155704 3.21815386619494 4.32551742818384 4.88013427591358
0.712239107476451 1.2654307444887 2.37619133838658 4.04930174993293 5.16351135350823 5.7173988210546
-0.0080805949340253 0.548148681142076 1.65896570852832 3.31252444242617 4.43040145753718 4.98603832288381
1.23717466807121 1.79180106426358 2.90520431879801 4.57196215748518 5.6826290811249 6.23901297495414
0.935616944192199 1.48998560436147 2.60814179471897 4.27807341371486 5.38598376518417 5.9389810053035
-1.78868731711143 -1.23402808274988 -0.12992010261434 1.53883918649199 2.64516317396599 3.20070642711221
-0.820908957593528 -0.263873636078622 0.849926094829198 2.50976781028516 3.62102377527206 4.17726484767916
0.440257482385772 0.998373678127936 2.1080528852081 3.77945665464703 4.88403164721073 5.43652985994605
0.0845465154765364 0.639545345433521 1.75455560878659 3.41653528963314 4.53464801860479 5.09584801306025
-0.0714567743870521 0.483542101127249 1.60254982629759 3.27005543629557 4.37216819054757 4.92587682252979
-1.82715398074928 -1.27806704866461 -0.163822592229487 1.51179705887377 2.61907702352071 3.17557111249653
-0.247605374947838 0.307134761058401 1.41510962565801 3.09097352564323 4.19885788418128 4.75607853200086
-1.32331223679396 -0.770072682933141 0.343328302508411 2.00479684290777 3.1116279133862 3.6718662447357
0.0189447338254841 0.571657629566677 1.67551723011687 3.35156140295539 4.45686172759025 5.00982270551609
-0.140040164301504 0.414920734763869 1.52405489970145 3.19686937737766 4.30622819946213 4.86105300609206
-0.256499119702682 0.299626632705172 1.41087925624125 3.08066100807719 4.19560414821749 4.75284680001764
-0.31343642261593 0.242687197833766 1.35474704927073 3.02493650911067 4.13891530752544 4.69586714106303
-0.324648520991953 0.231379766450392 1.34340261081507 3.01171128311049 4.12421193766327 4.68043286900172
-0.324356806784797 0.231160591680568 1.34214965427423 3.0084076356088 4.11849456160062 4.67358617563649
-0.288352607240211 0.267697087451231 1.38000026059551 3.04544389462887 4.15602382596104 4.71125643309939
-0.217890861019726 0.338378974041445 1.45108546225045 3.11731488319015 4.22838223526694 4.78386038938959
-0.112567662713784 0.443408266982832 1.55522707307917 3.22353167164835 4.33568216201663 4.89176482948081
0.00927733450920197 0.565671069116386 1.67950775055794 3.34666881254745 4.45760602736415 5.01318237931718
0.141099394589178 0.696701897323378 1.80903749423449 3.47473025218906 4.58614020521519 5.14190265074461
0.274651606006546 0.830989818573965 1.94380249477698 3.6111351506084 4.72194071387776 5.27742190931512
0.408181087975547 0.962961804866698 2.07247603826226 3.73713871408256 4.84688108584321 5.40173730326311
0.547808944928658 1.10212705274382 2.2104504962842 3.87464377773406 4.98554080343908 5.54091596862894
0.705289377343397 1.26105156837911 2.37290004634123 4.04175225705719 5.15448348493674 5.71091761070585
0.867634013995982 1.42346945264468 2.53490379158661 4.20092993407797 5.30975996972169 5.86419204929534
1.04187733982813 1.60127930188289 2.71657471132097 4.37515147066495 5.48565262613177 6.0416560778964
1.13903007337524 1.69323492523941 2.8016236131366 4.46672318874363 5.57587804143361 6.13041973429943
1.28476636019646 1.83894661806883 2.94728909168363 4.61047326788305 5.71923447911517 6.27359748185212
1.37902819099542 1.93439743374553 3.04535350110119 4.70925461467775 5.81894586073497 6.37382275569294
1.56440948522297 2.11926974389472 3.22844819486036 4.8962757480501 6.00793323181419 6.56369113511532
1.77518629790097 2.33082262485705 3.44505559878682 5.1167857233044 6.2256116141469 6.78073088843601
1.92942659971187 2.48599766984322 3.59948256002865 5.26774269977508 6.38174071637716 6.93837980902214
2.14557227053106 2.70136305058536 3.81287801859489 5.47849552172209 6.5933255452575 7.14999925392953
2.32611062434059 2.88147371632221 3.99249261949597 5.65657685129007 6.76600216126351 7.32079081993996
2.3245131623521 2.88167929773266 3.99711000556755 5.65929667481723 6.76775055054084 7.32196322973564
2.4152356627193 2.972165338594 4.08611250080821 5.75486207667976 6.86746880294257 7.42374511059963
2.45730985730642 3.01373440454003 4.12674152836743 5.79551371803167 6.91099610439151 7.46862232194186
2.51742239248827 3.07236948640263 4.18208906566414 5.84852148374885 6.95804158758873 7.51283560937394
2.46603244903835 3.02083952416174 4.13041513277231 5.79227220510017 6.90226059136557 7.45731675741494
2.21930031518301 2.77744560249091 3.89442958834612 5.5594640033317 6.67464479080622 7.23231676320944
1.69134055337552 2.24958069031095 3.36618783451009 5.03951539543679 6.15529173702859 6.71308933470129
1.19604389520117 1.75342882722581 2.86836813275673 4.54028416967646 5.65413965289887 6.21110613179325
0.835798705487244 1.39239578024348 2.50589451606908 4.17463034952945 5.28531952447008 5.84071877345381
0.477026360878755 1.03316111493943 2.14560826448915 3.81500598649159 4.92548956492901 5.48081779983695
0.379216864117328 0.935187361334937 2.04656191296761 3.71520667983819 4.82233606226474 5.37614216106371
0.420871200140138 0.976253086037413 2.08708567510383 3.75004210468968 4.85703026938877 5.4106752686758
0.339457479324908 0.894519706272476 2.00377318605417 3.67124355417189 4.77924972361207 5.33284687327238
0.258072838172015 0.814494869815173 1.92715225918693 3.5981533519761 4.70892005964123 5.26438594261861
0.285962860002922 0.84078642397035 1.9494789708846 3.61076863688459 4.71909523204174 5.27283724997359
0.281284099121018 0.83558299717254 1.94343490101035 3.60481614067675 4.7153271298656 5.27011961733302
0.256580324751007 0.810578666641678 1.91824347644054 3.58220286527762 4.6904430548115 5.24436539509538
0.175652057335484 0.73037239793933 1.84097680951808 3.52152344534009 4.62068876041561 5.17015512813289
0.238997880190433 0.793164691388751 1.90194414230442 3.55862260720647 4.66975743812549 5.22482603011066
0.263821957105157 0.816972719699951 1.9234000687739 3.5804075797867 4.68780470218291 5.24137129989964
0.262249123079397 0.815526252567641 1.92202551756795 3.58277668108199 4.68947550769332 5.24286212119905
0.214924320889505 0.768552582839125 1.87572140034063 3.53708365931986 4.64442236246961 5.19809466022214
0.141753722505596 0.695929964946049 1.8039932934324 3.46886323496089 4.57821292773913 5.13295659468514
0.105754783415703 0.662445989175088 1.77589102142127 3.4429564114441 4.55381437633361 5.10920773145655
0.121161492209645 0.676451992754815 1.78697684590817 3.45400772559486 4.56695034655374 5.12331651908182
0.106088913957975 0.66039675389313 1.76875928736332 3.43320753762054 4.54118105227931 5.09532692348813
0.0681059474321996 0.622361810785019 1.73069329467327 3.39479849322943 4.50375084554091 5.05837574331678
0.0306513232803045 0.586129702736977 1.6971907967365 3.36198040833615 4.47327806449316 5.02884101846279
0.00515709772587363 0.559065712899896 1.66666965653988 3.33145053320346 4.44064496654245 4.99524198399512
0.0120973852683006 0.564935119048343 1.67079944654686 3.32861656709424 4.43658789928289 4.9905039366221
0.00456925616711811 0.558483076632375 1.66637397750382 3.32925020368836 4.43962449211599 4.99485866317426
-0.031169075705259 0.525454924503564 1.63873109166878 3.30661958126904 4.41830925104798 4.974131698365
-0.039418902913441 0.516792914814649 1.63004796945509 3.30255563255608 4.41606018371534 4.9737126760006
-0.0714944313640794 0.483115081720056 1.59222939115492 3.26114524224074 4.3741757440056 4.93085506308192
-0.105403682587382 0.452137685927117 1.5671074337505 3.23930480919011 4.3540907426455 4.91139392021891
-0.158988968918482 0.399419874178896 1.51656927280343 3.18920655174769 4.30262983389166 4.85958179096263
-0.174987519349553 0.381326266552732 1.4937358791374 3.16401591443106 4.27845024004279 4.83552620228369
-0.173834117540092 0.381996636218556 1.49329593154859 3.1617220976177 4.27415092433845 4.83021017250081
-0.165403382877134 0.389868846661265 1.5003564855417 3.16663778774661 4.27431118596914 4.82872607581648
-0.172971075841692 0.381870644350108 1.49185471109516 3.15786510794713 4.26316703167765 4.81637690987423
-0.199557479853144 0.358197636873542 1.47430575895263 3.13974783480261 4.25454893486713 4.8114839415759
-0.255305127031787 0.303269902518026 1.42070839687201 3.09318405327528 4.20616296841827 4.76284035269732
-0.278509179390898 0.27724827807657 1.38948417381907 3.07106290559324 4.18559454074868 4.74339723661312
-0.334342012388913 0.2211118399375 1.33189905231154 2.99914642246219 4.11037930872943 4.6659675942936
-0.368282615450686 0.188099079615403 1.30114243925568 2.96693706088104 4.07695965174575 4.63201267431444
-0.372474640588711 0.181992420498017 1.29100392275201 2.95277597202141 4.06195476448168 4.6164418415442
-0.42560453358591 0.129764402758862 1.24033716694221 2.9067204871741 4.01637320603467 4.57129083148456
-0.449053232112489 0.105742111251276 1.2152809403375 2.88101985336521 3.98894813599866 4.54312838035654
-0.42752225970149 0.126889543454754 1.23560951783783 2.89734187231077 4.00920876172687 4.56480560017242
-0.468810072189225 0.0867180090880513 1.19701378994336 2.86632303931347 3.98310664775233 4.54116651526047
-0.782767044323948 -0.227009136420177 0.88416932997133 2.55173149958914 3.66445760291436 4.22071188200733
-1.23944392225364 -0.68325818618653 0.429412369437253 2.09436595410179 3.20108707986 3.75456921854682
-1.69403099220429 -1.13772357849575 -0.0249547858459677 1.64193331804344 2.74797235807179 3.30113979188436
-2.12130542042474 -1.56588664702987 -0.455178049261294 1.20896112759329 2.32037122967375 2.87587353844327
-2.55146062432563 -1.99656668972433 -0.884771993880225 0.783765462588152 1.89009966981408 2.44370534526113
-2.65547828280994 -2.09964508291377 -0.987683642341771 0.678703896009748 1.7871843038375 2.34155544174856
-2.58190546388385 -2.02421529305739 -0.908842373960295 0.759392049443325 1.86601168509827 2.41949044497013
-2.45415574346267 -1.89755120672128 -0.784472946896595 0.886247341335079 2.00016738364912 2.5571460372778
-2.37073911298655 -1.81353574325224 -0.699450553249361 0.967687916473633 2.0802174323208 2.63615035434793
-2.25416881075187 -1.69706938307975 -0.58387573195792 1.08081868524725 2.18922995196739 2.74282236362325
-2.02874731269366 -1.47270985583496 -0.360506722935471 1.30959907483665 2.42238895118597 2.97887743954958
-1.94694582447235 -1.3918703727681 -0.281902972161732 1.3831871835075 2.49419865358765 3.04955735131776
-1.79215010287572 -1.23665882428206 -0.126060337123592 1.5441102634711 2.65561268374119 3.21137933892686
-1.57221960665979 -1.0146477382878 0.10057001868395 1.7746796303415 2.88768119511769 3.44415607348844
-1.42287199687563 -0.866441901516283 0.246435723291773 1.9143732894883 3.02666020849751 3.58283113307024
-1.32412821819458 -0.767076263207807 0.347697433911151 2.01476986733735 3.12406162095553 3.6790572422212
-1.18567530372157 -0.630144625097627 0.481509052457219 2.14248013282441 3.25099912296215 3.80553550591706
-1.01833968162969 -0.461815629528027 0.651094513646635 2.32080215196823 3.4326705530475 3.98872709966965
-0.874955346351998 -0.319158522041429 0.791794759719129 2.45881454524018 3.57002991953753 4.12554354153477
-0.745079279394936 -0.191073678613603 0.916855202256261 2.58425872863479 3.6963996880763 4.25234416403331
-0.580563559083603 -0.0257571223107641 1.08369849828422 2.74948569548373 3.85902185825904 4.41389463352989
-0.43302889489525 0.119823463559112 1.22518484336326 2.89033663934226 4.00720917404158 4.5650049273225
-0.29804091453295 0.258202042181993 1.37075909171854 3.0412081793423 4.15846056738642 4.71701632214159
-0.14390259503202 0.41360205798302 1.52865143743436 3.20035059734995 4.31382161588807 4.87063573611707
0.00137669554233167 0.556689239672449 1.66736581171539 3.33363369777726 4.44559379464648 5.00156848219574
0.140569131702376 0.696155997267309 1.80748391521562 3.47132124293282 4.58157211509335 5.13650829112258
0.240095679030365 0.794974305277187 1.90486915460786 3.56831962950715 4.67864782138678 5.23370142123959
0.329661074396874 0.884757972295409 1.99459240608822 3.66185547700591 4.77234473537248 5.32769626447353
0.378269266084321 0.933760062706377 2.04456196653841 3.70952446635724 4.81899115442452 5.37382981533677
0.365949403719833 0.921299721996751 2.03208260358628 3.6956776589656 4.80494278265575 5.35967784279639
0.295262748305839 0.849901837266778 1.95923261801366 3.62409366837601 4.73425751740185 5.28929283636828
0.216673969811577 0.771872524878596 1.88238513313492 3.5459935900039 4.65598622987826 5.21097600836303
0.138885526976638 0.693030808777785 1.8001616824899 3.47143730666167 4.57283216299121 5.12394163591859
