1.06908844881348 1.61849463171987 2.74892249029852 4.41493843320986 5.50769669193082 6.06982965546825
0.976641672405641 1.53031247182871 2.64941311271491 4.31549400144882 5.41957278902995 5.97710622968805
-1.06292117355411 -0.509583817230399 0.601274753602528 2.26821998025674 3.37940651150287 3.93725233431622
-0.868875898490886 -0.322820391667886 0.805164794854733 2.4718508951145 3.56588449828132 4.13105431526076
-1.39395799513321 -0.816674529191969 0.246283307180023 1.91376754869917 3.07295750478555 3.60692133860969
1.15783496331697 1.69799592158016 2.84668838990154 4.51264984394499 5.58715378315811 6.15891333557994
-0.278454777718486 0.262827158240254 1.40599862050127 3.07233954636509 4.15145091236848 4.72157218584756
-1.17439198522481 -0.613116004322971 0.482068212964947 2.14917158464688 3.27606146328145 3.82594998366745
0.440139107101392 1.00828146659226 2.09026347793443 3.756610788218 4.89754595421826 5.44047664950078
-0.0203251377470753 0.529664345760391 1.65325786966951 3.3196482140265 4.41860794893803 4.98010178753558
1.12380597118276 1.66622904525027 2.80953306742756 4.47551553079715 5.55539939763696 6.12473843215554
-0.00539829151913721 0.543426398534255 1.66894292315713 3.33533175774805 4.43238040793048 4.99504246383609
-0.702899358537401 -0.160362747360534 0.977161575478775 2.64367387985283 3.72817226286064 4.29689579895507
-1.34943039171578 -0.780209852276189 0.295973510128306 1.96340083887592 3.10933410037358 3.65141280245337
-0.0191962955548067 0.526633525767693 1.65794328479466 3.32430589949366 4.41553870427517 4.98122171411941
-1.00719644402337 -0.456132907577862 0.660051695051778 2.32691624113995 3.43276699643541 3.99289391026083
0.0855215341792101 0.649353126660941 1.74520455442211 3.41166125440257 4.53849895991393 5.08609599055928
0.89986528250827 1.4557939658222 2.56783767862851 4.23397891037789 5.3450977963656 5.9001717820562
0.0450163452167303 0.603589668658081 1.71012408541286 3.37657496732201 4.49268098227861 5.04552995808817
-0.0493147253153166 0.494510801861425 1.63011945697732 3.29645987192722 4.38336359192344 4.9510640370669
0.819810438387835 1.38471083137021 2.48071766965104 4.14688555082381 5.27400420637188 5.81999086964414
0.573546442852874 1.13990816850425 2.22606551892408 3.89236856137886 5.02920036610299 5.5737178999506
0.276751974754574 0.847257996644172 1.9265500932625 3.59295028333898 4.73649437984312 5.27729677713598
-1.2670974043476 -0.703344535015836 0.384279822838648 2.05155778923243 3.18602407804255 3.73350659580527
0.540130220899732 1.10708725483385 2.19183706544514 3.85815136708769 4.99637208045963 5.54033840559591
0.742784231333936 1.3103469216042 2.39957896822969 4.06578912076887 5.19964474072195 5.74290682024616
0.979297525183056 1.52931138558671 2.65357429277857 4.31966437759111 5.41858330571774 5.97977460663897
-1.392152317013 -0.81556074748974 0.248433731850113 1.91591774283767 3.07406913378989 3.60873239269966
-0.613182143581189 -0.0670693052279114 1.06720764434446 2.73362207070197 3.82139127262877 4.38656615112873
-0.970296227871711 -0.413123320123922 0.695743008052939 2.36252808275279 3.47569673252126 4.02965248554241
-1.08887953195451 -0.532107221632713 0.572907803077716 2.23987801772709 3.3569162260715 3.91130450899187
-1.02481252058189 -0.465423804343388 0.638379527914427 2.30523624250908 3.42347648592029 3.97520639584923
-0.529857281333129 0.0138757773182526 1.15285534503685 2.81922689308375 3.90232840955274 4.46992011598188
0.472515039567115 1.04193528254437 2.1223379768343 3.78867485139212 4.93121045381824 5.47282712041611
0.0689423524271244 0.633039217285373 1.72894605670952 3.39544210335055 4.522216622515 5.06951214598279
0.344241084312832 0.915166531223078 1.99330292895518 3.65968072546711 4.8044176973848 5.34472372028905
0.0229154004454 0.576837360852061 1.6924324396504 3.35886803976395 4.46587926126543 5.02338233457454
-1.02661740483888 -0.470564792561885 0.637871757438058 2.30474115353723 3.41834582538436 3.97344300671274
-1.32076244566558 -0.747450474845738 0.324530137212667 1.99187004074841 3.1420082773421 3.67989713985257
0.0555794332248706 0.617592427513572 1.71769507925226 3.38419485221859 4.50675331376955 5.05610427031314
-0.0608345571422438 0.480882453838213 1.620635024284 3.28694996349788 4.36969237488615 4.93951665525264
0.0948179899404306 0.658498541693351 1.75434960524771 3.4207900494145 4.54763176025092 5.09538575823102
0.423190598374392 0.99404263719903 2.07209872510622 3.73845316262684 4.88331226853221 5.42358520626881
0.27409450012965 0.844484703654052 1.92434635425724 3.5907419010863 4.73371127974215 5.27462996386614
-0.536516543190426 0.00957349810201895 1.14505579238619 2.81141699559714 3.89801239548058 4.46326038413069
0.339339098059269 0.909420575562975 1.98858922286574 3.65496940272844 4.7986697626605 5.33981828280951
0.390319483498544 0.960892845223012 2.03930994481778 3.70567438511136 4.85015502969192 5.39075001494414
0.274459524619782 0.844840248897149 1.92469881113148 3.59109447950057 4.73406732025376 5.27499489604032
-0.765320699715636 -0.221731147356111 0.912760119559831 2.57933171473572 3.66685685721516 4.23451015389518
0.0279740535827747 0.582467099140593 1.69693222689257 3.36338669444211 4.47153151681438 5.0284135836401
-0.154581936814651 0.386695042209709 1.5289139662613 3.19522185815824 4.27541021543497 4.84562948470927
0.114186483900482 0.678326037102801 1.77286105950438 3.43928672487581 4.56745711353696 5.11474616587692
0.796584317115153 1.36310767351187 2.45587095864887 4.12205068554653 5.25240188060335 5.7967363003792
1.00651723868017 1.56042702760098 2.6809533228415 4.34700948088819 5.44966515899071 6.00706439789523
-0.497045614743356 0.0445227266034233 1.18697644393596 2.85334741599625 3.93299367588062 4.50275242019151
0.115746908217748 0.684395520826551 1.77053851512389 3.43701497408079 4.57360566715459 5.11639845390838
1.11948463859933 1.66444848875473 2.80412486479158 4.4701082413073 5.55362214139914 6.12040951143324
-0.252354371309207 0.289102537662362 1.43186147285192 3.09819489668792 4.17774511096415 4.74770800880625
0.190185785127649 0.760176006127433 1.84191136078705 3.50834489958348 4.64939625477635 5.19081284395659
-1.31475694996856 -0.73935176762815 0.330031070362404 1.99734839764037 3.15008678243393 3.68585468175413
-0.698749270139096 -0.156381874018233 0.981487317696527 2.64799615188737 3.73214993271141 4.30104411464836
-0.0943025559347958 0.446647007086632 1.58848955064724 3.25479006399396 4.33541272581895 4.90599917096961
-0.026323033981296 0.523604915423338 1.64740078676373 3.31378922568303 4.41254027938412 4.97409433246963
0.0842584225233189 0.647211746910227 1.74467118068345 3.41111529312657 4.53633878089162 5.08482001527708
0.902542968847031 1.45965256548843 2.57018071659122 4.23631462138331 5.34894889844091 5.90284944515769
-0.307548133354703 0.234653255121003 1.37713747729614 3.043430870446 4.12320230918037 4.69242735616433
1.10301331642361 1.64521888227763 2.78736590296985 4.45336494586517 5.53440325830282 6.10385016296237
0.0344412257781336 0.590905547312551 1.70162313209427 3.36808519025921 4.47999122287503 5.03490860843578
0.526874426349003 1.09600031480141 2.17743073755138 3.84374766078641 4.98528368991882 5.52711184614859
-1.39557590098753 -0.816804237195521 0.244038155926266 1.91151774303844 3.07282574473331 3.60528339512434
-0.388942284052296 0.154407575249129 1.29512053605893 2.96142974549541 4.04289569876766 4.61094037981774
0.0735434622449314 0.635118921165843 1.73535630394543 3.4017943632321 4.52422599931253 5.07408902939004
0.445741927397095 1.01661266054213 2.09472573891451 3.76107270266207 4.90588618820142 5.44610628147346
-1.28582620186432 -0.720917355749999 0.364240507555508 2.03155198753895 3.16848970928908 3.714829936026
-1.30526575656169 -0.734193966427183 0.341594345216924 2.00891217034864 3.15523563172714 3.6953681951161
0.385713148115133 0.956753602652378 2.03452811014744 3.70089432035125 4.84601586902259 5.3861555308012
-0.913488962081121 -0.362217977222242 0.756974080177332 2.42369687834584 3.52652813612546 4.0864336874565
-0.302707264195093 0.239462209167104 1.38199278098882 3.04828436581284 4.12801444558989 4.69727498096083
-0.233124194682375 0.308690656246009 1.45036447672884 3.11671774059315 4.19737241108421 4.76697730109759
-1.36549214801035 -0.794683997064806 0.278532364111602 1.94598743952472 3.09489560813039 3.63539044622287
1.163412448014 1.69839560757357 2.85422214921552 4.52018393109528 5.58754669673573 6.1644815604123
-0.512112702330229 0.0295508346763348 1.17169757161924 2.8380749441426 3.91801928867758 4.48767830401734
-0.16439409618611 0.376427041451912 1.51973874991617 3.18603097029095 4.26511637444339 4.8357966201985
-0.471153594401558 0.0703470016217453 1.21313780974512 2.87949913920453 3.95882526926743 4.52866012567732
-0.015344964464916 0.529927893187498 1.66218573073962 3.3285441408155 4.41882821266465 4.9850719483827
0.015648807337087 0.56856247943737 1.68613192518925 3.35255287709429 4.45758017818585 5.0161172887089
-0.765791347649875 -0.215294608369035 0.909236362818796 2.57578208747673 3.6732760392018 4.23398404259384
0.916542143100685 1.47841277205358 2.58316892525279 4.24927419900926 5.36768100375873 5.91687031920084
-0.0378918986248932 0.504848390149002 1.6422372676333 3.30856705028567 4.39369348445567 4.96249161703638
-1.04152566810204 -0.481074700570035 0.620614932615901 2.28749362045104 3.40785126206053 3.95851378291386
0.325231695584773 0.895770472109196 1.97448606917883 3.64087068604629 4.7850179328496 5.32572935722078
-0.182984975070642 0.357872427934069 1.50140989581491 3.16770016062685 4.24654136735256 4.81717545324287
-0.30321264476617 0.238037212398867 1.38147797973015 3.0478143954322 4.12663220155472 4.69677740421671
0.203637813821452 0.77414184459571 1.85451675256617 3.52095000186165 4.6633742916737 5.20426731053703
0.0537389539518284 0.614173831500575 1.71713143791317 3.38359969136539 4.50329677548527 5.05426584720565
0.403297622391318 0.974162706236731 2.05216799167943 3.71852874166194 4.86342847696011 5.40371725820009
-0.00458604134106524 0.542873417538287 1.67089244845935 3.33727299494733 4.43181390563956 4.9958464114141
-0.828979101438474 -0.277187202356624 0.843756238635167 2.51037202218931 3.6114524101668 4.17084090283258
-0.115206613930835 0.426254732385275 1.56748260330123 3.23379226469007 4.31501081463928 4.88506860002935
0.113194470856261 0.678955408531605 1.77051385930048 3.43695965061793 4.56811659794236 5.1137894222927
-0.792774947684068 -0.248732452075121 0.884335267863116 2.5509373995682 3.63988633614282 4.20708381169015
-0.652380693083572 -0.104474619918744 1.02646918576976 2.69290792358639 3.78400025376285 4.34736293985344
1.15693907598082 1.69271007363467 2.84704424748113 4.51300986436989 5.58186412041342 6.15798151341731
0.422130169477564 0.993151275585669 2.0709561398971 3.73731109696233 4.88242106389569 5.42252836334982
1.13107423039884 1.67167069837676 2.81786036838736 4.4838393351781 5.56083651598802 6.13202589473145
1.03110886155267 1.58473313805572 2.70714478491218 4.37318355877293 5.47395664923302 6.03173152406705
-0.17808143776281 0.363962096906221 1.50487170358892 3.17120634437494 4.25268121237594 4.82209876710533
0.160670663792262 0.727767566594937 1.81579178357461 3.48221280522816 4.61693746482955 5.16124949004207
0.434439302316929 1.00541047730973 2.08332927620635 3.7496801150857 4.89468230584353 5.43482043724388
-0.921629119307468 -0.372779624648944 0.749560624600763 2.41630507492013 3.51598814196895 4.07833995288315
1.01710378737014 1.5727511926438 2.69160962796787 4.35765581022089 5.46198147188464 6.01768775832863
-0.21285387893689 0.328199091112217 1.4718183725091 3.13810689764063 4.21683683590506 4.78725933165762
-0.738641181205953 -0.189173114060186 0.937539665700228 2.60405842685297 3.6993710704256 4.26112243394539
0.579250742564117 1.14768361954408 2.2310455163191 3.89734067419587 5.03697371899626 5.57942735527993
1.18445026190469 1.71756358866964 2.87735938213923 4.54330890181616 5.60670760550078 6.18561589122096
-1.30962040376442 -0.742763201681416 0.338595534184086 2.00594703430568 3.14669164836039 3.69109760094336
-0.092691658580159 0.448685706605429 1.58968357457547 3.25599136083196 4.33746121039112 4.9076163634558
-0.116179492187824 0.428443704145133 1.56358193716115 3.22994010193196 4.31725108847991 4.88410382341535
1.2081979654848 1.73864293546108 2.90369725531687 4.56963447357057 5.62778325294998 6.20947743305066
-1.05589479772585 -0.496360426977946 0.606079924830008 2.27298220876529 3.39259061408284 3.94418150470149
0.974247485668816 1.53187759346345 2.64551900573225 4.31159206776729 5.42112830752759 5.97470793341402
0.703508070982001 1.27153932664676 2.35875710758499 4.02498862658523 5.16083731934429 5.70362454293112
-0.272809750262521 0.268645940013153 1.41178323106754 3.07810103317835 4.15725239133953 4.7272171665882
0.987814718631832 1.54301271947652 2.66069996874325 4.32676788871335 5.43226062813442 5.98830957346581
0.597331476114663 1.1661454232512 2.24931856486636 3.91560456407921 5.05543678694557 5.59749260788865
1.0349511704582 1.58907861212664 2.71106799958018 4.37710382628493 5.47830026587809 6.03558903532871
0.299779883974949 0.870003883333336 1.94921038031211 3.61560428135889 4.75924594815796 5.300303832374
0.546201397794573 1.11243058512234 2.19833931708882 3.86465162844142 5.00171411320875 5.54640297315802
1.21185697360119 1.74213673496781 2.90768963762387 4.57362492632502 5.63127766737731 6.21315834583846
-1.17906740531138 -0.619998605181291 0.478051261570864 2.14517721689848 3.26919746494871 3.82132040399394
0.826364660170389 1.39181255830384 2.4873337778664 4.15349556355772 5.2811026964817 5.82654745491353
1.15138639533737 1.6888462156977 2.84056958510801 4.50653706513774 5.57800172349903 6.15241248572201
-1.36522862059219 -0.794145132360548 0.278710540865874 1.94616353198705 3.09543304689065 3.63564724610543
0.92185778259993 1.48326989129956 2.58891855279297 4.25502110125075 5.37253721373564 5.9221962869434
-0.573471349767902 -0.0317792366886309 1.10949828258645 2.77590950410654 3.85669128954046 4.42630157192781
0.642201175858716 1.21046472590949 2.29549271534 3.96175772400708 5.09976093981536 5.64232883064932
-0.111790156679662 0.432552793623915 1.56818186365639 3.23453506083121 4.32135937424617 4.8884994939162
-1.08482950630653 -0.52683420819639 0.576633614435657 2.24358969423075 3.3621754926477 3.91532824506577
0.0429640248977784 0.601574125265402 1.70817701661389 3.37465003934454 4.49068591236728 5.04345491219739
0.8299741855328 1.38977911819527 2.49324298397782 4.15942599055842 5.27909691326803 5.83017389278047
-1.06809701890822 -0.51011633246596 0.59402239699869 2.26095057023574 3.37886223867097 3.93202497306837
0.237139378204771 0.806804135399937 1.88858069919722 3.55498415672529 4.69601368598833 5.23769545479049
0.491826639675771 1.05904930463989 2.14278168677255 3.80911220874879 4.94832266015647 5.49209225833276
0.523647730727404 1.09186614845407 2.17454570221403 3.84086482200844 4.9811488734903 5.5238812197009
-0.891953797755038 -0.342525821650159 0.780018111776624 2.4467172908836 3.54619292722209 4.10795580207304
1.06033149033849 1.61079836897837 2.73925803471226 4.40527928474049 5.50000555434473 6.06104504407708
-0.376609864687775 0.165333267661404 1.30791727024184 2.974246796622 4.0538545180847 4.62328951742995
-1.11168710914319 -0.551491993134041 0.547819332604723 2.21481144882069 3.33756125107104 3.88850499917763
0.460534122890835 1.03018480854674 2.11014725658913 3.77648835321031 4.91945835112327 5.46086482732859
-0.413526693236295 0.128679872618018 1.27078874914397 2.93712370633905 4.01717559852752 4.58633537558876
-1.00112071786939 -0.442943378817938 0.663429456104731 2.33025484114058 3.44592108014619 3.99886795737404
1.0004635636908 1.55733110517063 2.67355408088306 4.33960984619458 5.4465687983164 6.00099934134445
1.0643027989885 1.6157686720401 2.74317027110813 4.40918835502896 5.50497459883351 6.06503468178249
0.383060786332606 0.952290370001965 2.03250312230291 3.69886869426685 4.8415452373489 5.38348134125486
0.0172111582351113 0.569157063297591 1.6885031866532 3.35492810490239 4.45817594863356 5.01766047977644
0.885545982635067 1.44154053372034 2.55282349438583 4.21897736598567 5.33085279370624 5.88583083399574
0.126159794971325 0.694680783804056 1.78077629496919 3.44724068438835 4.58388435255255 5.12680406496308
-1.19914711439523 -0.632031288417699 0.454005536955927 2.12112633763281 3.25717772292857 3.80118977473388
-1.21982218399902 -0.655190433961082 0.433366479706998 2.10054048680632 3.23407065946364 3.78060911344245
-0.688756836072396 -0.14090665985866 0.989372058709513 2.65584326905669 3.74759293046078 4.31098854536232
0.027836455747309 0.58349521253844 1.69571914372351 3.3621481191696 4.47253907909394 5.02832647125535
1.01878216271666 1.57429339645337 2.69343619202057 4.35948141045162 5.46352289770589 6.01937109202569
0.53408338624483 1.10119270467653 2.18563298932199 3.85194927828603 4.99047636035474 5.53429900859769
0.0803874595465593 0.645974261933705 1.73881506349938 3.40530869708524 4.53516361936186 5.08098443980171
-0.924835746599654 -0.376125878607368 0.746301000059358 2.41305079935677 3.51264763359947 4.07514090360636
-0.439310700086264 0.102783256235977 1.24491162301412 2.9112565858527 3.9912692840812 4.56052859395275
-1.15782383722408 -0.596958140759807 0.49950308123278 2.16657676739816 3.29218634721589 3.84247727954256
-1.35585810926142 -0.785766001786444 0.288910700096789 1.95634781817831 3.10379142338943 3.64499649564389
-1.1977125845917 -0.635938280336641 0.4575492568915 2.12469547028253 3.25328631654004 3.80268989661432
-1.26909432977757 -0.702231653153329 0.381021516499331 2.04828495544145 3.18712981687101 3.73146965198366
0.462893663707741 1.03062754604083 2.11335357243271 3.7796935571456 4.9198959320535 5.46319880686033
1.08390328465027 1.62934983284416 2.76597530403671 4.43198474787248 5.51854426114388 6.0846846358692
-0.305283925285168 0.236110193476667 1.37935690484494 3.04568836337042 4.12469895374542 4.69470331637884
-1.38737508812086 -0.811014313656383 0.25354262548187 1.92101697539199 3.07860334844715 3.6134956644107
-1.33627222190148 -0.761775872301676 0.307842475293371 1.97521025229019 3.12771609874311 3.6644288171599
0.062917167957758 0.623134376876639 1.72610710660381 3.39253919164684 4.51222175525064 5.06344703139006
0.955294106112357 1.51506116708591 2.62476079097413 4.29084305594067 5.40431719694929 5.95570858878461
-0.114409032538954 0.428628916091309 1.56680535412585 3.2331432726333 4.31741594665529 4.8858755679646
-0.46862795528169 0.0763856857377485 1.21412619980205 2.88045843090695 3.96483785895513 4.53119157112591
-1.39407729974564 -0.81797085902739 0.246580237247395 1.91407125428848 3.0716661248071 3.60682256739022
0.989249723645965 1.54667049204051 2.66147699422061 4.32753962463376 5.43591345118564 5.98975244481634
-0.344666860817633 0.197783978063818 1.33983787264946 3.0061438727636 4.08630929485302 4.65526394216455
-0.674998310393191 -0.132872927879852 1.00587644427486 2.67236416741102 3.7556419149673 4.32478519027308
0.0375661602175155 0.594979677178978 1.7039102945915 3.37038972386924 4.48408736698412 5.03802193257589
0.9006651730175 1.46033326551547 2.56723392593358 4.23335848932775 5.34961754398545 5.90096209735208
-1.0116972734966 -0.460704294995511 0.65540901193885 2.3222818314142 3.4282046127036 3.98840336471412
0.312282686099374 0.88241183960583 1.96163319670618 3.62802261545774 4.77165564812241 5.31279202415722
0.954694702661582 1.51325980900703 2.62454128805816 4.29062665191842 5.40251856164999 5.95510733288265
-1.19704235079939 -0.634511244687126 0.457953312636666 2.12509385908871 3.25470912891483 3.80334835921526
0.730826413865102 1.29837449881936 2.38720071048538 4.05341817498735 5.18767347603658 5.73094680804684
-0.244815170589573 0.296531186602465 1.43977016964481 3.10607705274403 4.18515483272882 4.75525005436996
-1.29622619815975 -0.730136630195226 0.352913357754219 2.02024012984823 3.15928985390562 3.70445104090347
0.708969948708918 1.27701416531269 2.36439259607923 4.03062086719527 5.16631194417848 5.70908633815892
0.218515219478434 0.788916142608389 1.86920527027379 3.53563025560297 4.67814708298255 5.21912640711201
-0.217543612634839 0.323598256592728 1.46701692207394 3.13331318750521 4.21223880055051 4.78256252420817
-0.453424911931956 0.0882786339391503 1.23092585798509 2.89727829110137 3.97676029672123 4.54640021161244
-1.16292436024465 -0.603991509212259 0.494944558530456 2.16203975208548 3.28517155305813 3.83741868404498
1.16995971127062 1.70948336870168 2.85990710562643 4.5258629544013 5.59864124771834 6.17109317208633
-1.32231460759477 -0.746670897774792 0.322031702130078 1.98936391435533 3.14278422916683 3.67832055348764
-1.31180101806904 -0.743587119511711 0.335814899987918 2.00316291023983 3.14586763189207 3.68890352563307
-1.23554179383393 -0.665100863784413 0.41472741822988 2.0819054361701 3.22417735014078 3.76486703357129
-1.26581868514766 -0.693150442366987 0.38224270642769 2.04947156712607 3.19618723213497 3.73466080582677
1.09866853015526 1.64385045623622 2.78181183142174 4.44781014151539 5.53303511017134 6.09950796702457
-1.36675886960768 -0.78846144117015 0.274469272962742 1.94188577595659 3.10109320239325 3.63400078400526
0.0300666813231763 0.58522103812156 1.69843173115516 3.36488946394683 4.47429323050305 5.03051438295129
-1.16743203378126 -0.608584947021349 0.490278310248774 2.15738273004553 3.28058772774609 3.83292491790949
0.0265162984831297 0.580639580581098 1.69581066278698 3.362260090287 4.46969687777849 5.02695898217103
-0.175605291989038 0.366581767157602 1.5071693633902 3.17350706662363 4.25530655359907 4.82457971765591
-0.0174388543004896 0.528708964542926 1.65939807688099 3.32576371978034 4.41761986148883 4.98298187860767
-0.658203398105818 -0.116163767815466 1.02307129428795 2.68954430820127 3.77233992295739 4.34157408338073
-1.00491785170289 -0.452509604214554 0.661876689085922 2.32872860408661 3.43637797566808 3.99514771681582
0.477192397815366 1.04544745877376 2.12752943400108 3.7938645880672 4.93472053468681 5.47748444202015
-0.0740111140852285 0.467503586678376 1.60789240130206 3.27420320376066 4.35629842272489 4.92632248000843
-0.755113591377173 -0.204741005509776 0.920248569598569 2.58678260641433 3.68381847945721 4.24465524567427
-1.27202162448845 -0.699049172120728 0.375646029138828 2.04288592465392 3.19030099548797 3.7284740205364
1.1818994649321 1.71796807307866 2.87374916301224 4.539698336386 5.60711720664212 6.1830758511114
-0.271686056437686 0.26961125413526 1.41265156913805 3.07899655166678 4.15824568582473 4.72835248916194
-0.578731584980775 -0.0372503520324781 1.10425053502819 2.77066655409128 3.85122249307178 4.42104117970954
-0.400853950196354 0.142219229633513 1.28324899673877 2.94956646190662 4.03070550624521 4.59901716814496
1.14360698594328 1.68413288173512 2.83131261156658 4.49728255448563 5.57329354674257 6.144619276631
-0.409951842606554 0.13372314722919 1.27387781658479 2.94019222920919 4.02219830857001 4.58991047308182
-0.110993170811682 0.42987345905751 1.57218054746801 3.23847846611913 4.31862114717112 4.88928379418254
1.10594583439486 1.64603743411852 2.7912131262209 4.4572131848922 5.53522416971075 6.10678839424254
0.890434600768254 1.45117659235645 2.55610336332291 4.22223215101032 5.3404611366693 5.89071279466911
-1.16173644767795 -0.599628506646644 0.494942635626241 2.16201673153276 3.28951899342137 3.83855855247548
1.21117651513768 1.74217297134742 2.90674852565859 4.57268425003806 5.63131636983347 6.21248131595364
-0.484095505377295 0.0611820305298505 1.19839181173523 2.86473017229156 3.94963021279547 4.51571374986889
1.13182778199157 1.67034805913612 2.81931641143335 4.48529780537318 5.55951565575694 6.13276881560573
0.249375781697465 0.819294561658677 1.90038609306022 3.56678728814545 4.70851040501484 5.24992584596539
-0.547145003540423 -0.000764039269514347 1.13415123162659 2.80051780100382 3.88767512159765 4.45262730951614
-0.845242619893536 -0.29987551476217 0.829790482717171 2.4964501851311 3.58880206375832 4.1546654658925
0.776781705384213 1.3434489371374 2.43522134099261 4.10141328381504 5.23274580653696 5.77692215456263
-0.0861650385264451 0.454628414244863 1.59661932564353 3.26291782706846 4.34339880569239 4.91414613458546
0.0503451114729306 0.61068394351217 1.71394874797653 3.38043010607995 4.4998166593647 5.05085848178096
0.763117218753599 1.3283226511944 2.42152264206398 4.08773062554673 5.21763126984753 5.76324831952994
-0.133687251236252 0.407210417444892 1.5498520658198 3.2161492307765 4.29593525512689 4.86655422146688
0.81611244198887 1.37686224147831 2.47839918634987 4.14458893070712 5.26618042647099 5.81629324310634
1.19556641278426 1.73076154834708 2.88872583724039 4.55466951445025 5.61991392474857 6.19681095597509
-1.27894524799409 -0.707254469936811 0.368905632587456 2.03616422058437 3.18211277084131 3.72158493480799
-0.529084332347205 0.0168840152772188 1.15263723704532 2.81899462637349 3.90532296505527 4.47069631933978
1.15719511770703 1.69829368062421 2.84572408273889 4.51168618931975 5.58745388282225 6.15827366192036
-0.0917170300671432 0.449897566120504 1.59042664396735 3.25673839603023 4.33867842286425 4.9085941849674
-0.204513867065414 0.337661777768763 1.47845759177876 3.14480863020045 4.22637032542253 4.79562947703001
-1.21426344092125 -0.645696133716703 0.437664757885148 2.10480903339977 3.24354144716126 3.78610229561824
0.0550270456756907 0.616996036922617 1.71719613049555 3.38369783949124 4.50615800097067 5.05554875799297
-1.11858615159788 -0.557146306932517 0.540150276658961 2.20714867374163 3.33191580564473 3.88160702214449
0.0340680076285146 0.59040868553945 1.70137132913268 3.36784328079839 4.47950199581498 5.03451304032049
0.0431654486937522 0.602267434940951 1.70799759444584 3.37449020539024 4.49139891718185 5.04363679163519
0.0532188633641159 0.614824899346799 1.71573648419091 3.3822383605115 4.50398391025476 5.05373266857097
0.0635854562919216 0.627383661899763 1.72400720648754 3.39051462473033 4.51656607843284 5.06413955933607
0.0764367643218912 0.642134172764228 1.73489699233558 3.40140138734362 4.53133197729008 5.07703035324779
0.0912432475839739 0.658489466759602 1.74795255853609 3.41444843585838 4.54769619252346 5.09186922631952
0.109057311702942 0.677474879849242 1.7642377485675 3.43072059465468 4.56668604543955 5.1097053195417
0.127987703801034 0.69728636327819 1.78185007127638 3.44832122674131 4.58650309467693 5.12864786238423
0.151396692093271 0.721519027900024 1.80386843071971 3.47032731868946 4.61074363483659 5.15206267924815
0.182003611066086 0.752444026735676 1.83343191344074 3.49987552031441 4.6416740628553 5.18265158929647
0.218207311319802 0.788734127920801 1.86874091816915 3.53516774838885 4.67796847461674 5.21882366789948
0.263275386470722 0.833658274447713 1.91305310956571 3.57946160253991 4.72289722322856 5.26384343199072
0.313689618118642 0.883621433404174 1.96309565102393 3.6294850650416 4.77286549158284 5.31419624206552
0.368882796750581 0.938042068218272 2.01833769829493 3.68470801603711 4.82729360403543 5.3693183572207
0.427738573571991 0.995901376190546 2.07774297403338 3.74409433327057 4.88516301649953 5.42809153143753
0.488799391025994 1.05593846424782 2.13974525674008 3.80607681427206 4.94521064492434 5.48906810395656
0.551545394612536 1.11766452061497 2.20383027406485 3.87014072928637 5.00694920710119 5.55174227737222
0.615835704914309 1.18075422588762 2.26998071184213 3.9362686295433 5.07005529402288 5.61598429885822
0.681373559554338 1.24477106899376 2.33779543528022 4.00405839919198 5.13408710319052 5.68149200236484
0.746252704231085 1.30789849780789 2.40565323887092 4.07188389332905 5.19721914863293 5.74639872808761
0.811898100538356 1.37127337373752 2.47466893601461 4.14086613598877 5.26059630929384 5.8120889867922
0.877355741277383 1.43373413249762 2.54411568819039 4.21027472501318 5.32304835184833 5.87762865354174
0.941793578621647 1.49433628067287 2.61315519090138 4.27927155569611 5.38362732164706 5.94218633364435
1.00390827435428 1.55204171779661 2.6802243262 4.34629728106439 5.44129972142612 6.00444600739402
1.06218880858966 1.60563487819137 2.74355745874576 4.40958919702674 5.4948543928381 6.06288665616786
1.11101698342285 1.6504983757549 2.79682076441482 4.46281756179052 5.53968207447818 6.11187748281001
1.15401802395482 1.68920801472798 2.84410385769811 4.51007225232276 5.57836444782684 6.15504113694548
1.18336021090265 1.71560225766903 2.8764539939548 4.54240461334531 5.60474522279023 6.18451033136174
1.20145319409501 1.73194202807005 2.89642043517878 4.56236116245588 5.62108065167194 6.20268952531411
1.20965798578432 1.73975712322675 2.90537060422783 4.57130700872135 5.62889647798855 6.21094227727963
1.21342044030159 1.74376491106956 2.90935763767853 4.5752921492059 5.63290676006089 6.21473303194963
1.21094459752604 1.74252455507875 2.9063382202477 4.5722743393365 5.63167051962078 6.21225298739067
1.20445795707724 1.73793986303066 2.89880402965126 4.5647436064094 5.62709033160193 6.20574196042971
1.19379887293153 1.72943543525906 2.88669613441139 4.55264076932168 5.61858880306262 6.19503619014562
1.17816138695732 1.71652108581182 2.86907044669867 4.53502245278996 5.60567770972533 6.17933053161783
1.15836737176939 1.69942956564872 2.84699372965032 4.51295528579237 5.58858971866895 6.15945104926538
1.12491500709767 1.66994184161412 2.80993195542319 4.47591238760215 5.55911489369272 6.12586481423266
1.08072750368692 1.63064368113768 2.7611773945136 4.42718527477602 5.51984055170862 6.08151550458823
1.02941747036909 1.58415562086498 2.70497401374344 4.37101314130027 5.47338039980042 6.03003717566091
0.973138863070116 1.53203915788721 2.64390842030894 4.30997979950743 5.42128856188012 5.97359719971176
0.914269598599563 1.47639394444679 2.58069024150177 4.24679656008392 5.36566251526272 5.91459321662314
0.852721449705453 1.41744076434672 2.51519018283007 4.181334919352 5.30672447562667 5.85294147683405
0.790439970331686 1.35716917563859 2.44938270864971 4.1155661402207 5.24646428670304 5.79058536814786
0.727598851508664 1.29559251489178 2.38366245112477 4.04988017569858 5.18488992819431 5.7277152518146
0.664308592429551 1.23325182193279 2.31796346986294 3.98421361364252 5.12254615449119 5.66443125142599
0.601382471077933 1.17094684720879 2.25314883606485 3.91943063140141 5.06023684292078 5.60154428951413
0.538367129332938 1.10856198941633 2.188650892237 3.85496161811968 4.9978464985632 5.53859943224815
0.475923569314519 1.04673052878575 2.12516383666115 3.79149974562203 4.93600824408753 5.47624521800441
0.415114050523296 0.986240644670691 2.06386225897585 3.73021966610717 4.87550943019891 5.41552304218798
0.355887916054876 0.927038548583503 2.00479509604331 3.67116969180676 4.81629299116012 5.35636258520888
0.297974954398552 0.868734032067204 1.94769186877818 3.61408107735144 4.75796886844907 5.29849505096
0.240824286708266 0.810520852611023 1.89222042546217 3.55862212823385 4.69973028430811 5.24137598090249
0.182487236663392 0.75016559660399 1.83668992956745 3.50310281589591 4.63934215896831 5.18305474489241
0.105852995208449 0.668935099511938 1.76559501882909 3.43201542852161 4.5580498612163 5.10639870612884
0.0251852097178706 0.581130132828255 1.69271490627586 3.35912338583582 4.47014611944893 5.02566016523055
-0.0587374024249549 0.490133979874083 1.61637768603223 3.28275872565511 4.37902765531052 4.94162890145572
-0.145787990601662 0.398434493736106 1.53465051103852 3.20101328443797 4.28721606117117 4.85444941530728
-0.21951794268994 0.322523752255583 1.4636624590764 3.13001694099103 4.21122042805033 4.78060443362204
-0.291759017381091 0.249343301921562 1.39272267448958 3.05907305765001 4.13796408519735 4.70825533548822
-0.364339052967064 0.176340506837926 1.32069078450602 2.98704273265883 4.06489444325998 4.63557852497612
-0.440464070784248 0.100377049239303 1.24425094347617 2.91061320466482 3.98887977990614 4.55937908123419
-0.517547802429815 0.0234238564965194 1.16648192793506 2.83286853025547 3.91189855533213 4.48224420459723
-0.596422230963153 -0.0551153297972943 1.08634852968599 2.75277748058245 3.83336303015027 4.40334966516189
-0.67685497552928 -0.134883709758734 1.00406379821171 2.67055324376703 3.75363168711925 4.32292841469258
-0.758733174861795 -0.215529139244627 0.919684492211586 2.58625061494292 3.67305355023679 4.24109599167737
-0.841464038328071 -0.296313404083535 0.833792680972754 2.50044767537209 3.59235890772175 4.15844064198297
-0.923314055510827 -0.375823865554691 0.748377553389053 2.41513168352319 3.51295375546627 4.07667862402885
-1.00349614134313 -0.452936843573233 0.66408322784945 2.33094566868896 3.43596046410235 3.99659576694123
-1.07895636610756 -0.525260859840814 0.58444583950538 2.25141827681261 3.36375949233232 3.92125127955973
-1.1493082280136 -0.592385891908872 0.50992086415025 2.17700283599372 3.29675832004845 3.85102874505891
-1.21152609476545 -0.651343376010922 0.443722068326714 2.11090691715895 3.23791765536179 3.78894729984353
-1.26653536198701 -0.703160545586929 0.385003549989949 2.05228306768667 3.18620860495127 3.73407384041078
-1.30929069035458 -0.743222996626581 0.339227040808244 2.00658276943893 3.14623426906968 3.69143868303109
-1.34013928193879 -0.772023333346008 0.306125920515756 1.97353837413095 3.11750096534579 3.66068366234768
-1.36034274897356 -0.790279718774008 0.284210888979158 1.95165830768684 3.09928894324949 3.64053223115053
-1.37375484313403 -0.801855307304076 0.269454933012668 1.93692280557034 3.08774222656217 3.62714144520097
-1.38681380564156 -0.812661623425192 0.25491638511854 1.92240156226789 3.07696277828061 3.61409283822156
-1.39484242683472 -0.818655113777184 0.245745267425949 1.91323756541316 3.07098367849189 3.60605870639071
-1.39792205542832 -0.820237607021134 0.241966106408083 1.90945708586123 3.06940373837783 3.60296472380016
-1.39628496799265 -0.81751839819269 0.243294811759904 1.91077603817422 3.07211354986589 3.60457699168285
-1.38521065746638 -0.806282527221298 0.254864814265139 1.92231980497946 3.08331861011667 3.61560728814637
-1.36983890474115 -0.791302497832798 0.271148515142278 1.9385706880935 3.09825914592572 3.63092851896115
-1.34103580331973 -0.763910178057016 0.301865529351851 1.96923129522212 3.12558508032481 3.65964718777472
-1.2991552990918 -0.724425690470128 0.346610458762005 2.01389807617091 3.16497945951524 3.70141033642626
-1.24441212125589 -0.673031430364796 0.405101864887587 2.07229341963823 3.21626336126902 3.75601349447036
-1.17986187185092 -0.612206576965824 0.473879387206676 2.14096440121886 3.27696315178657 3.82042090379975
-1.1099817251898 -0.545941421070076 0.54807978023891 2.21505429143209 3.34309732265261 3.89016184542493
-1.03168074129772 -0.471626160328316 0.630993379827527 2.2978582885224 3.41728386032559 3.96834318264955
-0.950030380917635 -0.393349790147615 0.716870540690183 2.38363001142793 3.49544306793272 4.04989496421335
-0.866914856230502 -0.313112361913937 0.803839110198144 2.47049664565816 3.57557165266518 4.13292783234191
-0.782841989456995 -0.231551885639856 0.89140988106321 2.55797167234488 3.65703447236968 4.21693783890575
-0.699054206805922 -0.149744660193993 0.978149610554215 2.64462772228829 3.73876315103999 4.30069386257716
-0.616092571442112 -0.0684667209531517 1.06353103126584 2.72994227739559 3.81999166651628 4.38365848539899
-0.534714481045368 0.0115302787869919 1.14681844661419 2.81317761678218 3.89996770049002 4.46506328429553
-0.455636549474635 0.0892432363852237 1.22731556070788 2.89364147687272 3.97769745018728 4.54419125444314
-0.379011610178915 0.164486455498957 1.30505030531976 2.97135299125218 4.0529778290351 4.62088164220029
-0.30719686239496 0.235082094806868 1.37745845668766 3.04374984022823 4.12363005940056 4.69278034290312
-0.241516470831349 0.299855079101638 1.44327056244074 3.10955660598484 4.18846225443388 4.75855372128115
-0.182526672648197 0.358149070180162 1.50208450146358 3.16836834277999 4.24681206903016 4.81763301102872
-0.134032814288651 0.406329644261335 1.55005470303659 3.21633948369629 4.29504127572805 4.86620329493712
-0.0971647462972949 0.443343404920858 1.58609588504764 3.25238813648305 4.33209749349398 4.90312874976249
-0.0691282093691263 0.472008140405772 1.6130175178152 3.27932340717257 4.3608007110624 4.93120806214007
-0.0450125566447942 0.497150215741353 1.63575518012137 3.30207761280691 4.38598059728829 4.95535971165896
-0.0256578842390575 0.51816330081607 1.6533067193832 3.31964931383796 4.40703403287373 4.97474302122792
-0.00971561224556269 0.53605451353075 1.66728496777744 3.33364981031986 4.4249672042236 4.99070595411506
0.00365266879814563 0.551768008382135 1.67842242178401 3.34481347040382 4.44072687817177 5.00408417947535
0.0154141059916591 0.56631023069672 1.68762435304554 3.35404435789541 4.45531749441379 5.015848710585
0.0252539458849396 0.578910334117132 1.69496277621064 3.36140999393613 4.4679622261416 5.02568997649162
