8.57384806206131 12.3351784552333 21.2206309090938 39.7797990507446 55.7255997338114 64.6494533502729
8.00446836095592 11.6773796242688 20.3325444230271 38.5124031795403 54.3511726598568 63.0912667475375
3.68028254228084 6.32594817227082 12.9629326123269 28.1590948789264 41.8598201203164 49.6577778218187
2.44814719120278 4.68477777378002 10.561361066953 24.5776332387351 37.4909560568427 44.9041702058918
6.98798425286711 10.4523518206835 18.6835188163543 36.3039435297033 51.6392606100245 60.2211419178711
10.5463530804355 14.663150148926 24.2831151731608 43.889311469299 60.550638521951 69.8217277736413
0.0224579575469586 0.720444157604166 3.46219499141739 12.7797657881091 22.6322567959457 28.4448773900575
3.81563110716231 6.48850962525903 13.2299259958896 28.5096181150362 42.3356232697036 50.1437448404458
2.77258734355998 5.15084583654878 11.208076532991 25.5671598624851 38.6897491652077 46.2236920727212
0.145107383461346 0.226503842574514 1.75800866209176 9.25478584003564 17.8714540068884 23.0969791540136
10.3260562459424 14.4064685203392 23.9357746122061 43.4299453306369 60.0326679848924 69.2548521589548
0.54257516672198 0.246546278422362 0.956015106106159 7.28661460984691 15.1218007488581 19.9382918005027
1.46261776191099 3.32375012629512 8.37176270713478 21.1921912123441 33.3709457321379 40.3452123452662
8.15706891826597 11.8343560264231 20.5754170567747 38.8808712399047 54.6646037158829 63.5142708730341
0.886855499027795 0.356827993032099 0.644567158487997 6.30331125596892 13.6670140400531 18.2888920267358
3.25027217977584 5.75839954251978 12.1409237749833 26.94842086531 40.4039257393894 48.0624041400863
-0.00143823610068076 0.513076257477978 2.91476151840371 11.6989333678433 21.1951899891439 26.8523206118888
8.00536573819994 11.6684405671329 20.3251353975305 38.5383693274289 54.3569671642735 63.0977277691774
0.111970313274529 0.253220801073311 1.91555216507988 9.5996521121544 18.3512833786268 23.6391210444336
0.636062907971627 0.262066463598249 0.85361795516606 7.00810266737951 14.6898038838976 19.4593800591387
4.69315655369411 7.60575830936332 14.7968419867349 30.8050260031859 45.0368556982662 53.1323976872779
3.86329894413779 6.55203826446845 13.3000716918551 28.6255600767757 42.4968226244031 50.3061856679421
0.825395959481709 2.36036129144606 6.75839749706973 18.5708294316244 30.0816221798823 36.730977507281
6.04553041547878 9.2881964354473 17.1256374480614 34.1078258279939 49.0371265949382 57.4132635432861
3.44300898828225 6.02953656263226 12.5092711058195 27.4805327196004 41.1192695656683 48.8002284289178
3.49900345190113 6.08777963052282 12.617445351804 27.6306250412834 41.3010761754017 48.9991373067087
10.0099580309391 14.0350970322677 23.4369355824312 42.8188766536177 59.2396506780322 68.4459372356583
7.29905359670312 10.821590954127 19.1766715424423 36.9858378191148 52.4653140799666 61.0972436522993
0.274672121561705 1.34128710271489 4.89532366213454 15.3907391304941 26.0120566838632 32.2358315294955
1.11199016429984 2.80595894708718 7.53506172303713 19.8503112332763 31.6804349293351 38.4931215364097
3.12889827714493 5.59719172367732 11.9144764713839 26.5715760390241 39.9942939718076 47.5949447080761
1.34540066801339 3.14505070862271 8.10327498249664 20.7269408519233 32.7944904381478 39.7241159610914
0.23858173172654 1.29943782452454 4.77429734766581 15.2163393887347 25.7567709690318 31.966729545671
2.04143054774839 4.14684424556818 9.68589697853459 23.2464910445476 35.8726945465021 43.1183210087909
0.0413367743754585 0.334119716572802 2.29279602892734 10.4259834879271 19.48458410289 24.9285390309192
0.825701903763264 2.34538557247906 6.75348092347222 18.576445819154 30.0467965075363 36.7197446594967
0.448467790284577 0.214691041344468 1.11451162285921 7.68755611884133 15.685510843747 20.5932213629148
2.20845014666741 4.35751898523389 10.0416556068368 23.773854977101 36.5407942800729 43.8377644913494
4.62139794433337 7.51499506818523 14.6654199620402 30.6334972263982 44.8456224429458 52.8999968207792
0.186885447448401 0.231653400214 1.62119579756779 8.95581658285003 17.4687774039397 22.6223768355653
1.10218869300501 0.452122910262197 0.491998399662201 5.7708728269614 12.9206424211627 17.3994504812812
0.00332484836919077 0.589356071203945 3.1399547576102 12.1522871159783 21.7870249218077 27.5141983698642
1.15980172695556 2.86680757449077 7.64614543532389 20.0109529761846 31.8606137122404 38.7220406968042
0.458431642379859 1.7014945475268 5.59053653378261 16.5967810447319 27.5761649516405 33.9693347588395
0.0295693741275995 0.72454208498891 3.50010375526774 12.8446224599771 22.6957245559632 28.541393266349
1.4390201020249 3.2865137144162 8.32327678313902 21.1102757149682 33.2675304153942 40.2376804205581
1.2657169135317 3.0301074244126 7.9080549674147 20.461345418308 32.4036462469344 39.3241895432479
0.484281450461512 1.74420437778807 5.67241471340997 16.736498744601 27.7441359711286 34.163320450099
1.76970460897466 3.77406467108184 9.08774967770083 22.323949341819 34.8019679651433 41.9018334625356
0.924419466668399 0.346098015629564 0.612211432531726 6.16671020172325 13.5727355825042 18.0947042957397
0.246817653770613 0.209107534080584 1.4835752796267 8.59787798037965 16.9667816398958 22.0622341919933
0.0203364713008258 0.664964499553374 3.35952942225708 12.5769315283457 22.3714837239085 28.1568258625494
3.83120220960868 6.546424811793 13.2432502318284 28.5275293532578 42.4860038145518 50.2146229167586
7.74017298951991 11.3419412728899 19.9018330682594 37.9826650010001 53.6249219180957 62.3658426342052
0.416292504686845 1.66408898316302 5.47661065092106 16.4558107506706 27.3499405059561 33.7314486855769
0.135609018844886 1.05619659373944 4.20121369952478 14.2396223706005 24.4680493789003 30.5418258317402
9.29236139654616 13.1817345662883 22.3555998194294 41.3120985709637 57.5282981729471 66.5760893488514
-0.00892572709980191 0.515701475912809 2.88928106634172 11.6802751378693 21.1751665985175 26.8164059156312
0.485352390980431 1.81957564324703 5.73143551240401 16.8898324569872 27.9496757728539 34.3660776852209
3.54599206195838 6.13954543995253 12.7115585322026 27.7524463811307 41.4262671515416 49.1492817391139
1.48992276494997 3.3598610640194 8.45402305672814 21.3195181904518 33.4714921392417 40.5000009563602
0.813619291291824 0.325058847812773 0.70736726799025 6.47785016191241 13.9490485101272 18.5994244336289
0.11228935533614 0.245887986784935 1.90962311180008 9.59319037971826 18.331798116287 23.6286731732702
-0.00164506301775419 0.517299066438105 2.94624902534548 11.762167470189 21.2749507557908 26.9355913513083
7.33803224280767 10.8608560958014 19.2592025167037 37.0483879842244 52.6055702496099 61.2191083274496
0.0878475100762464 0.27817397643448 1.99487678289368 9.766536024757 18.5948406307529 23.9088035612817
10.8055549704151 14.9839605287832 24.6282827742794 44.3717002311943 61.1911048701182 70.450393537448
0.47046159281464 0.225838768825943 1.08854394813011 7.61155765416653 15.5362037180186 20.4414191169309
2.36432384844814 4.57925625415724 10.3828092871243 24.3140827884126 37.1749683985165 44.5492248814427
6.14673771567347 9.42671901380015 17.2767374095375 34.3604889818479 49.3295594318299 57.7329119579364
-7.34506509787956e-06 0.457581460044079 2.69380658086891 11.3132889290409 20.6300431103726 26.2311608458242
0.00207500958853223 0.460561905992285 2.79567291218993 11.4438180368771 20.8521290731429 26.4575728093299
1.18355295917087 2.89980423510305 7.70800828339364 20.0888680344229 32.0127939867564 38.8475596535935
6.38883720519618 9.70502359131179 17.7284428483322 34.9318804405572 49.9927745943439 58.4807627213754
4.77048943952839 7.7146875067959 14.9343606834776 31.0118867833886 45.3326069414192 53.4074098463993
0.94701030473009 2.5317567532664 7.07936542368132 19.1126682738339 30.7233797553255 37.4588973456437
1.63186975854182 3.56852839111246 8.78966471379131 21.83874680943 34.1291751536956 41.2119653343445
0.117916291694722 0.256449209588599 1.86877214113654 9.47581041050728 18.2395075056335 23.4737302120161
0.057629181507322 0.854701884894789 3.76757759477622 13.4221378345649 23.3285787280107 29.3290882620636
8.90349708945868 12.6866086053398 21.7472533216539 40.5109138753462 56.4521079564991 65.5238337489229
13.1432737815445 17.6763917118613 28.1262516877706 48.9931440475 66.4943470397578 76.1877243898529
0.463961434069391 1.75182591647248 5.63089467255872 16.7215108609814 27.6972348765521 34.1117023521978
0.384847803803661 0.207316426048198 1.20846748834255 7.92393279398248 16.0085885024215 20.9772338797138
0.338524688597218 1.50551476296068 5.18584565514493 15.9421052638672 26.6777807988722 33.0049962757208
1.35543685984088 0.555085979390239 0.370370898626181 5.2558585762516 12.211667422757 16.52793825082
0.341294950530694 0.202622817061388 1.27749944530654 8.10402450886597 16.2886578125701 21.2738111055098
0.433380271428294 1.662781720239 5.5093437478148 16.4606746262966 27.4381032488119 33.7849697507881
5.41828914311553 8.53041340497113 16.0684002913347 32.5900019921871 47.311619928043 55.5026552546142
1.41590869918641 0.587345038274853 0.339081697693931 5.13118208505099 11.999187706134 16.2946932933693
1.30414881183168 3.08746013848205 7.99750745084463 20.5576280464336 32.6607057119293 39.518297453958
1.06137653265242 2.70884686299724 7.38080472754695 19.5967338062269 31.3495032957885 38.1378948636116
0.343610913139416 0.2063142746698 1.2747773877138 8.09792961571097 16.269107931031 21.263647907214
0.02399590400028 0.720380313300231 3.47660288921202 12.791584714316 22.6523438818811 28.4767299249508
0.977003064556042 2.59938879499544 7.13711945565896 19.2881123262031 30.8316424913222 37.6453437969062
0.0936272235809172 0.261471400616142 1.94206185064905 9.68690902891206 18.4623553940655 23.7630336171711
1.12142624224071 2.80737217951109 7.54221108026393 19.8649115908746 31.6511408802164 38.5045967279832
0.974859279934338 0.38682713693939 0.561840783992919 6.06647084489286 13.3477990663112 17.9044349863711
0.716581271119631 2.16159461054795 6.41816750247382 18.0293685099112 29.3587997359433 35.9496485012906
0.425794736416898 0.215045316379344 1.13536215593909 7.75962383694519 15.7770716086005 20.6962404674507
0.0299282249417001 0.754559925779504 3.54864145049788 12.9638844030748 22.8337263371734 28.7021427258123
2.06623427834022 4.15774454066408 9.73792916284066 23.319062333877 35.9116242703941 43.2085668410908
0.191512013279981 1.19653453405554 4.56519980305996 14.7884733907977 25.2750119376895 31.395303950631
12.841538410348 17.333269035613 27.682491274821 48.4069716911688 65.8331094346531 75.4645099929902
1.01761794856926 2.65349650049353 7.28352976429414 19.4164233267606 31.1893475878824 37.91422336117
10.925839099932 15.0957061691357 24.8394453977559 44.6283099774182 61.45917063716 70.7710548544183
7.52204572718948 11.0641156196261 19.5593544402778 37.4961745576314 52.9967046577618 61.7409127374365
0.0387973777129744 0.323402775773841 2.23392962013848 10.2963265876077 19.3257328635547 24.7240105501607
0.0954872695575309 0.951540095116947 4.02362960256218 13.8456479466439 24.0131281402176 30.008132795264
1.07977385193308 2.74716476209631 7.44656897356697 19.6713405893561 31.510422718094 38.2712228890514
2.32904141258528 4.52947875201157 10.2971687586149 24.1567211259016 37.0380454837985 44.3577108875935
6.64138952438519 10.0218912091922 18.1259271789122 35.4703710419247 50.7286943668077 59.2020629513703
0.287299065403523 0.206347499372809 1.38126815513484 8.36146754601017 16.6644190150535 21.6929714695255
0.448951692486394 1.67759316046304 5.56801151240936 16.5505023418032 27.4835599413028 33.8890913208178
2.84218623063521 5.23361256005737 11.3728460412839 25.777585717554 38.9916792430649 46.5197489685733
13.6434443305125 18.2866644821022 28.8360569865273 49.9146138306786 67.6856295596064 77.3776458572575
6.57707357299017 9.94196898878915 18.0309988352339 35.3479902634812 50.5468848842052 59.0357103277813
0.659533827581458 0.26993283193934 0.841454781663192 6.94317615811813 14.6002947733758 19.3569910660706
0.034211298786965 0.333326008026552 2.30272771939317 10.4751017768256 19.5424929319236 24.9800546865271
15.6607971634074 20.587372714199 31.7437056138173 53.7514369542387 71.9796619813032 82.0511185112328
1.8731962302681 3.89096532697414 9.30475895158329 22.6344668590036 35.0955895292089 42.2926314942861
6.73886538898163 10.126090380797 18.2752860800088 35.7339103324643 50.9336522019048 59.4787728878315
3.29849426954343 5.83167318383195 12.248879659469 27.0849258145534 40.6055250892227 48.2587654391257
0.0102655553368706 0.433085066025189 2.63231396662638 11.1572926205603 20.4368579730874 25.9975619745569
7.46344560457602 11.0121845077687 19.458130557188 37.36224988294 52.9065834176529 61.5803009948601
2.70163263534378 5.04718260929015 11.0766482119341 25.3288572701872 38.4860572631166 45.9389647049193
6.96696463000991 10.4116453060436 18.6567290598152 36.2028058072694 51.5869832823799 60.1375141516179
1.40519041627823 3.21642937827095 8.24192723196548 20.9745182005 33.0752914957522 40.0529977063687
4.1703058152403 6.92625834552814 13.8430323498094 29.4608118018972 43.3645635831809 51.3491453456217
16.0838187939414 20.9956687564982 32.3627119827609 54.5521283286167 72.7306128240299 82.9824022342612
4.7568281856225 7.68677745776203 14.9045325098378 30.9919019750431 45.2466552814896 53.3485801362472
4.41608749148263 7.2707373517778 14.3238798138548 30.1111515456274 44.2446614126221 52.2315525017826
11.9526008030735 16.2963265632237 26.3717146414547 46.6556658306064 63.8491749477789 73.3156914624168
8.33394891250508 12.0905090657671 20.8290906828786 39.2517636076484 55.2190087877154 64.0169988848527
5.62684652600266 8.77154375966632 16.4261778180618 33.0933731957287 47.8617012982079 56.1398030218729
0.759927576715233 2.26001822011132 6.54076933893542 18.2510286609547 29.6573701481686 36.2718462226233
3.13010964727302 5.59542590091613 11.9405139292578 26.6185634968564 40.021961269164 47.6391779775411
0.0716201269440573 0.281730313974474 2.07941753180032 9.98054920676858 18.8835195231546 24.2325662198501
2.75083146409422 5.09665490148951 11.1652676378695 25.4625008287048 38.6334264653554 46.1230118777047
0.288032141216135 0.201969459046236 1.38646038166303 8.41009013043835 16.6639026256042 21.734328867907
6.72803307686603 10.1096414286858 18.2614736563018 35.6655982339753 50.9247598537493 59.4350050905223
2.46625073545015 4.71293178418748 10.5816487999857 24.5928090272253 37.5541488691613 44.953287379944
0.295154955778241 1.41397333882048 5.01691300036189 15.6247952241654 26.3151012532872 32.5680110341047
3.37272446043837 5.93164775708731 12.347348804266 27.27776942813 40.8233638211659 48.5073134275649
2.74127729448281 5.10210713952117 11.1625504991596 25.4839532927677 38.6335071307061 46.1212612063927
1.74284127462854 3.72635072580454 9.03498108776916 22.2268365215281 34.6469300900562 41.74580915077
8.29200449233095 11.9973630587993 20.7775375687107 39.1715220831603 55.0054817562273 63.8782202582487
0.038699869642076 0.776134237494266 3.58868849909934 13.0395486739376 22.9500380774868 28.8185712945317
2.74863771381264 5.09576634067598 11.1680680354902 25.4675043457978 38.622885444866 46.1209250770925
1.89731225955261 3.94962457237026 9.37633504255722 22.7666853629526 35.2771319091274 42.4695669933695
0.0819501672707375 0.900953286671832 3.87374068772881 13.5900306251134 23.674640897188 29.6204745422522
1.32017529981091 3.10280741900002 8.04103989677233 20.6430440683372 32.6343361675004 39.5843381363875
6.43341406754716 9.76980220867916 17.7771051860342 34.9955158569655 50.1681116484298 58.5934275547805
7.50640726909365 11.0682796928311 19.5309521011828 37.4167750937181 53.0356701111618 61.687085369394
2.04296198864014 4.14341527548351 9.69219805652789 23.2486041473894 35.8914900807879 43.1216473356295
0.722042349159034 0.285231400556212 0.772495054372322 6.70739519939031 14.2738889642903 18.9990372519847
8.43610833475928 12.1143025148214 21.0197817774442 39.5130872265379 55.3250484289174 64.2681739365633
0.143112932403198 1.08111387178367 4.28921938243455 14.383108773929 24.6785291908162 30.7602763234498
2.86516532849946 5.24825144759565 11.4039231914685 25.8324069169999 39.0418858938136 46.591100963481
4.04856518931625 6.78304303428961 13.6643241195034 29.149814328329 43.0875548276852 50.9870307373919
0.385715322348559 1.56061990884239 5.34315790436167 16.1654428435228 27.0121039618605 33.3549908471461
0.140984053468507 0.233515459156066 1.80346751388248 9.33383186831132 18.0002589974005 23.2263582492183
6.66886957704607 10.0549424569421 18.1711636946059 35.5324458846885 50.801579775091 59.2814712941214
3.33955640396456 5.89705836464655 12.3119714674719 27.1915323873491 40.7694757451608 48.4164442733121
0.00603486046987161 0.457460176615346 2.74419459039088 11.3506849655393 20.7520573270111 26.3439921101716
2.42055149299399 4.65473391033794 10.4895859771351 24.4533447647548 37.401814312469 44.7541650887491
0.158201307179511 1.0954223210197 4.31100097865742 14.3911247623147 24.7211072268267 30.7863839897317
3.53079409748634 6.12370864374515 12.7003138475487 27.7275975793365 41.3899522132626 49.1170388852249
8.02639739228327 11.7109067026549 20.3423591523805 38.5632050612252 54.413508785605 63.1551957838168
4.26298740459129 7.06248696837196 14.0471599912583 29.7105137726228 43.7951510281339 51.7216526587663
4.84878273949819 7.8128571321208 15.0827058863765 31.187182009196 45.5834781522866 53.6645281117957
3.03502418105086 5.49428980127633 11.7048688689939 26.3287609670763 39.648938960239 47.2488335208196
9.79116783398151 13.776468191605 23.099912132692 42.3198831459862 58.7435610423255 67.864363289188
0.0175007805143448 0.650609726531474 3.27991611915976 12.4232105676192 22.1491006396624 27.9111326561249
6.86729371590036 10.2989119430803 18.4822984308917 36.0060508386202 51.3266902905357 59.8602791394311
4.81026680247457 7.74655854652749 15.0077400217537 31.1153466720431 45.4121786216069 53.5224924801519
0.00647056354552465 0.412245181618338 2.66026264787784 11.155883532417 20.4656745168703 26.0260732589638
5.95076072370773 9.18329107623782 16.9906891062947 33.8918819503415 48.8266111319364 57.1639527045441
0.158198290789436 0.21676406466954 1.71275415449788 9.15195741331546 17.7538299762215 22.939324806191
9.51648516325464e-05 0.513700896200651 2.90655720507857 11.6993429085853 21.226703950699 26.847447192202
8.09919313797046 11.7523849148513 20.4596211650489 38.7750182949394 54.4792773222877 63.3373214550964
6.52318891676325 9.87091297238364 17.9436417489674 35.2422698593291 50.3700175444487 58.869646287847
0.00793543596916787 0.443644091362221 2.62204106476958 11.1616028355295 20.4242186379618 26.0030926060511
1.34725011328478 3.1501497514822 8.1066095910395 20.7684663223122 32.7914328241106 39.7484603751765
0.663455256643645 0.256267284990665 0.831022688641876 6.92371030127386 14.5926237239146 19.3338001910241
6.45911156965424 9.80541761101756 17.8229652678265 35.0764941570328 50.1944474638034 58.6732318067105
3.4476825646854 5.99303891602254 12.5099933882979 27.5104851737832 41.0088866187321 48.7832072871221
1.47237432992118 3.32532642674476 8.41488443821356 21.248810052453 33.4225926640373 40.424546636783
6.56303341563883 9.91052173754202 17.9815587714214 35.3133774454949 50.445850319727 58.9573292097612
4.03596524369726 6.76399400411792 13.6332544208492 29.1026037148656 43.0472076496845 50.9200270686981
3.54939692060889 6.14861924106621 12.7140502222299 27.7694988865902 41.4211935234068 49.1674857284029
0.0580448608883513 0.293985424865971 2.14269862262612 10.1195958403083 19.0383373623601 24.4235137930551
6.25753322410699 9.54924070792456 17.4979543077589 34.6052717871591 49.663059067377 58.0767722093705
3.28148060217071 5.81287761951707 12.2118453879896 27.0337515198582 40.5617152822528 48.200106432628
0.849411632830974 2.41016033312844 6.79092867067034 18.6780330644611 30.2215740832862 36.8699499824472
0.187467422462394 0.219537752550984 1.66479651860482 9.04539313119601 17.5742574827564 22.7586256806527
0.242341159807735 1.29684602270663 4.75067544880068 15.1795583044858 25.7384643996092 31.9319285034984
4.25377148026939 7.05572097269697 14.0071388039604 29.6726439995681 43.7293743886661 51.6569709004717
10.3613410423098 14.4604215580547 23.9676168535189 43.489870376571 60.1419392613226 69.3388876674522
3.75400849296569 6.4132104266489 13.1111348173198 28.3440297757259 42.1197129610946 49.9239213418758
5.99623802422994 9.23660209940002 17.0682778478207 33.9959284937551 48.9577593895731 57.2982893535421
2.74654988510052 5.09600941999135 11.189803125206 25.4767506969386 38.6466990285195 46.1404727887441
2.81303573493275 5.18797686060792 11.3006462728055 25.6420206151118 38.9420732364855 46.3923321628452
9.68165427522168 13.6569401475531 22.9443910722388 42.1063632292776 58.4767912708103 67.5926541517325
4.50661865603266 7.38490620347117 14.4825455449795 30.3218419720177 44.5486351911125 52.5427074188442
0.736274787771782 0.293553457193326 0.788078039114399 6.71524013780781 14.2762525374599 18.9847795865
4.43449353390731 7.28172350452529 14.3272215802421 30.1470466534625 44.2790876355971 52.2675412750239
0.822857346489994 0.319597153266271 0.703311116537902 6.44120701845835 13.8976547230551 18.546776094799
0.0295005725061783 0.336376705222526 2.28706319222548 10.4134444002442 19.4886094582234 24.9062622428355
0.84885258129316 0.341728910447125 0.669418621282253 6.39508918467333 13.8017199835706 18.4436446669982
1.22042388989555 2.96482373409905 7.77887748303394 20.2512330613529 32.1897748085146 39.0548289039789
2.69131841837891 5.02202178704999 11.0635460714412 25.2706586963881 38.4354004447824 45.8852354319508
2.63055802678804 4.94777263670474 10.8999988210429 25.1077116481123 38.2021549168062 45.6204218384758
0.892581734201589 0.363170859952751 0.638844087620407 6.28178296628808 13.6394758149585 18.2551788532594
0.367596960687377 1.54597831127872 5.27396817059094 16.0511631013327 26.9538765393374 33.2261022884961
2.93260018647226 5.33958439575582 11.5409064784259 25.9963491780559 39.3277590929991 46.8450992900902
12.1448161785662 16.5560309894889 26.6666651836045 47.0558948861723 64.2888881287132 73.798316365402
0.0369095763200049 0.781151487724228 3.61553042560581 13.0755869999131 23.0039076269651 28.8715800309424
0.842396887939408 2.40438792449216 6.81654391031548 18.708892333909 30.1824371276611 36.8916870006762
0.00225057815185905 0.603101778109846 3.11600833901258 12.1491399223084 21.7325303131523 27.4737883833726
10.7533849749809 14.892300811425 24.5851292065981 44.299713778704 61.0461508251315 70.3348206805954
-0.0018566619782376 0.510649793303742 2.87555446445488 11.6678040541882 21.0822572875964 26.7572340616322
0.630440464750352 0.262254253231087 0.859575436949268 6.99721930222947 14.683523669042 19.4520436783832
12.2418337185607 16.6209732580368 26.787269287076 47.2812075243673 64.3954619679301 74.013808575307
6.13732841655062 9.4083729463884 17.2829903433244 34.3324215570253 49.2843084737998 57.7045773006923
3.30146172341402 5.82732347095555 12.2697312547585 27.0980709011748 40.6150431048902 48.287078560024
15.0808164234862 19.9476844583009 30.8983744444749 52.6325906476519 70.8047256824246 80.7200142797132
0.0027157768625697 0.55422906887624 3.02930655171866 11.9387193146553 21.5318488610218 27.2016869123337
11.9475805088687 16.3228821610038 26.3543048229351 46.6519330658359 63.8589184191104 73.3065750352766
0.372095845559056 1.55127412914761 5.28475384492805 16.0808143532747 26.9003609612377 33.2197590599756
0.0250247264827656 0.722071828530312 3.49243534750187 12.8338319478593 22.7132714093437 28.5335137447749
2.35284568408052 4.55162164857333 10.3588436817762 24.2671630892666 37.0872455996864 44.4853865993936
3.959838831219 6.67087607590796 13.4935821009881 28.9059726829152 42.7583473733755 50.6496311545472
1.06856624961977 0.419314451817138 0.518365623508704 5.8156144862783 13.0748610409958 17.5136123886283
0.179685654274712 0.215140267184683 1.62929036897965 8.99106570137745 17.4894109051719 22.665012895474
4.63019354240812 7.5317976053416 14.6852732178234 30.6525813579873 44.8790803259291 52.9367600161554
0.463139350082714 0.217852084896424 1.07172571434961 7.59100151632476 15.5257145749209 20.4280897873231
6.35853851984863 9.66355652391711 17.6507968986567 34.8173950961926 49.921195206341 58.3513415197041
12.548518634455 17.0012690805414 27.2406619336842 47.863238765941 65.1640694233511 74.7712661679068
3.72458039661146 6.38886771837384 13.0547266393895 28.3045322128431 42.0065688837615 49.8348279828621
0.0236722376021491 0.701817604426762 3.44305800573239 12.7373107589591 22.5487299816494 28.3806527710099
9.84365656171471 13.8692990550371 23.1927122202619 42.4227667156808 58.9299535574278 68.0183621410735
0.602656731616987 0.250723330765901 0.90482713465149 7.1382528900799 14.8829466854579 19.6760308941694
-0.000289497470073942 0.603790730313332 3.09474541321532 12.1225219145567 21.7702863905695 27.4686255745031
2.81085328159769 5.17596851484668 11.294233228763 25.6548465106717 38.8392723952711 46.3613500764384
0.216761708889667 0.226867475351261 1.53840211259328 8.75740895903037 17.2163493272619 22.3132778520628
2.594151601028 4.8958360677877 10.8665851700196 25.0119194460337 38.0395315299125 45.5069200031749
0.810705377480026 0.297896281408196 0.692118417778162 6.4831754561685 13.9995279754973 18.6102662465162
0.534854350513479 0.22540370340406 0.960610240642077 7.32204458758082 15.1682875420808 19.9970500863407
0.265591433769683 0.219212273654889 1.41590390165292 8.46596773346177 16.8231172751139 21.852319613771
0.107484032063852 0.276719510396831 1.92003148475531 9.60897978765228 18.4093464735572 23.6648749635474
0.0214095822208417 0.413849926495116 2.55133237088808 10.9491272383251 20.2276323518408 25.7345537160453
0.0206546395350795 0.649807989725607 3.24150651341531 12.3654022863945 22.0857290571199 27.8402604345977
0.111059177722681 0.97340778769318 3.99701456252675 13.847072870467 23.9648923656595 29.9744729369635
0.303962956050177 1.39475611571554 4.86816643705053 15.4366917388315 25.9395755932241 32.2160632581632
0.581562377616555 1.92300982639926 5.90749263858998 17.2593023838865 28.1950395678064 34.7660632067147
0.852830644888783 2.3930122740558 6.76977636575155 18.6954363618485 30.0213336539932 36.7877014949755
1.08363928297288 2.7653531844829 7.43235070630636 19.7645385495979 31.4615282528187 38.3238051883461
1.36165170127061 3.15667802375345 8.13611599885724 20.8518640731398 32.8907108091474 39.8721428237153
1.70239221193295 3.64579621540887 8.95225506805728 22.0998702037598 34.4345692755101 41.5724905551953
2.17603721071899 4.33149598093364 10.0119147482421 23.7380222484934 36.4477055094705 43.7739657683971
2.7991809876747 5.19768946309787 11.2948784032967 25.702259255578 38.8224489256981 46.4034486227582
3.48860032581942 6.07774183831329 12.565534006453 27.6120655341524 41.1961235602884 48.9405550013386
4.24186854049765 7.01472077034558 13.9744874324457 29.6506845880869 43.5892137311432 51.5965961544392
4.75587082370391 7.65979904175651 14.9155088236523 30.9743602809491 45.2777591125046 53.3658367298233
5.48751719228266 8.57064059624292 16.2271474630265 32.8434621340502 47.5669392742797 55.8240086118362
6.20460056177541 9.44314270824947 17.4157536706533 34.4973081178533 49.5068365715309 57.9360544414409
7.19868365532099 10.62794087402 19.0405322711906 36.7559383881493 52.107207467247 60.789682457253
8.33656661271555 11.9880677608026 20.8625770635693 39.2955999833812 55.056570332555 63.9888639592313
9.34851381603572 13.2485692267081 22.4296525629637 41.4541192644378 57.661239748541 66.7347159516188
10.5487801604123 14.6650677600305 24.2552560998564 43.9266869092849 60.5014804546531 69.8254314992891
11.7103974485694 16.0083146035821 26.0000901725823 46.2657152301025 63.1841835546899 72.7370087744725
12.4912517470339 16.9010767423585 27.1593266436376 47.7764317005205 64.9393010039359 74.6182913697784
13.5472814916158 18.1232966273032 28.7317966897089 49.8254230627577 67.3298098830027 77.1692030092312
14.4931219445866 19.2232193464312 30.0942784684086 51.6003812327417 69.4395468410088 79.3881812182237
15.4726553194869 20.3783843353003 31.4868012375172 53.4278400004992 71.6043861890722 81.6529430453331
16.1184149830049 21.0701184527581 32.4130141016025 54.6312938121578 72.8658813846424 83.0892503600871
16.1015019363973 20.9925642957315 32.3885799787765 54.5788800001597 72.7281093241424 83.0074475328639
14.7708818205448 19.5740070219647 30.4517322081786 52.0571084158269 70.09946626154 79.9945391148428
13.5461409528108 18.1643106119682 28.687729175669 49.765880866017 67.41754976961 77.1481877992719
12.3186912366195 16.7262736634645 26.8990870648917 47.4162864103071 64.6285552040978 74.2078262176884
10.870649101776 15.0443120554244 24.7279305220969 44.5208028899325 61.313920477471 70.6140009535366
9.77350063095029 13.7916218388896 23.0818528378159 42.2762580864685 58.7760841156731 67.8411233721936
8.89336412600128 12.7382714963614 21.7284666605574 40.4415883789457 56.5978417844055 65.5158607673481
7.79483354093984 11.4180925722546 19.9942215211147 38.0562526545749 53.7984347692462 62.5001387185907
6.78698996528096 10.1977777498032 18.3642187797628 35.7946521902458 51.1221363979943 59.6227981109552
6.03485018934982 9.2905063101042 17.1159977506377 34.0789358270254 49.1003950484838 57.4261256934181
5.28875184482448 8.38316378761085 15.8476761009437 32.2791476600688 46.9813077018095 55.1134588245369
4.53823057519618 7.44561302705691 14.5366328382756 30.4126464640111 44.6972415717084 52.6546535278966
3.73152681786052 6.4209226713414 13.0576981483369 28.2565518173564 42.1800284781162 49.867628463508
3.26471674246285 5.79497188920235 12.1710470420642 26.9815501172373 40.5602084272496 48.1561101314598
2.77513559036847 5.15882379207979 11.2318124628925 25.570361143225 38.818079953366 46.2671544642432
2.309093647239 4.52931731004797 10.2637767377103 24.091045379977 37.0340867107795 44.3059400140259
1.80365897838615 3.81040740651656 9.15048743483493 22.3697895108446 34.9019307736209 41.9803161660832
1.29602206954946 3.06597403470875 7.98259345811819 20.5195051120762 32.5843840042355 39.4529704720714
0.914147129281509 2.4978758222656 7.01712543836804 18.9848632510979 30.6827310007735 37.3206403816836
0.701642475632317 2.14332974540186 6.40440466810267 17.9993085918049 29.3567489409153 35.9188597783281
0.458874281977127 1.72088949274197 5.63152475500542 16.6772463773465 27.7033811187114 34.0894027740834
0.26319213112087 1.34699300191334 4.89357693772751 15.4068722836168 26.0569892695905 32.2685646411052
0.116609036424587 1.00637664090125 4.16179531943657 14.1024399565189 24.3512684089829 30.3800672871471
0.0237087029792271 0.636223210517061 3.27899982780033 12.4124147238823 22.1524630254151 27.911079438752
0.0177106810060549 0.368780288246185 2.52753872539365 10.8958964538556 20.1114605856432 25.6375849904985
0.0314427958013932 0.347147239432374 2.39389585522801 10.6563416169302 19.7587353784687 25.2507544629133
0.00559818583786815 0.532440406224862 2.91313857406079 11.7687829157881 21.2330468627761 26.9070793993234
0.0487951154144347 0.823490286329761 3.68212787023363 13.2734665437675 23.1255385674314 29.1067482215305
0.109234526496803 1.0118450657923 4.18579443465173 14.1468847546372 24.3085017237737 30.4081240026851
0.216507113138995 1.27794770802121 4.81215817119828 15.2491215814857 25.7387026383629 32.0268801449624
0.380375079306885 1.6122403172912 5.46016779100386 16.4043088534768 27.1796012444588 33.6400195378047
0.64115678407977 2.09268213067442 6.31004327473691 17.8745760510062 29.0488334159988 35.6953882849254
0.996663323772667 2.65250521542386 7.27868626623906 19.4610169056459 31.0678631345782 37.9153184304709
1.41665663024442 3.25223612353682 8.30958448339428 21.0882771454154 33.1159990557367 40.1618212239105
1.89634722069505 3.92337044337051 9.37696262784113 22.7673224159209 35.2077186660744 42.4555772351593
2.38417088422122 4.58807095981631 10.4302095137832 24.3756271318936 37.1863268967403 44.6250823946487
2.87696308441169 5.24837526029202 11.4166217545592 25.8876225008422 39.06917709785 46.635145111302
3.46744079206709 6.00637147155383 12.5428901833815 27.5658980295637 41.0415784170396 48.8459677530369
4.02947021309802 6.76147554034269 13.6031451858183 29.1167879831973 42.9452608596426 50.8900016508644
4.71088656066088 7.63151699355821 14.8288602312507 30.9083616267159 45.1002068231481 53.2249078809054
5.49360685023324 8.60517733959995 16.1854910686476 32.8271586869496 47.4078787253067 55.7137071702797
6.26180037138763 9.54868446264269 17.5077941343456 34.6426772025928 49.6169011802671 58.089531287658
7.09571588221763 10.5583160199056 18.9121617598512 36.5723545494927 51.899473186127 60.5788722482
8.08931007846498 11.7431728599009 20.4992627275362 38.774126012859 54.4750801174565 63.3621338788108
8.98458056882022 12.7506393316352 21.8907545307471 40.6979744072059 56.5770464815372 65.7296624798933
9.05892746944647 12.878153075971 21.9869372454636 40.8580679618452 56.8632605796061 65.9597448341246
8.84180203541193 12.6316532715585 21.6392960791628 40.4029579116942 56.3601625963409 65.3908508661041
8.17834161675113 11.8363790289765 20.5880478110685 38.9543925101824 54.6587312058911 63.5544270451335
7.21156573913145 10.7168750668478 19.0574623644337 36.835909100114 52.2088111363481 60.8769328147352
6.20889115280336 9.50313636595443 17.3817229813026 34.5117895015473 49.5052465189873 57.9254779035659
5.32939874331318 8.41453828341085 15.8858375831042 32.361757101827 46.9727701485714 55.170391587302
4.55206070702831 7.44434978689877 14.5594006121736 30.4319025834983 44.6882733917147 52.6885794925617
3.87468477263383 6.57464373930949 13.3400635535286 28.6641764499753 42.54530453277 50.3660861885368
3.17924878668192 5.66025177370402 12.0022643285218 26.6941169074523 40.2028579087433 47.7737972528992
2.58284877068771 4.89024400605231 10.8518367037789 24.971310275158 38.1465518892925 45.5125788348807
2.1755132463207 4.31198738325289 9.95523985228002 23.606660705219 36.4212133937106 43.6509724886233
1.61864464536062 3.53957382500259 8.72757490044048 21.7211856696875 34.1305275216584 41.113426153102
1.22364258745743 2.9724472473343 7.80628737520677 20.2509794569402 32.2957210356449 39.1032302058733
0.965060822881744 2.58199381693285 7.14320272384347 19.2201968983997 30.9314333938051 37.6300766622064
0.658944754178501 2.09131299967655 6.28382182439347 17.8293867581748 29.1831081105973 35.6965698577286
0.380349487045142 1.5862598871091 5.34829172971898 16.2040529262655 27.1896594133663 33.4572329840912
0.186128078159858 1.21174196469288 4.58823156869866 14.8379036476134 25.4310208729345 31.5205294042115
0.0858557183425137 0.944317583934244 3.99460229723098 13.7608838960153 23.9740137895162 29.9134793499283
0.00695333164718369 0.65277551124367 3.32199870118292 12.5133907973798 22.3101301027056 28.0651177744335
-0.00233193058405689 0.443461129412342 2.69577938251286 11.2798219708934 20.7140546230312 26.235575531484
0.0268143094669048 0.324126271049038 2.24690757551843 10.3681890108874 19.4719949793687 24.8483903487271
0.12670600748749 0.247259615579867 1.82336518770618 9.37460552806147 18.1338639216812 23.328867892262
0.270340406369845 0.207753424828119 1.40417268847169 8.4016106303636 16.7787507382446 21.7842890532468
0.442765022890226 0.218206137835735 1.09595087939124 7.63033788117637 15.6399331802444 20.5172370681075
0.697893360108408 0.274331973052734 0.793358748164513 6.77452472102386 14.4157072485564 19.1042360358973
1.03853955098039 0.399537733293526 0.53240449408789 5.86636776200248 13.1711083940668 17.6088786458389
1.22430935308725 0.491454298346618 0.410182955608465 5.45248455594712 12.543856152427 16.894526959376
1.40239809970206 0.581923287132263 0.335536521841517 5.13887837336395 12.0159510690347 16.3138595398926
1.51030184831522 0.627451539601995 0.300051437105115 4.94831577366706 11.7642442274131 15.9906614152137
1.45045870441022 0.588526745496684 0.29609363545991 5.01213827550536 11.8863454226155 16.129488632827
1.26067812854045 0.486913176139005 0.347509523512835 5.32306852574395 12.3332983996796 16.6833113789636
1.11521780386527 0.420813306268117 0.451022573089332 5.64147603883369 12.8069932157024 17.2370440764665
1.01756545183112 0.378357921028504 0.535506031516307 5.90688139207583 13.2289865495722 17.6720567482289
