1.9444517175546 9.12072825617545 22.8354161728301 75.3248490069419 150.620033632956 189.649848290253
0.466993128067899 7.29108973929561 20.3145398450348 71.882185018314 146.724794375418 185.447287486087
-3.9042118198039 1.60778731687408 11.9781987784199 59.7193644047 132.907932071098 170.692844275938
-5.16746172749688 -0.0842643098586476 9.41893285191549 55.8462813048214 127.958207053447 165.162947211077
-2.12432914566553 5.2108823464986 19.2405556337992 71.2432302515309 143.109982207112 179.769688131869
3.03719172069128 10.982355322302 26.2420211344197 80.3915506357674 154.903449789316 193.170399284868
-6.80397521814951 -3.30563489067851 3.00256977114009 44.6521597039598 113.810432568174 149.624123698191
-3.19080624395114 2.5763130365484 13.5015533071229 62.016766415832 135.487561544123 173.661057302902
-5.7334032596219 -0.187618888550469 10.3160313644735 57.6338908795397 128.476655867199 165.078821857178
-6.91773902105238 -3.76497493933855 1.95330926585322 42.5935015017214 110.34885789392 145.675166434986
2.67287064927244 10.2553972956715 24.8683994575932 78.2712502904596 153.12235811983 191.921430387774
-6.94229034229625 -3.93852674531239 1.47584459830734 41.7184006345771 108.946607358488 143.82877831823
-6.00306972020981 -1.28172694062574 7.49746209641034 52.7710838896292 123.87892776043 160.593189574992
-1.96738692902885 5.11884189605154 18.759398191551 70.2405645126233 142.54942635838 179.722158134286
-6.90846345808446 -3.98085061007925 1.23486630257021 41.2720967080679 108.410621136939 142.994957876043
-4.30211081007213 1.06644221482352 11.1430327994369 58.4714124617438 131.390320612936 169.023670258723
-7.52254454258154 -3.58560534623828 3.69670385342227 46.1617565306922 113.531192008941 148.586262297312
-0.84219360001547 5.90931440259631 18.7412163572796 69.9281125553312 143.940147830312 181.852651158331
-7.28891446988518 -3.81432912196626 2.57569451438605 43.9312551439079 111.155634772309 146.255180439977
-6.77104944314238 -3.89711092868885 1.2422936987365 41.222002268015 108.731839674735 143.710664117284
-1.78508138348296 4.51298457925243 16.3574924842571 66.4923682530121 140.666915093974 178.793054645425
-4.67536800087208 1.25578345983807 12.4632600898788 61.0393082151231 132.833813565694 169.674471242074
-6.91504366982826 -1.92885663005639 7.43334862724906 52.9607570779146 122.38537860749 158.307375499956
-2.41526914352542 3.97453585437915 16.1889208690872 66.1358758140035 139.325952150022 177.164401076578
-4.91947601803264 0.88259144847111 11.8712074257556 60.0890296356779 131.705373842173 168.615571378406
-2.82831268727817 3.31563161341635 14.8244198368432 64.4257105405132 137.977121889294 175.640223987423
0.274020681683311 7.34614180828902 20.8350059437907 72.8239806681026 147.117235881324 185.09970122216
-2.08146686871759 5.25294659058194 19.303374466054 71.3116058174359 143.180025378934 179.89260260628
-6.5276918703516 -2.20143187868385 5.74076070531639 49.9768690078365 120.497470432498 156.843748579003
-5.07213775716301 0.0767241900792025 9.56513181701238 56.331838314123 128.795928117045 165.821993463435
-3.80427518907476 1.67652668002939 12.0026067992747 59.7544307026004 133.034891923332 171.055819080443
-4.72108225941921 0.547024627527215 10.2783284377178 57.4097953770331 130.186849417064 167.41165934187
-6.63233554199028 -2.50822855048505 5.06480707588981 48.6687635880668 118.85593842771 155.186842140399
-5.38571619667685 0.0779354389123944 10.415124705487 57.7613845339691 129.196673119278 166.25167160771
-7.85251362740145 -3.89881722245019 3.3233425030411 45.6107464745711 112.198022529453 146.405025059159
-6.36394966504614 -1.29063952777867 8.21836215889761 54.2478110130983 124.70987350582 161.12391921694
-7.15817176552856 -3.96874656782856 1.82410711605409 42.4673040712926 109.468189570618 144.255031193882
-4.39074214436991 0.884546838012068 10.7512332356979 57.9423799432628 130.885951111243 168.622916295586
-2.48868894472031 4.03194374612753 16.4338028342574 66.723906818853 139.680527804307 177.33390548851
-7.74586458715974 -3.99774568148083 2.81278644233701 44.606593861395 111.135170466313 145.277261120098
-6.80169700254091 -3.93394271439888 1.12389717718493 41.0503559170942 108.464349027538 143.033238181262
-7.42494834255978 -3.43887720105033 3.93371832095752 46.5751215043486 114.267368771349 149.466937301784
-5.80387683732477 -0.507555843797466 9.4289067068994 56.2404639639906 127.441759902543 164.183407426988
-6.82148272710647 -1.95927900507259 7.1124278445963 52.3873283807367 122.11576173554 158.08749143704
-6.73538131122256 -2.65257024798097 4.77849485864607 48.3018742553947 118.44826069796 154.495870204846
-6.47914497631206 -1.28226418707719 8.52306303173853 54.7532320323596 124.80750585289 161.095913950433
-6.01482232595911 -0.807081782070233 9.00985952243829 55.5187289827118 126.355601412908 163.10170532637
-6.81862192022526 -1.95357450396663 7.13061550088519 52.4149420789271 122.132075701406 158.122529760002
-5.72002971390383 -0.860960854075865 8.19941774512852 53.9180389981848 125.393825296604 162.310114001612
-7.33134053667737 -4.07861394490229 1.75601299574873 42.4417881270545 109.093259988442 143.267610604256
-6.69381051819176 -3.68079464240747 1.71107499291196 42.1282207306461 110.522277786308 146.038089327987
-7.32376142614981 -3.22973932815111 4.33257161407753 47.3052079834831 115.410054450767 150.717945633187
-2.11645375514864 4.12124818234996 15.8078791980283 65.7547652699072 139.820827492879 177.781515143664
1.01389678194675 7.86871505864292 20.931195075119 72.6481678718093 147.890929094111 186.918887038494
-6.66086749861206 -2.52040131034158 5.07200976160792 48.5988663859735 118.661359157393 154.845875527166
-8.19603631317668 -3.57492033479096 4.87782460184699 48.6986685186124 115.370404934869 149.179604093265
2.59356169539286 10.1639510998454 24.6506667695833 78.0042416803092 153.013812597867 191.687348849158
-6.75560009083187 -3.38989367422135 2.68479802378588 44.0211556861277 113.063518268937 148.952891638206
-7.62219802098761 -2.79307932743186 6.19864824625006 50.932394334716 118.955600497568 153.929278445492
-2.75895809779152 3.66495846263017 15.7689073347058 65.8124217782009 138.86757576238 176.322294964967
-6.02053956894589 -1.302599657909 7.46789332326417 52.7221497035802 123.806611571732 160.498131707142
-6.74107278929674 -3.85496594742601 1.25147738653666 41.275751905153 109.0442834465 143.924213184699
-6.92024285159437 -3.73057069792381 2.05035000736311 42.7804508480652 110.636512639922 145.989312962121
-7.42230909849762 -3.52024027660362 3.69304870692679 46.1139058409873 113.695438770318 148.876119222995
-0.71931538845577 5.94633071443247 18.619499368404 69.6722577405074 143.917085924459 182.124435954864
-6.81596089374793 -3.39735403912124 2.73139943819843 44.2884543690469 113.471724696963 149.123817621429
2.32725347833588 9.79840610174602 24.2152462888048 77.3370905201458 152.14097893533 190.899175471631
-7.33844455750271 -4.01679175392912 2.01226096907596 42.9110024558418 109.683051538847 144.205391250899
-4.98363711122267 0.649896239403658 11.2786954478445 59.1573400567885 130.987835191975 168.076873264603
-2.24894469690491 5.06156650548596 18.9789201778021 70.9070604608136 142.81821980541 179.356723930638
-6.80779434541205 -3.15742301810747 3.44454269018363 45.693426910531 115.258825342833 151.17460344016
-7.34820440740733 -3.54575665631858 3.47296801720125 45.6636653703659 113.296274960012 148.532132224473
-5.65921973878629 -0.287637454266821 9.77036628396702 56.8147668587436 128.207446171812 164.941867328858
-2.29713289317566 4.22599981849436 16.7170386484652 66.967506156773 140.019166303331 177.762770578451
-2.47482822136209 3.96065535076271 16.2255164264468 66.3324616932624 139.396010789438 177.211649501972
-6.07650954570842 -0.890515416496991 8.8272515606591 55.2618069512699 126.152259258781 162.7393425501
-5.11592796358579 -0.0649718352649053 9.3423124992467 55.8183418420801 128.108111983233 165.420343609273
-6.82739755945455 -3.41726954969334 2.68430100526153 44.2071360523027 113.354589780287 148.934440987026
-6.86242068908055 -3.39263090988095 2.82174189558446 44.3012125431875 113.248941214872 148.783896208983
-1.94021912407962 5.30541260299431 19.2489670705183 71.060386946419 143.130579552058 180.068623670061
3.08221983329976 11.0718914039338 26.5522491315343 80.7803128278199 155.034865645811 193.27689384812
-6.63131092329279 -2.44859490655608 5.23056831668808 48.8862304604243 119.014898065439 155.235046380886
-6.73318135233143 -3.7036815823458 1.68046297076231 42.1263121093729 110.493328723404 145.778003058886
-6.70382976520906 -2.64194905705692 4.79005362720512 48.0843726189892 118.036201283537 154.165048782666
-6.98502822749735 -4.03291302737691 1.16896792993553 41.2018469236616 108.149166536252 142.32127489695
-7.06396800379336 -3.90659653283492 1.84037845635933 42.448087536385 109.665369031025 144.682313222143
-6.10557231771047 -1.39979484196267 7.22859242267328 52.6107600166056 123.87080434604 160.309458079809
-0.348099663976722 6.15252639445775 18.3819479756055 69.1710344799217 144.257316188621 182.908788758634
-6.88855411832748 -3.99627199955334 1.0847533378008 41.0135304158079 108.146657978918 142.409031431302
-4.64883895602294 0.664921748987922 10.4716097132296 57.725339917214 130.571638485486 167.773600441003
-6.53147943631254 -1.4474439202949 8.12491254788154 54.0861331475612 124.14863910167 160.466942950231
-6.74671254450586 -3.67031005961416 1.79832064595169 42.3739162771653 110.858717258168 146.180784415936
-6.78635481736278 -3.24889095239349 3.1492785618595 44.9431860908749 114.211723598417 150.132180099973
-7.76998871573328 -2.70565074793104 6.67614576050668 51.8807322030692 119.753480654505 154.279312368255
-7.44907361663344 -3.85228897116042 2.75657480343324 44.3497742981249 111.358935368079 146.218945572184
-5.93866476262424 -0.703011253698254 9.12939110127185 55.7421034001836 126.76490856064 163.475706224782
-7.00896411680576 -4.02318943979458 1.28613924951132 41.415634300946 108.372490854836 142.747361568783
-5.7864433351339 -0.938141992978134 7.98002514592364 53.8116507994865 125.459845620421 162.128963841974
-6.6987121871882 -3.77077660220725 1.45520715746682 41.6280697857967 109.692708217259 144.976991013075
-7.54845960241853 -3.36829757058566 4.37785810231561 47.4700652719993 115.100837095937 150.187221543203
-5.57245337742121 -0.644065664530465 8.55125897348822 54.4760014481568 126.121938804285 163.09794788971
-6.50568702912053 -2.08253764104009 6.00516322094111 50.5267760640898 121.18822206609 157.402864454581
3.00830766451993 10.9338224985715 26.2871903394978 80.3831621450914 154.712318812012 193.035857526432
-5.82934109566657 -0.531948338691779 9.38464052852173 56.1878718020963 127.402822946832 164.073062848962
2.76179759573654 10.4017479812649 25.1677695244232 78.6966526091986 153.433122418602 192.199246841996
1.39898678188212 8.35027878394445 21.5567294504911 73.5139688052151 148.958557142586 188.000737137531
-6.72377941845455 -3.56205350588499 2.12679399645963 42.9058370687076 111.562240886782 147.307237958261
-7.31072069358718 -2.92281971073788 5.20949103367581 48.9770905918873 117.428580711635 152.813326442389
-5.74384256229416 -0.4069696799833 9.58150638311877 56.5112608430756 127.822827477351 164.516268800241
-4.90449721655384 0.237886345233276 9.86089184367837 56.5420856443215 128.954471293721 166.369428669938
1.1841663952552 8.06702289146807 21.0829508352287 72.8634138580725 148.386703789457 187.349505152373
-6.77518753574687 -3.61568232759349 2.0023681234333 42.8046428643356 111.469092575431 146.833441550004
-6.18121617544178 -1.54547985540012 6.96685703152321 52.1474316846524 123.277693781884 159.74532815421
-4.55213495779151 1.25200428665711 12.1897372142977 60.5817598318773 132.72650913607 169.857647018793
3.34701580588795 11.5366424901994 27.4209982760985 82.0807649396781 156.093517727927 194.140433593402
-2.16672213613995 4.50808776856797 17.3224605979697 67.9283251398407 140.788055925878 178.451795356841
-6.71936922135625 -3.83955110908152 1.28018151444496 41.3064901636623 109.115990228323 144.151077453765
-6.80716199422084 -3.627942971565 2.08252071749193 42.8197693305451 111.195358205201 146.707755003452
3.5640223054826 12.0626791724598 28.5324733877317 83.8057004103368 157.393691215104 194.937765057441
-4.38407060553914 0.94823595244303 10.8633300451025 58.2121996708628 131.217321039791 168.775159275808
0.542351267505173 7.23662331090663 19.913448778019 71.2339534873237 146.547317143444 185.501872953994
-3.305999924109 2.76841129063444 14.1511228946652 63.4913976689148 136.68027587523 174.150235170767
-6.74164933169843 -3.38201638131864 2.68611752502116 44.0597328672673 113.171585081538 149.102038396563
0.722653579649465 7.50265734162503 20.4053920840755 71.9291474431791 147.11238790546 186.079866440257
-4.41289876358825 1.43326866458269 12.413181496283 60.9482778083527 133.274925164895 170.378562316834
1.44285355421591 8.42278505445568 21.6421255445861 73.6531931667552 149.164685504362 188.121990122596
-6.88600125522344 -1.69008435491124 8.06626461930012 54.0743234577858 123.499629298093 159.250235940717
-4.91592115326315 0.973980632810706 12.1137474519723 60.4955685678093 132.040459663563 168.760235629414
3.5943378922201 12.1472050094579 28.713950321948 84.0958754491483 157.610120564279 195.062798530824
-3.05263780686614 2.85373962486301 14.049619431485 62.8386184737168 136.292638335837 174.27272644086
-1.69244859896248 4.60194118001895 16.4127889182603 66.5576913174699 140.880523963334 179.034990428199
2.99686015945077 10.8270068584496 25.998109597284 79.9264824051639 154.408152416785 192.95848502909
-1.94787324990556 5.26953494968581 19.1627099869676 70.924199997433 143.021284515974 180.017444456031
-0.265359649313737 6.24993874737794 18.5206893803539 69.3547370261846 144.456940347865 183.154592892881
-6.47974121673721 -2.1063517276908 5.96063943321648 50.174124996546 120.588354424543 156.941244938436
-3.97697258934882 1.98129418937219 13.1725306895223 62.083034531331 134.720755034487 171.967626276501
-6.77672953795367 -3.6541071046778 1.96043265317646 42.5751997240376 110.891211467945 146.429791862991
-3.9255200888739 1.50529562437122 11.7109413683826 59.3501767419261 132.590038047223 170.569748391179
-7.42708376806976 -3.97989769628219 2.30947148048132 43.5054615156325 110.29013074527 144.889369866191
-1.83362316699726 4.73119225008078 17.1539078978241 67.7847935752658 141.361388354692 178.964638320737
-4.10034568829513 1.27398380415299 11.3473234289721 58.8313147049053 131.974672097827 169.854064411998
-7.01105718497867 -2.28804224427221 6.50558408163099 51.3236076974983 120.653054440337 156.427256124591
-5.32411492196292 0.374088211780322 11.1746930190619 58.9941286177573 130.214544970869 166.957890001453
-5.00652184267845 0.659440076665108 11.3893949511649 59.3120547695555 130.991863419794 168.074617227816
-5.18387118929683 -0.152469549078178 9.2338204530532 55.6238029066538 127.813386765415 165.110763648099
1.81922444300862 8.94220282958281 22.5333738476124 74.8968656064157 150.237139902978 189.269373901142
-6.73889845499681 -3.06147730996452 3.63706832092871 45.9193150924706 115.49579017133 151.643154912305
-3.79559996515553 1.69485166025229 12.0097021588207 59.8237642419322 133.140983901158 171.147670501515
-5.47501512661014 -0.0557651376008177 10.1947671248843 57.4100366468581 128.779538108438 165.818032771319
-6.72710217601618 -2.93849466426094 3.97747765564348 46.5826447770536 116.305568354659 152.49181387236
-4.85201606130846 0.357803227131625 9.98190933735193 56.9471543658732 129.606191776358 166.800692636325
0.935960604878762 7.74001673722287 20.5935398954608 72.1812303957389 147.676365965531 186.620002783428
1.8497053774166 9.01665749263625 22.6197283248239 75.0590545258212 150.487312210097 189.359353057162
-6.16913107247015 -0.806599519968679 9.33703651838233 56.0704271671838 126.468307237851 162.908664846583
-7.15156884057475 -4.03452415974122 1.56756842499645 41.9964754135682 108.844490004735 143.305599417205
-1.10492790999268 5.66825284814681 18.5220747620358 69.6933758677041 143.490492997271 181.146038204615
-7.98358126140511 -3.42227037805891 4.98462786895292 48.8021120147737 115.854224416208 150.170002323233
-3.38084348605088 2.39368730503557 13.225047403159 61.770724888358 135.220454561796 173.121671743926
-2.92144941095351 3.02059937910649 14.3035201956742 63.2657362305485 136.714246589914 174.888725303872
-6.34135748288466 -1.82311127299965 6.4792936417406 51.3017687506722 122.178119203013 158.608269253159
-7.13607720384067 -3.7967049865215 2.32043435332463 43.3803196437325 110.792606326333 145.996351466754
1.20887657318793 8.10026304977074 21.1340848489213 72.935128388691 148.459008332146 187.422747324904
-4.96197485147097 0.813804245159695 11.756017088719 59.903766719711 131.493765337439 168.420198311347
-7.96820125159115 -3.82834082987555 3.73821623847827 46.4458588792823 113.03068949653 147.127432646218
-4.87205952807625 0.28635325976491 9.94195303976931 56.6618371907906 129.099133090946 166.518660030423
-6.71221870490968 -2.8200993978999 4.29673225624564 47.1770514463454 117.005421042819 153.208027008371
-3.33856567944889 2.34659780537796 13.0973229758627 61.4117476521735 134.866919940227 173.032149057083
-1.95646321293397 5.16785774281304 18.8878355386619 70.458391045388 142.694463930967 179.837725545086
-2.97877734650046 2.9140650676232 14.1063757233566 62.9245781196904 136.400441242639 174.568408890001
-2.5464600857273 3.70107495957832 15.6270453878768 65.3057637679787 138.566479083969 176.6193797683
-5.55267825703777 0.0591936092457963 10.693379885088 58.231487047819 129.24733803157 165.921122923977
2.114637717828 9.4192344763719 23.4781113393543 76.2504364578691 151.259354191671 190.215653715363
-6.76420367904042 -3.25549134383982 3.09813915589678 44.8474237265787 114.122601168659 150.098857452025
-2.08925411502687 5.16451555439968 19.0651990792074 70.9172777504253 142.900173305128 179.753384290226
-2.42207342537456 4.22522297759908 16.8762727418546 67.4417956884887 140.248473042517 177.761418974933
-7.28262125174162 -3.56843476945124 3.27400228521377 45.2579887164548 112.937885172377 148.20717257709
0.251311769707721 6.86995818774388 19.3456953172304 70.4638071307173 145.793223786496 184.630608041788
-6.71318314800576 -3.69560987764665 1.72751424128351 42.1136592479662 110.362714487543 145.915252012847
-6.80176418514954 -2.91691462405398 4.12331928238389 47.0571253817901 116.925997470623 152.852627355325
-2.05368995675089 5.35848942510033 19.5602731826623 71.7151781157091 143.484106508327 180.072163728955
0.772100192554767 7.52207428608237 20.2790659312543 71.7383869136353 147.187660121258 186.144635994794
-6.77774125828259 -3.2539113597734 3.117910670379 44.9997353455328 114.397027814744 150.339211813783
-6.12146828104022 -1.46254873860597 7.18732887162286 52.258099586453 123.20678966317 159.827021807187
-7.47845988259313 -4.07198144460873 2.06911121251584 43.0935683226712 109.677047157754 143.835922519575
-0.639403570852263 5.89058326985112 18.2751619116439 69.0868940515869 143.679563695573 182.2158096042
-4.26595118815123 1.12972506432458 11.2551354339953 58.6439966173086 131.58584933603 169.192215055665
-6.77433722602714 -1.55887926183739 8.24729385247396 54.3581635831703 123.955240943311 159.835289011845
0.237502399304649 6.868615221335 19.4225165167818 70.572149116039 145.755735850604 184.635317956329
-3.0293452602162 2.83347014504277 13.9592024800292 62.7156093498113 136.187297075748 174.370103416736
-2.9759072202836 3.15060250177902 14.6347718146872 64.164717833714 137.585031360829 175.192555242229
-6.73083160060306 -3.48279630704761 2.36145240000486 43.4410879168631 112.38534184392 148.194395157282
-2.24836488439787 4.31268369888462 16.8932547654699 67.2479387836798 140.242079038084 178.010395693045
-3.24496284504256 2.8396654190084 14.2365728751601 63.6137334573085 136.857389237844 174.342324905894
-7.54076000068875 -2.52927708338396 6.80753339950793 52.0273562944547 120.286536379254 155.263471332976
-6.74195627040449 -3.5771827970293 2.08192611479432 42.9210531567498 111.659773243921 147.228149101725
-6.71225293913585 -2.73775456390947 4.53349348621541 47.6104242842043 117.495297128986 153.669989787991
-3.19015660275293 2.60382065286956 13.5800276262446 62.1177478472062 135.581036996713 173.655941842439
3.10655119727242 11.2412885337348 26.8046953861439 81.313395088037 155.625441364098 193.495318474144
-2.69145930950729 3.7926518792921 16.0288127258258 66.2097482249954 139.20508559628 176.642723037437
-2.2065828643128 4.40711203031855 17.101503986676 67.5985665795331 140.503629466211 178.279206074374
-3.25309088407928 2.69075219809851 13.8206469430427 62.7593175727457 136.146827482185 173.854195819014
-3.09448680204621 3.01296289081929 14.4597454851986 63.7766397135739 137.07700587124 174.670486895364
2.3437942209771 9.72981929519567 23.9315024292784 76.8993676041829 151.942919360398 190.889958995758
-2.47356179440716 4.44138287700061 17.5290258432732 68.6245321891448 141.099425931276 178.042953560018
-7.33261145317993 -4.06107049651375 1.83189735309147 42.5796072334039 109.265255460663 143.557463219845
-3.14754738589494 2.68275183708914 13.7288293631424 62.3455942406467 135.809188679252 173.847380435471
-7.29345313634166 -4.0683637363585 1.72485457103975 42.3630014691974 109.055476731992 143.31349766856
-6.73183413811528 -3.56001279329315 2.14619468545272 42.9418488847159 111.593448036908 147.326967638633
-6.91341273981022 -3.97900088580759 1.25471882568868 41.3094008964391 108.449046003535 143.056788654824
-6.19068156475075 -1.57840723217947 6.97732325946763 51.9090618469063 122.762921270141 159.340185008093
-4.37098718385527 0.920429297164185 10.8535611648244 58.0340327485009 130.934317545257 168.682858893482
-5.38200849278675 0.18254056825004 10.7411823121037 58.2792885235826 129.551307234191 166.499815753913
-6.75923008311504 -3.89407145261405 1.1783473384241 41.1325455959061 108.717171970987 143.499228096065
-6.16614593642324 -1.48242070814184 7.09558493598659 52.4030734529462 123.593130677764 159.966787830475
-3.04342655357172 3.09635516811494 14.6146225922642 64.0104793802576 137.295612964232 174.898645735025
3.31957972707701 11.5009801166177 27.292315282305 81.9439992184299 156.063864248858 194.100722933251
-6.82756807562524 -3.31458482717702 3.00692194437891 44.6630980744124 113.787245064474 149.511316546189
-6.46937853328312 -2.06106086407954 6.06852032617709 50.3619461065625 120.799919722164 157.122579612414
-6.77216691855344 -3.07665041328161 3.6367211552013 46.0170175347895 115.657271725605 151.717699405386
2.91481194101566 10.6758439531179 25.6414319840256 79.4276400594012 154.095148838644 192.705913706847
-6.80162436932579 -3.09157986962517 3.63150289004438 46.0600871875093 115.715774863307 151.68848151237
-6.72369824171631 -3.8135723728805 1.34667025546951 41.4530411051431 109.392870036804 144.429351557621
2.22818504508608 9.84499600271438 24.5175198172317 77.8773648563892 152.409642080565 190.710938834743
-0.775355455739498 5.70643671983404 17.9807859933783 68.6744277880752 143.268472306305 181.796181313104
-3.38332272398323 2.28839607591692 12.9950745985686 61.2865631661533 134.739027797891 172.879069696174
3.58724548674583 12.1364938577686 28.6804731886427 84.0596389115492 157.59598842576 195.055347556177
-6.78899979686992 -2.85962098964934 4.26841939895094 47.3354624565152 117.266883002242 153.220320922966
2.68804092522906 10.3987707045517 25.3148944095504 78.9506646008952 153.50212465522 192.028609271329
-6.95493746788908 -2.17885215852272 6.72498436459568 51.7086349863683 121.14882216263 156.989917721655
-6.73066371712916 -2.61573453461581 4.87131513684567 48.4860289269448 118.671003208318 154.702039265445
-5.29425109983316 -0.257139798882741 9.15432955312052 55.4297475389602 127.397390983094 164.528826701786
-2.37939149170356 3.82598837671588 15.4646586658005 65.2918973865685 139.13728924976 177.008813713897
-6.77385439663617 -3.88747353434903 1.19418079447465 41.1889132528262 108.83490649087 143.50680747717
-7.54002350512028 -3.95376433779008 2.59805261620965 44.0999427953922 110.851143517825 145.387279248756
-2.60937388713482 3.64179432587751 15.4120068901658 65.2786397804306 138.760329768584 176.449638279038
-6.71378764704202 -3.75825742167554 1.49682064516013 41.7415206514857 109.893360229222 145.110126665367
-2.01404323390274 4.50020450040706 16.8161522667414 67.3137900814663 140.835568548326 178.418944141972
3.36899737435226 11.797307730154 27.9848345850907 83.0919247937486 156.918495073079 194.410289570056
-2.81759583847361 3.36561356927891 15.0522699644352 64.5828467928399 137.86787538523 175.714898018903
-6.74449614673535 -2.68379047569892 4.70452148245669 48.1629308547929 118.278830284905 154.317100136569
2.98678258983033 10.9659880363454 26.2290488519825 80.4245251044397 154.953875590687 193.054970798103
-6.71248099372364 -3.83218918221822 1.29881704589747 41.3321256240438 109.160118261251 144.260755265176
-6.81914882544947 -3.46481233652504 2.55140617425736 43.7532856697595 112.579585361083 148.19591732271
-3.33481483814689 2.50910965386004 13.4599628528968 62.166282294431 135.58929356017 173.400477020331
-7.76622569893327 -4.01183477018961 2.79716251416229 44.5888689508431 111.0820324763 145.142175616641
-3.82351525736104 1.67674179124973 11.9871548873187 59.8277992506522 133.143843765806 171.080974868911
-7.42425889239933 -4.07972464839904 1.93671278081685 42.8220984176497 109.422624711245 143.573164894919
-7.59827336237913 -4.07206317888115 2.28801135533468 43.5604824630035 110.071625190514 144.12382417496
-7.75456042822402 -4.02668452410291 2.72380221204369 44.4474113485276 110.926975950685 144.949506686392
-7.95048377615221 -3.98903888610197 3.18340774188911 45.4013018419143 111.792827767403 145.609322423065
-8.11690880125498 -3.91489879486326 3.69935989536192 46.4475495363164 112.803607062087 146.456133576197
-8.23962906282281 -3.81064906426413 4.22736109106305 47.4969650765594 113.869246027211 147.407037858809
-8.26275464745449 -3.65365421917471 4.7434878009669 48.477850051767 115.002721303486 148.606951249414
-8.25194668213323 -3.48055800200659 5.23859972092719 49.4027887499182 116.114861790495 149.789759962951
-8.20679558832881 -3.26198831826552 5.80091759643193 50.4380079186008 117.406474956089 151.17772776259
-7.96968872057905 -2.93940872329369 6.33731939116366 51.3370742137652 118.822747968961 153.011888372918
-7.65620922659447 -2.55236308321191 6.9203520018069 52.284723054516 120.385374422803 155.066788203308
-7.29524811428998 -2.08014416693533 7.64063002071353 53.4601234127284 122.231416218459 157.337698824267
-6.8570007049799 -1.54591575770175 8.40039757368223 54.6631926763755 124.140275560569 159.72624312183
-6.38497971730111 -0.954725936023479 9.26076859487291 56.0164855293153 126.138756950988 162.153595632361
-5.87716022976591 -0.317639542671535 10.186487189415 57.458345353274 128.148245805067 164.548112200469
-5.36611232211265 0.344851951322812 11.1610972468344 58.9838030439869 130.157959392291 166.825862067558
-4.87478280996311 1.03536788958171 12.2095960620357 60.6475907807006 132.221348566282 168.930931679693
-4.35579824488453 1.78217758310405 13.3400711930095 62.4231567266301 134.359298355023 170.97624172836
-3.78409500277599 2.5861422983924 14.5435168501013 64.2746147077268 136.562938790597 173.097375203499
-2.99057461297331 3.50399174313365 15.7215489089647 65.9094735081958 138.695283091277 175.550282604296
-2.15012750913084 4.47466609421712 16.979089953305 67.633665509129 140.899708274911 178.098901878349
-1.22495382859351 5.5321362429533 18.3476464025418 69.4625549956326 143.199084117077 180.800078530692
-0.285826670992984 6.6579935169139 19.875346851639 71.5232015149478 145.637224045308 183.499984918459
0.634991580082977 7.80914083222793 21.5092484534582 73.7518166970574 148.122603429976 186.138001958938
1.5183557013866 8.94482959992241 23.1838212788622 76.0533415191819 150.54945831559 188.674184201346
2.28722787223516 9.94906497854046 24.7082020376313 78.1600988592174 152.653672401454 190.896457067589
2.88711235664021 10.8546848992565 26.2481006148661 80.3777744951289 154.64080947835 192.711822526673
3.25652928025815 11.4927868026248 27.4238501821652 82.1222326906306 156.089028488325 193.892345684742
3.46454122082502 11.8979106021004 28.2217098420398 83.3326496745124 157.03310675711 194.597541522791
3.57008915659042 12.0927246542282 28.6053561181775 83.9196107371908 157.475643521468 194.964433239533
3.60569507239116 12.1844627047002 28.7939310032072 84.2280515656664 157.709624813797 195.116983641896
3.5473254952115 12.1314304670349 28.6981597630712 84.1276634640925 157.647655429908 194.97653718606
3.44698247673311 11.9899057563952 28.4143123622128 83.7444592944097 157.381447035069 194.691025336408
3.33895809167552 11.7580502290933 27.9103798712974 82.9921858723016 156.847597232667 194.323097152457
3.18016416847547 11.4183068592249 27.1844797385924 81.8988417024149 156.057856727055 193.768598972216
2.99268851370573 10.9907003005574 26.2824562095793 80.5133758660291 155.025157563285 193.08466522336
2.614321732065 10.2763180343731 24.8886448876436 78.4102139210619 153.361502831197 191.799926513585
2.06363112018135 9.35275725027428 23.1995502362048 75.908867100042 151.254110521353 190.026008113418
1.36683671461335 8.30909268587734 21.4467745883458 73.3716589511839 148.91429714585 187.886987572869
0.52392676491601 7.20483811256166 19.799076205524 71.0805423496373 146.522754970945 185.41117754201
-0.384716453900745 6.10993732357174 18.3184113524696 69.087720427402 144.174749747466 182.797733070834
-1.31058872021718 5.04122377828091 16.9541813030274 67.2798157099742 141.859078171037 180.131497647928
-2.20391448434753 4.02185150903105 15.6835240298897 65.5894297577642 139.600824541057 177.524100665255
-3.02935310134515 3.08912862531675 14.5386772908812 64.040493409087 137.466345065747 175.02006433772
-3.78399695419001 2.22500830311311 13.4477919243721 62.5192051817747 135.413139012772 172.584853689163
-4.43731595992478 1.43698646363561 12.3983923662059 60.9835230640134 133.399375850657 170.290142328952
-4.99426825155858 0.701442889518603 11.3274566008328 59.3379179982169 131.340963877837 168.075797253696
-5.46677680045947 0.0169610156407191 10.2566652583477 57.6269463345108 129.239033548358 165.922348099277
-5.88980314715076 -0.610528888022851 9.26025829123517 55.9956542155599 127.166857715097 163.779030807203
-6.31283503060208 -1.19941398212477 8.33979840802671 54.4846678353111 125.12171699658 161.443675782022
-6.69612634997721 -1.7515381371619 7.4459550467244 52.9841664110993 123.026327809176 159.012905497696
-7.0005245179299 -2.25965780561558 6.53891378155207 51.3977273744243 120.812794264532 156.511020342526
-7.21553959725577 -2.73327281543109 5.55789332003437 49.6167567366024 118.407624503541 153.8425663747
-7.27842949052652 -3.23370122549565 4.22024962427251 47.0756836537727 115.242107039421 150.548524348049
-7.11928443009453 -3.56528257652539 2.92504240230387 44.5316930071147 112.466250221898 147.771765813926
-6.93679184850561 -3.63480220620214 2.32053156390282 43.3143881281774 111.471405059541 146.823213880794
-6.87235944515499 -3.55514875368227 2.3790767471193 43.4245422593683 111.979189202851 147.386349569755
-6.86362560971446 -3.42379859165384 2.73232263806056 44.124696868855 113.013975748035 148.525558091902
-6.87447342077224 -3.24382841878591 3.27431351554577 45.1983673820764 114.389719338487 149.962099091254
-6.88111981384527 -3.02002383157005 3.93867469344554 46.4972634107228 115.978889669869 151.58079448621
-6.79751742412834 -2.73064280687974 4.65542228667877 47.8444516708954 117.642361848531 153.437312693879
-6.65401247378922 -2.37395059407217 5.4604430760289 49.3039042564683 119.441159465974 155.462573382823
-6.42239048088972 -1.94171268245347 6.32457422720074 50.8070700343941 121.330729695423 157.643177426281
-6.11748213075894 -1.44231528152235 7.23633652108103 52.3422993330074 123.300146528955 159.902363978591
-5.74731165865682 -0.886867038775399 8.1713370177699 53.8714495719751 125.309781366291 162.175736103791
-5.31724372189537 -0.283068259475101 9.12128151042739 55.3809073125174 127.325989125686 164.436608407036
-4.84530406344488 0.369126813763435 10.1232629427193 56.9393359145933 129.383872338602 166.69356095515
-4.32014236215055 1.06604933390446 11.1679266494783 58.5161538705593 131.412248423209 168.969194317105
-3.78716248129779 1.80801439350331 12.3335864403874 60.2674992017878 133.49672420728 171.217939081296
-3.26847901754927 2.56953827628371 13.5954367789888 62.1681609099282 135.582423432502 173.398003343121
-2.80915394562511 3.30993577311212 14.929717099075 64.201973662676 137.572697121995 175.392984760242
-2.41918155492675 4.00393156608699 16.27061694302 66.2724948658348 139.437358152107 177.178893361962
-2.15481690008972 4.58370807339908 17.5059901907493 68.2209340024413 141.034389702208 178.545301870908
-1.99570183677798 5.02956606300865 18.5377802537677 69.8756159201981 142.299024625956 179.510207551216
-1.93754326471881 5.27077883356681 19.1449153321082 70.8764295410823 143.012507801453 180.004505381287
-1.95485563272162 5.37102942667456 19.4524130595124 71.4219265795749 143.371278872736 180.15721576235
-2.00288899001015 5.41537148285848 19.6443208829592 71.7990943666466 143.592842382548 180.187280981747
-2.05830634639992 5.3670140117626 19.5894953593763 71.7676124243843 143.519403692865 180.076091934202
-2.13981110846344 5.2571733970467 19.3889419499769 71.5048502353591 143.287563534189 179.810784696876
-2.24290902700576 5.07927017297951 19.0208670832309 70.9729989963082 142.867368171639 179.392874894073
-2.36632256134537 4.7936604238232 18.3759744208193 69.9788213826713 142.113054469817 178.757178019881
-2.47173562896858 4.48099076271056 17.635649954026 68.805293023666 141.232881222833 178.10604344763
-2.63836389742875 4.0149613968325 16.5640873930756 67.0969979364285 139.90176558307 177.090134035568
-2.88281355048623 3.42551726799039 15.2811590463364 65.0609528314956 138.225156459575 175.721189777482
-3.23959216187783 2.75025748720726 13.9532918982933 62.9928092133645 136.357589267193 173.979182004605
-3.70644243450552 2.02321917516774 12.6766460382711 61.0579552066733 134.393131205279 171.908850465976
-4.22472217573725 1.2729285292737 11.4350257625034 59.1991715115336 132.350906899611 169.674684305925
-4.72293200185485 0.567958215278757 10.3244720012051 57.5093110133374 130.302130481551 167.455860153607
-5.21906727433455 -0.104082246157774 9.30097697472174 55.9446732931487 128.269403707989 165.14875023184
-5.68798557029082 -0.741253042625171 8.32565106057473 54.4298097961101 126.248463407437 162.82163439785
-6.08301710150386 -1.3260426591444 7.37822170711063 52.8968840305406 124.223552365346 160.58771515652
-6.40369748269976 -1.85152629062759 6.45930818606517 51.3520224292382 122.22280072409 158.402321380118
-6.61860279979276 -2.29499331502402 5.58265833317769 49.7984647812384 120.276042929974 156.343772702944
-6.756531402476 -2.67659812055419 4.73791956383276 48.2459287036092 118.374741461533 154.363860068356
-6.82597352980219 -2.97533274683338 3.9882854919864 46.8125316955974 116.621025696089 152.476002361253
-6.85934018585027 -3.22380202579719 3.3097933070055 45.4843343631746 114.971608182323 150.654698486583
-6.8405580960666 -3.41179139720439 2.71696498916794 44.2849239840601 113.443526597888 148.980228025677
-6.81815543040272 -3.56818746451542 2.20329553615413 43.244100677744 112.046903106796 147.36639114867
-6.78920654570977 -3.6952180140156 1.76972740993956 42.3577330411377 110.792266975342 145.895913980457
-6.77442894627971 -3.79634420243847 1.44308485260764 41.696312853021 109.760119046771 144.627683230641
-6.77561753273169 -3.87049455370001 1.23547438465079 41.2786715457138 109.016080955159 143.695394125698
-6.8068741252773 -3.92804670790932 1.12974964517256 41.0761782683144 108.536599184902 143.036547318355
-6.87039703393709 -3.9839279785183 1.08072546408864 41.0029767367609 108.198724303628 142.479294818611
-6.95193740013421 -4.02467501298726 1.11208182724988 41.0907051563919 108.091012523308 142.215078266716
-7.04594872327194 -4.05929786194472 1.18197317023817 41.2585885785001 108.102873140624 142.089008779785
-7.14460624780121 -4.08568873099217 1.29334493872729 41.5073003672101 108.238095674658 142.147383073887
-7.2294870530161 -4.09159234254403 1.46749043927375 41.8650574881335 108.542397578766 142.525147403813
-7.30760071534928 -4.08473931781822 1.67859109386357 42.2886775210403 108.940252262252 143.05996087733
