9.47841672492008 13.053311535858 23.9381151596054 54.9499380417065 124.137280785886 210.987607448759
9.13876340602528 12.4923746595718 23.4214599886189 54.436276157598 122.845582166624 210.052540914041
4.61085778614658 6.92667930369418 15.7194632855932 43.6430588090474 109.822675714542 196.056012468991
3.37727537905136 5.32318055620464 13.2707113010589 40.0340129602777 105.419710847412 191.249152761918
8.02652151048165 11.2507825712798 21.5874469025899 51.8973607284492 120.140502029131 206.917884177175
11.6265068400535 15.686763956407 27.1579937126922 59.3683443924642 129.585287870949 216.612415246166
1.01644198102559 1.48753069189823 6.26608566120658 28.4200299500556 90.8256378473675 175.045307476698
4.84961225826879 7.27974517145291 16.1261813335039 44.118320137819 110.78997709415 196.836815162416
3.71913792685974 5.75146181452035 13.9639950679982 41.0612136842195 106.612893126534 192.596550222873
1.16922858121974 1.02985259893456 4.59802074338482 24.7571983912246 86.033774805961 169.587199681927
11.3347560424107 15.2408378188713 26.7669811034414 58.8776943413923 128.621701829509 215.866181773268
1.61466840041587 1.0322199152197 3.87550639141659 22.6827974724977 83.3719822641299 166.385802219217
2.46567906265176 4.06060817050243 11.2131697094831 36.8500742190382 101.528091938012 186.948525180532
9.04558109348029 12.3178822353045 23.2932112450798 54.4020712099223 122.375995050528 209.832626801077
1.92566129694155 1.08590453711023 3.55517467612176 21.6766080117861 82.1131222866122 164.789265909628
4.18424016452661 6.37544017447166 14.8937844254255 42.4277079574945 108.353429212026 194.450141021408
0.997916338874105 1.30865639216328 5.73248287230096 27.2652593673528 89.6273814827905 173.47418540848
8.98387550576264 12.2047465895696 23.1976702352832 54.2390568528858 122.10150585898 209.609774580955
1.11642231092195 1.04691261543702 4.75530954638422 25.0886542208512 86.6601069542976 170.174643446701
1.71651624181236 1.04684204204301 3.7495725680527 22.31594912488 82.9095830914524 165.809125339195
5.6573292809059 8.36545704846188 17.5835709415774 46.0961426244618 113.587502767812 199.59239969815
4.83209360270305 7.18388938096489 16.1124417384493 44.2283171539052 110.469077980306 196.802046426665
1.8527949325021 3.14071400553037 9.64042920539734 34.1603125857685 98.5762226539949 183.416999727669
6.93500406991547 9.86936088120857 19.8045332409347 49.5073492338188 116.968001549448 203.719241933556
4.46832031215873 6.72604852512679 15.4176748661865 43.1984868734517 109.277355543605 195.462955810492
4.58557853598986 7.04132127673308 15.6303561274062 43.2501971010348 110.368605052354 195.947734393829
10.7289516053177 14.2173063491184 25.9718051151936 58.0339432409975 126.333339090461 214.331470000886
8.29980802061679 11.5429874260138 22.0529255043713 52.556696746948 120.758896279546 207.704496910669
1.27095105145474 2.11212123599154 7.73877771097111 30.7721136385447 94.5204722717171 178.767074399864
2.13404842062354 3.63536152002254 10.4539079784835 35.2667969444574 100.586800915297 185.22527720908
4.17083216409747 6.39068775792907 14.849737159664 42.2616534538346 108.470867496802 194.359203630145
2.39692652787394 4.02329118135232 11.0977395271797 36.2942267630859 101.868940550623 186.63544306912
1.25125813311452 2.06082733088993 7.61496659028656 30.6516620950057 94.1352476135383 178.487566059454
3.06004522481383 4.92131956568301 12.5505843145957 38.6930401495751 104.354533680588 189.686100868144
1.05154465253473 1.13747371604446 5.12925959319701 25.9584585502645 87.9140986823048 171.514314225154
1.81917719216859 3.12483879127088 9.60358966391977 33.9287761626798 98.7092504978059 183.293545407157
1.49101583371434 0.998773571337196 3.99848643694825 23.0700180149485 83.9793423002135 167.036992008758
3.21140440975938 5.13141380837336 12.8978458169236 39.2305057077856 105.019396559654 190.417292412009
5.62552704733217 8.37343579031245 17.4963975551257 45.9761592473349 113.562133027451 199.473983267005
1.1940986658658 1.00501567893658 4.50728461995342 24.5055297713641 86.0891106333592 169.333169713876
2.06276602178828 1.09901849302303 3.41282408791628 21.2558728805526 81.6848487035686 164.135593823567
1.00966728509279 1.39508721060452 5.96655965787105 27.7258821756278 90.2743451877927 174.167665602692
2.18316512221123 3.70690115795175 10.5582705176499 35.4585903557878 100.767736592256 185.460306806421
1.46538806680379 2.52980609031023 8.49646951825443 32.1319317834141 96.4381213576842 180.75547571692
1.03427767873657 1.49834570970955 6.42547103787623 28.2974068218652 91.5166245478874 175.263780198783
2.46095313449207 4.04707675874671 11.2081209391949 36.7088994529577 101.594639646517 186.865473889385
2.25534319328101 3.7848417168081 10.7318461576193 35.7844827397464 100.895954869618 185.799574730541
1.4904073869928 2.56862856855918 8.56738365052233 32.2564399239052 96.5700543635804 180.918866927205
2.77757688219394 4.5116163791771 11.9614857107635 38.0319470859637 102.993026621634 188.561315279282
1.79663945638642 1.00182042454173 3.57024482534763 21.8853589252615 82.6297967235538 165.202005363789
1.27577006224398 0.990338780810068 4.33426338555161 24.061206386167 85.3536824534681 168.600553421221
1.01896221153941 1.48975312941129 6.22204137114726 28.2114355501475 91.0370490429569 174.932999098665
5.02283654990732 7.6138624732439 16.4447745066962 44.4343487435398 111.843076717702 197.519896529338
8.68977587646669 12.0382292132516 22.7090643966546 53.3209540313652 121.94284432671 208.810839806789
1.42114882993244 2.40981472006512 8.29231117586964 32.0121987986349 95.5792657479749 180.284024056047
1.13772788006748 1.8050911103234 6.99854878513406 29.732865986239 92.5950703988602 176.981606651509
10.2661252514911 14.0870800278744 25.1208949505079 56.5599273153428 126.350702641147 213.129609576743
1.0076984054511 1.31273664696844 5.75476979405074 27.3691432243757 89.5618739294715 173.533102006145
1.53849770166327 2.6032814507444 8.67500259029184 32.6694776153231 96.3918820903694 181.188366780747
4.6177850242721 7.14117187389745 15.6804998154121 43.2467791256802 110.651835492071 196.055383990334
2.46412096731083 4.06000239892215 11.2150555488791 36.8610122047481 101.528895952391 186.95902639257
1.79034137885877 1.0276661752694 3.61916883403137 21.976375996374 82.6470331548283 165.32276151815
1.12040448456714 1.04552300538604 4.72852772560697 25.0968485370053 86.4799806570781 170.104022465302
1.00106837685741 1.32014622478521 5.76061194206451 27.3159009696036 89.7049433548625 173.551976244361
8.44658148072892 11.6231801770991 22.3145806124076 52.9788741078913 120.906678034383 208.111741184525
1.07279958855491 1.01891624999586 4.89768724181151 25.3089458064796 87.3885381088484 170.688193152672
11.884022621832 15.758997299455 27.634018209717 60.156610069501 129.604696771803 217.271442241892
1.51022340379242 0.986201965828663 3.95096774603375 22.9606595116758 83.9604798135518 166.899022935274
3.36000615474942 5.35025031836642 13.2039315240834 39.6918999187684 105.663616792633 191.065707817322
7.28352457041143 10.4358092418366 20.3125029917459 50.0746334166612 118.379811950958 204.71988615497
1.00131080883204 1.19733188963438 5.57350337235159 26.7019388721445 89.2320791170943 172.811798062013
1.00262575691692 1.26570175712979 5.59668705310978 26.976652710081 89.234949794002 173.039840497608
2.23895284116548 3.80381642050256 10.6970172242942 35.676252885407 101.134466822744 185.793659242401
7.29264308903269 10.3032581027892 20.3965873806802 50.3467998222936 117.952962624836 204.789913698598
5.8017593340216 8.56441202674346 17.8089239692635 46.4677993144067 113.985207097652 200.046461001831
1.9494147625179 3.34810582348182 9.97678130021461 34.514183844893 99.5642666746028 184.156536587484
2.66740394469037 4.37258220602657 11.6657817428711 37.3507108661183 102.685421367972 187.851301190098
1.08785174960824 0.996812231656653 4.81074283410125 25.1140685367623 87.1510783016921 170.398005924202
1.01703999984152 1.50231544881829 6.31955698563167 28.5442809788213 90.7581361326038 175.150538504346
9.4660182719954 12.7779553119616 24.0022844633396 55.3574593721353 123.348043879242 211.002800997484
14.1141825794108 18.2927454812759 30.9426626442803 64.6263566720834 134.579639111147 222.738637072089
1.47296284806151 2.49754621475307 8.45775617359413 32.2863198995401 95.9279135686815 180.671423813877
1.37641569344353 0.952799924333883 4.09008813021926 23.4043151117016 84.6173390671653 167.636692621153
1.33155559914947 2.24813908032878 7.97641209172387 31.4711671672216 94.8978420758393 179.519040710589
2.19319941331272 1.13604420732381 3.32425147686521 20.9306355255152 81.2253981331281 163.589933341983
1.38841269609431 1.0049400899749 4.17081194626579 23.5541807251755 84.5485191677792 167.771826427598
1.46353993707538 2.51691237457528 8.49369462334688 32.027761709465 96.4144669521797 180.667772160028
6.5066789472886 9.44394169168553 19.09461281314 48.2198889685784 116.252179333749 202.406593485046
2.26480834833254 1.15071918859767 3.27294519470786 20.7576891781402 81.0428416749965 163.31340700779
2.40348007911925 4.04057310577035 11.1270863745156 36.3346635283083 101.972475294349 186.714048004983
2.06657668337548 3.47834242031678 10.2284102513521 35.0582846158825 99.7897088794797 184.707333624354
1.32607443640339 0.945843839917635 4.16791762183363 23.6139098369785 84.9431495043799 167.983815418569
1.02027944962268 1.50326165517697 6.30605602829606 28.4751994826976 90.9899492266254 175.162129190911
1.83331680069267 3.07473866531241 9.64661035508912 34.298571154284 98.0923775768309 183.364386037592
1.11729920312829 1.0577725999001 4.78863300100931 25.1558386152778 86.8057665060929 170.291918762041
2.11902958743798 3.60242148640603 10.4035575697728 35.2159306793406 100.391661031317 185.101651881033
1.96945471341447 1.08502673109249 3.49371154854709 21.4987486987599 81.9089716448178 164.514828076088
1.73457252262908 2.97422729635863 9.30257483061065 33.3946249783818 98.1083284760202 182.564777176976
1.47492189294061 1.00076747758577 4.02362402539592 23.1776216966534 84.146444071581 167.205201350881
1.04583325357939 1.5597068212973 6.39425567924733 28.5704787192397 91.3723364525136 175.401491448252
2.98051473344756 4.78693530149929 12.4138064378678 38.7340707490286 103.815768392228 189.494864047879
1.20375286662436 1.99109857747644 7.50370754891883 30.2953810477321 94.1231096624219 178.176289376339
13.8324426920317 17.9807957682774 30.5244472615422 64.065608291912 133.977046500519 222.060879619901
2.0840813101682 3.56905796018906 10.3187587550106 35.0645403148653 100.366301419655 184.953932441024
11.9975172642417 15.9725868099592 27.7694288444773 60.2841178629405 130.071263057925 217.546433475101
8.42859381396485 11.8005981204303 22.2756979536041 52.6446860312519 121.505862002067 208.093570490167
1.06245298054537 1.12913609348218 5.09349111134293 25.9573191008033 87.6879123662454 171.413317479135
1.10340627624575 1.77219587825675 6.90696220621333 29.4731350751707 92.8108702096126 176.827842046919
2.14962181346127 3.67071030597049 10.4798650600522 35.3246475694533 100.708751825976 185.316811101099
3.36812987861434 5.316310995258 13.2145515137277 39.8789575206491 105.423562672996 191.111608340238
7.78792470662479 11.0680111866204 21.2181290043546 51.1690709543472 119.979313845196 206.285617151944
1.25159114429913 0.939082439310766 4.29750543433085 23.9503221162766 85.4661774047893 168.538882805386
1.44727375610069 2.47815281052806 8.42765302578617 31.9241873977729 96.2041593943712 180.491566098894
3.85894256389784 6.01551621899713 14.2312593558195 41.2688610492094 107.525150546851 193.14930468659
14.8088640650645 19.0615479358431 31.968221625833 65.9634375865593 136.051061296857 224.369590066556
7.63591538221396 10.7182746268974 20.9476366598338 51.1137140771072 118.886639374291 205.77693899698
1.69205060462443 1.0216620765089 3.7385066952945 22.3269975193957 83.0469473515177 165.86839425699
1.04135858315109 1.1251410086005 5.10596486749411 26.0256644163208 87.6346116352888 171.46980224693
16.3180285125653 20.6150229465377 34.2649924611425 68.952650074927 138.93416091473 227.884108046434
2.86637736149938 4.67027439316484 12.1582339090887 37.985990378157 103.762619998711 188.856870816011
7.65481038214903 10.8208575211517 21.0309226668217 50.9496359950986 119.335323155053 205.861528425596
4.34303196100985 6.71211781254163 15.1758470118246 42.5909726608038 109.492878945153 195.049729381791
1.02617071351913 1.22295704866715 5.47965923397954 26.7055181680929 88.8705804485586 172.623689141556
8.43494455222769 11.719903789987 22.299984449422 52.7704964214745 121.247583009802 208.089554342886
3.73669134889251 5.87854213916824 13.9923058556317 40.8667419092625 107.209715969302 192.685604251171
8.10419595102458 11.463277999012 21.7282921510232 51.8732098061586 120.842306517865 207.197450738888
2.37151165008663 3.91248748718856 11.0315783101392 36.5073110787041 101.140299721497 186.514134394098
4.90148788906439 7.23967677368807 16.2747201279177 44.5017695624293 110.56457766866 197.079440986486
16.4625245727172 20.7598708515281 34.4909285994636 69.2286705588379 139.19553952125 228.210512555625
5.64121193759441 8.24873911814286 17.5849659315465 46.3324785679966 113.151530056182 199.606246792769
5.44466091357873 8.13082372189644 17.2205290914389 45.5561543069662 113.094626545028 198.953493662521
13.0705434389284 17.1713802130492 29.3720855088353 62.4828406813587 132.424337983104 220.200800325481
9.26788842904842 12.5686730947477 23.6671697650459 54.8947496212613 122.915084804781 210.452304697571
6.65672536360476 9.62049576019798 19.3525256285844 48.590251345881 116.647963759975 202.867932317191
1.76793996529073 2.99142670121701 9.367134345621 33.8245210083809 97.8162753729003 182.805321895784
4.12482381513214 6.39301042258678 14.7676261474675 42.029312787522 108.600781858992 194.225653420443
1.08699875744491 1.08725891831277 4.91068240806979 25.5563856751508 87.0579379801917 170.776184343993
3.77162095788071 5.87685277075562 14.0600736516782 41.0137842724711 107.110776649423 192.770850405661
1.33042824975204 0.988875045466556 4.24031660673041 23.7610335894963 85.0094155319267 168.156448630461
7.702630797358 10.7082907964706 21.0944873296161 51.3158138245097 118.831542450585 205.944397726625
3.47035920205784 5.47970742749135 13.4446155003603 40.0505299527733 106.019722297363 191.520249022511
1.31145730130723 2.24520349882217 7.92553603194859 31.1951603553421 95.2256476490909 179.404748361903
4.28655585330096 6.47524453288086 15.0946817909902 42.7625201088444 108.579616838939 194.822412815425
3.79043342635165 5.89023816354768 14.0802001856384 41.1113925954472 107.099392774992 192.838164564515
2.79472486696042 4.54788327704094 11.9613974173734 37.8741412161653 103.196122072462 188.504012092556
9.20130874992202 12.7261460526492 23.5018146924738 54.3434367769846 123.455853382002 210.231865991526
1.05622448790723 1.56344303639787 6.45411148104842 28.6186260095756 91.3913760039821 175.471771267977
3.74336004571253 5.84786127085296 14.0123176179516 40.8954307828487 107.064125094004 192.660123670483
2.91238469289078 4.71997635019617 12.2309433180946 38.1835139142591 103.766510020909 189.015716183499
1.1034038757991 1.68858058334179 6.7532429906124 29.1481184813946 92.1005363439842 176.255811639603
2.3258605204473 3.91622513918499 10.9226352756979 36.0208742397366 101.493816774361 186.247257372432
7.55733970785147 10.7726799243339 20.8463857558136 50.6559802652165 119.317208144784 205.608114787175
8.64482302135343 12.1432756640067 22.5912925141702 53.0590891916343 122.310067058179 208.735249520921
3.04811095691675 4.86693634817428 12.5573779530083 38.8855515344081 104.098007971824 189.739774783598
1.75489442530268 1.0231976743485 3.65834224778907 22.0689640960041 82.6999330698862 165.459097773667
9.09086892139666 12.2983985684334 23.395255213861 54.536663906293 122.273893373196 209.930454973742
1.16526136709256 1.8806293784783 7.16503336093228 30.0432344937654 93.0517304571827 177.448523450026
3.81371193910825 5.98201060204456 14.1933276980398 41.0583259866143 107.560652297149 193.015559957325
5.06891709443881 7.58441654934812 16.5273749943852 44.6620658984386 111.57815514816 197.606768294153
1.38605605045094 2.35200693767211 8.19946882221381 31.5495759266094 95.626204918041 179.920907076563
1.15423971704531 1.03625259512732 4.65551582313788 24.8508349753192 86.2807465233267 169.783115387609
7.81575292378446 11.1029384708189 21.263053675629 51.2311613372539 120.056219653069 206.366353555628
4.37790366524071 6.61330763365686 15.2418255517128 42.9328760583185 108.98280411154 195.121895400486
1.01963469558423 1.27190332019245 5.58219138824675 26.9407774963738 89.1626674398041 172.965129658751
3.45265097316313 5.4275980067614 13.3968452472257 40.1688447130644 105.739610847006 191.485837887171
1.17175071677203 1.87781957216213 7.18318616831987 29.9699862916739 93.1103905580347 177.424027623878
4.56261561816855 6.91238978010331 15.5931974269286 43.3183510315307 109.859398121936 195.801779322011
9.05919719376234 12.3382551940684 23.3135170848498 54.4201650941009 122.425321813402 209.867362657858
5.29773578124579 7.84965051891431 16.9487449658366 45.3485283666596 112.213845190235 198.422934531058
5.90998863166109 8.6573067557876 18.0098666412478 46.8349200680305 114.174019344831 200.423794991134
3.97081535591851 6.07461542765351 14.4713728536683 41.8286757984045 107.500497825509 193.601815815282
10.8324177724683 14.574513751578 26.0285703428037 57.9191625343467 127.22325170466 214.56199065345
1.02085045208738 1.44096066956485 6.12510360878082 28.0749792800026 90.5444722664383 174.604020041461
8.00015085792674 11.2114491067061 21.5381208517578 51.8375985754113 120.044950848519 206.828700359827
5.84037933257455 8.65612121158678 17.8658071504291 46.5169337157107 114.248921626663 200.187686255337
1.00699648391916 1.21956851031234 5.4516273455526 26.6741092928802 88.8127648098905 172.580632598578
7.00334448027929 10.0611226150644 19.9408614064823 49.4033988700089 117.688822156598 203.946520142847
1.1919404013645 1.03660879853066 4.57663804291883 24.7162549318837 86.0166084993133 169.524424304431
0.994633697944246 1.29138268316165 5.8943222798316 27.2916105367256 90.1683973535999 173.762538486819
8.8097942022738 12.0933319021204 22.9256284314258 53.7781486331971 121.925562827202 209.172107543793
7.52393305968555 10.7066520614505 20.8034972346144 50.6029966249424 119.142101885461 205.499965277737
1.01857565476244 1.19067161607288 5.47751078249728 26.5590120181654 88.9307669474411 172.535727572255
2.32976292577079 3.86245113202913 10.8824344855336 36.3262479861119 100.875650313027 186.231702148481
1.59748047309923 0.96645709699737 3.77572203484483 22.5370247411232 83.5409854701142 166.264041668412
7.45963871483653 10.5096359233614 20.6877323624294 50.5928305595351 118.510936877043 205.231481487449
4.29616435440148 6.51542372031543 15.1200314826726 42.7713157980544 108.720253005504 194.887988863559
2.45136352602219 4.0300858800231 11.2206018172957 36.8014543277443 101.527741672209 186.923723926581
7.48946407051711 10.6053151806018 20.7557115772597 50.5831223070269 118.830172751602 205.361422284329
5.06584889378835 7.56384165064198 16.5237826221219 44.6964196659418 111.512396127383 197.605672169992
4.58302708796722 7.02334966626914 15.6224365587686 43.2446030880287 110.290524499629 195.912096198226
1.0776714356652 1.07996519638643 4.97558829009482 25.5837715629015 87.479331440986 170.97629616901
7.28365750487092 10.3042423766056 20.3663405509427 50.2896977301058 117.962857622871 204.74365602758
4.34500280910223 6.7202648246191 15.1790440246025 42.5915915050031 109.525559363294 195.062819269743
1.84291022785719 3.09691604603532 9.63940586016281 34.2821861162758 98.2440914488695 183.39365928806
1.18823432467231 0.98760994783865 4.52721545717079 24.5127981036899 86.1320094020795 169.371362569125
1.24275336736759 2.06472426961732 7.59762200214436 30.7767881873689 94.0681572527589 178.551681733739
5.24237396403857 7.75563419866343 16.8627959429082 45.2664561552282 111.95715043828 198.250761893683
11.6090431394738 15.7365988651163 27.1015915185074 59.2878630651547 129.738738713998 216.592423294664
4.8092195253187 7.38970725549093 16.0307873456154 43.7722953358964 111.26260716995 196.735063529152
7.15581218192323 10.1713832587534 20.1282474642525 49.9168050175584 117.672406427799 204.320261057167
3.78821565450557 5.98661646123327 14.1339715434831 40.9310580869333 107.64244085606 192.933518298415
3.95122391240527 6.23437146492004 14.4363430760248 41.3800069267329 108.330707558399 193.576165113385
10.6589203258278 14.4290808899937 25.7537970151028 57.4882866438396 126.959764726788 214.116793369183
5.70324849158064 8.56246835622854 17.5950669764657 46.1129236684281 114.121030302393 199.786584334682
1.7051344390978 0.994335678575897 3.6833867848148 22.209153167744 83.0304861086819 165.716120265118
5.38622392121828 7.9329574950887 17.126687977915 45.6598568718295 112.390183245374 198.748566165091
1.77733529046533 1.00534489976107 3.60150014187636 21.9578370979205 82.6851713833446 165.310531249319
1.05281948768322 1.14247595015214 5.14874517006821 26.0900322142751 87.8355498985117 171.602437982353
1.89675441019384 1.08004483346666 3.58078792802907 21.7595868011376 82.2148332126204 164.922339050862
2.22444748179007 3.70460748006191 10.6138533546178 35.8870413095231 100.344381260704 185.635420663935
3.74342061175887 5.82392458814182 14.0009895087179 41.0407523121028 106.906334723531 192.69900105485
3.68064052285668 5.7261680368346 13.8658910004041 40.8464955322375 106.60109276388 192.410603034831
1.90095611029744 1.062267491978 3.54180609400433 21.6917202990136 82.2357290578954 164.845897195867
1.40776382430528 2.41966576519652 8.31715177554358 31.7236069641581 96.0489077995037 180.247978321032
4.0354933669672 6.34876055236846 14.5988784808719 41.6246440120608 108.627800787366 193.900034521732
13.2984989864997 17.5042516193873 29.6864287122721 62.8175796913445 133.109693448975 220.728460991351
1.02052023835702 1.52265287491817 6.36613101467197 28.6306691816634 91.0252169176646 175.327902637457
1.82848231726684 3.09712601421742 9.56370841953366 34.1757184929961 98.2238231217665 183.282045961086
1.02040455061972 1.35305291986214 5.97036241243239 27.5287594482289 90.2096900330839 173.98917486985
11.7758508132641 15.7825693740186 27.4178029673237 59.7567440144904 129.729473332538 216.991018920219
0.993540169115691 1.24401379226978 5.73033361059685 27.0154675872868 89.6554256234436 173.289305968178
1.64577634311742 0.999274881174499 3.7623111511194 22.42888950386 83.2410727959719 166.054952073445
12.8797148496557 16.8148256461291 29.1836590228587 62.3006841790512 131.658365391706 219.788136911731
7.09916847469873 10.0889859278783 20.0853831717667 49.719500917379 117.576422367123 204.151677053009
4.3142995779521 6.59936713404963 15.1254435833705 42.5776375556655 109.067310633476 194.872677856789
15.9946698009527 20.2988619659959 33.7752688843224 68.2732581871683 138.355576947021 227.119619972669
1.00038657546855 1.33201442739673 6.00341642997541 27.4987969275343 90.4517787760163 174.074985258084
12.9876707673467 17.0186670743072 29.2817541790289 62.4009568248197 132.097990916622 220.017745698405
1.38734337849534 2.37904967932014 8.18897590103562 31.6380212608018 95.7669918053607 180.026202246148
1.03127859885064 1.50488383367231 6.44933560175142 28.3392622000686 91.6000566086252 175.339115834859
3.26436346460224 5.17064421717422 13.0300302026986 39.6715405644417 104.964028864814 190.757444199091
4.97420828008736 7.53183472135389 16.3513004956026 44.3028225292996 111.589298728766 197.310911853799
1.93265093727114 1.04941725558931 3.47440620291425 21.5302289156148 82.1019923016244 164.609074979545
1.21900591373219 1.01167800591917 4.48603676027095 24.4086501789178 85.8759989397128 169.161375116583
5.60284103739228 8.24189726770794 17.4734799091088 46.004019895215 113.18287549375 199.352330411768
1.48579331946747 0.976570517166544 3.95779461265409 23.0140310316844 84.024444147367 166.990540975944
7.35577729430182 10.3058134733725 20.5130552886237 50.4878735209707 117.94012282361 204.916241873579
13.5933276011409 17.8569351637325 30.1246963336209 63.3782068562043 133.811530626993 221.445118686004
4.66217141557781 7.13340555625238 15.7879647342642 43.4251495573958 110.543752751522 196.17648582824
1.02804523609441 1.47374398611418 6.36625308051536 28.1864753146749 91.3683420845259 175.099192848202
11.1032043262887 15.1507984969229 26.341976027569 58.2480751299749 128.56843686653 215.313080028086
1.64549821164755 1.01949187121525 3.79859492612801 22.5039988258827 83.2521547826267 166.141866157218
1.00018755251871 1.35660267130544 5.89914153901746 27.7162286923773 89.7617611273555 173.955004465824
3.78702712087101 5.96147556510073 14.1368891008151 40.9522461240299 107.53238907293 192.912399097005
1.21550277320055 0.997737113087487 4.45336786563067 24.3750376235893 85.9378864039941 169.135612849023
3.56508309491428 5.61696529827016 13.6606226377574 40.3215983328787 106.459934192183 191.939238708408
1.69336370288692 0.976391751419149 3.66083442661792 22.1964857718736 83.0916808310133 165.717974090811
1.48268450723099 0.954054111883661 3.91557771444237 22.9618725862596 84.1311751789946 166.948090715628
1.25551106608248 0.985235073607703 4.35509254255101 24.1292968355393 85.6334019128471 168.760107747107
1.10707216324238 1.06162103834472 4.81308379065615 25.25060551979 87.0619389348365 170.463747319501
1.02863193344453 1.21733322464032 5.40396440241899 26.5665823421617 88.7041930833204 172.413892700033
1.03497880202173 1.44053370172977 6.06686430231816 27.9320721560046 90.3819775064565 174.39695888788
1.11228272510566 1.71940191020637 6.7847050695927 29.3218620534276 92.0769925263647 176.387711775866
1.25059768384406 2.04028798155859 7.53437047555558 30.691745451432 93.7069205317028 178.317227792418
1.44996288692464 2.43555923111589 8.40748171053522 32.234628534766 95.5278015011156 180.471429935724
1.68500613084187 2.83348407754124 9.19955647832271 33.5604916173351 97.1483030649371 182.325392035208
1.94602760031377 3.25378789856211 9.97389019187536 34.8373273768954 98.765019808328 184.114547614215
2.26412725172818 3.74526584039502 10.808909456895 36.1959691771309 100.532275820345 186.012174348625
2.62589321518481 4.27285621530123 11.6530084189599 37.5255746327511 102.268877173856 187.851042977728
3.11940723889462 4.95914513397516 12.743478130382 39.2282440824173 104.366498418141 190.144776158099
3.71081373540372 5.74008484971194 13.969374752795 41.0993870874918 106.589429042239 192.622250910947
4.33988397282012 6.53713768838884 15.2089160159916 42.9430791607912 108.736418450911 195.039441913172
4.96315916124484 7.31617358998466 16.3892631807337 44.6698062483493 110.758068849894 197.296746255155
5.5846521668759 8.10046115776777 17.5070447581525 46.3020773713388 112.734115274243 199.430795037548
6.34760089434732 9.04742599935825 18.8733790600925 48.2947597234308 115.060356880139 202.001182459527
7.05576992271879 9.90627068965585 20.0550767819418 49.9376538994721 117.023716650003 204.116751453242
7.94015309269899 10.9543390869017 21.5208820044066 51.9689148779682 119.359579576963 206.69552612172
8.97382626671586 12.1601403157568 23.2077055361514 54.2812547258656 121.974622731691 209.606411730663
10.0825274592838 13.4554067251438 24.9660580552131 56.6753627701379 124.731044142823 212.616428442368
11.2063241517262 14.7770006135936 26.7095303272091 59.0284969315608 127.493996316075 215.580861505778
12.2722335345355 16.0496115772422 28.3218549577011 61.185864609036 130.11111577473 218.317485860952
13.0738562318168 17.0327837206113 29.4741639011338 62.6918299130875 132.084587343241 220.263726128273
14.2159073813269 18.3661822416287 31.1294510113803 64.9041637075482 134.709434709525 223.018841832933
15.274157405547 19.536774764092 32.682754030349 66.9518783630745 136.949872015294 225.505734863914
16.1829375060526 20.4838419831954 34.0519233539422 68.7238628351558 138.710695950601 227.60548247079
16.5338583293473 20.8309155200012 34.5954854140611 69.3889710790684 139.330083708127 228.387444882847
16.4438395889966 20.7422249805988 34.4649085195526 69.1814789832982 139.161829238233 228.161570313721
15.6666888465406 19.9702858016124 33.2786527540009 67.5975377743686 137.748218890154 226.34503545467
14.5455922673531 18.8374624323232 31.5738455411828 65.3150551401473 135.649253914571 223.706637164034
13.3595723894449 17.6155489988302 29.7678572029817 62.8962792120904 133.356450975671 220.882511827876
12.071966626296 16.2471525583585 27.8032936603156 60.2407142178936 130.73502021299 217.739056024965
11.0721728448263 15.1276032475014 26.2901805319967 58.1793275092471 128.532929715892 215.24183487819
10.061205390249 13.9027768011483 24.7764915228898 56.081788716652 126.017631222926 212.603176500587
8.94982255335988 12.5317524939199 23.0672168480515 53.7143463899683 123.144163304969 209.588641138381
7.95800414220348 11.2864737909062 21.4924143227422 51.5479131805144 120.46956851742 206.786432191023
7.14856380407772 10.2564759271556 20.1817184736094 49.7347774840477 118.162234121776 204.4033813201
6.42151235066327 9.34454556914537 18.9491963092731 48.0111984274978 116.033554456158 202.148529848907
5.65329216297046 8.39922269757993 17.5952543328552 46.0844141902658 113.771017564734 199.659237365811
4.94490927176724 7.51745279314812 16.3014446011419 44.2274725472664 111.60766654753 197.25381057586
4.39164918796109 6.79743879727538 15.268936227503 42.7177997550696 109.761453230606 195.261703485654
3.86465337822168 6.09917903284352 14.257837935354 41.214264077987 107.915263307911 193.263957177108
3.40026648779682 5.46344742114355 13.3112339455817 39.7847726184633 106.148109572235 191.342772198378
2.8816458412692 4.74094941753703 12.1845472880994 38.0337858447167 104.048824009228 188.999116159915
2.36852110167246 4.00715527739814 11.0120916736023 36.1756579096683 101.8224707424 186.501725995987
2.00096924597268 3.44750461011373 10.1150915700325 34.731631257327 99.9868821156308 184.510792092201
1.71486208752914 2.984181371772 9.35042085603529 33.4823699708716 98.3234356501739 182.748285625109
1.46510711324947 2.55564534045738 8.56673079908486 32.2102996776258 96.6614868094562 180.932501085342
1.27009233711995 2.1828569453746 7.81395052082787 30.9849651292366 95.0263497583018 179.141109309513
1.11434615466054 1.8289076094638 7.04663469546565 29.6916155816104 93.2276279464275 177.208812318758
1.01751608583027 1.46068953180282 6.13665029180568 28.0372026204208 90.7981539987446 174.671684980702
1.00648170856774 1.17492579770746 5.31380310918616 26.416466523725 88.3862214388686 172.16175346407
1.01947379249971 1.12729938356074 5.15090227233309 26.1196469228555 87.7952618343071 171.635139279192
0.992602700317312 1.26423196926155 5.62574304122356 27.1613255363489 89.0067269282353 173.126852192464
1.00906499089494 1.4663670072711 6.22628572579629 28.363108835726 90.5076607559914 174.880598585594
1.06239868828069 1.68213003558881 6.77190274476641 29.4177904295996 91.9581105899735 176.446397717607
1.15900266049077 1.96082846184934 7.41995904909696 30.6319786625112 93.6023957851864 178.23098453659
1.33400182406315 2.288493704072 8.08010336299857 31.7461416070127 95.1035858704686 179.852286314655
1.60313513480281 2.74886278107997 8.95006377686419 33.2024532542987 96.9673301709902 181.913759791959
1.95546125291708 3.30480339518612 9.93625402669665 34.814316779826 98.9861241315341 184.153075563266
2.36559759685466 3.91999100090953 10.9845739611295 36.5045268685343 101.079591940205 186.470275682972
2.8069275299733 4.55109934085394 12.0333672523392 38.1562750226029 103.103376619016 188.713724582842
3.26395261168754 5.17034506799213 13.0352004750909 39.6844687819132 104.964262778797 190.770146995361
3.76866176883413 5.83366016317654 14.0804731217834 41.2557268279138 106.861955398385 192.865307895133
4.27851938844325 6.49063301647841 15.0884430878048 42.7303927035605 108.648037363473 194.825395675822
4.87256008533455 7.25453692760456 16.2130585622586 44.3756395096158 110.650496838698 196.996828793849
5.53407120462229 8.09977497974923 17.4157117521258 46.1190224316626 112.781913622984 199.286998118219
6.27870508910549 9.03881406181227 18.7025386730321 47.9528743378606 115.021572225086 201.679189940126
7.07434187552188 10.030858699015 20.0456826324337 49.8597326338102 117.329397567903 204.149997107229
7.97966827576742 11.1070672587469 21.5362896646345 51.9638663117866 119.742987594847 206.810273799124
8.92431286364311 12.1821063158572 23.0958397718694 54.1441569187952 122.087552219742 209.507873749543
9.45934199071151 12.7675409552887 23.9888987510901 55.3500169886932 123.322864101584 210.984230483707
9.5496814936194 12.8715109128414 24.1505284374583 55.543403867996 123.547459502386 211.239638548406
9.36335957664633 12.6807553376712 23.8532776797306 55.0952592527413 123.156322094828 210.73091419693
8.83583535797839 12.1218605420041 22.9721470600313 53.8412510406058 121.986582769713 209.249353463466
8.13462256168496 11.3761409800607 21.7772945696817 52.1617241515757 120.418702056402 207.247629533915
7.33643197186074 10.4971745588672 20.4037528248366 50.206576776336 118.517241546373 204.882718674094
6.51685614582695 9.54093553338838 18.9932922592402 48.1578417593662 116.365158811745 202.348985559172
5.76029189024677 8.6359485670285 17.6913103053222 46.2545651990399 114.296115466392 199.970509429448
5.00542256231945 7.66866860114853 16.3704942419678 44.2833400155863 111.973599301095 197.43230395176
4.30188287926169 6.72447370593661 15.0966524404067 42.3714953991068 109.614932419451 194.913530490285
3.7347770997893 5.93138406192148 14.0234407357367 40.7586506098236 107.52870767836 192.737713299632
3.23840540871562 5.22548819099299 13.0139224324454 39.2234329118022 105.544963767324 190.647379288337
2.70773676091503 4.48489165257796 11.872159067305 37.4822703779147 103.409884631904 188.298817407133
2.33542296646747 3.94304935055531 10.9636944306712 36.0773323049376 101.668662526849 186.367028134501
2.00568366161835 3.44034781253594 10.1221487259762 34.7228730415525 99.9367823770036 184.486375672207
1.69630011735711 2.94420417974954 9.26633336269084 33.3205983181491 98.1521366798105 182.529095857927
1.43777624045189 2.49155205280875 8.45423141711242 31.9604227540683 96.4051471432877 180.607616583866
1.23190893864466 2.08003909347678 7.68255080442367 30.6106741533777 94.6393650775132 178.674554008358
1.10544671914105 1.74896822172579 6.99793109150882 29.358428221017 92.9660658656812 176.843748846131
1.01352141781377 1.44326332653712 6.3070817300227 28.0699707073815 91.2608801943493 174.948569692769
0.98672997142731 1.23079476277456 5.73706444253976 26.9809188302516 89.7788819833812 173.308046596715
1.00881018504285 1.08295339956674 5.24772667826216 26.0112422180532 88.4254417582973 171.81646816664
1.08814148037525 0.990354063722543 4.79873901760516 25.0809324185647 87.129513690719 170.357418056136
1.21193138831308 0.931208993372165 4.37261361425395 24.1214665622961 85.7820988423485 168.842549970506
1.38253614671253 0.923854805322782 4.02517195075654 23.2471562365533 84.5186291931786 167.435733860888
1.6164140542813 0.960173072085473 3.72402612050337 22.3769528391913 83.2849452132465 166.022041964834
1.87473599261778 1.02530445803782 3.49819580195036 21.6416217129157 82.276412533094 164.806343687208
2.08340741761129 1.09170287236695 3.3702105794747 21.1547378139749 81.601297814298 163.985888149155
2.25956366377665 1.14645296279197 3.27109677417986 20.7617442705862 81.0644093048957 163.324783500595
2.29426909706383 1.15857294327131 3.25285631788561 20.6870206253419 80.9459103175478 163.193792126327
2.2402079458451 1.14034779584703 3.26864088305312 20.7660769836572 81.0283511209003 163.330295300268
2.12972995399306 1.09960251963933 3.31023251188196 20.9552066948411 81.2750246475409 163.659632062116
1.99727360499665 1.05446322369111 3.39505194300365 21.2814291005342 81.7512442119556 164.207602837739
1.85974102185536 1.01398045256014 3.50764882266425 21.6858476290407 82.3570839226561 164.87734843047
