-2.33069010740942
-2.0677239725594
-1.20869443970371
1.39365003113393
2.84577557059021
1.08827228387224
-0.840045483767001
-2.52625226618917
-2.29436371307818
4.18101623391796
3.26415734014995
2.86495501039988
-2.52478688637414
-4.247763746898
-2.61248479915281
2.08582619425584
4.06279046329319
4.01989600950527
0.173112727171124
-0.00226125457650126
0.199511389772622
0.102787150039974
-0.0877370716047222
-0.0210080470819484
0.267924807846695
-0.131034006370403
-0.117748377619825
1.88037930481297
1.9990631870278
1.40349411423557
-1.22487498243944
-2.30772434427036
-1.31333250652634
1.50714815803069
1.85376883594913
1.87372275680531
-0.297020400859622
-0.332901715282955
-0.121963139887952
0.249542128509461
0.50472240488819
0.180894416261828
0.0065751384121491
-0.614997998450039
-0.590258879909988
1.05368389547926
0.913756241190261
0.753313125771679
-0.501684889188599
-1.32456837729971
-0.686631785550395
0.80101460440046
0.698925334062538
0.876939916517373
3.90711936099033
3.15430090076803
2.68976811891503
-2.44864409783454
-4.03021634128415
-2.46794844863001
2.0809362540751
3.87806366146765
3.76436820912542
3.49713868689265
2.98093034444373
2.42639530858181
-2.26192841291281
-3.70089782357444
-2.29138043307366
2.01247203289979
3.54145032177364
3.37772545499457
-2.24812600710465
-2.05403516888601
-1.23491398939937
1.32707527145088
2.78391249164432
1.11265335800344
-0.787596189705467
-2.46747819067695
-2.26077617334361
0.926744483894853
0.760227555741901
0.679707703750646
-0.370685934357872
-1.16417562259635
-0.621959866557559
0.686233372054829
0.569585695279957
0.786024387740716
1.92083176980058
2.04173603241835
1.44611468829917
-1.24519616865774
-2.36296438461905
-1.36012611768459
1.53349570331148
1.92418203850926
1.96194907134823
4.19655571097809
3.27323653590875
2.87618045281169
-2.52557259608788
-4.25778578119823
-2.628019258581
2.08473220049554
4.07120988096122
4.01772887023049
2.48187922782509
2.45437563721778
1.78375952630814
-1.62273927377426
-2.82448122882936
-1.71943571000673
1.73543618232342
2.52927715019452
2.4906196427232
-1.18779452478782
-1.12620291197794
-0.761659146091991
0.697614086446495
1.6393602790214
0.52867318299784
-0.42308917997216
-1.47577192870527
-1.18049539652407
-1.39837959827776
-1.30447847122254
-0.877702172483602
0.794353620284735
1.87119989115519
0.634221946450413
-0.486909558692818
-1.65013488531728
-1.36399304542085
-3.28472716276724
-3.31783691827351
-1.92765923027833
2.1225391780197
4.36212644922782
2.09224947714542
-2.04336338267536
-4.15967824051604
-3.74818805185147
1.02390867546912
0.878108981763471
0.736949926288947
-0.47078363297382
-1.28863310108691
-0.672653543881935
0.773826672056736
0.668896755749948
0.857475992348889
-0.668088717493789
-0.689518960334108
-0.416141491818193
0.49356898334269
1.06107012425725
0.355216958165646
-0.231457188267633
-1.05645117171879
-0.822139945791183
-1.84394142870469
-1.67583303474705
-1.0771361549895
1.02446269304278
2.30319801321472
0.864688836368536
-0.59996459742588
-2.01734214721575
-1.80009570602657
-2.20897901999306
-1.95607617160786
-1.17774670470099
1.27976258156697
2.68047658179179
1.01553426423252
-0.756526943137912
-2.36762538900605
-2.15369113948639
0.245276304813536
0.0863238842188592
0.250547246158485
0.064202134424557
-0.216596613135465
-0.11293120421662
0.301079634924947
-0.0619262949580035
0.0456269363596135
0.29454291595069
0.0822750965724274
0.281524141262625
0.0848907532980684
-0.242638811217737
-0.108931145937856
0.315805745755658
-0.0212138102115603
0.0552175470018754
2.52443778507991
2.47797923437447
1.81380101380119
-1.63987915495121
-2.87568840141256
-1.76319650404956
1.74730684596317
2.59046481656862
2.58105793845559
2.80650759530455
2.6384312859078
1.97668665535393
-1.84118504672153
-3.12579837555926
-1.94225402880246
1.84159650645918
2.90284673597966
2.84480961633294
-2.43731330699605
-2.15328273352762
-1.2264295344696
1.48685325278118
2.9780760534287
1.13252288091727
-0.927252198691304
-2.66428205387478
-2.41046467829
-1.8537682626636
-1.6815146174762
-1.07952605071885
1.02878338838159
2.31052416331923
0.866324275627733
-0.604164605942225
-2.02483877178192
-1.80784609506722
-3.36127232656368
-3.42695875676488
-2.01057261942441
2.17237565124549
4.49248512599931
2.18654470960652
-2.14282216698379
-4.2862082116832
-3.86753436086976
0.840043397057711
0.658538839634243
0.622228601693924
-0.29280942079189
-1.04469595736659
-0.566029189743296
0.618417979782095
0.48086980911087
0.708196657063725
2.58054379832436
2.51123248839484
1.83860068116697
-1.69086033389396
-2.90234521647354
-1.77061560883865
1.76522802698552
2.6209957490975
2.55137472452939
1.66053808416419
1.78535096523255
1.27346034790721
-1.05654615182279
-2.12432930336124
-1.16295812803624
1.38771317074383
1.59381726873433
1.65106836874889
0.197022674849103
0.0641741607139111
0.215849883376216
0.0625114649040569
-0.169049996044028
-0.102945786622144
0.278977529237042
-0.108516146726044
0.0114735882230578
-0.775498861195553
-0.753092332369548
-0.488638707808115
0.48137897273507
1.09506328079027
0.325815403670966
-0.224629871944793
-1.07266347338746
-0.830163189771739
-1.76011076847735
-1.61897085556708
-1.05133782818615
0.983197877243758
2.23696195273652
0.84417057343445
-0.564635438003914
-1.94899531943578
-1.72810694770042
3.26896870774703
2.87408089869102
2.27339312237437
-2.1354477237577
-3.51245142948179
-2.18570706641026
1.96079747087567
3.34013614428343
3.18656355571844
-2.00102832973236
-1.82340843079179
-1.13849921655223
1.14427051344429
2.48376481075252
0.965211381381563
-0.650479002841053
-2.17811761494307
-1.98333312439455
0.551782880337592
0.316426982119342
0.45728875158933
0.000512224554567148
-0.598846644227631
-0.334190139294559
0.40439942003869
0.201581202303869
0.409596192051421
-1.54917110474856
-1.43352340746688
-0.955420345474022
0.863692893240618
2.02446266720946
0.72095610817844
-0.513033076393692
-1.76548412283215
-1.50968289674329
4.11694991443319
3.24038769321247
2.82084084617248
-2.50777035975173
-4.19180453838455
-2.57712133634193
2.08859614810503
4.01790743118598
3.94992718958586
-3.16264449472904
-3.12353628137653
-1.78427333953913
2.03819622897869
4.15266834808345
1.91830436598599
-1.88703119091141
-3.95679759042212
-3.53800917457432
-1.45223264560206
-1.3493328746784
-0.905722489336386
0.817191289427391
1.92476938802161
0.663004790524475
-0.495808659985471
-1.68928889138396
-1.41442142480796
-3.02237483731986
-2.9075744452175
-1.63293073151063
1.94574927164259
3.92938076046578
1.73235197226636
-1.69429682970878
-3.70894089845336
-3.30101323091504
1.12887802974334
1.05235835316164
0.858722571299917
-0.565287549776983
-1.47548676661826
-0.763091911323885
0.882727670975487
0.830144864908398
1.02078961017783
4.12496330743646
3.24566617411453
2.82120699504741
-2.50053024193304
-4.19084208398899
-2.59841667955813
2.08670118189821
4.01531278220642
3.91298251310463
-0.397730560406583
-0.421239495283757
-0.224287008875696
0.29651786468594
0.596152936659313
0.146113403635741
-0.0343873460232323
-0.707556859756723
-0.504921325802837
-1.77766910940994
-1.6414024102224
-1.06293351204059
0.996375077227555
2.25979863103143
0.869367818214221
-0.55776587477275
-1.96410104410997
-1.7532419935528
-0.307045674751363
-0.33943861668801
-0.131562772676695
0.255308095646308
0.50399012889904
0.163046154715801
0.000693989076331925
-0.621558533369177
-0.551107636914615
-0.180474081878567
-0.231779882623399
-0.0425361753027698
0.192433846368069
0.321923251715798
0.092257996038155
0.0747876941958558
-0.482765281394101
-0.408617065308749
2.78878336796495
2.62907903434058
1.96616098709462
-1.82752927514627
-3.10790474496492
-1.93032800572297
1.83478443725562
2.88079530892796
2.82295863938541
-0.57979913915691
-0.592817278710353
-0.34435580353323
0.423092892996195
0.901311858985229
0.288328759043974
-0.165544542809811
-0.935147709818031
-0.743425706691518
-3.05619494740641
-2.95755368416446
-1.64623110135787
1.99126559791628
3.9753635351491
1.77388397305567
-1.76154682508168
-3.80791945790835
-3.35919987831428
3.66801771946963
3.05848829344511
2.53374757587596
-2.33718575401492
-3.82919476821946
-2.37031955170636
2.04835412356541
3.67256437721088
3.48121794036827
-2.17257205301425
-1.99088927288196
-1.21163765808741
1.2705565003549
2.69096351986337
1.07554150058676
-0.738948765757298
-2.38095745777673
-2.18150974363711
-3.26301213643842
-3.28734389807414
-1.90627853661689
2.10846740668429
4.3260306513696
2.06235188296456
-2.01601168289644
-4.12249003739968
-3.71588446326981
0.245806856883819
0.124819728945592
0.22578271200997
0.00638293367333668
-0.252333972990146
-0.176948098076778
0.304513856388359
-0.0782100776417476
0.106821501409411
2.73495022134592
2.59407365603667
1.92301122687937
-1.79784799760852
-3.02406137758824
-1.84450161406919
1.81195192960286
2.75769721006804
2.62948010140634
3.21333479965644
2.84756795116968
2.23667906852699
-2.10314293158577
-3.46691745958831
-2.15888013877808
1.94767335894701
3.29047292398358
3.14436107382073
-1.68879932126703
-1.54837071559786
-1.01587315803508
0.938660465140905
2.16179844435404
0.791793709399684
-0.560120873411011
-1.88967719811404
-1.64456883687398
-1.10562439879517
-1.04898948255742
-0.70990463533455
0.64817829084183
1.52507873861435
0.48235453792962
-0.378154083771721
-1.38669562662874
-1.10761161427236
4.21327038595042
3.27069550792939
2.88671815389742
-2.54032800881893
-4.28751434560575
-2.62453354159031
2.08499699852602
4.09325072774212
4.08505850012474
0.727122899599306
0.502499938767137
0.568007805567501
-0.126751265099391
-0.859634930928478
-0.476282999095839
0.499818877890442
0.363587294372171
0.613084201707604
-2.70880913136731
-2.44814514063279
-1.33381158222683
1.73524313625514
3.39859263643187
1.34423571288888
-1.24495003388999
-3.12395012773675
-2.79894962216673
3.68937746135772
3.06342124884338
2.5346130140945
-2.33972433641146
-3.84126193798862
-2.38778673615328
2.05157439707335
3.67617790964079
3.45713852532811
-0.718804664765855
-0.743091300001599
-0.457720910262487
0.527753610990742
1.14301270198449
0.384054177190974
-0.264659708005249
-1.11766392426726
-0.857326573744946
-2.17505288557274
-1.96135261316033
-1.18439589418935
1.27656372033061
2.67893291755325
1.0452081046844
-0.737888707977575
-2.35996681411053
-2.15817331100666
3.33789038612655
2.905668895716
2.31743414870842
-2.1631710763202
-3.55476482345724
-2.21432455362496
1.978058132032
3.38402005298898
3.18043402150866
3.83823934642525
3.1280168009014
2.64660615212246
-2.41995502260871
-3.97307368429383
-2.43821362795075
2.07359537605731
3.82264496534201
3.68936887990928
3.1641363048524
2.8166478046287
2.19334902245366
-2.05950039277799
-3.39376577025514
-2.10527016318495
1.93395002730791
3.19066311693187
2.96707023521365
-2.07430386351857
-1.8916606284676
-1.16618252768979
1.1997300711037
2.56840793731075
1.01092359161503
-0.681865566425894
-2.259353197918
-2.06663487646856
0.289357004894511
0.0865196125082044
0.279439287170961
0.0811980501301727
-0.242026364253151
-0.111017792081351
0.314195483429228
-0.0250783677865094
0.0586388349748029
-0.762296981198119
-0.782181076360071
-0.491004752018304
0.545642927357434
1.19706846512822
0.397447862646263
-0.284430730916901
-1.15665587197886
-0.885296801070185
-0.702372675006268
-0.725160668908116
-0.444065716623276
0.515919621459681
1.11518140782661
0.373762883438213
-0.253288179239191
-1.09685799980388
-0.845532979304162
3.76868649554607
3.10214210913809
2.59833401244705
-2.38133537425881
-3.90932690914274
-2.41423370372967
2.06385157723716
3.75370067030277
3.58032761378591
1.08387794218641
0.981616159414648
0.82625584892049
-0.505141945947752
-1.40539309269568
-0.733730230905326
0.826754951590832
0.768087406943242
0.980643286940856
1.67085692910096
1.78278509715968
1.26595206937646
-1.06205401500425
-2.11531513574333
-1.15723853834909
1.38381600916994
1.58680221006852
1.6351692761151
1.4437310665718
1.5350522150123
1.12142794815307
-0.895717861095359
-1.91148336922062
-1.00061048538665
1.23039822647453
1.3061377705437
1.39034149886778
-2.15312667664096
-1.9103519808758
-1.16510550874434
1.23197166515182
2.61321267539722
0.989578020817757
-0.723371147116058
-2.30308934556486
-2.09594846310053
-0.0386210362982587
-0.141378192022276
0.0641598085631625
0.146517343378697
0.169869742612784
0.0847143817076617
0.155717123719993
-0.336056174414896
-0.384280762381114
1.4558039122165
1.50501524191747
1.09775679068279
-0.886632107301485
-1.88081103628734
-0.978958446063088
1.20935093433915
1.27008869027963
1.34517913255404
3.95500847621672
3.17924105371365
2.71181882809576
-2.44788279020562
-4.05348080528981
-2.50517561514969
2.08422890486573
3.89132044150456
3.74670595942553
1.91666304953249
2.04065965643671
1.45372772796695
-1.23916196797827
-2.37424224355197
-1.36759658271769
1.53217628586149
1.92939446160403
1.98166048687483
-2.59609921983814
-2.38650488694866
-1.36273782924381
1.61559284482545
3.30377185564503
1.33689951255697
-1.12295902532552
-2.96539169850758
-2.68064453158613
-2.07800965845913
-1.90574486048956
-1.17667483443971
1.20149105701884
2.5759605011712
1.02459750058461
-0.681255323021655
-2.2703096037831
-2.07917334007034
-3.44814549536114
-3.55967866027948
-2.11700042688304
2.23063510345551
4.65095106976438
2.30330057972691
-2.23418302064123
-4.39507952913712
-4.00675794385558
0.210064787564392
0.0243746795474044
0.224071659952712
0.0961679158371584
-0.135461173911477
-0.0472170931208198
0.284071240803243
-0.0968644903376545
-0.0629636679639947
-2.67370147233012
-2.47213227972331
-1.39897399839865
1.68127489706147
3.42108166587305
1.39680482770514
-1.21928504588377
-3.09465809801909
-2.78717309207592
-1.09414798224512
-1.07375695185835
-0.718341363722492
0.69130162761474
1.60786254133228
0.534808584492366
-0.429318997917909
-1.45737869767761
-1.12530609397242
-0.180559178281621
-0.235149819184109
-0.0372539018693849
0.190024625107553
0.331814719268351
0.114657279857828
0.0754135959043471
-0.480406712676156
-0.460768328420973
-3.40382828859238
-3.49132277446152
-2.06063301783303
2.20052288620085
4.56438200459308
2.24457624099967
-2.18222950904778
-4.3346543111289
-3.93337952990012
-1.7768088314209
-1.61574507275534
-1.05012384243273
0.980545940556617
2.23586832415267
0.828189135022974
-0.58453786207766
-1.95895284860514
-1.72888627555074
0.412002157621631
0.248238706487563
0.350718574803887
-0.0286331453155016
-0.457559027170419
-0.258545044108125
0.381669871947962
0.0837523493131851
0.268749231866729
-0.527182144620329
-0.532904433631748
-0.309370720849879
0.36360659480664
0.77800177273397
0.224429431713588
-0.10974379839193
-0.84093596027387
-0.650735148809447
-1.8807626038565
-1.73959800469653
-1.10766347248047
1.06893228761488
2.37080818239514
0.935113890123493
-0.589896623048036
-2.06944407870005
-1.87182571975663
3.18622221845252
2.83460600650617
2.21881121763607
-2.08730407255902
-3.44470915839894
-2.14574038031954
1.94123197326872
3.26618516570975
3.12393817027113
0.977447560938898
0.830827235531569
0.693972825761338
-0.452984143315078
-1.21207641236344
-0.632567585424472
0.750312050735823
0.618586187198154
0.797895776371879
-3.00992714151326
-2.88712462643634
-1.596984810805
1.96223993681179
3.90188321012351
1.71172736970824
-1.69554168504866
-3.72172506453798
-3.28428054577874
-2.65998790820738
-2.38557874086579
-1.30553814380836
1.6912062948872
3.32151174528845
1.29637407189273
-1.17468861821006
-3.02872818194605
-2.72228324531059
-2.70735981284662
-2.48347041414717
-1.37818594770221
1.72337798927815
3.44551880430566
1.38719492894991
-1.25367848053379
-3.14013870131922
-2.81777446820705
0.498225077983412
0.279534135446665
0.4203955435491
0.00689430516373094
-0.538232816073905
-0.29597964676374
0.391958811000986
0.157632138465084
0.353931544579645
4.21496026237649
3.27055508937253
2.88790912233146
-2.5418432713943
-4.29085954606425
-2.62474831367756
2.08522153944088
4.09557955877185
4.09149194949003
-0.48274776014873
-0.493166456250311
-0.275936780868932
0.340243370416884
0.718248297835078
0.205752224153665
-0.0866640569208765
-0.79584637849834
-0.618613987310669
4.10395993157905
3.22764494029491
2.81406166511235
-2.51663633573782
-4.19719687397659
-2.56162547299488
2.09078120493923
4.02580979059003
3.98181162653886
3.33405070447723
2.90504496459407
2.31672839295953
-2.17046753990108
-3.56270169489146
-2.21610433361797
1.97619106514217
3.39523994695979
3.22615326889696
3.94402483700194
3.17340976426622
2.71052493953527
-2.45487256385694
-4.05136084734189
-2.48813250925051
2.08460058292839
3.89423040157669
3.77298775224624
3.64468027925095
3.04449212129094
2.50846620323493
-2.32132912035985
-3.80688921212956
-2.3657791941821
2.04421872545649
3.64235604744811
3.42261149366524
-2.97257294263674
-2.82806085272683
-1.55326427637147
1.94204456081456
3.83684744230568
1.65892034145104
-1.64060174297854
-3.65210932855312
-3.22337288457948
-0.186610136622817
-0.2437278207991
-0.0371543610382721
0.194462093814377
0.35505732066508
0.143828150127468
0.0732165802608701
-0.488854877915092
-0.52936227534285
0.717746449510666
0.493443718183083
0.561086051428516
-0.122331877765907
-0.847834369784367
-0.469719356783402
0.495821058888591
0.3550141793871
0.603175087420714
1.30715195772037
1.33318840460887
1.00568595770088
-0.768999813862661
-1.73745067066536
-0.891938748987452
1.0900698970733
1.09692576500216
1.21841864493795
2.360015479533
2.3680435583633
1.7197801392934
-1.52726020189578
-2.74787433154519
-1.66462705587691
1.68916822983876
2.41471509522183
2.44213121201969
-3.41811900604945
-3.51791156456402
-2.07885834134671
2.21502937621822
4.5908290871051
2.27306536763997
-2.19050199771357
-4.34748037949632
-3.95520152482985
-3.20210357621341
-3.18586394726364
-1.82490348981619
2.06856903337934
4.22038375319689
1.97421820853227
-1.95136138802659
-4.04242046430389
-3.60154621303504
0.0475301170708293
-0.0836861502491388
0.120670443695443
0.125398517227204
0.0641156992707701
0.0474382039470238
0.205572790124772
-0.249039337493949
-0.28133416898439
0.974191279329483
0.819532710367839
0.725095780272992
-0.400044961651317
-1.2372993324972
-0.659931121342709
0.718224237937698
0.625330290339604
0.847815589026081
-1.38922013842643
-1.29525273295409
-0.872988527473357
0.786306791406648
1.8568766969175
0.628228264765337
-0.479295704454093
-1.63711380348702
-1.35631877228562
1.32856695836243
1.39031894452865
1.04086986731981
-0.80200562737284
-1.78826900063596
-0.918550811674344
1.13177302188729
1.15541556612094
1.27057584803636
-0.144997382338803
-0.213265971566434
-0.00674100996692712
0.179082266138951
0.301447111134166
0.128258400745615
0.0966478732267812
-0.444255613592201
-0.4960073052813
-0.356118149721739
-0.384378751766549
-0.166819907377279
0.286415399350701
0.588493589517325
0.203748934234393
-0.0306200894076151
-0.684172881503527
-0.62262043685301
2.81778413508155
2.64538575496093
1.9840279910468
-1.84254387337913
-3.12086889673316
-1.9371578132978
1.83769975594707
2.89109296422692
2.80659269263773
4.02996319492539
3.209262918209
2.76001002452218
-2.47356790386229
-4.11377526441798
-2.54240027232178
2.08821549067666
3.9477438657607
3.82512644515086
2.87600216890126
2.6760553409583
2.01773242804299
-1.88069708436479
-3.16184184501887
-1.96206479400319
1.85255777183491
2.93589166123001
2.81988124468892
-2.4476307812281
-2.19517843594944
-1.26238270959086
1.4943867974864
3.03786081323415
1.19016008547014
-0.942526938869628
-2.70254647307148
-2.45432311742372
0.723726141647006
0.539086776670892
0.543801344591422
-0.213789170737415
-0.883914679407468
-0.482203489793425
0.548992273847514
0.368183907156254
0.59231206223438
-1.61585075371264
-1.48133678420349
-0.98331613214672
0.896480026497605
2.09469129972563
0.75429173985042
-0.552622647801999
-1.8360187481633
-1.57020233210143
1.69833792692325
1.83314770429332
1.30689987715997
-1.08589647520527
-2.17032549610003
-1.19961794930904
1.41754342966324
1.65468356238363
1.71293230398219
-1.13189731774524
-1.09733396742306
-0.738649977598409
0.697015184422181
1.62865209670465
0.534324958625584
-0.433515122080123
-1.47214719539651
-1.14613421289018
-1.54048400378292
-1.42263416123553
-0.948214967574661
0.864298396439618
2.02269726421585
0.712097957363398
-0.529088923711095
-1.77097489392181
-1.49380344412409
-1.09966653955728
-1.05447712457228
-0.711194868030134
0.664465926719654
1.55020173244768
0.494086255990962
-0.39992162824259
-1.41135261161024
-1.10848057010602
-0.248826420401074
-0.292789708481518
-0.0859058002220475
0.222969214035173
0.436858120799756
0.161251896221619
0.0358444535703853
-0.559243832758559
-0.557913213210076
-1.94964180197226
-1.75498415219319
-1.11142042743941
1.08441459650166
2.39826688945884
0.904098196215607
-0.63501380467874
-2.10546412338366
-1.89955822660422
-1.50743566517708
-1.39513333130539
-0.933168508413482
0.850321396422243
1.99983151921996
0.704275810230823
-0.530344576018225
-1.75623736090467
-1.46524107399024
0.879667243026836
0.709333390095005
0.636327318814097
-0.350882163714432
-1.09344299135932
-0.583039746482853
0.661313584941987
0.517346349389295
0.72633568854933
2.74029051394487
2.59782917817123
1.92664878100911
-1.80074609028139
-3.02919108537436
-1.84935042436914
1.81363359957864
2.76472215310957
2.63764424173377
-1.42265421800633
-1.32149653333419
-0.892090402599348
0.796028761978583
1.88823259305417
0.644486135398971
-0.481784962212659
-1.65697010250806
-1.3862999843875
0.187282589416846
0.00452707221173572
0.207675509285363
0.101330315011924
-0.102830129239205
-0.0267034986029793
0.275032498636894
-0.118062518549748
-0.102396737242342
0.281487086805799
0.0709859361641111
0.27205001294747
0.0875394030746424
-0.224695441060375
-0.0973668564951132
0.311679050547203
-0.0326830020792439
0.0350008772937211
0.375075964378736
0.145346471715059
0.338049532780686
0.0718491230953842
-0.347228916830942
-0.174432833928288
0.340610251948671
0.0482507283075911
0.167203457586863
0.469932974484682
0.232983527468132
0.402764167433342
0.0406795135652148
-0.479351500483255
-0.259510774753294
0.37237745198614
0.129881754227582
0.298591525459549
0.55326310122788
0.315945271910008
0.458367651653442
0.00209901014555725
-0.598923573179327
-0.334520067173752
0.403917516891846
0.202459717054247
0.4097133066306
0.642478990852987
0.407048129429053
0.515667041059162
-0.0540279568454574
-0.728520691039019
-0.40740020547093
0.446624559233608
0.283014230460188
0.516064263812108
0.723704451935314
0.496878384429035
0.56658082562142
-0.120098875267597
-0.851982993169342
-0.472733929229127
0.495309016553724
0.359626455041762
0.608974105278967
0.806022779225715
0.592984852672845
0.621150191466221
-0.193766171358523
-0.976853854740264
-0.537324783991738
0.552997086530487
0.441668976041818
0.696514767390214
0.897234953382964
0.702000734364133
0.681994603091338
-0.279452849627376
-1.1151599588235
-0.608302400921332
0.621217636134964
0.53445290081465
0.790427560057795
0.975656672298791
0.813984129460055
0.738761994780275
-0.373067188334949
-1.23598972070864
-0.662268053132652
0.702396384603555
0.626080399598834
0.867125981324602
1.06451105501963
0.950851874785746
0.810512136496156
-0.480762773066907
-1.3745862572397
-0.720632739479448
0.803613134506193
0.74158599052341
0.960325056802054
1.1568186768601
1.1063763292168
0.891672136649386
-0.598800187852275
-1.52639718603423
-0.78610061768003
0.92077468750157
0.880407429350906
1.06540051314474
1.25214749064473
1.27497834478994
0.980487162471518
-0.720824174947146
-1.68508810394602
-0.860468836526125
1.0473466011921
1.03966617648375
1.18453221218759
1.36212827634537
1.44150644647672
1.07145482953031
-0.833768321440093
-1.83334281460405
-0.947911751758147
1.16698761281118
1.21085676942151
1.31932351234002
1.48797804982943
1.61107419213509
1.17179463012981
-0.940277541200172
-1.98154425288232
-1.05042560035101
1.28097349399601
1.39617373119682
1.48056513394971
1.63158249642739
1.7798348583335
1.27756238252102
-1.0463823993123
-2.13018047405871
-1.16471210753037
1.38746067189265
1.59322598505655
1.66406042984237
1.80160393096229
1.94476474018597
1.38917208652453
-1.16267771034952
-2.28470290953166
-1.29179183623075
1.4816258095043
1.80353552086683
1.86678563369902
1.99703244762278
2.10403237965515
1.50693119577612
-1.29106298965784
-2.44919406173713
-1.42672836774701
1.56205609964321
2.02260489440733
2.0771360830871
2.20427879736097
2.2583977941506
1.62976228367028
-1.42506544475977
-2.6217508107369
-1.56490277968426
1.63545532449319
2.24734783517164
2.29113056308778
2.41615422050864
2.40375060649196
1.75166197143118
-1.56598049727376
-2.79580382803265
-1.7010762906493
1.70834909257156
2.47693071741308
2.49753441771131
2.62818333577883
2.53669020388357
1.87211178378596
-1.71424248795631
-2.97402649053532
-1.83573437754761
1.78294824358906
2.712678771234
2.69773211302559
2.84461034095452
2.65845299941523
2.00036467951583
-1.86723782840883
-3.15935816487326
-1.96406709769584
1.85297473051883
2.9423091808696
2.87794394949551
3.06690465201923
2.77404302384158
2.14123941083843
-2.0149379745556
-3.34953534492438
-2.0855432324045
1.913375775944
3.16049930281137
3.05111532755131
3.29161510599628
2.88475258174093
2.28857678913781
-2.15217271587083
-3.53643897373627
-2.19781893373403
1.96708219261378
3.36576954991704
3.22180717323685
3.51008642288172
2.98570926101929
2.43456077488662
-2.26908283790161
-3.71360519202942
-2.29670453700432
2.01435473940003
3.55439469755957
3.4001784089823
3.71700722444891
3.07563003318602
2.56953755864803
-2.36956804866113
-3.87973041981925
-2.38551377341916
2.05365783583534
3.72864977999404
3.58763953838003
3.89835145411383
3.14925020203586
2.68431972052329
-2.44563562904951
-4.02546866757759
-2.46418831360474
2.07841631627174
3.87290583751128
3.7636530285533
4.04104876019995
3.20343646254038
2.77423635889624
-2.49741785547
-4.14499200222256
-2.5304421663899
2.08887407239745
3.98173669571582
3.91660423330359
4.13021886610077
3.23703397007055
2.83117288639396
-2.52411136064788
-4.2206705072683
-2.57555136368398
2.09039836392848
4.04427871442868
4.01170432656231
4.19440710220465
3.2614807374395
2.87378679783653
-2.53902193490823
-4.27564445107941
-2.61178073471463
2.08714312606671
4.08489102207105
4.07695443524484
4.22634000259916
3.2755384427983
2.89580381204353
-2.54349742918765
-4.29945664041092
-2.63189930739395
2.08418437046796
4.10165349428623
4.09992040039052
4.24493956936313
3.28597324592642
2.90965718860869
-2.54377408511624
-4.30917545869932
-2.645728818474
2.08231262304116
4.10953107688253
4.10268310859643
4.23684223239574
3.28728498198118
2.90529885987522
-2.53755870002885
-4.2959051541803
-2.647344259726
2.08232249343459
4.10039974940413
4.07221937614583
4.20522130985688
3.2772078438009
2.8819903448579
-2.52653317883381
-4.26434954622112
-2.63591754469223
2.08374980092441
4.0762836868867
4.01993706215286
4.15643080437431
3.2581757994136
2.84363648602517
-2.51014169862638
-4.2178192256161
-2.61513944747083
2.08576788295849
4.0386827612245
3.94848206020083
4.07422997439337
3.22512969817589
2.78404404544013
-2.4831278056643
-4.14696561367573
-2.57508372545395
2.08679642804647
3.9757182805577
3.84803966141777
3.93881890961652
3.16976727586156
2.6927082580346
-2.43610886603242
-4.03705625232837
-2.50871329626784
2.08125835821411
3.87105833745999
3.69773031987714
3.75064231243747
3.08846806045972
2.57102272006789
-2.36203120199584
-3.88815022559135
-2.41841675512859
2.05852203528678
3.72122988670534
3.50860537919244
3.54312798847458
2.99514490178686
2.43729929035484
-2.26575599502851
-3.71809420602154
-2.31333953825239
2.02210270033967
3.54327484030443
3.30704954018332
3.32470556280301
2.89391194313946
2.29668212951101
-2.15132063182786
-3.5327869977175
-2.19740968657254
1.97494321362954
3.34518180224293
3.10255194229549
3.10308055860341
2.78593948143615
2.1540423543463
-2.02337624464445
-3.3406618327203
-2.06814857082638
1.91729992525773
3.12915620489231
2.91632990646561
2.88353530872524
2.67384170576617
2.01313425183595
-1.8915955710124
-3.14976811551278
-1.9325396153891
1.85581213946497
2.90519499690072
2.7377113793711
2.65892097539451
2.55116030078875
1.87664215849407
-1.75006453130826
-2.95894438690023
-1.79721652884693
1.7889937176681
2.67963951911672
2.56740415489721
2.43474109988677
2.41358106145022
1.74372188336205
-1.60232337392212
-2.77151416894694
-1.66501244897323
1.71646007489726
2.45308314776062
2.38876231592387
2.22065962184386
2.26540644596761
1.61271410062823
-1.46064157768629
-2.59199140649734
-1.53174012403985
1.64142131631155
2.22653258996852
2.19581633011481
2.02039971884372
2.10733219468706
1.48698278062915
-1.32303642577504
-2.4218962005611
-1.40049784648401
1.56128157446591
2.00370119016536
1.99983677390403
1.83738684649096
1.94267136610449
1.36585340621644
-1.19033754537163
-2.25638126171333
-1.27175442959401
1.47268981330466
1.78441086139968
1.80384062722674
1.67899174717153
1.76957152195857
1.25143322189092
-1.06516025335789
-2.09688139672135
-1.1468540449449
1.37202396810878
1.57062900616398
1.60861565151825
1.53913745711691
1.58981957186287
1.1413153121764
-0.946267162954364
-1.93998727583733
-1.03013424798814
1.26105465856545
1.36540576472777
1.42261200550277
1.40655500444191
1.40161155584784
1.03027976282322
-0.827216861619924
-1.77532191362494
-0.923922143615273
1.1383421930207
1.16884141224958
1.25220933873662
1.27287712911259
1.20501402010352
0.914128487465131
-0.702968238080146
-1.59546821728913
-0.821320976693557
1.00617325045413
0.973447554213078
1.08788688197912
1.11064811784888
0.99328282027105
0.788467793790137
-0.563987569992615
-1.38083487123231
-0.713621997278634
0.861998962581695
0.771630342827381
0.922131485363606
0.88212565300073
0.737288852974216
0.628819337134921
-0.395393021008565
-1.08414215197274
-0.572035237808434
0.691840530092326
0.524931001892652
0.706343606194788
0.532409347044749
0.391947828398756
0.39946346108237
-0.171676248195916
-0.629937058330786
-0.361413345882673
0.470126833255005
0.184226492359216
0.383117979254643
0.0798417945693916
-0.0105015721125215
0.105935922026511
0.069542964711249
-0.037940177177526
-0.0995234189311954
0.219054194597763
-0.241239829244012
-0.049689155908163
-0.279015266400872
-0.319202446089871
-0.14262953823001
0.239807715448696
0.437909935853563
0.0841123697630415
0.0290545069030664
-0.591260542541067
-0.389766365925258
-0.697851801221265
-0.683955589122569
-0.435691222725606
0.440793939586265
0.989031306353865
0.285763621348121
-0.183275430745202
-0.994748189912418
-0.758409676001734
-0.97041110504612
-0.925848776133054
-0.621178848764623
0.575602029092877
1.34447725179045
0.414684093703654
-0.311720476632023
-1.25280358641192
-0.9909698187001
-1.20197393457411
-1.12960341850241
-0.767140753401813
0.687527635856539
1.63095220433006
0.528666116329129
-0.404147855987884
-1.46151883385253
-1.19053797857066
-1.40841362645664
-1.30925462615554
-0.883350469818256
0.787037641447484
1.86586134877594
0.641762933449115
-0.466050424998572
-1.63776951395824
-1.37788161786847
-1.59350986654525
-1.47524160434248
-0.980053932458553
0.885014424083102
2.06843935063457
0.757370897486711
-0.508127111851899
-1.79552439409986
-1.55979563418344
-1.75862686129423
-1.62790896700969
-1.0558652801302
0.988458961696697
2.24304432258829
0.864192251792909
-0.54893308853919
-1.9486564369024
-1.73794051988697
-1.91812462971251
-1.77316651499952
-1.12247548208683
1.09428905436647
2.41070870311973
0.954885881101975
-0.605897752619256
-2.10836679681488
-1.91245998222289
-2.07771427156328
-1.91363492162769
-1.18288961828415
1.20235495794966
2.58093221972894
1.03329591322315
-0.681465176372592
-2.2769190088418
-2.08376495153624
-2.2416417472645
-2.0521147818776
-1.23630998615029
1.32153705050082
2.77766780372063
1.11232458486428
-0.784541963218929
-2.46285265469163
-2.25655353709051
-2.39848781296119
-2.19376666955054
-1.29026371941189
1.4469247761246
3.00221022085301
1.20547550471606
-0.916132885077616
-2.66984269239239
-2.43537182309823
-2.54822581041861
-2.34014122000673
-1.34580599090087
1.57455744101719
3.23201343055483
1.30560181042281
-1.0719916455997
-2.89356545310809
-2.62138495635599
-2.69131427527172
-2.49571626585315
-1.41335239965248
1.69362058656025
3.45107037915517
1.41633163834562
-1.24259354594335
-3.1257364308261
-2.81390727809748
-2.82873348575066
-2.66212392197573
-1.50021554039639
1.79829346607025
3.6564860328904
1.54205121531393
-1.42396807652666
-3.36156004182257
-3.01221767452276
-2.95996586253347
-2.83159267963049
-1.59725185526423
1.89405805029913
3.84494766994537
1.67527062142437
-1.60437601711834
-3.59222415524185
-3.21045964115028
-3.0831906915008
-3.0044627382781
-1.70648843024895
1.98073668561351
4.02820447491006
1.81612912098337
-1.7740710735263
-3.80915769435442
-3.40771292246575
-3.18970236485977
-3.17098720731006
-1.82250854440901
2.05606753972702
4.20129118437123
1.95860719657328
-1.92000259614417
-3.99733358908216
-3.59084679291619
-3.28016458689837
-3.3148640592039
-1.92682138205685
2.12106009969227
4.35589914308044
2.08707110668872
-2.03602002581405
-4.14820303753796
-3.74457338713999
-3.3530549707886
-3.42706172525204
-2.00957610285263
2.17320889261264
4.48083668421275
2.19091957346439
-2.11841460583824
-4.25588408017765
-3.86061347484572
-3.40040891735804
-3.49532094367348
-2.06088432262415
2.20546275398225
4.5612531642037
2.25376072667155
-2.16915194559021
-4.3210201085553
-3.93004886824915
-3.4286851003501
-3.53535459659732
-2.09205852111204
2.22386351261033
4.6108192079552
2.28972567646351
-2.20042838587953
-4.35992756783166
-3.9717067495711
-3.44406089407294
-3.55704496432577
-2.11120543181124
2.23241492091439
4.64126662762572
2.30661138000073
-2.22105594627789
-4.38293837960935
-3.99702421848774
-3.4478991344559
-3.56039515274145
-2.11671314537313
2.23168391036737
4.65029282977054
2.30538156862098
-2.23157428218022
-4.39274542943128
-4.00558522241182
-3.44868919207449
-3.55909325517107
-2.11749085731706
2.22963675525157
4.65210308184954
2.30102664672767
-2.23831628903744
-4.39925761438245
-4.00895846472696
-3.43224081279725
-3.53223571588167
-2.09605301840238
2.21786149607877
4.62104624239969
2.27622259622941
-2.22555239997378
-4.38466171409104
-3.9841838464369
-3.39567576648591
-3.47696972658472
-2.05094649512914
2.19522967043199
4.55593461947805
2.22841712665118
-2.18782780310221
-4.34040432117193
-3.9255714916042
-3.34632091084608
-3.40219884665862
-1.99017117026929
2.164846196645
4.46840633977552
2.16370961128616
-2.13256096091933
-4.27390857463732
-3.84348600543238
-3.27472220206026
-3.29346431861088
-1.90306332049366
2.12092145780674
4.34364850891738
2.06893460350571
-2.0490957014322
-4.17106200303958
-3.72272285858702
-3.17587205925123
-3.14169474141588
-1.78454821936956
2.06196595527535
4.17476484075102
1.93601359253285
-1.92373243473367
-4.01406811101507
-3.55672162470267
-3.06714833949995
-2.97349470223611
-1.65682104592234
1.99910276345828
3.99214956735432
1.78774992771529
-1.77677938855735
-3.8281782612526
-3.37693776943844
-2.95368579306609
-2.79810699481347
-1.53271590342105
1.9299203144675
3.80320853956888
1.63280486352943
-1.6117264170415
-3.61454745937415
-3.19223094864462
-2.83807371906466
-2.6227199186532
-1.42147497233258
1.84712615321742
3.60895773664148
1.48236300751652
-1.43459925942641
-3.38096004182922
-3.00404840009568
-2.71739770203367
-2.45897267985642
-1.33863850888088
1.74299169340605
3.41228435366752
1.352514623769
-1.25694717878284
-3.1403930785403
-2.81230838798406
-2.58841682493116
-2.30541774961966
-1.27428249233682
1.62623223761212
3.20544606535389
1.23649115942957
-1.09034377923879
-2.9058848338016
-2.61763057898508
-2.44769195215736
-2.16294315434153
-1.22917738211159
1.49610957001544
2.99238419133785
1.13827037970466
-0.9378086976642
-2.67982017145004
-2.42362831025843
-2.29527813088014
-2.02665361322236
-1.1956122650367
1.35471327832187
2.78521229805375
1.05427944348286
-0.81211418691936
-2.47038784413727
-2.24345283928019
-2.13344933834927
-1.8942161654048
-1.16006923018364
1.21601184026066
2.59050084704423
0.980194955979476
-0.713396472850721
-2.28182070113044
-2.07555502452185
-1.96509566308136
-1.763340580129
-1.11474573018872
1.09158820742769
2.41019037046881
0.906493367809745
-0.641403965573477
-2.1168748930391
-1.91074906281051
-1.79431402275829
-1.62610491307494
-1.05630416033126
0.985452588202392
2.24748405445222
0.831799487782136
-0.590147417742099
-1.97047667455265
-1.74314268335161
-1.61670625687752
-1.48192347870228
-0.983442495790243
0.897008850991357
2.09540903907718
0.754883396335986
-0.553168435932208
-1.83709855973027
-1.57167088850054
-1.42842545855501
-1.33453700437327
-0.895163102041063
0.819889144812614
1.93292566135656
0.675820395160277
-0.516478906746536
-1.70492805599257
-1.40025409103898
-1.23241937486385
-1.18508749006059
-0.797078056453017
0.746740667191143
1.75678726426886
0.597272915877636
-0.474101470653243
-1.56910224194921
-1.23628026184902
-1.04229107352911
-1.03218393257187
-0.685615238292092
0.673002817732443
1.55406609560579
0.518693093858007
-0.411943001467022
-1.4179834235542
-1.08911308603687
-0.866915982998698
-0.881978238048466
-0.568583305391395
0.600648918032633
1.34512489407208
0.449350132571988
-0.339897904005146
-1.2652853598701
-0.961963988792946
-0.715211717064976
-0.739837401252887
-0.454967443455659
0.526128540072901
1.13848637781457
0.382918156655957
-0.262942509692402
-1.1143041927865
-0.855217854179004
-0.605206787576063
-0.628843116842387
-0.365419075814145
0.457877566704798
0.97516351112897
0.333524105987517
-0.195768032332472
-0.990115463480698
-0.791268940285262
-0.497436973252308
-0.520595407958257
-0.277148953275153
0.387134007831608
0.815552132802589
0.286943636284055
-0.127414296831671
-0.865009564182258
-0.735482275824452
-0.395517935099477
-0.422455715379515
-0.196639343331089
0.314510529154077
0.659467557047555
0.238010388482359
-0.0582037451867983
-0.738257179774264
-0.67535333590292
-0.301740114253013
-0.337872312967969
-0.124523303748373
0.252418421044234
0.518667170378343
0.194555627172594
0.00352792192058239
-0.622997326567024
-0.617380522730398
-0.212383818019427
-0.262992095767351
-0.0555632075001902
0.204525323206428
0.390277049199439
0.156631683531307
0.0588212707185484
-0.51705548213663
-0.556536909229846
-0.119017935733686
-0.194882995961549
0.0117925385920265
0.170104206715859
0.268852460906921
0.118884469677838
0.111124607399908
-0.417037159447966
-0.474686562848727
-0.0172387762843088
-0.127865710856539
0.0784551103724199
0.140436452611806
0.145357999818306
0.0788538320883497
0.167868173549433
-0.314700657551227
-0.367424344968398
0.085155263071617
-0.0621567489055178
0.143343801264356
0.118505572428636
0.0223559543528455
0.0333182189334923
0.225589690507316
-0.213741538010148
-0.242449166069607
