422.738379216799 431.119971947056 448.575038401263 475.053461827256 478.468218546248 463.946050483407 451.913273862486 455.224472962403 458.690146098953 450.587278236119 403.053141734058 361.891119340435 349.173084788003 336.130485508635 329.669157453245
283.938867431328 295.036538645422 315.80624911224 318.412490651285 323.549294245066 330.822131905524 341.432346399902 361.941567249687 386.275483776785 401.566011087205 406.483438592064 409.393546943043 416.575635515782 417.977934933507 418.352710789573
265.092736995307 269.34247394388 278.029304249009 300.180268827812 326.386318390636 343.418105159191 341.69632826106 345.540100026481 365.254614909457 376.306471919913 378.875174791675 382.959551460001 386.600413546972 384.382584183781 383.036410370644
324.074693286452 316.045470377869 301.120201956507 313.906029147885 334.094639350498 350.610595085045 353.153166524211 361.793214655685 361.202552257292 351.915601613608 349.959559998091 351.968033804433 352.260523831267 350.076356279905 348.840069333909
-123.682036943563 -103.118631790033 -61.9390116991158 -8.67353949870702 44.5683814493744 33.9398797227103 40.2625373814222 67.8474718489554 77.9802365261477 62.3310776248732 31.4269624324699 -40.5965871316647 -71.0362316054285 -85.8309550705212 -95.0252159225879
444.984040832159 454.552036429251 473.97754304243 482.081199547695 435.304980207896 391.306019135201 384.222891893995 395.717183249524 396.590140920308 399.7968523143 405.545779285626 412.059559257739 411.985425610197 404.904171053532 401.311983932076
261.301732708045 244.352069572662 211.413320936839 213.694315138381 235.259598517373 253.241288928521 270.852831872863 287.667905511374 304.10632651197 325.998361747024 350.086131797579 365.154905069958 359.967779799336 347.783605055733 341.687871800623
612.28589606216 608.498436680764 602.505841288689 526.884964888248 429.1943960561 425.193584336438 410.203367883573 413.237239371721 409.312199603783 397.433156982434 366.338557218992 356.198699837529 404.282689467635 428.467169575632 439.80422310692
408.299509154054 415.764680992974 431.45122671292 453.227597838577 453.258737332616 426.276046846626 405.284631388597 380.198513432067 330.242433003818 306.771472128326 321.431980730167 334.993192128759 334.00455786761 318.180619501065 309.827818746886
437.176569028096 431.800509768413 422.855348329669 396.504883962783 363.797408159516 368.513377582838 376.24017132763 402.265262857377 419.218691147594 427.936462011164 433.171602355982 436.763573769627 431.996056565764 414.46619950826 405.263050353973
404.558026172193 413.453952336621 431.903993182335 460.991818501664 466.290145953895 470.460997342068 475.571511477842 486.234742009323 490.753332494474 456.38940119475 410.797264168747 405.606810084866 404.051966681491 390.645044839644 383.623180655224
405.994145751644 413.785637863578 430.894709900877 479.787905402607 508.351945501345 523.419791516689 533.838786052939 557.324828384025 573.14024557428 579.150232062685 578.286527858991 572.047899996735 560.683935267196 543.974846302842 535.253649823411
326.845339512774 341.01853039116 369.577027535979 450.960574307035 475.815465088517 405.738619384744 369.559789663921 371.266488196022 357.645404945954 335.171382910544 297.176819594128 284.662405228146 321.867623519634 336.823920716131 342.95362439645
327.97285729589 336.858489707322 354.381503857788 357.563407168614 356.734357506517 368.685148168825 366.594550192053 372.697234524867 380.455628794532 382.188409827369 385.380209723267 379.310715287591 371.113290885961 366.855943484484 364.605839820642
406.670392676565 410.520289882743 417.84728033424 411.060792654796 367.284798314427 336.393509551394 346.559217646772 374.848152457233 403.399488571223 426.085287566091 439.772949343774 442.69333519319 451.866558925434 450.939040474202 449.979263607667
411.818086776491 418.320595042927 431.537703076388 455.871312797584 472.218847982176 469.013659204728 472.701680842179 508.964683931072 539.025020629865 556.321914028639 547.422189025411 528.529054088715 514.454502053707 495.327128672206 485.589635396781
401.517230858787 386.012537070143 356.593047962461 367.08877350909 402.213898112997 422.797818282526 405.250257228984 415.851289627961 438.481241481592 441.607340954066 446.083431565444 448.586707590231 447.396352499789 438.677542575876 433.869421975099
409.886199582648 415.442768321008 426.979617142555 445.557016614709 464.176507149013 484.193756208266 511.144404705134 540.430780738934 530.019548703644 474.460953471868 426.777346166865 425.428413525388 429.168411645859 421.642233554987 417.78381809751
349.481695321327 337.233647177169 316.711862421851 366.613220315512 399.39881539821 430.85790588828 428.872032722916 384.903552199984 340.258300139522 445.11976568125 532.614930643162 491.793189480329 476.815337272429 486.008651553142 489.797994609211
437.751619472101 447.329182319301 466.480799007042 497.193032525102 531.792977923669 551.497113743809 555.603240499429 611.493559802974 672.007800101692 684.411297331847 657.948361642906 611.138216840087 578.281197486586 554.119288301576 541.374785366051
399.388942363333 399.925755781481 400.966756032139 426.443457259217 467.061581804106 495.650872711267 507.13699485356 523.696919839952 530.622732543834 525.767764198037 515.404984797871 513.229554135865 513.860285841732 510.273927125723 508.211735069701
286.419306800326 291.588091300057 302.472385817542 328.917998603305 355.784624382261 394.105324060283 480.337662094687 489.532920152759 476.032647926682 485.246037445863 510.626274373897 532.900970936174 537.652403015189 523.346307621883 515.846433432254
396.694114826143 409.181537351919 434.899188476944 488.07693948795 530.674987865507 549.631741640191 542.576473619152 545.404913096983 554.471958857589 557.435108668417 546.224317028147 536.586569942749 531.146010380467 517.081893447474 509.643181650167
404.137629227576 413.333022446992 432.362083221914 476.885190383707 512.002333477272 530.483565031488 538.151985128198 560.36145217387 576.890279519561 583.154678889107 585.228504622229 590.858572781733 589.804407770489 569.911664087351 559.569101672212
444.575609231899 427.240111215211 391.865378646255 366.726981066479 378.496375065376 388.040095330772 400.358247152596 418.151815797469 426.804801047753 427.704184862161 422.712659347216 417.717475309162 420.014998144504 418.095621082545 416.828894181682
399.339168932942 402.780479090404 410.145306793994 440.041634647894 471.883124841974 492.824806598641 493.784686636073 501.021415899022 523.136161582325 539.312534987256 541.852350562586 544.179679786989 540.371184832722 521.50970056971 511.609239952265
387.741873563784 394.812316850195 410.170722819213 408.2254767139 389.974696244569 403.968842877533 425.539465055102 456.728795609583 471.57932871522 488.967000749997 503.003744255432 498.118719407382 483.106693708505 463.793398384589 453.794564144432
374.240343648844 380.406203410737 393.260161630195 410.891968129541 413.329727411521 416.49860830356 409.829909483986 404.58524166842 393.068699824417 387.162124171538 391.056841738755 400.391448081034 409.671344936061 406.908444073563 405.236191374094
406.596398053242 413.569997371028 428.048601722827 450.429574071027 463.966476111716 478.417227030239 492.789613674074 511.775071780572 526.876913510677 534.214206378633 523.578625025394 480.787450560077 445.705389579085 430.034987438147 421.810307573382
410.951902500559 417.828825403736 432.014325608114 452.362884740315 456.383296169628 436.640274865714 404.282382353968 412.121556734759 412.687984432123 386.792312892144 374.383840982762 369.895053751809 366.621624532268 358.169973947741 353.73647624387
381.098666885169 424.253532080146 510.618175602227 616.997176278482 653.817892352396 626.463256942481 594.606631106799 601.74410949559 620.933402350068 633.93049762333 631.583688487208 563.362497624664 471.359855249652 435.662812719375 417.687425759057
371.209200215983 377.633021274389 389.675920452893 388.624478699346 350.708213215176 293.754325196222 271.959130090896 286.584949091046 306.216771771105 308.989648317301 316.184106089065 327.523091173192 332.217093051292 327.167116390976 324.505840243992
508.745422298483 510.480965328575 513.720195564959 525.8283499963 545.159652195728 555.585518979331 533.874862564023 517.117126286786 503.403960942218 501.614544818562 506.691647987253 506.147108393007 503.288305643737 494.606315994682 489.968685900665
-247.741900346091 -236.850937914016 -216.077263372018 -126.120734435483 -24.9248536151711 -19.4460662453268 -100.510361024093 -233.121501671525 -251.961559421949 -196.719590751635 -219.907085168424 -332.131319876024 -395.863985637864 -464.321874560265 -499.639891682769
407.280103674873 414.922360506087 432.254766209561 481.659901659934 494.785876548522 505.344733685562 511.955770506233 528.696472025262 550.505430200522 565.110525038878 571.504671621983 565.252275388467 538.717007909192 510.340810721449 496.066482018991
400.190708650767 407.313914809105 422.079730682951 450.310478907584 480.743430079216 514.790382883453 494.948058517993 481.891402063455 478.653902397481 447.391090485021 398.759227730568 376.947575783484 370.877168826825 355.048135086872 346.720993207769
360.340214454235 371.721537835137 395.474176912334 436.947717327376 458.278529301165 472.815967465267 472.615188763367 483.637408710949 503.966462712949 519.089840644784 527.551336361222 530.195342147469 535.38690444101 529.313882838134 525.860708553633
391.174317521731 401.87076780941 424.461865363693 471.865402265019 488.036402562119 484.742185898549 484.270373153735 497.727022151815 507.274648296088 503.410210453303 488.550287320851 474.492908467364 466.647813401416 456.40092308558 450.896275050468
487.079734387349 495.802293083293 512.250723077003 466.780267263927 383.061668227849 339.080566014793 336.814193967414 361.067326423566 375.595884861545 374.203588300512 374.123710026855 376.573262614421 369.306694259088 354.229566833404 346.521118319052
421.404148054038 423.1918740981 427.416866913792 445.202478838271 474.674823801674 526.361764784087 594.620925957895 597.976215466889 500.796596045241 373.708326478204 325.818269131467 321.90329392446 317.332183572128 311.007737085637 307.750140972492
336.0168831566 336.281226194197 337.804456806207 338.117878435035 449.666347673587 584.886271272185 599.320422708574 597.468920346347 549.924640685513 427.154292099418 391.266703188056 397.04143371313 394.357334978947 373.386851277648 362.630350714968
507.953128765862 527.258389755333 566.040714547781 611.849348272071 642.713587812518 653.799725126862 657.692179848681 672.164031937825 695.541676655492 720.989836721574 720.842891107937 692.128153584061 659.362809541036 634.347672446116 621.530361477574
417.543384347174 392.472536446497 341.709302633959 307.846852046768 341.761128882783 393.342675013994 417.623974267486 426.509552489067 436.785696680014 442.548135640914 438.841246962764 435.46245008774 432.17548223088 427.356156529857 424.788540642633
526.384404091049 556.040183508752 616.929434617805 648.902972075608 486.117801850734 -122.709998800959 -544.861888342449 -555.596323660667 -404.265270412742 -247.266826580936 -236.292397016345 -253.915961492777 -266.499177738729 -237.489264548225 -221.756712357986
509.740740565475 528.437348629799 565.794961826526 610.307816516272 641.276973487395 653.793564936935 659.220922864061 673.836417418821 695.877882056811 719.340040626619 718.579654635477 691.005957204789 659.876074413873 636.004203342086 623.662782280771
514.765116419434 531.381376398537 564.155239614987 605.667976259848 636.120383770914 653.391240214431 664.871985989779 680.109393719594 698.209554272989 713.713425676412 711.873330065144 690.3267008914 661.203639822889 638.794673574501 627.173864994216
508.59596755507 527.7888777739 566.285641085706 611.731485239976 642.466063894969 653.598825086482 657.578563143266 672.032138533808 695.279158799813 720.575443992191 720.455132706178 692.008005486221 659.691948130068 634.977782558189 622.277846021533
509.141522194747 528.150237190083 566.215440150016 611.267241140726 642.043268648488 653.613622297039 658.051355394741 672.536783188132 695.361783424032 720.045329159529 719.724442594922 691.623102677997 659.858287558474 635.536922783267 623.000548851033
438.405090472849 436.278859381242 432.042118385839 425.355588264212 417.85756182864 409.2972006696 399.721693211268 389.321052246609 378.404404656309 367.449660718579 356.773233729335 346.364916647877 336.05580210314 329.164349272023 325.719508858566
459.877151731508 460.99018809801 463.223730542379 466.420110131515 469.177362319397 471.208594195179 472.254670123411 472.125188787829 470.767695356678 468.35670153647 465.232811479581 461.717342136762 457.999346461423 455.471723787799 454.209820591602
488.793454594923 485.753923272489 479.6828037444 470.411207710318 460.62970812734 449.960632117795 438.061468827184 424.709163700703 409.927219941255 393.980290735577 377.239941428298 360.01688475935 342.547342203457 330.84801134918 325.000356883893
357.830610764334 352.471101148253 341.749081660629 325.73037635571 309.913269344326 294.431112351612 279.365147636671 264.725362800947 250.453499612593 236.487750995494 222.776719396906 209.25778167144 195.849940905903 186.940794974915 182.485104575453
228.387883570754 222.328078608249 210.206683394268 192.065675735474 174.067905123746 156.301330698736 138.762619392721 121.373002130984 104.03555146839 86.7474551635198 69.5703302786779 52.5221606635875 35.5527829089555 24.2668277373576 18.6227952383544
90.3269751670948 88.6215826762998 85.2404484529793 79.5129281714915 71.6509610186839 60.3222854551463 45.1527767783068 26.7055400861734 6.0003954199602 -16.6719020253688 -41.5602601638085 -68.4884324154402 -96.6476539984612 -115.791099570887 -125.348580456006
-269.646051663672 -260.620271075769 -242.44988157408 -217.829622305878 -201.835182173086 -199.852994964139 -213.300773972364 -239.731796483055 -274.852191692761 -317.486577845472 -368.776662910369 -428.135541958778 -492.360216003374 -536.658054004271 -558.749915498474
-443.205919584811 -454.367664876331 -476.691322785187 -510.16986200013 -543.601874345587 -576.955261060715 -610.265263239181 -643.617483555428 -677.100971677358 -710.712734315974 -744.380818121425 -778.054892813489 -811.733817078634 -834.180851567613 -845.404637425855
-662.778643661679 -676.804656377241 -704.856977635283 -746.930162410576 -788.99536015851 -831.048861325149 -873.072883081683 -915.041354273495 -956.931403246578 -998.746244796254 -1040.50922654519 -1082.24168637782 -1123.95483845243 -1151.76055073245 -1165.66350195858
-753.557484475693 -768.780059254518 -799.225276946833 -844.891513152985 -890.55200582271 -936.203150470081 -981.845388002296 -1027.48240912029 -1073.11899317898 -1118.75592239708 -1164.39097315289 -1210.02313303295 -1255.6538512 -1286.07368775301 -1301.28363284861
-660.017757117423 -671.416757142577 -694.214411730995 -728.418290816255 -762.644234912997 -796.905504866973 -831.207931660372 -865.550148672206 -899.925914495531 -934.331279267239 -968.763832439142 -1003.21811486776 -1037.68486720234 -1060.66600521459 -1072.15644941685
-452.753803554869 -456.772974301181 -464.814180734746 -476.815231655125 -488.641115903431 -500.189032435726 -511.421375079811 -522.343480161757 -532.984266046649 -543.359794060638 -553.486883230256 -563.415581850305 -573.234878292428 -579.753323320777 -583.013587531021
-206.777951530509 -198.82001333572 -182.859372378333 -159.837077546794 -139.239601765844 -122.477636261348 -110.318177938564 -103.329362791649 -101.89067955 -105.913605491319 -114.705911187418 -127.083540178676 -141.416561818417 -151.407886526894 -156.38770399255
181.079481124221 183.488645837236 188.334189987586 195.044909103926 200.284591902635 203.189518439284 203.273598646168 200.169470955596 193.631857119534 183.720999765596 170.877902669717 155.837111558234 139.596496603546 128.50280047575 122.965632260646
428.674714061829 424.557084527938 416.321543477533 403.974334226675 391.646705258074 379.350143579383 367.088130519082 354.864577904293 342.684221362486 330.550745907901 318.467302030353 306.428172749509 294.414205336348 286.410517746081 282.408475226657
468.122518157127 465.486086027474 460.213721956098 452.293531928863 444.344148173607 436.367847863828 428.386643647749 420.424765974568 412.498945286713 404.616257442811 396.768584571559 388.947004777913 381.145217507252 375.949354719151 373.351231551185
341.935172993584 348.457186319237 361.500063837373 381.086022374255 400.701405623781 420.356946956728 440.063709280146 459.849375100058 479.745951586671 499.763087968339 519.842828877886 539.926245928166 560.006250136945 573.392681720265 580.08587313702
458.606070275903 437.507733995875 395.310234317823 331.99784842742 269.579542250369 210.310887195816 158.04639642158 115.630878903767 83.5589606615442 60.5203678689952 44.3046562759043 32.7858061463907 24.0084628012826 18.8239888368238 16.2070256984194
588.3262751794 536.659370951615 433.330040497468 278.191875316926 124.088677298659 -25.7264313889464 -165.50832710161 -291.002325551095 -401.491023405961 -498.949415488455 -586.666897596451 -667.735643700379 -744.942424633266 -795.471976650477 -820.771730315379
513.957155805179 471.992537149775 388.062333734364 262.188511788137 136.33298935495 10.4316513317348 -115.656588639056 -242.037855071298 -368.726247354943 -495.669868844785 -622.790144704965 -750.02354794282 -877.319968067181 -962.199878744 -1004.63924304247
515.4937066751 473.305780958688 388.930729724636 262.351223231207 135.735094740237 9.07861022298382 -117.599346981234 -244.283347772144 -370.974331187285 -497.681924329619 -624.414779874742 -751.171575144142 -877.944719596267 -962.46389411341 -1004.72335170202
496.218959969071 457.911399428142 381.29426479884 266.417012207213 151.486085884311 36.1251482695384 -80.3779910175525 -198.553714741291 -318.485180177272 -439.921870946655 -562.459502495908 -685.735633944831 -809.436080018542 -892.006954002878 -933.288513185998
527.091672638566 487.306056935056 407.734370580038 288.357870094939 169.718122648099 53.7086923662682 -56.4226082299918 -158.275819822663 -251.432691685577 -336.997830995755 -416.839719121683 -492.75045421984 -566.368588845755 -614.88924650633 -639.170271201045
537.212888962031 501.097514335351 428.876310190309 320.279631347936 212.808592464237 110.556166443799 20.8804424781364 -50.7591691272002 -103.456759203633 -139.756682448674 -163.870274048965 -179.707654993588 -190.75132848309 -196.943538681322 -200.083168224386
359.878970347938 356.89119231192 350.912646751643 342.013774793626 333.09412701141 323.762218250005 313.25401498247 301.002265927853 286.925195530587 271.296372205323 254.539630408846 237.026272743599 219.079769018493 207.00927759615 200.977997053169
340.455488635562 343.844989080608 350.627105790712 360.737474662806 370.766601678459 380.761149033696 390.858200296924 401.134904732699 411.555415984238 422.039666321425 432.575945736946 443.18030937272 453.82205095503 460.925047250216 464.476245315381
307.122420786647 311.706272528933 320.872376857856 334.645406745494 348.388605466935 362.092227896667 375.786441435883 389.572638297486 403.57693539773 417.860590798037 432.258652079427 446.608677514843 460.919646920802 470.453777406302 475.22098254433
232.267312935062 237.015298208366 246.510305857962 260.775444962484 275.110428985606 289.52846602416 304.017077003684 318.537989563719 333.041923858096 347.497150417345 361.930199393842 376.374173142122 390.82750146872 400.465246239648 405.284056637916
236.526483519764 240.576981038525 248.67745451181 260.838541434564 273.035773463484 285.304047155844 297.676958099826 310.162357096451 322.748857499614 335.413655034518 348.134222456451 360.889885641648 373.66550277306 382.187547495445 386.448378454257
300.273139651162 306.023777472359 317.525305766891 334.77413487074 351.977504230174 369.043106017481 385.845810830162 402.276700989928 418.328037923343 434.059519095463 449.553016245968 464.890622064942 480.127581976466 490.253106979734 495.317134027642
483.754826047203 485.737181752103 489.709788782765 495.502259454134 500.890933903542 505.739546338036 510.012873997412 513.71240004526 516.819427134068 519.317403933775 521.226643236894 522.6295586029 523.706155416211 524.352632414676 524.678310036441
505.347455968577 508.528431141392 514.894358995575 524.358184874476 533.633192282389 542.695887874436 551.592894497748 560.373188114496 569.02601379671 577.507853298749 585.782041291376 593.845515172504 601.769953495268 607.027082120722 609.656449377584
452.526819228535 457.855737326295 468.513363506369 484.5054925279 500.490135107608 516.416714312043 532.210144404952 547.802466599101 563.137822316238 578.193726290913 592.999191900582 607.623623944179 622.139351267737 631.786453404288 636.611147148112
438.81996915511 443.620700005253 453.221687979582 467.632458004276 482.072756301743 496.571093365766 511.154986532829 525.841063759787 540.666546125559 555.659762114174 570.813595518648 586.093201142886 601.44744672841 611.702945956141 616.830037301101
481.899766183819 486.434897088897 495.505177742418 509.110356758828 522.713356178933 536.311252439223 549.901376372492 563.484340891756 577.056587148983 590.615320385541 604.16374117209 617.705443982349 631.243429235806 640.267694226651 644.779868899129
526.999365677457 530.977779869994 538.934580107447 550.870403511725 562.811258576748 574.763452000017 586.735446008839 598.733909875847 610.761624182111 622.816192281473 634.88924708377 646.974088894655 659.067122004796 667.131128567341 671.163057813793
572.450253865307 576.456995799541 584.478098286343 596.353834162349 607.907361499115 619.048377857051 629.811372743695 640.270874254689 650.404044888716 660.111596881408 669.254373554641 677.866920717817 686.165382519325 691.615474158147 694.3434441785
564.909436632516 570.459374235082 581.575198499027 597.919982305223 613.439454672103 627.737497785282 640.557618431961 651.747991072062 661.186710259179 668.801685740768 674.637539548006 678.985012392171 682.360993547556 684.364535717516 685.375215108381
574.918461170107 578.924052430072 586.941448905048 598.823262221827 610.428115005565 621.607146503219 632.339285794936 642.674165257397 652.582521656816 662.043961939833 670.949344554636 679.386915050033 687.635064581577 693.076693213067 695.798725959024
573.135920025081 577.360483655414 585.814194491697 598.395127177209 610.702630355335 622.544062756505 633.753401280147 644.222802216119 653.91099091097 662.866811672734 671.193281580793 679.05817463431 686.662395915288 691.668764982564 694.174006536768
569.369961084642 574.22233564505 583.939242492416 598.263971555942 611.986244808351 624.854775276286 636.744249244165 647.596524003994 657.328441954921 665.845131744612 673.109079572267 679.285149328986 684.74151247441 688.193058800762 689.925524678808
568.245886694866 573.242381689584 583.243813124011 598.071399093339 612.38953042587 625.849159147382 638.123404280207 648.978414704091 658.329444058018 666.255470128681 672.981231299216 678.817624432719 684.104874025725 687.49873790628 689.200427085938
560.639934108403 566.925960724184 579.523418659393 597.895905870067 615.038612556477 630.482335504264 644.042034064235 655.657852947551 665.163771466457 672.314189468751 676.949361587593 679.350655350983 680.261221312979 680.479265981302 680.602261646198
572.057972905217 576.468047091281 585.295600775024 598.384524843701 611.086587674702 623.193255187275 634.562885661362 645.119155890675 654.81738086102 663.659179106654 671.698237205404 679.103034362256 686.129162705954 690.721462414907 693.020924239806
573.168345243638 577.347225066976 585.705695013375 598.227674320471 610.601717549221 622.617908282202 633.987693313326 644.466971204025 654.003776433363 662.739113121494 670.955415843623 678.875256452488 686.608983025814 691.725887422555 694.285797375821
567.856701858558 572.980073285323 583.244136086368 598.283483061052 612.519458445274 625.694341321943 637.771126074441 648.785383369704 658.640121171388 667.122912011711 674.036587786871 679.505000715434 684.004081239487 686.747478856479 688.128354573647
573.979737216399 578.066691073653 586.245029626561 598.420991836091 610.350206103654 621.890500852319 632.925247013744 643.374022852046 653.19524147943 662.392628337478 671.023505375587 679.203895115614 687.093805098966 692.281345828683 694.877733598611
575.839433582477 579.620744708761 587.184370816899 598.508869664782 609.736812940041 620.756822601953 631.436284879327 641.675655591409 651.462058129057 660.871834807361 670.037809936836 679.076798399636 688.057532451515 694.036136104452 697.025771104034
564.665691401125 570.268540699294 581.490776986904 597.982941153512 613.624286275745 628.013291658594 640.896373049988 652.125222028028 661.57268992681 669.153843822565 674.899549387141 679.100569499006 682.290428912758 684.158909014917 685.102445534667
560.356319914611 566.675784647173 579.338949812188 597.833968536852 615.131936137042 630.739061123697 644.414201099689 656.045574120627 665.461555740965 672.459066634935 676.946688499031 679.244339426323 680.088889492844 680.275272370341 680.382003998863
573.14205763782 577.353317320764 585.779471875683 598.348194332121 610.674196455718 622.571464348092 633.836266770155 644.310513577185 653.95407188891 662.835328799596 671.131129856448 679.020651087418 686.647440051733 691.673435536668 694.188805600254
575.189685817405 579.081409075182 586.864365593633 598.565101883197 610.18393828849 621.609395102996 632.60848610576 642.949324572466 652.607573274027 661.685712045664 670.488391988806 679.165777959756 687.673029235983 693.318553721829 696.143148112869
551.188755502653 558.997751603659 574.649291955136 597.434067672383 618.509772558246 637.091460515291 652.706168646075 665.085493787214 673.971371457096 679.161028501379 680.66732689188 679.046648076264 675.374083215877 672.399523873237 670.931166231164
535.415645757601 545.966027596765 567.146644404852 597.272011075774 623.840288232198 645.958263602243 663.847713982388 677.969860568493 687.888471772383 692.341604844526 689.978022414265 681.028685369077 667.561157003974 657.365966564482 652.311878002969
575.796944030978 579.530520945523 586.993339108822 598.276423629306 609.637066607245 620.903604637371 631.760810429239 641.938810979748 651.427643186482 660.47927179505 669.485137151121 678.680340969081 688.057604633043 694.372786560286 697.528167171101
576.489810224558 580.092371098179 587.294601867892 598.157105654322 609.073247032722 619.936933712129 630.546267615282 640.724319427436 650.460752170609 659.911868913306 669.326511976489 678.85006904189 688.473105434911 694.923837672784 698.147983185292
578.384187651152 581.635802793528 588.138537588457 597.902890917682 607.702801001757 617.565662770776 627.522642581204 637.599658507564 647.805652119928 658.132818524472 668.55660030402 679.051787630718 689.596348161947 696.638111289406 700.1585504083
577.111129975047 580.556028313862 587.446210268453 597.773527875023 608.079670058144 618.35302727202 628.5842265061 638.766502731568 648.895628804521 658.970512131588 668.994709872145 678.977417132709 688.932604664015 695.562417813731 698.877576503693
577.388334587827 580.781204631846 587.566982292741 597.744870587946 607.920177810476 618.090731372845 628.254286736639 638.409274950555 648.55545443007 658.693952053432 668.826825223866 678.956176936113 689.083646003363 695.834912844379 699.210560321374
576.427183661483 579.988359521697 587.111628609221 597.777580090063 608.388524895518 618.907228791155 629.298549778835 639.536300540562 649.608992735413 659.521910952715 669.296614864918 678.965880902745 688.568270184588 694.953536465119 698.1467617364
581.404872583345 584.20326090935 589.794088454884 598.303062340306 607.082733723776 616.211307147874 625.688253174386 635.49270084896 645.660959148867 656.279878002987 667.435943961447 679.09892353692 691.106569503363 699.203858890505 703.249207817214
525.23074257857 537.702268065248 562.768953470847 597.819016294173 627.651896324569 651.395442448324 670.14753483465 685.298879756836 696.367804553018 701.096940651093 696.702800564798 682.989076929361 662.866197008172 647.696815366606 640.174545953014
572.222559958392 576.658169818872 585.536010214392 598.716034812527 611.53065809164 623.773861725967 635.277948682428 645.923847684934 655.641140433313 664.419491916823 672.328163632113 679.532496814181 686.275969799369 690.65536803879 692.849266107155
580.024521654282 583.253776100679 589.713588929475 599.376489291425 609.018012938215 618.692302650388 628.499112927125 638.525570778907 648.778449763518 659.183459722418 669.620595428302 680.016862615916 690.371816028303 697.259578895039 700.703991022998
578.921386342507 582.311344769287 589.091041644989 599.265108333673 609.440970559427 619.606070540205 629.738698397312 639.819914690674 649.847407244196 659.835829449587 669.809889220827 679.785687999575 689.765434930452 696.42060554647 699.748124494677
579.146269959865 582.505005782837 589.22212087929 599.305977946611 609.400390393613 619.502479536765 629.597710472652 639.669939323339 649.717442752033 659.749809174769 669.787510348708 679.837022375815 689.888939674034 696.591374458017 699.942594468289
579.08587029281 582.443787786712 589.159566229363 599.234249244182 609.311070888915 619.390059403169 629.470474060977 639.551557179319 649.63330485503 659.716726215643 669.802972917553 679.892510954438 689.984751437171 696.713651655801 700.078070447563
579.054039909656 582.414024155242 589.133946370191 599.214730316493 609.297323019229 619.381712788374 629.467119582013 639.552677295785 649.638206504697 659.724399233027 669.812286730651 679.902384203072 689.994319834815 696.722812112672 700.087037520242
579.242090687785 582.573531124326 589.236331974581 599.232467847619 609.23555472301 619.253608260534 629.295266195596 639.36678963643 649.470015332952 659.601130060893 669.753142526089 679.917428677164 690.086429866181 696.86647722676 700.256482935897
578.136177241058 581.631168072919 588.621352332359 599.102427808696 609.559196245479 619.957243423609 630.253381140641 640.412471220106 650.423959622009 660.305496209313 670.093471635415 679.825030951645 689.527792677114 695.990714294893 699.222381146515
583.613423700839 586.267477366527 591.574338237753 599.552517160489 607.661141826359 616.076097030799 625.032692775599 634.73246014899 645.235921166008 656.455718116005 668.188067565665 680.245495818137 692.502753740552 700.716925864447 704.82220888689
559.701641013535 566.117214058013 578.970695835347 597.847224138306 615.623381720923 631.823386797962 646.055523943481 657.98681558881 667.382972696335 674.056310728394 678.115189349943 679.883894972384 679.934398150637 679.522903497226 679.334926015057
508.465719739496 525.807529647385 560.778183085358 605.641801677399 638.00324214683 657.075901346508 670.192652090863 686.075043876284 704.528639632466 718.525072484777 715.218583938315 691.995429663685 658.082030173612 632.150927594777 619.253466452621
560.61740050037 567.158698266186 580.312554395333 599.08349993861 615.637332200811 629.991814013214 642.773385900272 654.555448452677 665.313335851485 673.910947566728 679.473231955359 681.710855558507 681.117213333268 680.03853773837 679.538846855994
547.663587026616 557.308782825458 576.686862127664 602.112334488266 622.185681585344 636.01992899741 646.999413076806 659.516729269729 673.325878175962 685.61487836397 689.706507592745 684.631700805063 675.876236564181 668.655114671843 665.038932245047
504.378235545341 522.385419842082 558.67627078778 605.369176724862 639.393035902029 659.739339814794 673.689824900388 689.997873100468 708.34974500821 721.765869058097 717.170765231388 692.006927202522 655.922038296849 628.411821588556 614.718526331035
583.626275179406 586.215758148489 591.383726995928 599.335683341942 607.728484642518 616.576689572847 625.779760430943 635.270080133748 645.124812790814 655.609557863005 666.96367778152 679.28008209054 692.408866608995 701.387639219469 705.868108130925
579.840464962557 583.055056256402 589.483512861786 599.146432738699 608.862365879074 618.677211919404 628.624979675143 638.71626622179 648.94156539278 659.264878899551 669.648416992441 680.045664120758 690.418503018662 697.323991201716 700.77723422292
578.559380413886 582.000828379202 588.884407119124 599.194485087369 609.46846365258 619.689462899833 629.850500823491 639.952815149494 649.999299566072 659.99501567953 669.945029507208 679.862380632228 689.765183134048 696.364025490323 699.663522074599
579.152420296872 582.498315118743 589.190040118838 599.229144438563 609.273076735227 619.325728706451 629.390924670534 639.47108335901 649.566118643122 659.673439135632 669.788963520736 679.908884936943 690.030678659101 696.778808587503 700.152867874673
579.079565695761 582.437727325163 589.153997671842 599.229540495702 609.307256237224 619.387246282378 629.468619694853 639.55040237485 649.632666303228 659.716501833734 669.803504688941 679.894198088558 689.987601691694 696.717335704355 700.082175982695
579.139719946878 582.502700018999 589.228524048237 599.31895221073 609.411752800494 619.50316632772 629.586898711255 639.657440803515 649.713460201444 659.759698794408 669.802152883007 679.844926125885 689.889359857283 696.585890634119 699.934102696876
579.047980772807 582.43247913587 589.202100422236 599.343932134218 609.462678520297 619.555711590494 629.63316078343 639.708104818615 649.781081499184 659.841556574871 669.871986806928 679.870810251657 689.853329310147 696.504125485696 699.829678296169
582.654575791278 585.422378772008 590.952361135717 599.363371025895 608.035964258507 617.053560621164 626.43055928943 636.161968410834 646.288622012076 656.890225906166 668.037720316409 679.6928402303 691.694973357019 699.78898627575 703.832678061966
521.006817055751 534.323215982328 561.100893754246 598.279467610181 629.44759386105 653.77335960759 672.81573632391 688.440561384548 700.143487360541 705.154916777105 699.956989686769 684.110908676342 660.918303100894 643.434425550732 634.764368424921
570.269421142163 574.935181079494 584.279162074582 598.037998537537 611.215193535375 623.618379937771 635.211560983649 646.012384874942 655.948655969753 664.871533740719 672.647145161485 679.371995366815 685.393501990292 689.222113206179 691.143066125098
577.910002613353 581.267523943947 587.984400544573 598.021950933015 608.006210691263 617.969612180443 627.991300868349 638.143007185618 648.424839396931 658.765742868935 669.058541796075 679.2494238497 689.360264583926 696.075850057928 699.434515985231
578.552200795854 581.771596767134 588.208876128123 597.896005150053 607.653565737505 617.508430429836 627.467915022626 637.530788296196 647.705755272359 658.007999207191 668.451843887345 679.020983791279 689.668456946387 696.78706599202 700.345647431168
578.093605233122 581.441738853867 588.133608699475 598.261887513852 608.528795484899 618.869721278076 629.119455820149 639.133637110803 648.925874231622 658.667507791881 668.599001861223 678.837797984149 689.323274327263 696.388318220112 699.918200046587
553.942041248405 561.348031983398 576.204069842535 597.580182888701 616.984061442653 633.904386443517 648.437034388942 660.81313848301 670.784816722565 677.666267304905 680.73518251311 680.139349945367 677.031917752075 674.2848681379 672.935497038724
547.462807324818 555.965536824614 573.018793121868 597.612859440503 619.950553139689 639.25369034915 655.319820485683 668.153165213137 677.451465030379 682.657698651615 683.30966188513 679.818796551519 673.543494925628 668.625825861519 666.193297383725
560.327101203611 566.648883296627 579.312374689917 597.896404257128 615.413743453998 631.300902666617 645.144257693068 656.680652676032 665.750497132851 672.324398038005 676.558656488839 678.893942005158 680.007019248394 680.44274010984 680.671661204807
566.964467820884 572.087967016617 582.348554822089 597.459247801355 611.884200867283 625.31813934428 637.587195475472 648.597992005205 658.250642932849 666.455674662756 673.20270998297 678.70314438545 683.38372039638 686.293505618897 687.755979042597
576.141387776335 579.699227673981 586.815140433381 597.484026773376 608.117302918332 618.665333376558 629.063840677119 639.261914135225 649.252114743824 659.071236875132 668.784978118026 678.446895722074 688.083762270212 694.504714055202 697.715332820211
577.998031667397 581.195153089257 587.588666479052 597.194058219983 606.85039887484 616.601641968967 626.494284077615 636.56216269272 646.812632046384 657.225104919511 667.759112037024 678.371985681802 689.028921290534 696.142926470195 699.699583917717
579.828692568962 582.688356409178 588.403589147881 597.060951861118 605.92448159727 615.080885350256 624.578252961832 634.444725257325 644.7145240807 655.423984489653 666.583932868164 678.137648298488 689.958793917575 697.909199944553 701.881896525989
573.497038884475 577.152507224214 584.461652000919 595.460950662364 606.469650022118 617.41459407359 628.140472508857 638.494163449215 648.450083896897 658.096057043098 667.616115180684 677.102518799109 686.535421515519 692.813645438778 695.953175660007
528.986297273677 532.939277401517 540.844973795031 552.708947652673 564.585087296122 576.477695371948 588.387966783379 600.316453078976 612.263741558264 624.231365886724 636.221903155327 648.232934679831 660.256947825306 668.276202652051 672.285714516127
483.822238495314 488.342349189928 497.382703263084 510.940355862609 524.491791031258 538.034989575012 551.568600880836 565.08909165196 578.597147281722 592.094001894533 605.577730799579 619.049284340959 632.512560884165 641.4861431794 645.973000230848
438.409461553744 443.195262147248 452.766366320586 467.133327719011 481.531576489746 495.984679845774 510.519226612499 525.16756176915 539.954325768088 554.893837341701 569.982130626488 585.190159253009 600.475448983042 610.684206597221 615.787860958558
434.303916641419 438.643394025754 447.321896917729 460.34941430137 473.402529083806 486.489470800384 499.612409881103 512.771984240527 525.971748342925 539.214172822661 552.49713374562 565.81328292983 579.149768374884 588.045236725534 592.492816936388
436.063921602972 439.169541425307 445.381469183153 454.684596387275 463.948464035191 473.159073911302 482.308753543542 491.389320549186 500.383932939348 509.278844336182 518.076122927139 526.794722623856 535.465174980057 541.233892749536 544.118668859321
438.171650002145 440.725351027843 445.832538836505 453.498077748287 461.175072094717 468.8633777237 476.559250262369 484.259670858802 491.965621526593 499.679886406611 507.403422295554 515.134460482518 522.86957287422 528.027319501073 530.606155795416
439.912256959087 441.967523153822 446.077952843017 452.245734406801 458.419337807534 464.602044609666 470.796242930669 477.003006796989 483.222247191717 489.45298327129 495.693403227885 501.940946714553 508.192822430833 512.361793140382 514.44623995293
440.728605172496 442.237932502943 445.257072746161 449.775520798798 454.267566203893 458.722772365103 463.136827944508 467.51068281657 471.847016642988 476.149098734817 480.422375086331 484.675132899952 488.916106246185 491.740520156326 493.152834955329
408.816288179006 411.201678289094 415.97215275991 423.134212843618 430.311904297777 437.512066891777 444.738267125835 451.990691878626 459.268168626248 466.568557293172 473.888058267424 481.220973510312 488.561525677717 493.45712768325 495.904857664929
359.953368104134 363.762027402133 371.380063222439 382.792858674302 394.178000378985 405.525180699495 416.829189580961 428.089616361401 439.305892144073 450.477581179552 461.608784591006 472.710188274619 483.794139212925 491.178824601906 494.871339921083
349.514839846256 354.600366554897 364.771292061404 380.030308194649 395.296040529087 410.572299550977 425.861611874515 441.164457958966 456.480253680767 471.807595257685 487.144199131115 502.487045535163 517.833368854015 528.065113052661 533.180952699068
334.183523726731 340.682623366653 353.680864182077 373.177425823025 392.672868173843 412.167057669008 431.659939006417 451.151354629556 470.641010912008 490.128748404321 509.614665231445 529.099242053246 548.583076117891 561.572104223986 568.066625636015
328.680543313796 335.339339364357 348.656849462463 368.634453843786 388.609562088383 408.577550300046 428.535185195485 448.482893831879 468.423501239206 488.360111984239 508.29539968058 528.230597871863 548.165765660059 561.455935667293 568.101018403912
364.231540984077 368.470060408436 376.946895545889 389.66517342926 402.371642326746 415.0489642703 427.686355992045 440.287634790529 452.864139831159 465.427033333847 477.985775512996 490.54528135139 503.105668021746 511.479526615324 515.666447863955
428.504714463588 429.628105802298 431.874916000975 435.244598993947 438.613588884092 441.981908322184 445.349593129413 448.716240201158 452.081398319192 455.444833426619 458.806517597236 462.166681742401 465.52584183372 467.765042517004 468.884651300343
451.542746004368 451.556440253698 451.583827580452 451.624931942525 451.666052566375 451.707161780479 451.748209530224 451.78918858743 451.830105614445 451.870972779898 451.911812221965 451.952650064968 451.993497637411 452.020731142281 452.034347867528
462.482617246768 461.938338694983 460.849779218402 459.216985081137 457.584271573039 455.951677884457 454.319268797155 452.687118499045 451.055291617897 449.423814238029 447.792666019418 446.161778172624 444.531052462326 443.443942494375 442.900386033177
485.237864802938 483.420983241795 479.787217850482 474.336654222266 468.886503109599 463.436929819847 457.987543263355 452.538043474848 447.088138281174 441.637716315425 436.186895070093 430.735987706615 425.285222668575 421.651417403663 419.834513893481
507.878191290082 504.853930258793 498.805662188775 489.727423415281 480.626797667882 471.486744605117 462.300823085025 453.065992508661 443.784370195056 434.459712360766 425.096707557551 415.700500187964 406.279982249591 399.99367138442 396.850722720117
540.602136221748 535.37802186486 524.927798195639 509.302327371744 493.917010317663 478.981656804893 464.556863047935 450.663475208206 437.260743257085 424.303000174049 411.747869317869 399.560757214077 387.658163649776 379.793166905783 375.858274238396
605.506547105842 591.383950422275 563.122375255541 521.230717465582 482.653397145778 450.607284150386 425.615749682002 407.67682582582 395.899043369529 389.582568444312 388.346235633652 392.157941688458 400.166287010662 406.545266287623 409.699810000308
562.480316048447 555.763614772326 542.326629551609 522.260740728908 502.627196957275 483.804398199091 465.902033093465 448.957971642646 432.898904598638 417.642542210759 403.112372170736 389.245836366705 375.892247992188 367.116160469553 362.723800541644
553.46419992499 547.860037559491 536.651229891017 519.851474335259 503.130281827263 486.561225799646 470.159466493724 453.927494559711 437.84702208717 421.902055490812 406.081784320395 390.381586193 374.778645400428 364.400732928143 359.210963925583
554.122593608993 548.650618977328 537.706750293343 521.288621069689 504.856195486602 488.395879298567 471.905128737956 455.383689440689 438.835111291643 422.262351438461 405.667238829947 389.050313900209 372.415522364125 361.321239036837 355.774246457096
552.980615837085 547.523491735909 536.609232651671 520.238084837967 503.867786282533 487.498966931171 471.131943230934 454.766881034202 438.403742910089 422.042389124165 405.682602762241 389.324115004311 372.966533929134 362.061701273178 356.609277178579
544.781331948869 539.797178582316 529.829147335197 514.869033157951 499.858274212291 484.748352089431 469.530384373475 454.203606869197 438.780810328395 423.272524311158 407.685117212353 392.020231517534 376.291699204912 365.790256970753 360.540066550021
539.488047636941 534.631866150596 524.919625579901 510.349664067325 495.78666836924 481.24212836342 466.713155688977 452.19597027877 437.684245129699 423.175533463182 408.671710435351 394.178652030761 379.698492250488 370.048324875014 365.223138740468
528.758095323141 524.378049112016 515.618036789498 502.475991697754 489.323484068296 476.150768671871 462.954641943974 449.733909446244 436.490319362689 423.225938631184 409.942808851618 396.642685815534 383.3295290091 374.450889098842 370.011678675459
516.974845698148 512.998410770859 505.045451372771 493.118147025168 481.201314018054 469.30511738338 457.434244137239 445.590867148608 433.773871982436 421.981209224725 410.210188650582 398.457878089793 386.71924688356 378.896836315649 374.985515366335
504.15948920863 500.63815806001 493.595427742649 483.032912108828 472.470867382944 461.902575050333 451.320077275428 440.718827935678 430.097310128684 419.455942842602 408.797370786456 398.125673278669 387.445771411547 380.32387407273 376.762995781307
493.603571441833 490.29462294007 483.676820815135 473.747882705432 463.81655544744 453.889129541384 443.974638699867 434.07847655538 424.20298261738 414.34817029196 404.511280735905 394.687668067595 384.8719769372 378.330081501979 375.059064694312
487.515468219933 484.347306863471 478.010983707649 468.506488752953 459.002182137788 449.498638036474 439.996604318926 430.496518614781 420.998558280137 411.502657175254 402.00850341675 392.515631036485 383.023529629085 376.695652470012 373.531706919797
472.639278379609 469.967566092491 464.624155226739 456.608746809379 448.59104826451 440.567305089174 432.534957544603 424.493430792812 416.444198910557 408.389121801142 400.330254528178 392.269530034438 384.208460927228 378.834641430215 376.147722841831
458.219201503112 456.09994290105 451.861438886388 445.503265227 439.149247975766 432.811370261721 426.500703786728 420.221864090405 413.973232838755 407.750804883156 401.548370852552 395.358771655107 389.175276400933 385.05377706424 382.992998371701
440.171473235038 438.861263121898 436.241228972046 432.302366642634 428.340732304795 424.34972842646 420.33847859106 416.31879088059 412.307169256478 408.316121464051 404.351502904699 400.412888156938 396.494895187438 393.889863494054 392.5870906538
421.645454471398 421.065459873266 419.904984466869 418.174902199403 416.484709775349 414.872484673496 413.355916928285 411.933177632873 410.581399091576 409.275650769154 407.992796698691 406.714500449981 405.429327459386 404.567113693431 404.136210988111
406.972712522422 407.107102375287 407.375338354732 407.790099370434 408.236624416714 408.723562821836 409.238201309778 409.765163281627 410.283130385693 410.776066263763 411.236553585475 411.664995289487 412.067815080306 412.327539048906 412.457727318892
396.647342048225 397.311286358642 398.63986694662 400.617445263605 402.550738157514 404.415105649664 406.209270684907 407.943752332434 409.643135820129 411.330710467482 413.023846311376 414.732485523373 416.458987008509 417.617610795177 418.196639990141
394.608084537028 395.2922114464 396.660242301547 398.717164667483 400.788070213135 402.880769504298 404.996251631931 407.131481654806 409.278993324437 411.431400919663 413.582968515605 415.730292039162 417.872457252855 419.298366135137 420.011401909092
390.578527529466 391.514015007677 393.385221038293 396.187095087919 398.975180175376 401.741756047139 404.484204581534 407.204069632415 409.907005892001 412.599555868563 415.287601301275 417.975374941241 420.665000209851 422.459198828668 423.356257197004
396.899045842898 397.188723951139 397.763617318086 398.728111924617 400.018305184165 401.847160276614 404.206500769962 406.989495053046 409.960997245877 412.919165666296 415.728489836241 418.324157653543 420.707607400895 422.210874032264 422.965695159021
428.026138569794 423.601535765509 414.707643438752 402.415356492946 393.624940271492 390.747793727421 393.501839476499 400.515667756755 408.922819082226 416.381224466501 421.423102796363 423.450455291131 422.642168843797 420.987906682324 420.202293197398
421.548558774701 421.600511408474 421.708118668174 421.779928826602 421.539133468175 420.763268656923 419.502355853936 417.904075536782 416.258631924672 414.791601007369 413.632956413749 412.823035165888 412.326005074827 412.114470997045 412.004243146236
442.458462688568 441.518963359539 439.64052142548 436.810861001479 433.95116494887 431.051025660299 428.111615176709 425.139402348579 422.146423219664 419.14522374763 416.145449433017 413.152471714279 410.167206468967 408.180063816276 407.186381779098
464.780186348931 463.210207179275 460.070201984322 455.361045530605 450.65613896403 445.96182725621 441.28456188687 436.627212863275 431.989511445068 427.369210003693 422.762429406378 418.164608565815 413.571501191733 410.510387868676 408.979796069261
473.433886164328 472.011748425126 469.167518995927 464.900641629417 460.636409269742 456.376510483529 452.119909470401 447.863560740075 443.603928770142 439.338665006927 435.067038186735 430.790217828701 426.510564069736 423.656823780116 422.229976986219
317.233799448458 323.696426711427 336.621886409676 356.007357463623 375.411426139203 394.858630116716 414.365508230144 433.929868973335 453.538135012848 473.174635566804 492.824939174478 512.480333810488 532.138098598252 545.243615611897 551.79636025064
272.24413277891 276.344093215676 284.547110172448 296.787742316905 308.847804595864 320.604511524853 331.972458129107 342.93126511828 353.475496273742 363.588202816394 373.300644454781 382.702144826365 391.904421833534 397.985856485016 401.028532040773
282.648473990768 287.186880158573 296.265275395142 309.849166907983 323.309904315165 336.541735929271 349.466514820312 362.064165069484 374.333138748365 386.266286603554 397.892856022964 409.282946447835 420.521177107188 427.972685550812 431.699929651269
339.839678831234 343.302249880077 350.221108340785 360.729490178242 371.419977981723 382.150029615978 392.70845780949 402.937005804432 412.766972899 422.189495670103 431.245387987369 440.027433387892 448.645491929387 454.352947903743 457.208047466301
514.844914643167 508.291175726946 495.180542274731 475.588756262535 456.439562512686 438.218881925718 421.269027358665 405.674215456774 391.29408134655 377.895753167112 365.226713004851 353.026183988729 341.054951925223 333.110053165972 329.136316803005
401.521312681022 398.791969407128 393.334144446933 385.13319019979 377.013115066428 369.143961163551 361.66403845823 354.640623494901 348.06560169024 341.896174057961 336.063856563996 330.470778551452 325.010867174158 321.39683455961 319.588895778067
411.985100892817 411.128359253582 409.414743041283 406.846867016205 404.281276977696 401.715158480665 399.14815880712 396.583806107863 394.028422470509 391.487746885313 388.964389367978 386.457442080216 383.962364175833 382.302097379137 381.471853288411
460.835998250042 464.333519412414 471.32953127378 481.802375911144 492.210689766162 502.524287642797 512.715988122208 522.763117340698 532.647127946605 542.358917740007 551.905865905692 561.314330685459 570.628666050867 576.813991637137 579.907524284105
456.910589862905 462.587216225307 473.941441132671 490.951995592894 507.883864556656 524.669348453521 541.248943195441 557.591060784589 573.684983025753 589.534649541029 605.163772186625 620.619788120764 635.961963247799 646.159210719405 651.258966863778
411.260884937606 417.362190052559 429.56612667273 447.843988040054 466.037972447252 484.098266922185 501.986304731946 519.688675272326 537.205572405336 554.545786688459 571.730186037424 588.793993417591 605.781120792733 617.085091149045 622.737844631126
415.262384073496 421.986723432467 435.43630754946 455.591543477846 475.692120663371 495.70948038298 515.621777907278 535.421622810508 555.109674517239 574.692913228404 594.185333537856 613.608164852555 632.98782735358 645.896397072717 652.351094801528
441.59309074461 447.150364634111 458.265201724003 474.931384456198 491.564874141415 508.123606695313 524.56743395502 540.871661843353 557.027254306003 573.043972695842 588.946377146457 604.768304599927 620.542688930337 631.047768206737 636.300716164318
444.332007667512 449.710054482151 460.465963344844 476.603474995787 492.750466640271 508.914797443242 525.104015819197 541.327200600695 557.604328272681 573.954216304924 590.380826442737 606.872054577158 623.403905481686 634.435016553216 639.950218347777
425.016324807756 433.190630131976 449.549074022735 473.883858770457 497.646393973068 520.463295667438 542.006996142797 562.001858308832 580.08641210672 596.012025381371 609.857423825557 622.034534835451 633.175373929061 640.350460375535 643.947102998718
503.881597981908 508.938421833314 519.048095762878 534.314260432419 549.532153245978 564.01846255417 576.733796401551 586.757664270236 593.435321965797 596.589916189857 596.677652702823 594.615635538676 591.272442647007 588.679061743833 587.396394560653
444.029080587592 471.308332286742 526.402342042486 597.538139296412 644.045342773476 665.090031456837 670.221302190204 668.97533148834 662.295330710804 645.24829027594 611.599069492845 557.87496509448 490.434201589536 443.349391738271 419.863990988581
368.932755294177 379.341641024717 400.300131251144 428.711424509701 450.700165830858 466.185343318194 477.873732329942 488.443006494329 498.15275973239 505.610652611147 509.045325280936 507.412926224053 502.308159280496 498.392090260523 496.447230926161
299.030059785869 307.974336133511 325.865564589918 352.648310042867 379.186376547598 405.198306522179 430.324863486857 454.13004464332 476.556888864717 497.773997118792 517.995509221963 537.435916554244 556.328259569621 568.759137232581 574.980659519948
313.81631503374 320.340479329452 333.390445565344 352.930643058647 372.307578707469 391.34706590792 409.80849358777 427.325049467786 443.84276143789 459.479318204132 474.371795160888 488.650546400392 502.482043827737 511.564918425007 516.111462044011
291.308105915214 294.842870030667 301.91140897051 312.536055380516 323.240223745627 334.0867387222 345.105779250883 356.295309902427 367.60193470238 378.963328651071 390.330281889261 401.67866370963 413.008793317307 420.556525503202 424.330587044991
512.464449830378 515.151155388631 520.527159590294 528.540075938867 536.445375623014 544.201471300583 551.75646091305 559.079014183848 566.149659749584 572.976395936065 579.582566473589 586.008381529494 592.314572661556 596.487434295822 598.574997465367
328.754339018486 331.833028055883 337.987972064477 347.264730989482 356.565126656801 365.845502134054 375.079141951357 384.293218074803 393.527387860665 402.79135190366 412.042930536834 421.222664628095 430.309515401845 436.33349597251 439.346693537934
328.885602453952 330.758197934385 334.504534175384 340.10071568578 345.561042607999 350.706564005082 355.348439952452 359.395465106749 362.8337218901 365.715008584246 368.147710446294 370.244793840213 372.121976743651 373.314795631636 373.913348033535
479.976898974538 478.115112395762 474.397296024662 468.701287689509 462.649122351166 455.98692214368 448.476924703368 440.047724912315 430.738933828448 420.653442053965 409.965032746016 398.862989666823 387.507732016358 379.873919717209 376.059337399503
478.379283558943 478.004376073039 477.283731030992 475.58035379741 472.301409134146 466.968013032317 459.492597372372 449.787100638389 437.546522690657 422.591876705937 405.141589038626 386.148624451045 366.536255159408 353.330331662699 346.733106035679
427.362545867423 430.290580469963 436.195175259051 444.017316481697 449.207024460316 450.930123324422 448.995088501129 443.279445699924 433.316459542755 418.853607459738 400.313841737506 379.274067480591 357.227081675948 342.314240465264 334.867203958643
439.52773420735 435.323522677469 426.918659751734 414.23561901696 401.376057387635 388.307860409625 375.085264179773 361.803758037979 348.579136199244 335.547315913528 322.774925841856 310.211379166457 297.758403274907 289.472852111881 285.329522727994
444.078100108105 440.688378362281 433.911935118429 423.683883887772 413.300113114376 402.710946885439 391.92445206459 380.989999338929 370.001149862439 359.0627242675 348.222380796842 337.466685361548 326.760573361318 319.631389776022 316.066529358893
