9.47783868675 12.9792264055976 24.0676979986265 54.776079820071 124.321331217357 210.970136456175
9.13795221848892 12.4202913412234 23.5513744182047 54.2568663179662 123.040430093566 210.033274720032
4.60969350226835 6.85948215648928 15.8405075154512 43.4713565971765 110.020280036419 196.030149097895
3.37621789263668 5.25348164136096 13.3970035287301 39.8559677986212 105.620817731881 191.225066696222
8.02516608223115 11.1639430552082 21.7476008171597 51.6679012251254 120.402083884669 206.887434164358
11.6256239090202 15.6044528193296 27.3062677721467 59.1618447559317 129.812945419675 216.588688878224
1.01544721655891 1.41933958149108 6.3891131501708 28.2464257606993 91.0223864751085 175.021602831854
4.84896259272751 7.21010885791574 16.2495946588489 43.9504481523731 110.969916186975 196.819448299691
3.71799497166194 5.6742758235987 14.1033443117336 40.8661843317165 106.831328113847 192.570770147696
1.16852228259588 0.957175905792614 4.72510101188599 24.5862038499876 86.2169254424286 169.56795962498
11.3341805562137 15.1616992089524 26.9073790406661 58.6881672481726 128.821205076998 215.848966316874
1.61399619008534 0.959490800146884 4.00551647874071 22.5048041901591 83.5630349103788 166.368065488966
2.46474375938985 3.98909017446133 11.342775048295 36.6682847962756 101.73057453511 186.926260583412
9.04421897235895 12.2352967940379 23.4443167516499 54.1875863883565 122.619037823431 209.803788974926
1.9246842026938 1.0147876107571 3.68463212406927 21.493917404011 82.317679510354 164.766913970604
4.18314134016774 6.30780226824258 15.0160707387274 42.2544845749689 108.551182807648 194.425457441985
0.997329493611234 1.2284677892873 5.87566394033185 27.0708250278271 89.8325126841884 173.457071734819
8.98248629065583 12.1322447223146 23.3337676139599 54.0401564983785 122.332647875075 209.581806492336
1.11593078199479 0.968920513124674 4.89252925864574 24.9059785978613 86.8489625781164 170.159270073395
1.71589365458493 0.976239569151102 3.8770226551901 22.1403397099073 83.0979263117993 165.792682981995
5.65655025033449 8.29354170342808 17.7129555942361 45.9168757024629 113.783651357379 199.572403903848
4.83054365655699 7.10860250038573 16.251100768249 44.0276615685145 110.704129366925 196.770195731622
1.85210357308531 3.06210748229081 9.78248322229084 33.9639825534478 98.7875177880328 183.398498318365
6.93386413749742 9.79530607367045 19.9368188522057 49.3225735382183 117.176570684708 203.693191295906
4.46719085682506 6.65018261391955 15.556374602013 43.001855977686 109.498912252716 195.437904338733
4.58462480033898 6.96825923185518 15.7621357816482 43.0655418405557 110.575165530824 195.924229139985
10.7271037686081 14.1446704618278 26.1076165562559 57.8327640057014 126.575825979144 214.29614619624
8.29851185862174 11.4561075326897 22.2132528292662 52.327677715312 121.01800689928 207.675555190709
1.27025073730503 2.04037835068551 7.86841498984558 30.5925593847034 94.7151186752214 178.748938439677
2.13291765652413 3.56686276580568 10.5786745310507 35.0881989966423 100.792866006597 185.199290357055
4.17014529966078 6.32248966074301 14.9715305123113 42.0945417939541 108.651520655494 194.341500875376
2.39580610506347 3.9552818631411 11.2211185790011 36.118099585543 102.072041449893 186.609588491292
1.25065397871767 1.98943695769102 7.74359704055884 30.4746659237994 94.3248451718449 178.471098171147
3.05949736899737 4.84561391204882 12.6856103552318 38.5099529729096 104.547353027758 189.670120726461
1.05025748200836 1.05659653670376 5.27770989761363 25.7457158644167 88.1579016529186 171.484988118208
1.81832459852809 3.0495806706541 9.73679546078494 33.7461573595729 98.9090870396914 183.271730569324
1.49034599954163 0.923371781429192 4.1327162436816 22.8874295732248 84.1739960624071 167.01907736181
3.21076577294204 5.06281478351737 13.0210886265568 39.0610812819038 105.201745395826 190.400387984909
5.62486832453352 8.29531063341231 17.6358712779518 45.7855632172479 113.766222736639 199.455216766326
1.19279146498043 0.925354758151845 4.65268316304661 24.2979148863075 86.3273143437705 169.303646517852
2.06157323166052 1.02972877595209 3.5400546882175 21.0734170523214 81.8944903775064 164.109958043636
1.00895375428264 1.31592109208543 6.10693374384114 27.5353168600164 90.4779353042247 174.148179417038
2.18230255408895 3.6327376353305 10.6896556032251 35.2776740270309 100.967016995654 185.438178349895
1.46439109438865 2.45367027749879 8.63150135663152 31.945232374604 96.6458457909744 180.730968346436
1.0333308109692 1.42756975897692 6.55295797679717 28.1191527363175 91.7154865491518 175.241339146784
2.46015088165172 3.9690653041411 11.3482942226337 36.5158479115894 101.803574428385 186.845210257795
2.25477938649655 3.7091772826202 10.8659799664293 35.603068188491 101.087431498701 185.78308160137
1.4894782125646 2.49231829323127 8.70285901657823 32.0694984229248 96.7765722303031 180.895592389739
2.77666726666115 4.44044916533357 12.0904477416726 37.8514204573538 103.193359715118 188.539621839816
1.79529315911848 0.926885976797541 3.70618149133755 21.6916028778156 82.8534302950851 165.172834594579
1.27513907896479 0.921598695125325 4.45747634931539 23.8921034292828 85.5354974699336 168.583695474458
1.01799234717583 1.41188301474252 6.35919857797925 28.024011816591 91.243137933668 174.908772486267
5.02189619152701 7.54198430354312 16.5735801712904 44.2548817374736 112.043441051356 197.496584252354
8.68920203041258 11.9665945558988 22.8352787170548 53.1510017169175 122.122416792025 208.794478955095
1.42008846580993 2.33912723686 8.41988103883256 31.8325797505926 95.7825113214234 180.259285387379
1.13546007108746 1.72303457918584 7.15434838254469 29.4954880032712 92.8909125457518 176.935315508247
10.2653399899477 14.0090336399593 25.2584665660736 56.372178779492 126.555350333317 213.107298229151
1.00701361999937 1.24426563360403 5.87780740795387 27.1989680769999 89.7470631669057 173.515033150222
1.53743042753279 2.52186268724602 8.8263566097818 32.452369004336 96.6359563616032 181.163576943126
4.61682831044128 7.06487407216991 15.8166443511838 43.0571259012307 110.863927716784 196.030702156775
2.46314387443139 3.98848928369278 11.3446428614345 36.6789766002757 101.732512166142 186.936019653032
1.78929172616197 0.958700139678263 3.74457778981598 21.7991359815185 82.847272328707 165.299204757802
1.11959996910427 0.973116447806157 4.85498162990204 24.9260393633433 86.6652094985496 170.082963186459
1.00041087368322 1.24095486896093 5.90085993309168 27.1262840507851 89.9059781657768 173.533495863447
8.44559376064887 11.5508388656329 22.448425689362 52.7884890623072 121.119140250991 208.090029022641
1.0717390610994 0.950711507800039 5.02028842075696 25.1363609922872 87.5846164931224 170.663802181273
11.8831344644415 15.6817775873854 27.7721066650616 59.9667834734979 129.811104401787 217.250182197725
1.50942840418726 0.909487996256447 4.08886036118657 22.7702623504809 84.167220579913 166.878952639454
3.35920813209178 5.27509544633088 13.3386576912684 39.5061272134362 105.865934951366 191.045178588059
7.28196514818654 10.3496098350434 20.4710476547547 49.8453382256106 118.647615989997 204.684658501316
1.00042002314237 1.12799580519341 5.69786710769784 26.5291325739797 89.4235776632753 172.790410655754
1.00194080970996 1.18729565380071 5.73466765001171 26.7910066097301 89.4318733655854 173.020806655941
2.23788280850003 3.73013706993033 10.8276102213885 35.4945437049638 101.339687711862 185.767684711991
7.29148529747416 10.2275596791195 20.5321977101844 50.1573032758487 118.166393114504 204.763632757293
5.80116257011677 8.48734925108428 17.9461303590972 46.2814849088925 114.182700590814 200.029135060678
1.9485175470399 3.27375303095452 10.1082761721237 34.3332538767456 99.7639516073602 184.133833433835
2.66671907067911 4.30280749924716 11.7921116296035 37.1756508916087 102.875142468156 187.833601060398
1.08667059131101 0.928776056737521 4.9330834288124 24.9408515799275 87.3505598021479 170.371503731253
1.01564075251552 1.4348067516799 6.44144014569172 28.3680443368882 90.9682513780909 175.119276800351
9.46445613397767 12.6935600758292 24.1577345144824 55.1346928608327 123.603833622858 210.970919601328
14.1128014540803 18.2106980866983 31.0926102925674 64.4140451798279 134.81985275124 222.709889301669
1.47194077704253 2.42669092895136 8.58568558178021 32.1063985573837 96.1306817168214 180.647376124606
1.37540733612503 0.884599310750302 4.21292255709699 23.2319539492509 84.8115649762745 167.613369425823
1.33044247634622 2.177756481586 8.10332186626817 31.2923078064187 95.1012638477726 179.493362822498
2.19158115680824 1.06580833347097 3.45368328239836 20.7412040582902 81.4520050511068 163.557068148974
1.38785527530386 0.930061055537245 4.30302123089363 23.3765623824591 84.7348242262659 167.75565154599
1.46241473950092 2.44606493469478 8.62245554868104 31.8449064108409 96.6232481324082 180.642000307818
6.50578260342562 9.37476230563211 19.2166590501541 48.0518051047798 116.439096524078 202.384084894604
2.2633239202577 1.08133446709171 3.4013916606804 20.5698654967023 81.2653501713597 163.283034701283
2.40222186568123 3.97278730372081 11.2499504306303 36.158257076541 102.179017581321 186.685676633756
2.06593829174071 3.40102550963911 10.366658365066 34.8694893931659 99.9908704516093 184.689687902989
1.32502196946658 0.877830207991963 4.29041402579923 23.4415065877234 85.1386533066416 167.959680339951
1.01939755256415 1.43467119809095 6.42964958393498 28.3023501188432 91.1825670234952 175.140551053851
1.83122408006896 2.99340965753698 9.80012983101724 34.0680426216501 98.3744311977841 183.321976522356
1.11671068824191 0.978644153885511 4.92959122785847 24.965021433061 87.0066787473878 170.274929194166
2.11826005578918 3.52784770581366 10.535582930196 35.0352469031596 100.588080975629 185.081274552247
1.96815768424011 1.01350856062091 3.62401324112871 21.3124584085829 82.1241435329477 164.487022219973
1.73351261211374 2.90392593549729 9.43048011845323 33.2131921665912 98.3144349266193 182.540166668706
1.4742451681269 0.931588672773762 4.14806452234215 23.0061560856843 84.3316796737079 167.187702570529
1.04511676497095 1.47940314869417 6.53863247646561 28.3718788525768 91.5858300018468 175.382136814744
2.97950415202465 4.71620405867616 12.5419779975327 38.5538727659182 104.017979746881 189.471456973428
1.20269525352976 1.91968383380583 7.63290549200435 30.1135400900145 94.3282428866352 178.151833297931
13.8311686688213 17.8992750483717 30.6729574605401 63.8563884226702 134.211895749491 222.033732448446
2.08307010625451 3.49532526954745 10.4493262327788 34.8833393613607 100.569687371973 184.929053670272
11.9969104419371 15.8927857202605 27.9117558833467 60.0912677996158 130.274481194947 217.529215692647
8.4279620663844 11.7292889416934 22.4002784062802 52.4765001831037 121.68635499224 208.075258932263
1.06183946200543 1.06044039842226 5.21615607071813 25.7893219873626 87.868454238672 171.396426717245
1.10241404036203 1.69408797735099 7.04566302322083 29.2816821100826 93.0229313339318 176.803302847213
2.14855782669187 3.59707813972668 10.6103123786205 35.1431368010786 100.913730343689 185.290950161031
3.36727272942211 5.24705299196154 13.3398776357812 39.7039533371884 105.617004200744 191.091052496536
7.78715757807956 10.9980664348132 21.3402707776719 51.0023097758225 120.162753582844 206.264626943508
1.25043498993439 0.871316016315852 4.41954448229106 23.7775641276566 85.6646564627853 168.512877000995
1.44634151151342 2.40690263360626 8.55700518817434 31.7422635071359 96.4073531083701 180.469254399575
3.85801238865449 5.94051793894598 14.3669121369564 41.0790775738046 107.735702052588 193.126679854958
14.8075124582175 18.9771737373702 32.1240765379084 65.7415452819065 136.301007551419 224.341703002193
7.63490541869944 10.6401777331296 21.0880974138881 50.9185731175661 119.102154869879 205.753333654636
1.69124998486043 0.952329032799924 3.86408044610426 22.1520812006403 83.2388822416613 165.849013144926
1.0404042137558 1.05579877753499 5.22862225297449 25.8560427663224 87.8243731615844 171.446328943436
16.3161037160988 20.528439032538 34.4284228889725 68.712713028998 139.215530914678 227.848013828017
2.86548572085596 4.6021230187934 12.2809074718491 37.8143916864905 103.954226588181 188.835207332303
7.6541551985328 10.7509891999501 21.1537929760006 50.7829877251014 119.514569379807 205.843455250554
4.34202837469581 6.63845175298895 15.3091160091242 42.4034347198127 109.703733625207 195.02539652316
1.02556857697211 1.15426305221687 5.60296121621016 26.5362450401168 89.0521731510927 172.60727838899
8.43433374672344 11.6487224093746 22.425863977886 52.6002256551562 121.428471854258 208.072754937209
3.73554005123135 5.8040404714507 14.1267206285541 40.6773099947649 107.424977794628 192.658704964246
8.10342244954309 11.3924826414341 21.8518193112633 51.7047020517827 121.027648001117 207.176110648008
2.37022934837698 3.83331614349287 11.1758608387944 36.3026698532318 101.373011130132 186.485698695748
4.89990376155181 7.16404049147517 16.4140194998605 44.2997399058715 110.802095796627 197.046937879458
16.4605570439568 20.6728128099495 34.6558605897211 68.985466816624 139.481811399742 228.173706519306
5.64002935876236 8.17977035973439 17.7079586020756 46.1595248551132 113.349886442771 199.579693034014
5.4437770693462 8.05955990437583 17.3479469133565 45.3794364509245 113.290516598248 198.931318870176
13.0697492369451 17.0898564014077 29.5192643386707 62.2802332730314 132.642016128334 220.180994855037
9.26650518973086 12.4842491789939 23.822526123155 54.6733199269113 123.16605256895 210.423238757243
6.65589534537954 9.55118667121384 19.4748627497772 48.4222954992131 116.833130325183 202.846680314792
1.76695371078787 2.92007482760606 9.49620669133205 33.6430093657955 98.0200037017054 182.781957987429
4.12378139338698 6.31861731390484 14.9026215244092 41.8388155091463 108.815314134937 194.200982405742
1.08620880179806 1.01771289215438 5.03374956266135 25.3876679163893 87.2426984277417 170.755765626343
3.77099207873934 5.80844006481199 14.182159143444 40.8470326586332 107.289492609429 192.754089577923
1.32972801045795 0.910742281399943 4.38051575942179 23.5688007341235 85.2154166326115 168.137802760756
7.70106832609477 10.6353755135747 21.231566810561 51.1143313387869 119.068971535333 205.913281870355
3.46972185153282 5.41122632505178 13.5670793189017 39.8828643416315 106.199827912103 191.503307219926
1.31047102860145 2.16846190835072 8.06169301911498 31.0068996657751 95.4348587446347 179.380343668499
4.28540426171968 6.3986901023757 15.2340169163918 42.5656178622991 108.801501209669 194.796767852193
3.78971983749094 5.81436841864278 14.2171528441221 40.9223626939783 107.303136533163 192.819647111129
2.7940392876023 4.47781859810085 12.0882474423671 37.6985113668862 103.386190455109 188.486357685633
9.20070983972971 12.6527746637072 23.6300629109485 54.1710749420182 123.63914243844 210.21400867692
1.05561569699636 1.49369600905129 6.5793668878094 28.4467795267596 91.5754682542048 175.455234353951
3.74272874511084 5.779216850921 14.1344464241614 40.7290282477674 107.242356976292 192.643176865702
2.9118682400399 4.64432577993636 12.3655992229462 38.0014604768338 103.957436228359 189.00023835068
1.1027585162208 1.61843379389459 6.87924382524916 28.9749749287378 92.2867369014214 176.238621887495
2.32482734920356 3.84794271975602 11.0466866097708 35.8443872194603 101.695272491769 186.223012057716
7.55655853535989 10.7032193650523 20.9678328265593 50.4899938269961 119.500018903157 205.587081475786
8.64396207868453 12.0706258291911 22.7180126212376 52.8858502506422 122.502217148126 208.711809546084
3.04710628461449 4.78909513501712 12.6972492056085 38.6918191107107 104.311427509726 189.716184239501
1.7538252021488 0.94928023225414 3.79154497549615 21.882388067308 82.9090906593163 165.434736623722
9.08908965046924 12.2259191725746 23.5325632486149 54.3319315761121 122.519882303745 209.896251260778
1.16379171951709 1.79848909890779 7.31913520343062 29.816830798143 93.3165504895592 177.416347199575
3.81289102452526 5.91213258068996 14.317119666038 40.888135051875 107.747845743553 192.994645981606
5.06835653461826 7.51292022154202 16.6537440682812 44.4915805905803 111.758184848321 197.590711554527
1.38526710763014 2.28028630893712 8.32943733470017 31.3683738911774 95.8249442872129 179.901179223315
1.15366801346142 0.96016106879095 4.78854991817707 24.6738726053709 86.4654836670975 169.766266926217
7.81498659945307 11.0329267707261 21.385300568269 51.0642776589161 120.239768426175 206.34535762551
4.37684721343792 6.53735252887122 15.3804384416923 42.737207986131 109.20163559392 195.098016220992
1.01811004272865 1.19048444923254 5.73300597219708 26.7210292090931 89.4204008490498 172.931605992866
3.45175091637554 5.35847185405047 13.521950583385 39.993745848856 105.934172449633 191.464547155602
1.17101780222139 1.80745006288035 7.30975155844238 29.7951010810534 93.3006194939344 177.405227844937
4.56199753193617 6.8431318296574 15.715973461433 43.1516177563941 110.037401656357 195.785012821944
9.05794750894251 12.2548629411001 23.4663878250712 54.203650882199 122.668326408811 209.840412748286
5.29702730478968 7.77937981446581 17.0732991206207 45.1785172581492 112.397449359488 198.404465963845
5.90941215588256 8.58271930914854 18.1421374605968 46.6561691253533 114.362646382201 200.407284521674
3.96967902536651 5.99770301986122 14.610652380257 41.6330756673978 107.719914867443 193.57625658175
10.8318041530278 14.4984629483912 26.1631500312778 57.7376947611021 127.414659832679 214.544909288154
1.02011666805939 1.37214430002507 6.24890524133242 27.9034640678166 90.7318682068078 174.585156184135
7.99908104345746 11.1251717292136 21.6967954729443 51.6129150008687 120.294819323345 206.803397019024
5.83966608394848 8.57651996994796 18.0084698544514 46.3208988785847 114.460292740307 200.167781942342
1.00625948099452 1.14196781124843 5.58751225680017 26.491701950182 89.0071146090354 172.560618659234
7.00252342168278 9.9922328809934 20.0618401908301 49.2375987293773 117.871872891273 203.925219015031
1.19136503314042 0.967134151036598 4.70007419029693 24.5485119338303 86.195212958711 169.508128510331
0.993598382908697 1.22139484046993 6.02008820623248 27.1154391802232 90.3668264615155 173.738585639979
8.80817325877451 12.0061185720598 23.0870881695454 53.5452621707749 122.194698853331 209.138259013901
7.52320132098086 10.6372473976169 20.9250273134672 50.4373864168213 119.322968475937 205.480072371585
1.01784979525804 1.12159447492463 5.6014271766538 26.3880407296412 89.1167474047257 172.517231444304
2.32878586158682 3.79086896913193 11.0121351161578 36.1439905425602 101.079611114993 186.208651032582
1.59622278387239 0.889683797148725 3.91504073624527 22.3392036812299 83.7670722477954 166.235999646214
7.45900391291926 10.438004894516 20.8171790230135 50.4147552381514 118.701429186325 205.21486927753
4.29494969300543 6.44799701580771 15.2419927996961 42.5975271674395 108.921267823992 194.861306132964
2.45014326775419 3.9511795585802 11.3638928169788 36.5993157470404 101.756066382304 186.896344406335
7.4888081084594 10.535282881449 20.8793723455807 50.4151434283151 119.010612872148 205.343537562731
5.06521833743994 7.49340863091715 16.6484634062403 44.5272311682205 111.693055062296 197.588537486694
4.58209435953833 6.95000834318542 15.7550789522718 43.0585123665852 110.498243987324 195.889088839306
1.07704920195909 1.01147850742568 5.09845844523873 25.4149676245366 87.6608767584742 170.959593928589
7.28270094528397 10.2274789964002 20.5039058018411 50.0991722276212 118.172697796634 204.720818245942
4.34397365955949 6.64671026849291 15.3119897631677 42.4044638182639 109.736496724412 195.037977752798
1.84150087001928 3.01580017785217 9.79074574930494 34.0620090718568 98.4990084830722 183.363094407374
1.18740348574023 0.919443696526282 4.6497487031349 24.3422745977897 86.3205524571471 169.351029114831
1.24184815420938 1.99434602190164 7.72437962345215 30.5999598501979 94.2646166886815 178.529746233286
5.24144978010812 7.68687538977146 16.9852772961734 45.0963931937865 112.146645932371 198.228725558278
11.6077273324307 15.6531845196125 27.2531879771936 59.0709105800118 129.989632961083 216.560246498869
4.80828261029629 7.31261556234143 16.1684589806303 43.5807654433091 111.476008458985 196.710695333354
7.15511114307419 10.0930505888753 20.2686798785954 49.7245697576059 117.877971396025 204.301745840651
3.78724925864651 5.91555763765823 14.2601478093652 40.7555701336755 107.839540930189 192.909583672311
3.95022227679431 6.16176902083398 14.5654783308963 41.1997538870369 108.53408642962 193.551225229955
10.6583696654694 14.352182393703 25.8893237079137 57.3064003143689 127.150544706246 214.10012582156
5.70193046780398 8.48071136501732 17.7428622235599 45.9025842334966 114.363845942141 199.754743591099
1.70401343690472 0.918786472719094 3.82007431009087 22.0164968046045 83.2478164160117 165.690676253911
5.38519595429392 7.86422460283937 17.2492044084872 45.4887872720068 112.5831592291 198.724723254818
1.77611586816212 0.930485058283212 3.73707083287272 21.7658115727966 82.9040780746956 165.283527653397
1.05217367464436 1.07379714296297 5.2713470111949 25.921794427071 88.0172215165651 171.584918633371
1.89580433710324 1.00876114793621 3.71033370884353 21.5772715968883 82.4182219751971 164.900393259312
2.22349581988561 3.63298091504376 10.7436264696188 35.7047967232599 100.547888813201 185.612786720406
3.74267542883128 5.75560535519463 14.12404692167 40.870262714638 107.092410004303 192.680428685253
3.67994212000918 5.64953891081538 14.0038610629641 40.6569408569688 106.804228438913 192.392422807197
1.89997108925118 0.992911010209084 3.66837077208463 21.5127832475244 82.4365984419986 164.823600370959
1.40656321052905 2.34879876840061 8.44590807528228 31.5402910015102 96.2597442894294 180.220872317657
4.0345380608408 6.27574626551743 14.7287495261649 41.4437672547753 108.830747421868 193.875875336299
13.2975061020343 17.4193369322884 29.8422640217213 62.5976999939593 133.352952776551 220.704400727558
1.01934994087995 1.45472958032285 6.48881986279682 28.4557150796195 91.2278530425489 175.300978180838
1.82735793193163 3.02585292683881 9.69266719393234 33.993357022021 98.4314383492664 183.256227009419
1.01970146684837 1.28327626551344 6.09550583263739 27.3565043049296 90.3961855424245 173.971068551871
11.7752233787593 15.7015287239849 27.5626576590678 59.5593993175699 129.939100644381 216.972698379868
0.992704423739455 1.17436943668716 5.85525197041255 26.8423550543591 89.8459537485748 173.26887901704
1.64480040857729 0.930435696396519 3.88693181224715 22.2539722287439 83.4369639160537 166.032489683348
12.8779926485636 16.7377897371434 29.3239063433595 62.0988976202965 131.896078959908 219.753769662835
7.09856233416446 10.0174858226728 20.2141845765674 49.5428508194817 117.76487430072 204.135333674717
4.31370074792808 6.52997507110565 15.2483336293651 42.411100619614 109.244574857355 194.856166288763
15.9928535160731 20.211569226681 33.9403514599049 68.0305662592452 138.639382075368 227.084490595888
0.99937541130265 1.26184460968339 6.1295794484759 27.322151093137 90.6502481393229 174.051444676659
12.9865773471014 16.9392721718217 29.4252121844801 62.2007718802728 132.319958843023 219.993284912629
1.38639154631313 2.30232714966485 8.32526715816682 31.449681794226 95.9755438563093 180.002475122164
1.03026588834467 1.43408772215069 6.57690081294076 28.1603886121002 91.8010114389311 175.315512580413
3.26331275936513 5.10062415352629 13.156913008117 39.4927486584796 105.165738382553 190.733434069002
4.9733594946865 7.45929371500551 16.4819534663129 44.120791631103 111.790530399124 197.289399354463
1.93132029077839 0.980673714493203 3.6000142801296 21.3499381167925 82.3118320989616 164.580868815673
1.21820494685905 0.93260980584253 4.62849234970343 24.2117370700959 86.0897192340487 169.140806365123
5.60190905906709 8.16846856793302 17.6082015016584 45.8134731804316 113.394995833674 199.330464851326
1.48490726029216 0.907913155999753 4.0815902985176 22.8413597751224 84.2159801598308 166.969453759721
7.35425203450663 10.2327898494934 20.6500068040628 50.2872491315455 118.175686450727 204.885607689752
13.591562859128 17.7709088122614 30.2846631979401 63.1437732215394 134.089247890736 221.40734390544
4.66153449027122 7.05923284087617 15.9194645701374 43.2460846567297 110.735676531104 196.15830999466
1.02710161324679 1.40303664876266 6.49358277813918 28.008483578497 91.5668607532113 175.07681118292
11.1020776019782 15.0687869213347 26.4895567377535 58.0398484231365 128.805188645538 215.284044318489
1.64478927185663 0.950002586369641 3.92419706861476 22.3300856354011 83.4408089721527 166.124006480806
0.999105204778532 1.28872019856754 6.02114610829669 27.5431831404533 89.9606649791207 173.929424715208
3.78613072906276 5.891136868252 14.2616263840733 40.7797842864278 107.724124776966 192.889965055753
1.21405038802344 0.918224970985077 4.59869297176573 24.16618638511 86.1807425698405 169.103563430653
3.56438389068045 5.54833508284756 13.7827619808615 40.1544400042819 106.640798307192 191.920985370139
1.69207647848174 0.900337655921579 3.79885528241163 22.0001505209802 83.3169243191972 165.689576017863
1.48126913854401 0.876348919795137 4.05701316528538 22.7594496754555 84.3658710039344 166.917115637759
1.2540002048744 0.906004531399738 4.49988837124694 23.920761349199 85.8771875986722 168.727091842023
1.10501845547998 0.981390790481472 4.9608801388378 25.0327433633947 87.3279884975773 170.420952841302
1.02610490756443 1.13636635671223 5.55463369356676 26.3394689155732 88.9913351818295 172.362686553935
1.0321726631348 1.35908409463663 6.22028904502331 27.6963479942022 90.6861551079284 174.340900827518
1.10956053591441 1.63759583141318 6.94011169952795 29.0819164451282 92.3851826658484 176.333348801341
1.2478188905958 1.95835263863645 7.69081040005081 30.449125779299 94.0193151245546 178.262213094965
1.44702514390431 2.35364077608794 8.56429839345207 31.9904730973207 95.8444710072747 180.414036541
1.68251761303247 2.75188208669288 9.35468145385615 33.3234458683886 97.4466861977625 182.27601760024
1.94400623597666 3.17272262294388 10.126291007159 34.6098287529408 99.0416142645169 184.073443195346
2.2620727263002 3.6652406015748 10.9571413773799 35.9776515583731 100.797140760559 185.97057170025
2.62390921974291 4.19398794139912 11.7968327761381 37.3172324535456 102.519421691171 187.810628064057
3.11752006621389 4.88121353679917 12.8842022399437 39.0268912040898 104.606247436595 190.106077065333
3.70923941727247 5.66285778207683 14.1088060381588 40.9015883513412 106.819373290607 192.589067926191
4.33856281230307 6.4606194790656 15.3482576077676 42.7449561389965 108.963099231753 195.010924923517
4.96149932769329 7.24063900857498 16.5285232292469 44.4671945843793 110.997765406186 197.263027658426
5.58208116499314 8.0260852779213 17.6456099974382 46.0936480078578 112.997920633323 199.38247460738
6.34416880686016 8.97408252878509 19.0115546921238 48.080378554247 115.347351538532 201.939142968939
7.05274125415037 9.83333731000665 20.1928846896921 49.7257336999401 117.300601787495 204.061516689906
7.9376570699944 10.8817051424625 21.6586544990454 51.7594082560796 119.624192349976 206.649306100757
8.97196864666775 12.0876569003753 23.3451184167819 54.0758189027049 122.22290488048 209.570909430363
10.0807552745319 13.3829911924482 25.1024066470483 56.4728135523261 124.974143254003 212.582427037112
11.2043444714661 14.7040602293133 26.8453487118088 58.8271271071491 127.738875069976 215.543303109013
12.2701233261059 15.9750880249669 28.45892579212 60.984037365182 130.357748688351 218.277364181841
13.0720135117398 16.955486235824 29.6150834803447 62.4881817392996 132.326627923362 220.227431087588
14.2138593248362 18.2857134189858 31.2767299049256 64.6908538940721 134.964238679553 222.979366786414
15.2717961170483 19.4536138400228 32.8366224794277 66.7268387195731 137.221767768075 225.462051087551
16.180472874861 20.3987010741097 34.2115315600017 68.4881681284864 138.995987382886 227.560971043113
16.5317539863061 20.7443676020818 34.7591069614604 69.1476238304749 139.616026424835 228.348776080052
16.4418705088925 20.6549020334245 34.6305850754642 68.9367471058346 139.450235528651 228.124580628908
15.6645787374039 19.8830915580105 33.4434759489921 67.3530380405944 138.040628373102 226.304412010365
14.5434457778903 18.7507919755307 31.7364899038278 65.0735440982343 135.941188740475 223.66365176535
13.3577520000025 17.5297387931504 29.9271411526301 62.662478695637 133.635090190432 220.843390866694
12.0704614595369 16.1629024573384 27.9574702306767 60.0177688284759 130.996499748317 217.703905425404
11.0710041037064 15.0454767820885 26.4380628852892 57.9701076865564 128.772007783338 215.211895760435
10.0601073063493 13.8244725786642 24.9148756995102 55.8894351305969 126.235738319036 212.574488937566
8.94886212375942 12.4578710953698 23.1962484808652 53.5371438610291 123.342800057845 209.563043807346
7.95723803397368 11.216164068207 21.6150732330797 51.3805228988844 120.653730849905 206.765295846145
7.14772443699941 10.1877762869713 20.3020601235746 49.5697374915467 118.345214968815 204.381580760447
6.4205561449133 9.27551018452135 19.0709223796227 47.8431193332839 116.221870701589 202.12490530364
5.65229714113923 8.3288326100456 17.7204026822149 45.9106084770532 113.96623525575 199.634949579432
4.94396423881181 7.4454313122326 16.4305853597151 44.0474181197385 111.808803894433 197.230399344873
4.39057855014914 6.72422365591858 15.4009339765638 42.5320913275746 109.971664149838 195.236004025503
3.86313108647291 6.02558448272729 14.3902714764405 41.0252827423617 108.138339811288 193.229995215416
3.39841758331326 5.38983345220151 13.44307797658 39.5952084265463 106.3782973119 191.302845318577
2.87978707997801 4.6675531885126 12.3151919235493 37.8465718893146 104.276493074243 188.958908217521
2.36704180452461 3.93389603937396 11.1419780100964 35.9920513290864 102.038652024526 186.468288840934
1.99987597576142 3.37396472388682 10.2452322062819 34.5503875910112 100.192242881341 184.48442837507
1.71357012964556 2.91010307554503 9.48109070388988 33.300234542515 98.5326658230422 182.718513184597
1.46367893136221 2.48074322467697 8.69886698196596 32.0254148266092 96.8762007884992 180.900280588671
1.26872481546301 2.10683579242211 7.94824870792041 30.7973599237108 95.2426542097861 179.109876494063
1.11300028202617 1.75197351167808 7.18239292650975 29.5026370090781 93.4443919886104 177.177888329926
1.01641256109832 1.38359732390433 6.2720182115097 27.8517142197531 91.0049711252494 174.645043877566
1.00541001049303 1.10017856456593 5.44390791758183 26.2398306625008 88.5823297599972 172.135692119963
1.01826750068772 1.05613582744176 5.27552919148183 25.9475219393849 87.9916210641295 171.606853596536
0.991197866362111 1.19576402439573 5.74750671828548 26.9881219626561 89.2116314997327 173.095218129378
1.0076820879064 1.39886476173941 6.34803383472468 28.1872215333716 90.7171230799199 174.849574716935
1.0607117767816 1.61449727135641 6.89423749243321 29.2393326441751 92.1759186338157 176.410203329408
1.15688490541125 1.89263938760424 7.54310389818648 30.4506241226493 93.8309572491856 178.187269157273
1.33204707997001 2.21916412513753 8.20518790402852 31.5637409593578 95.3290708540423 179.811558998186
1.60145336709885 2.6784676716854 9.07721358088135 33.0190022746278 97.1879417818984 181.877966964474
1.95416283241102 3.23355986692733 10.0651796373167 34.6309033601112 99.1983840552595 184.124202410971
2.36453776426042 3.84844376503045 11.1141965933297 36.3218828722581 101.285629378677 186.44577017944
2.8059074627906 4.47997527678293 12.1622403490296 37.9751090816321 103.306732856329 188.690085583235
3.26287277997191 5.10028575633686 13.1621586041715 39.5053794976395 105.166884001099 190.745625587406
3.76738110507164 5.76507028016837 14.2047849966221 41.0785824872716 107.067183033112 192.837454863234
4.27723586377123 6.42318487326513 15.2105033237566 42.5559506355351 108.851183958359 194.797527129892
4.87112544705273 7.18748817969765 16.3337982125416 44.2024485446818 110.855430213356 196.966280258388
5.53250715813741 8.03201120431951 17.5370137373424 45.9450061994489 112.989975581292 199.254013693979
6.27718937547583 8.96852697762497 18.8280188321214 47.7742246219773 115.232687605286 201.646802449845
7.0729527401791 9.95693870864934 20.1778637568711 49.6732627559178 117.54498294985 204.119704306082
7.97823792984479 11.0291873843045 21.6766661264989 51.7656737342408 119.97046805015 206.779656979733
8.92276934365343 12.1007422672293 23.2442011950312 53.9328757508276 122.330727409961 209.47589812458
9.45777267759988 12.6837403719799 24.1430062910644 55.1293411525051 123.576501865541 210.952235850371
9.54790929108782 12.7862932191181 24.3079202930009 55.316281092353 123.811947502824 211.204331810136
9.36144783452119 12.5942508038826 24.0134973602922 54.8627395048789 123.429716542235 210.69298529185
8.83414066077721 12.0345906464515 23.1337620453664 53.6076556174513 122.257918382716 209.214273566476
8.13300165394619 11.2889363312999 21.9384096112007 51.928884123551 120.689411387109 207.212611818358
7.33485682146264 10.4108555899086 20.5625942904166 49.9767158165639 118.785926600716 204.847261611487
6.51527009805747 9.45662550805267 19.1472277238472 47.9355886537907 116.626620532372 202.312624166181
5.75886755938868 8.55390874598169 17.8397710643214 46.0423282855449 114.543426401926 199.936684904057
5.00421272980574 7.5899930134538 16.5115784929315 44.0842457629303 112.201777681151 197.402582057187
4.30089406356861 6.6496570984299 15.2299559808228 42.1854528731659 109.824210287671 194.888406654611
3.7337121763699 5.86009559673869 14.1501421007787 40.5813638368911 107.730292415009 192.711875682256
3.2370115427829 5.15657754263118 13.1366597521204 39.0491944179797 105.750269076967 190.616153789985
2.70618842196384 4.41729957488985 11.9934775938921 37.3077142862363 103.619566686967 188.265134752581
2.33415532397106 3.87526585156332 11.0867569766463 35.9002525457996 101.876375833417 186.338494229782
2.00437666195135 3.37176041196422 10.2471545985155 34.5426682091787 100.14832461751 184.45724443244
1.69484375705612 2.87468463480928 9.39301426280347 33.1375376053535 98.3691560072674 182.497359448062
1.43640330976176 2.4210352451012 8.58248757211042 31.7763023513965 96.6208611557654 180.577410451199
1.23056729215139 2.00897377950064 7.81134982196706 30.426934838098 94.8530650278766 178.645022696726
1.1042203606756 1.6778963054836 7.12628310087095 29.176815369872 93.1744522575513 176.816352700858
1.01245914787904 1.37262848371919 6.43428826251593 27.8912993028044 91.4626725248368 174.924107505635
0.985570062323323 1.1610743096496 5.86228144833424 26.8047016157141 89.9799969368775 173.281927342367
1.00747377872806 1.01423926191636 5.37099664050458 25.8365875998002 88.6287113514832 171.787295144423
1.08684102874394 0.922381264608697 4.92094854411865 24.9071140125437 87.3321176814956 170.328837363346
1.21051190926351 0.863669656709934 4.49422985124659 23.9473463518543 85.98778859456 168.811926768064
1.38100271199269 0.856306678696009 4.14697328075648 23.0722600390507 84.7269753111553 167.403296244832
1.61479861721913 0.892253640082885 3.84694203173469 22.1999992452585 83.4965606487687 165.988487015199
1.87324464779867 0.956857756772289 3.62298316473832 21.4617893647084 82.4889125658138 164.775275713339
2.08197205405303 1.02283795746631 3.49673874939434 20.9715443885723 81.8168040103197 163.956146233708
2.25803524041884 1.07730021572887 3.39908664525346 20.5744279871013 81.2871077532994 163.293701082711
2.29256027975145 1.08899937854547 3.38172796726397 20.4968959398116 81.1756296308057 163.159614158111
2.23817266451078 1.07026451945293 3.3979566204956 20.5739598583524 81.2662652763978 163.290442963886
2.12743364716827 1.02864255365262 3.44022799289895 20.7620858489655 81.517983432192 163.615154101082
1.99522108228549 0.981963858637742 3.52704194735608 21.088234090317 81.9886005282262 164.166944192565
1.85822548384516 0.939657960655824 3.64260050163255 21.4922001879769 82.5841239180087 164.845428222535
