8.57113543350269 12.3442735909263 21.2213250247653 39.769005019209 55.744692613983 64.6459970748488
8.00068882116369 11.6885270768614 20.3329494407209 38.5011872194044 54.3724908175534 63.0867237807978
3.67408739350347 6.34330892416228 12.9649056347963 28.1389253788436 41.8969672459492 49.6498817368825
2.44244765346416 4.70223658872995 10.5619039627866 24.5595286939433 37.5249386328234 44.8971279456949
6.98163844999413 10.4685490663998 18.6856520975274 36.2854674373704 51.6738208239258 60.213151998035
10.543995385937 14.6721668567617 24.2838389083334 43.8781184574086 60.5697083853249 69.8187516011714
0.0200807465756363 0.731152432653774 3.4634648506957 12.7649189145203 22.6562495225485 28.4419821871673
3.81236358051027 6.49784688684101 13.2300131992588 28.5007827054849 42.3527746923757 50.1398324961397
2.7653508580853 5.16877103765709 11.210274621615 25.5475360808496 38.728004101089 46.2143751814355
0.14303662712717 0.237360444602119 1.75791660804181 9.24220576016499 17.8927911909047 23.0943910946715
10.3230649379812 14.4166963693425 23.935209647554 43.4205658859832 60.0509144479736 69.2511648613773
0.540730012380649 0.251982385483704 0.957771417305594 7.27747715208179 15.1363816165088 19.9358505466238
1.46056455682007 3.33286516199158 8.37375209110326 21.1779583698118 33.3930999157142 40.342735743324
8.14865181558174 11.8567075386942 20.5757698253775 38.8597977958148 54.707229408539 63.5036448241097
0.885672606259088 0.363951348590626 0.645304391872736 6.29274278564343 13.6836238450583 18.2871473376545
3.247454965055 5.77135488805096 12.14246115408 26.9305468229688 40.4328251270855 48.0589213547822
-0.00318631524807111 0.519289903566859 2.91488637627477 11.6917996687244 21.2076165529999 26.8501197217404
8.00389745829812 11.6776068829063 20.3264205539148 38.524265675453 54.3780887835448 63.0959464826937
0.108910569209201 0.262810863815469 1.91542504158595 9.59054617310172 18.3689217923125 23.6353832225808
0.633013138840869 0.268660394523275 0.855428239904864 6.99926291443289 14.7057155234085 19.4555692668557
4.69007904806031 7.61566764826147 14.7974451652015 30.7937290944815 45.0573264235999 53.1284473849766
3.85304153515756 6.57528348260121 13.2994484446789 28.6107886570044 42.5342153783465 50.2942480963076
0.824836976647024 2.36284144041173 6.75954768706181 18.5653348647982 30.0892628987091 36.7302138552463
6.04079126901487 9.30446152127935 17.1266906773725 34.0890710775859 49.070493271262 57.4073754826206
3.44160036133722 6.03764232477141 12.5101480803465 27.4686163724964 41.1376843941303 48.798424415283
3.49338476434096 6.10446864624907 12.6159871677727 27.6179663632637 41.328086130961 48.9925479239734
10.0008218027994 14.0611579640912 23.4401922354918 42.7875556080291 59.2962714311958 68.4342930433377
7.29757089683214 10.8302583268141 19.1795059983318 36.9696298572816 52.4889446568428 61.0954220382095
0.272393453430488 1.3483816709291 4.89541387735399 15.3835870497535 26.0253744715886 32.2330862321578
1.1046925989678 2.82498115076903 7.53426262634103 19.8355399634095 31.7127002771942 38.4843989973663
3.1265186467332 5.60504769786052 11.9149363894734 26.5627883910309 40.009825749533 47.5921355428286
1.34340835390249 3.15903312977723 8.10144176571649 20.713069317512 32.818728929733 39.7215911568731
0.236763041359956 1.30337515960822 4.77591340400708 15.2098224890303 25.7672972988879 31.9644759308472
2.03815643224588 4.15475770008829 9.68703369007731 23.2374382438724 35.8897459360582 43.1141913677578
0.0367929157354874 0.347414423031045 2.29293569502151 10.4134647628804 19.5093078870239 24.9229890125353
0.820561708113194 2.36154856846549 6.75271395406761 18.5623825367643 30.0751948518062 36.7134979668805
0.445720295842326 0.223256300193064 1.11504949188228 7.67786901471222 15.7029910732206 20.5898040309487
2.20531685559749 4.36623210454363 10.0419861624647 23.7650549819284 36.5576715706206 43.8339145621912
4.61839193825936 7.52409545923082 14.6660513595548 30.6233150323253 44.8642609549759 52.8962223499697
0.184164783691193 0.246049330785125 1.62105881307078 8.9390377767968 17.4972337066355 22.6189496334818
1.09719123336702 0.468764901902522 0.49028331889791 5.7577577413938 12.9478141462002 17.3934625185747
0.00116265822131359 0.598968700916875 3.13962784248053 12.1421309392261 21.8050439208466 27.5115199074996
1.15898799886012 2.87548073130581 7.64595854563343 19.9994728804023 31.878590523496 38.7208095231206
0.449327447429762 1.72207240047621 5.58972364969397 16.5830815047303 27.6094551213674 33.9585786994346
0.0264480425497575 0.736893440540523 3.49939104837971 12.8327391881175 22.717908031891 28.537540497049
1.43780219220882 3.29269661473255 8.32440171384719 21.1005109507784 33.2822280634159 40.2362213620549
1.26363072897912 3.03612784749171 7.90959076576051 20.452261949447 32.4186861693823 39.3214817910819
0.482823010663965 1.75634498179582 5.67126981350083 16.7230271651508 27.7666094887738 34.1614645298426
1.76711564759356 3.78329662220663 9.08970328817671 22.3104987133088 34.8237185793604 41.8986935055616
0.91479063952305 0.37306352705978 0.607848159672509 6.15206321062947 13.6098870542785 18.083939165669
0.244748382318676 0.215638794252727 1.48449282284947 8.58932470324709 16.9813890358409 22.0596047305694
0.0127321955376369 0.688208709745888 3.356769666407 12.5604625036452 22.407892795261 28.147831282998
3.82484675287361 6.56596128505933 13.2407705599038 28.514309093229 42.5154908122261 50.2073731600374
7.73704677868577 11.3512122452735 19.9022145930414 37.9729623892875 53.643090664819 62.3619915671668
0.412116544676633 1.67663574600985 5.47917182226787 16.4383661167384 27.3798289340279 33.7260544624148
0.123719280181231 1.08502977809987 4.20549314459869 14.2078032791128 24.5298412784407 30.5269019735701
9.28692896095315 13.199387298929 22.3542280932797 41.2974751781255 57.5582017468939 66.5695212928324
-0.0110411595574514 0.522596370647065 2.89003913898559 11.6717565228186 21.1896867889833 26.8138417763551
0.483070521154096 1.82362064138019 5.73531902198424 16.8793352019941 27.9655690426035 34.3630639362195
3.54027586346959 6.15698446577114 12.710097441286 27.7387575588151 41.454929787752 49.1425091751129
1.48359854323999 3.37586988459632 8.45514673133587 21.303036451445 33.5038460441822 40.4919506734223
0.811190630978289 0.338133367980456 0.706049839149269 6.46509177295477 13.9719472716669 18.5964194846805
0.104913895756177 0.265080489108043 1.90860211039309 9.57859521965019 18.3639942464238 23.6198048503634
-0.00468523631054817 0.527169491064759 2.94599350691009 11.7528698782743 21.2928227499908 26.9318866069132
7.3365862689345 10.8659160421341 19.2603781314941 37.0407293823561 52.6174337356061 61.2174477977459
0.0858305802296282 0.291186356276043 1.99394127291602 9.75244237961726 18.6189650254679 23.9062393445269
10.8028488565184 14.992041232838 24.6303520239669 44.3598118193069 61.2105684162333 70.4470973605721
0.468805368140404 0.231831141221904 1.09009853313881 7.60178896255304 15.5516770362066 20.4391616803386
2.35993523267716 4.59223653621679 10.3824561311315 24.3026922267612 37.1981521781834 44.5438804684676
6.13839685553951 9.45168368631966 17.2774801119614 34.3351747215293 49.3779877715339 57.7225544145066
-0.00632456764030338 0.473111337600906 2.69400676694859 11.3000142753318 20.6581607861919 26.2235285101759
-0.00138535848151033 0.473314624131107 2.79458985736183 11.4327091635637 20.8738404482609 26.4534184565027
1.17599142624284 2.92049414216097 7.70580254729182 20.0757774500591 32.0443458538965 38.8387212050868
6.38006499372952 9.72764036249743 17.7281979364404 34.9124793201987 50.0339391044534 58.4697941466744
4.76709568158619 7.7241900294628 14.9346114756911 31.0025189683727 45.3508653307142 53.4032062937861
0.940393740297708 2.54931447576788 7.07863694476955 19.0988598832656 30.7532964984844 37.450963330302
1.62972257223236 3.57573737268066 8.79026881881582 21.8299603285849 34.1446104423979 41.2091775347032
0.108654178499518 0.28043523508144 1.86654921674002 9.46002319068493 18.276804717098 23.462890950661
0.048796750464368 0.878354218670629 3.77048577515927 13.3944419732903 23.3804724174536 29.3175042890579
8.89363293547969 12.7146483793877 21.7479865934648 40.4823340973521 56.5075841072612 65.5111156384299
13.1343214296863 17.6974501854739 28.1270242895249 48.9748665553066 66.5338744885189 76.1765606728927
0.462077711932067 1.76071039236357 5.63382251355745 16.7050601769992 27.721696997788 34.1092875984694
0.378761580640868 0.223825030616314 1.20817519301906 7.91000012592233 16.0378042024656 20.9698745683158
0.327072938311044 1.52742161125553 5.18801401562485 15.9239789926528 26.7206659914811 32.9904022034287
1.34584804590923 0.585267811663671 0.364542393217434 5.23960108044866 12.252332446004 16.5171811564966
0.338699526439864 0.210187053353567 1.27833601158989 8.09509693450877 16.3045817990847 21.270616135495
0.429080264886642 1.68095142127436 5.50639107501173 16.4470272602736 27.4658768005576 33.7799886247244
5.41104461664681 8.55020770936985 16.066556705143 32.5762082758459 47.3429122791906 55.4941233189028
1.40890543785047 0.611839764138278 0.334668255816972 5.11536928623737 12.0345515973126 16.2866010783473
1.29381301142648 3.11469178822597 7.99375386144469 20.5424654916055 32.6994903704669 39.5065309938537
1.05913452376573 2.71475459981793 7.38182001541963 19.5892269677698 31.3626962664787 38.1350807879295
0.338854918398191 0.222160081026892 1.27416521650578 8.08340652479516 16.2975273047849 21.2578429927781
0.0189071754270049 0.733088403584852 3.47734514877007 12.7795434569054 22.6767813570434 28.4704540055573
0.964461006112917 2.63007329529971 7.14331955960354 19.2494085925199 30.9033809505435 37.6288975336062
0.0908162637370679 0.269760289652451 1.94246523031759 9.67800714981297 18.4788978238074 23.7595252100821
1.11905201318586 2.81611468530593 7.54298327724287 19.8539256631136 31.6699786873667 38.5015028206467
0.967946674591122 0.406858396007563 0.559813670234238 6.05276659822884 13.3791859755269 17.8962975280749
0.711059098806578 2.17830461321171 6.41699727880627 18.0160341330848 29.386801679286 35.9430314600493
0.423465698396997 0.222198617209461 1.13643237014122 7.75029742981557 15.7930976284451 20.6932979379529
0.0275547842594985 0.760864688172201 3.54967203159979 12.9560622807524 22.8476027777301 28.6992092765742
2.05962418659531 4.17565995884225 9.73854188037862 23.3011201426178 35.9468194357054 43.2001279652012
0.184449224436441 1.2197655663325 4.56132375744459 14.7735231975127 25.30940238372 31.3869556045446
12.8368741785478 17.3485947483678 27.6831765078817 48.3901275517946 65.8639685440493 75.4586951049391
1.01302338428985 2.67035127573585 7.28144506933102 19.4030335121955 31.2161908109516 37.9089013245502
10.9226391486123 15.1046255886453 24.8390732175664 44.6209208696324 61.4744711505915 70.7672291385503
7.51922192135426 11.0731473693343 19.5599917417451 37.4857360377368 53.0154466957556 61.7373110853941
0.0354343729705302 0.332350166978964 2.23406944350076 10.2880613030005 19.342308949 24.719915072283
0.0904579277593406 0.968198150515952 4.02260456704223 13.8312174529429 24.0419877256745 30.0020379768409
1.07316367131328 2.76700390377773 7.44416306616417 19.6579436701654 31.5406758402685 38.2635737169353
2.32607828274532 4.53971656416351 10.2976730505108 24.145292331563 37.0583449706398 44.3541568289009
6.63768478642463 10.034951600383 18.1248710356946 35.4591734680388 50.7507592864415 59.197663574642
0.279896131914067 0.227603626014671 1.37953108925658 8.34570297441717 16.6990546531581 21.6841687300137
0.447916196836419 1.68598109671184 5.56745832404497 16.5406489546309 27.4997055613695 33.8876485204459
2.84381644928634 5.23864941476105 11.3727453094525 25.7664234294818 39.0050405360144 46.5213259518573
13.6398180250958 18.2970729255763 28.8379648613176 49.9013637382549 67.7087834548923 77.3732794315484
6.57173471899722 9.95759520207565 18.0307614751146 35.3337114645963 50.5754838200375 59.0291299008971
0.657193058175656 0.277961980321506 0.842320896329226 6.93299735069912 14.6177977654521 19.3539930861024
0.0259864911333793 0.354580420237272 2.30192185826798 10.4584823065994 19.5789505411442 24.9700714350224
15.6532264657127 20.6073449782877 31.7475689344946 53.7261363445264 72.0255282968353 82.0414284335004
1.86911051087274 3.90337232494221 9.30455695360764 22.6230779590002 35.1181282257495 42.2876356130843
6.73602841449049 10.1354815829739 18.2757025147089 35.7234711530482 50.9525206341321 59.4752089313602
3.29470885092177 5.84580077061815 12.2478696023928 27.0721795679067 40.6302027332925 48.2541640042519
0.0070707505759769 0.442017978171702 2.63247099972331 11.1486460530106 20.4537818148172 25.9936213980783
7.46022622004403 11.0218827119684 19.4584525048492 37.3522983453964 52.9253167143661 61.5763788346514
2.69099317868587 5.07152027017531 11.0747912208809 25.3153144305729 38.5229525645104 45.9265470490465
6.96338833127459 10.4252035823726 18.6555295599508 36.1909512157449 51.6099442813128 60.133251357147
1.39783995004209 3.23609171873135 8.24182841554195 20.9576143491538 33.1105862139584 40.0440904959799
4.16233840263387 6.9497387948763 13.8434693358683 29.4375047950904 43.4098987914054 51.3391011429819
16.0755331354779 21.019507318661 32.3652760415852 54.5233890658425 72.7826143617515 82.9715829809938
4.74714145387832 7.71059718986825 14.9054509726212 30.9697660623426 45.2926756239844 53.3362918064756
4.41074927641263 7.28737074246672 14.3227131680713 30.0974773100094 44.2729883163929 52.2250667282379
11.951511492982 16.3017807131939 26.3720624145411 46.6484732851894 63.8602688054973 73.3145348772299
8.33019385585182 12.1017859633819 20.8327281424895 39.2338347823707 55.2477795602023 64.0123980481716
5.62407056207515 8.78468266678424 16.4251484658168 33.080609081989 47.8849788680454 56.1364235212435
0.759794208491446 2.26621745616126 6.54408953523941 18.2350943646987 29.6780262226047 36.2717816283736
3.12747835872865 5.60519875514298 11.9406559285359 26.6079408984827 40.0408705441474 47.6359676213338
0.0696642755586995 0.293143040733512 2.0790627160888 9.96748820741209 18.9054996934686 24.2301836410272
2.74750470877214 5.10645516029977 11.1651692746978 25.4533744101327 38.6513541044913 46.1189576979926
0.284322121375682 0.210352104131302 1.38801555650735 8.40025563798414 16.6823379257197 21.7297353178744
6.72165678157813 10.1291902739949 18.2595999174368 35.6511237639471 50.9562601885957 59.4274309042372
2.46355840843842 4.72220119676661 10.581614784459 24.5831957351803 37.5719151936756 44.9499203458399
0.289258542321119 1.43039321879884 5.0162197289359 15.6114824268752 26.3432743348324 32.5609207364666
3.36898354030764 5.94281905452338 12.3504766368628 27.2603416204927 40.851656413016 48.5025313589857
2.7388498629525 5.10849436970654 11.1637310458754 25.4755113346414 38.648181883536 46.1181541152036
1.74018450960169 3.73361360749508 9.03576794179833 22.2185950728121 34.6620022847047 41.7425611348499
8.28898101076629 12.0070284647916 20.7781368785659 39.1605833270445 55.0252694433065 63.8744043198795
0.0366179433468915 0.782891757375913 3.58937432457843 13.0312220198001 22.9642967919507 28.8160265169747
2.74548334217459 5.10609723871016 11.1678142920925 25.4575666413884 38.6419660014164 46.1170147225379
1.89537351012258 3.95599660078462 9.37745600802459 22.7575623543648 35.292337046266 42.46698902046
0.0788497372701315 0.908805954354097 3.87475184054886 13.5811579381568 23.6910696177948 29.6166518296986
1.31845472644426 3.11239415145086 8.04138939146781 20.6306629082007 32.6545888317873 39.5820119885223
6.4276427027054 9.78552972748454 17.7758865786184 34.983987927184 50.1935522838741 58.5866214386379
7.49908241909929 11.0903573592916 19.5282962016144 37.4014607394233 53.0699563473822 61.6784550544521
2.03783394538094 4.15751794097017 9.69353226486557 23.2333060601553 35.9203687899564 43.1153236404679
0.716824241218542 0.300669593437291 0.771481733137125 6.69520232687033 14.2999774027643 18.9927270790758
8.42678044210081 12.1421187646324 21.0179142906829 39.4905286285757 55.3721489835329 64.2569212073556
0.141093441150306 1.08754156962641 4.29409320245366 14.3663278816768 24.7021919195567 30.7575288610514
2.86131868792837 5.26178307471939 11.4030560712685 25.8202702948081 39.0656074733595 46.5864033647457
4.04530349689334 6.79296764857625 13.6638958117687 29.1409427594072 43.1052882768359 50.9830056475215
0.38325110974901 1.56775072281408 5.34340549675038 16.1581528990109 27.025771652854 33.351999848303
0.137492530659658 0.245139867533545 1.80290394470294 9.32331801580746 18.0207171931936 23.2221648923202
6.66524507587112 10.0678959545806 18.1701211982482 35.5212494281435 50.8235225424284 59.2771647801415
3.3375423438289 5.90434306567686 12.3134311381826 27.1807628980729 40.7866437081073 48.4139327980488
-0.000126219848272095 0.474325403383809 2.74418009058095 11.3364219724649 20.7817888399822 26.3367872620007
2.41622057640714 4.66673699049475 10.4902283994341 24.4411653508642 37.424919714151 44.7489600159518
0.156242409299686 1.10290109809476 4.31211117638601 14.3807072676532 24.7378813212642 30.7840313798824
3.52751999979515 6.13322125622065 12.7001301188145 27.7190278004351 41.4069761172605 49.1130952442174
8.02571988713369 11.716982359781 20.3455562506756 38.5491050888194 54.4325132511421 63.1544975459473
4.26159736096518 7.06943563967308 14.0478485574014 29.7011025304121 43.8099288036392 51.7201037412003
4.84587986320233 7.82147527584427 15.0827155540653 31.1789913283382 45.5993494317113 53.6610208084691
3.02981342404968 5.50884298710867 11.7075398305773 26.3097721767678 39.6824923716161 47.24216711287
9.78823869113204 13.7848192259691 23.1005395888796 42.3108176463747 58.7603227562765 67.8607948907354
0.0148746612220406 0.659945490961575 3.28010803004986 12.4130085539893 22.1673469002235 27.9079421648334
6.86603220299999 10.3007565778196 18.4858467413011 35.9981235602332 51.3370970604235 59.8587848847487
4.80759510929399 7.75548575401759 15.0082533602192 31.1051150932606 45.4304774879556 53.5191120783876
0.00060708697839649 0.430185792037296 2.65826811306929 11.1427801800319 20.4941582041382 26.0191213974384
5.94582021135601 9.19937330193816 16.9891773909439 33.8791152347173 48.8530603878601 57.1580745941875
0.155696013540319 0.22390314413531 1.71343863253381 9.14390647105787 17.7682982723662 22.9363266715146
-0.00757748134778823 0.534635189495498 2.90460159555094 11.684960399445 21.2593129146592 26.8385763414435
8.08851260051799 11.7815271557257 20.4607416866475 38.7460009251946 54.5362295179156 63.3238831942073
6.51983194512415 9.88282185674612 17.9431111923193 35.2310029444554 50.391505615515 58.8655184399084
0.00585187934089174 0.450609193496277 2.62349561502364 11.1513168902139 20.4412768843964 26.0002824796169
1.34127697072266 3.16484112205522 8.10823734729099 20.7524086623627 32.8222534377149 39.7408476226729
0.656439876293172 0.279927906886023 0.82852174692214 6.90474888760176 14.631346675306 19.3254038237732
6.45595793625288 9.81352714992883 17.8236981558651 35.0677682592677 50.2110829248039 58.669283081023
3.43901796608028 6.01562922517632 12.5109321740175 27.4882330461628 41.053007971722 48.7722713666772
1.46643336700693 3.34305557618459 8.41479134725161 21.232514755762 33.4551501987596 40.4172818809637
6.5600019294378 9.91988890251242 17.9821085090127 35.3031157046773 50.4646773163594 58.9535515425626
4.03271255369461 6.77339857950185 13.6332644522361 29.0937868081027 43.0643664030297 50.9161339410081
3.54815130414241 6.15837009289162 12.7135852880077 27.7576356383404 41.4404087771382 49.165797925176
0.0549255018003567 0.302175359934558 2.14321068890942 10.1111736812791 19.0545564304365 24.419656032341
6.25609524869181 9.55877653042593 17.4986229409637 34.5921546631272 49.6835738734759 58.0750780206972
3.2730411609021 5.83250914194829 12.2108401455728 27.0210038614847 40.5930326706427 48.1901810973783
0.847074936952853 2.41851980178942 6.79513464495147 18.6607375751295 30.246553434382 36.8672111439634
0.186566652977554 0.226208271644385 1.6656085224633 9.03505715908196 17.5898324769665 22.7573960299733
0.240657078690901 1.3064285249706 4.75183353265741 15.1654420495007 25.7603299072278 31.929934111027
4.25220413680757 7.06388440496857 14.0090419523041 29.6592058935511 43.7495440597422 51.6551186454762
10.3551416761524 14.4807954480083 23.9674768340733 43.4698500352386 60.17978938946 69.3313603360664
3.74956722816857 6.42890465323303 13.1101243454802 28.3299815639647 42.1470778242629 49.9185430547224
5.99414149028426 9.24200315884914 17.0690094345667 33.989808141902 48.9687437130293 57.2958475982541
2.74141742273642 5.11352148818406 11.1874043258146 25.4641842808316 38.6737895519805 46.1344188583716
2.80579244955937 5.20852844253001 11.297620019728 25.6297368209279 38.9716062409714 46.3840842926364
9.67856979102995 13.6665776024184 22.9445084233669 42.0965735818987 58.4953505233082 67.5887861725942
4.49812704284235 7.41127780659517 14.4806784804446 30.3003052194268 44.5933100521587 52.5324804463592
0.734661001610906 0.305304148948175 0.786864871372237 6.70275143012389 14.2974740877744 18.9826674831643
4.43022941795601 7.29505210433997 14.3289793537205 30.1304136197121 44.3081793627554 52.2622090231525
0.81789378121598 0.336447043433652 0.701246164239681 6.42879841156023 13.924096835207 18.5409067289906
0.0272263971630469 0.344396176436724 2.2873029369836 10.4046432250447 19.5043701557588 24.9034883471711
0.846589058647083 0.349396160498268 0.670471131033121 6.38484700053456 13.8190661956313 18.4406769005212
1.21821190489831 2.97367546920064 7.78131422510182 20.2366064755345 32.2123358351731 39.0521233129282
2.68902931908661 5.02933507153981 11.064193853397 25.2622175584927 38.4501581987326 45.8825544941614
2.62906567678635 4.95244164458147 10.9021102588616 25.0988500663753 38.2152391142192 45.6187215942523
0.890880643726505 0.371724890254744 0.639208798076317 6.27092234180527 13.6575483717133 18.2528713880153
0.358135170896971 1.5721844203114 5.2699414827479 16.0364025777895 26.9909230250161 33.2152965794894
2.92960677270455 5.35449997554195 11.5384203284506 25.9842931808343 39.3510056031022 46.8416033355696
12.1438332630297 16.5595475346938 26.6689353052739 47.0473911555004 64.3008327052769 73.7970197799996
0.029890892936322 0.798270895981184 3.61771617686441 13.0571637475527 23.0398539736657 28.8627734928958
0.832158568408422 2.4252482059448 6.81927960993199 18.6881901704383 30.2266716913599 36.8782439661649
-0.000278335730734847 0.610840425778232 3.11730136326911 12.1387466043173 21.7505268648327 27.4704383411141
10.7498746597943 14.9023791024108 24.5847202425803 44.291088837693 61.0638183379967 70.3305586787236
-0.00396801653827293 0.520482064592216 2.87608950898912 11.6553032712316 21.1032944270511 26.7544004517381
0.624382673017407 0.277870480140227 0.859244952585175 6.98465050051573 14.710660832916 19.444752912175
12.2309497559398 16.650839028962 26.7901785155657 47.2474650187064 64.4588811676983 73.9997423848115
6.13535745877009 9.41545152960519 17.2837650556513 34.3229593041403 49.3003128582553 57.7019348939364
3.29902273041972 5.83666723886576 12.2692937244717 27.088756814042 40.6322898904676 48.2840179035018
15.0758752413858 19.9622849943986 30.9020229239535 52.6114818862453 70.8397454259415 80.7139874358912
-0.00196370173324489 0.571234559169503 3.02754159091023 11.9247683818281 21.5597246072203 27.1961792916457
11.9466075773948 16.3288111146249 26.3571677277218 46.6389381864004 63.8767541149863 73.3054757229911
0.368795126046167 1.5647173358966 5.28395209892833 16.0677874304225 26.9245505559031 33.2157191590525
0.0182783263215375 0.740717865744687 3.49075647177399 12.8204145998739 22.7431607304968 28.5255206478279
2.34774832174938 4.56864124512296 10.3593536719602 24.2486504104775 37.1211288946089 44.4789577734086
3.95768848464387 6.68004397997185 13.4938147201767 28.8951408178333 42.7768855815168 50.6468674196891
1.05853716822381 0.448699008195349 0.513192426242687 5.79954555570203 13.1152654371788 17.5022848411782
0.178428430981662 0.221355826774743 1.63062776070524 8.98069059381497 17.505113749376 22.6633167946666
4.62848014484979 7.53692208411127 14.6870424237664 30.6436707909626 44.8931167454947 52.9344732430008
0.460204728587939 0.228849003892898 1.07198891194795 7.57871691220403 15.5476477171508 20.4243873617021
6.35148696595358 9.6828242787287 17.6493755707549 34.8042013520732 49.9518517325733 58.3431088636601
12.5383368904175 17.0299621631494 27.2411991291884 47.8358986505763 65.2184345127019 74.758650246082
3.72285612697235 6.39529619941692 13.0560491017256 28.2946236734398 42.0226611812663 49.8324002268022
0.0214440238182294 0.712940462289314 3.44249838457768 12.7254864072259 22.5694924958157 28.3778322938864
9.83649771998093 13.889892640832 23.191792258878 42.4058752190365 58.9652924375915 68.0098095681902
0.599453706272279 0.25853061794076 0.90611862925268 7.12891880296807 14.9000472933299 19.672065234311
-0.0032565122050444 0.613960599128786 3.09782505238874 12.1057812781505 21.796422021143 27.4649519814056
2.80539155086508 5.1922649812365 11.2928638216999 25.6424485094681 38.8659382097374 46.3548444275084
0.206014293871216 0.252743499336921 1.53764065112489 8.73851931682971 17.2599793248978 22.3003943400533
2.59060646664583 4.90704744637921 10.8664826923419 25.0010594759649 38.0604673847948 45.5025252663995
0.807145956257723 0.320912254477238 0.687164960564648 6.46382207892212 14.0347830842002 18.6062379267046
0.516417189839356 0.263571444740712 0.957661402357971 7.2989498954757 15.2279433645841 19.9746803899821
0.251751135990252 0.252218337022572 1.41323093035883 8.44384494421681 16.8761630035021 21.8356546578416
0.00169142725741854 0.374084507594417 1.94088927461123 9.6142948221467 18.5446085903918 23.5407908885115
-0.148507985855757 0.558248447477704 2.58806133284756 10.9711005599369 20.4240913014949 25.5353856393188
-0.129583371580675 0.783832148124586 3.27419474566961 12.3738852528234 22.2750487431973 27.6639158980611
0.0244848111655566 1.0630804404584 4.01579372059379 13.8288599853252 24.1074403325368 29.8705601289001
0.221998344474722 1.48345419160705 4.88691997596745 15.4044405938725 26.0991994851838 32.1099944205824
0.45404603160456 2.04613409885838 5.93860021667461 17.2279292585401 28.4175334900241 34.598386538782
0.798115487021844 2.46002199562785 6.78539962145475 18.6547309063716 30.1566018170146 36.7145034006379
1.06687420725658 2.7996510119628 7.43732611679117 19.7291714632936 31.5317953647159 38.3043461358131
1.26570371753322 3.25354639193104 8.15117080634656 20.8383065984059 33.0349472176815 39.7571953458757
1.57557409797471 3.76644603244762 8.97268006566681 22.0962754715255 34.6097788825752 41.4187666516046
2.03914202117926 4.45748192034166 10.0359583293603 23.7372704552465 36.6345723326833 43.6055940866406
2.7221953199421 5.27590010517689 11.3081455126587 25.6879002088321 38.9488390013038 46.3063926792919
3.46278264800411 6.11105361324067 12.5704594162834 27.5921766916605 41.2574146874173 48.9078245392202
4.22551292013301 7.04517385139463 13.9766232570399 29.6291906524439 43.6432856619433 51.5768756198144
4.61359385299853 7.78555473779487 14.9472541162939 30.9919775978523 45.4448215868308 53.2028798778156
5.21227694671946 8.78927925746731 16.2964799628901 32.9065563540024 47.8453922321766 55.5109185688671
5.9887127306873 9.62227800262298 17.4656513750196 34.5385038224613 49.737137324492 57.6893598041377
7.07207359384207 10.7487533173876 19.0618351820451 36.7628851601631 52.2676874806785 60.6430817685168
8.31609682506521 12.0256926346492 20.8623210882737 39.2751255750105 55.1156751233496 63.9646642198961
9.34134061782129 13.271443642362 22.431166219549 41.4272522348766 57.7082597236633 66.726082567495
10.5280358631845 14.7045434230052 24.2595828619927 43.8908579662383 60.5807006024006 69.798499729823
11.6661235150095 16.0730068590056 26.0058731832892 46.2247906136202 63.3029270813299 72.6794388897285
12.4683547807286 16.9436243976897 27.1630960513649 47.7411113373141 65.0215690052533 74.5890423278331
13.4645944944417 18.2142758850672 28.7432807460011 49.8028545484466 67.4756308271414 77.0654089866284
14.3510697780133 19.3562360460148 30.1196643711651 51.5951956410596 69.6419970317103 79.2117284010774
15.3419845588507 20.4971749119573 31.5137756918335 53.4226411900242 71.7895847053698 81.4906849030718
16.0872831841305 21.1124141892232 32.4200652186554 54.6050540124706 72.945731470722 83.0495890050569
16.0880674774958 21.0219197439565 32.3905588253045 54.549818925371 72.7867576740595 82.9902819179213
14.7098109083471 19.6396630647045 30.4621057177772 52.0395263595398 70.2033591708806 79.920644042214
13.4812041869346 18.2384828503468 28.697147348123 49.7448501213993 67.5336182886894 77.0696092910117
12.2962490270649 16.7677883409315 26.8999140981404 47.3878059634172 64.7005149622715 74.1800950683492
10.8561894277737 15.0745056236595 24.7282868307736 44.4975245583623 61.3669311133939 70.5963513735694
9.76255805285655 13.815945870795 23.0812817325742 42.2593420333632 58.8162591583495 67.8281677596347
8.84935063226452 12.7942970180618 21.7296218244816 40.4280697753992 56.676406029506 65.4640148480516
7.77284171264788 11.4557891020555 19.9920495702184 38.0405861607645 53.8524801823669 62.4743575206495
6.78390840800705 10.2102359793662 18.3630789942481 35.7834301268863 51.1433445416412 59.6191375464474
6.0222761268189 9.31436239524474 17.1145044216851 34.0668024672558 49.1358487951116 57.4114547282316
5.27273084678865 8.4125632201932 15.8457854776918 32.2653561281835 47.0241235141243 55.0948305576838
4.51668051357503 7.48032293105817 14.5352118404219 30.3987138581927 44.747517736281 52.6292398483867
3.72544156140805 6.44048181910021 13.0550002610253 28.2433953793797 42.209110844222 49.8608045468613
3.24174075537677 5.83056846463056 12.1699623993231 26.9691551312457 40.6100896317755 48.1296426392734
2.67272511399042 5.25737507072586 11.2476715550032 25.5763770850942 38.9471845642246 46.149079568327
2.16290476104455 4.66621166322409 10.2876975489899 24.1067409200992 37.2096281021716 44.1381494429754
1.66081778232595 3.94710093330302 9.1720411473573 22.3836312993811 35.07573519122 41.8168937808822
1.22521873953816 3.14256171330039 7.98990144017093 20.5178311828674 32.6836651166123 39.371909033878
0.897501594865718 2.52749485330588 7.01513226792881 18.9715410852319 30.7244986547827 37.3016879663868
0.621184240444331 2.2289302135045 6.41167311163751 17.9925504386765 29.4717546553631 35.8251551218268
0.360027712954069 1.82283047534688 5.64151813361426 16.6730525534401 27.8393288990457 33.9742412037947
0.178589193607758 1.4340069718941 4.90248445859798 15.401635014671 26.1753517462736 32.169167423122
0.0347463513357039 1.09065523985153 4.1703543365501 14.0959983766738 24.4672491582285 30.2832754498938
-0.0118453218593735 0.685813111127572 3.27854388699827 12.3974014930948 22.2224034919722 27.8692685354353
-0.0335189886824704 0.434024902169235 2.52748803626724 10.8812272113512 20.2012453397244 25.5771623114707
-0.028494726658352 0.419773871904177 2.39615695935787 10.6403305532379 19.8622375881823 25.1789218972904
-0.0596667164196276 0.604947833708424 2.92054580254001 11.7513211930934 21.3439765616608 26.8272911546879
0.0415922998631825 0.846122258765343 3.68446956420471 13.2447253557842 23.1760047171488 29.0972262236702
0.0397301637671244 1.08606704891949 4.198394738587 14.1292857115336 24.4318831389982 30.3202146892168
0.0554022003198841 1.42811771290589 4.84078934643055 15.2464641000273 25.9718155082678 31.823208808789
0.247156672835309 1.74214112059573 5.48239537241736 16.393776389331 27.3867243138805 33.469644756732
0.546838805986375 2.18912717050871 6.3255151278947 17.8571343899194 29.2098250901531 35.5727716582255
0.955544478937486 2.70656790135115 7.2822330621096 19.4369069040772 31.1623062327326 37.8612000323679
1.39654175811502 3.28393474067692 8.31057206918719 21.0693929307411 33.1717554505723 40.1357915207624
1.88233920829346 3.94927681059051 9.37739089523726 22.7488139400355 35.2541469744659 42.4376761724418
2.37573704806883 4.60919403452723 10.4306179494651 24.3559597533491 37.2264649612616 44.6143490933891
2.83352549598952 5.30180820290425 11.4199136992159 25.8690666763635 39.1517599571929 46.5823658834489
3.44797958609727 6.04074313508763 12.5439948310891 27.5421759840358 41.102338491804 48.8215701672612
3.98491655936219 6.81789447566092 13.6079948374635 29.092814656562 43.0404673492873 50.8332838211849
4.6450068416977 7.70857888326569 14.8359375868394 30.8837261348466 45.2257049554043 53.1412641479314
5.43923534430635 8.67307010512317 16.1903562601871 32.8021944537502 47.5183644185152 55.6451190672795
6.21929425509774 9.60365931655926 17.5108754747287 34.621440022529 49.7053215366939 58.0363840029157
7.04107432835912 10.628071033097 18.9133360832752 36.5514541561518 52.0059024105158 60.510414329211
8.04236348985096 11.8074057144949 20.4997864242632 38.7501468798336 54.5756099358253 63.3031589568945
8.97394286037288 12.7845291252819 21.8887350137359 40.6654511168269 56.6410181060912 65.7153124855083
9.01750373827983 12.9358581781618 21.9911773658896 40.828281055165 56.9617259135254 65.9077553166496
8.78626907190266 12.7046975993905 21.6444441215857 40.3709818111746 56.4806998468712 65.3214141429416
8.15817955753102 11.8766691052832 20.5891363969184 38.9232183541828 54.7317507961105 63.5291047698978
7.17535239553332 10.767283815896 19.0605633352288 36.8109946341429 52.2939237652809 60.8312951217379
6.19840140321425 9.5301715642297 17.3826937070828 34.4862315633055 49.5568378483711 57.912401103167
5.30336909789344 8.45778252944857 15.8867492796444 32.3374116364103 47.0433284051828 55.1390011855924
4.52846241421236 7.48541038875076 14.5586815887072 30.4102436925076 44.7524901769571 52.6603253613427
3.84442577093 6.61806608429685 13.339892963058 28.6482243731386 42.6089709562204 50.3302012544063
3.16879942061356 5.68318513151918 11.9998529891462 26.6813844438041 40.2361826626085 47.7618042628103
2.56729539351952 4.91957010013063 10.8490054145255 24.9597855495445 38.1860446510366 45.4950140189361
2.09697526544049 4.39631391773462 9.9612700824345 23.6043823358747 36.5268509205835 43.5624404172001
1.53109163262713 3.6342625360835 8.73420602017262 21.7195785915886 34.2476031837154 41.015386277106
1.21762363311025 2.99744217842725 7.80100167156824 20.2338630836361 32.3320125058639 39.0961873633857
0.925944399203304 2.63205794842299 7.1445332447166 19.2074621056264 31.0015092433574 37.5846662988622
0.586474654503158 2.1710234786388 6.28918348496748 17.8213081777348 29.2885928648637 35.6131862999123
0.345816875795355 1.6368931505583 5.34625613206607 16.1909700661768 27.2556307050572 33.4183306578288
0.158242066365064 1.26102609454539 4.58291194053044 14.8213906712016 25.4960080248252 31.4884434615307
0.0534794835675716 0.993118299955193 3.99206257303534 13.7462079838198 24.0404005970487 29.8757946515402
-0.00862326214317279 0.680085067812047 3.32062268267328 12.5001517948562 22.3505176561721 28.0469329466231
-0.025718645349969 0.481938633224229 2.69385770718713 11.2653079165946 20.7673698966951 26.2089511013133
-0.0327066743419763 0.39539041201478 2.24917082029686 10.3567176015721 19.5668617949593 24.7800483798845
0.0991037431470801 0.290687706397953 1.82157674317587 9.35921757651507 18.1946447984044 23.2969860581627
0.231572349455555 0.262795153041174 1.40306930067425 8.38614058923569 16.854644597581 21.7392448878153
0.367766022006203 0.300167894671436 1.10248510665791 7.62191561310789 15.7519635792307 20.4290961554533
0.602933266889102 0.37430587376677 0.802026514750701 6.77003238880138 14.5475569988521 18.9939472637751
1.00172000720909 0.455186735538062 0.529325367672074 5.85261888118618 13.2426951554555 17.5672720553904
1.20077980638267 0.533918001293307 0.405232590927952 5.43704110728296 12.5994897938827 16.8679219883647
1.37617568927197 0.623491352956365 0.332795798439152 5.12491716536482 12.0722021953683 16.2836014348519
1.48972380722431 0.669960343664184 0.293520485111425 4.93155365859341 11.8184997185508 15.967922961754
1.38153460575106 0.671772819823232 0.297988186938824 5.00618468607281 11.9881120330959 16.0525456199853
1.10859047454239 0.631421835401248 0.368480812425851 5.3387787064543 12.5101177927612 16.5120189741939
0.98191360072231 0.547938253753914 0.468969339412886 5.65460605559688 12.962781730311 17.0867729006248
0.984809545644627 0.426591008824852 0.533526810736648 5.89669935796487 13.2897473533475 17.6355638384809
