-2.3829239172232 -2.52679660380786 0.54800714531918 3.51599971237049 0.725166743313209 -0.67634946444756
3.61885794767992 3.7301621336556 -0.837772218012593 -5.27573902583971 -1.11307685159493 1.02111576734048
0.0491872761126803 0.0544907761872993 -0.00790471161934128 -0.0799810761377593 -0.00896300662598222 0.0140048301871447
2.18723260754284 2.37360290398072 -0.491084666697023 -3.28061006656146 -0.634689374760373 0.623072638921591
-0.342715456342579 -0.373529807358192 0.0807809779166063 0.509053618000143 0.10371014502235 -0.097634761286808
0.993387550721821 1.0928857974237 -0.220118567899094 -1.50445569857675 -0.279477863872772 0.283512345393621
3.52351254052908 3.65022989547064 -0.813298643033688 -5.1506239782261 -1.07853332613178 0.995181046937661
3.34194872893575 3.49249620673687 -0.767458520971792 -4.90827566657565 -1.0140836382908 0.945478341387138
-2.34021808067885 -2.48442227375921 0.537945978532049 3.45512573857383 0.711205829103847 -0.664356087241395
0.830630832913168 0.914244784182218 -0.183599257266629 -1.25923020046325 -0.232448395574298 0.237038580123258
2.23928450266104 2.4272381693695 -0.503148021435296 -3.35638259261485 -0.650876426509141 0.637771569679021
3.62327420831287 3.7339357286631 -0.83889538736271 -5.28158671228238 -1.1146611336173 1.02232126762429
2.7068352036492 2.8978774949468 -0.612820268950147 -4.0286068283522 -0.799641117138333 0.769247489770732
-1.18404223044189 -1.28537736511003 0.271148243466055 1.7675037574557 0.350892177237102 -0.337278218322391
-1.3961448473023 -1.51278876863712 0.319307907971924 2.08280325484041 0.414385687165835 -0.397616620151651
-3.32647241170423 -3.38351189908687 0.780615571588092 4.80154744096253 1.05491147118601 -0.937030075876395
0.955127256236911 1.0509178032007 -0.211534155440851 -1.4468306423644 -0.268404209666807 0.272587556403381
-0.707582524809574 -0.771615698767494 0.163175040369671 1.05693754796168 0.209570530089745 -0.20163896332494
-1.86834524922824 -2.00982487125482 0.427419626317948 2.77760253693923 0.559255720107008 -0.531560522452046
-2.24565533453456 -2.39195782556385 0.515470355694594 3.32133940285559 0.679990871097675 -0.637880892173014
0.13411959400281 0.148440312882885 -0.0269628783262453 -0.208554269441598 -0.033009848243152 0.038261927209082
0.146942584423881 0.161630011773654 -0.0299926143510854 -0.227213154517125 -0.036887966590888 0.0418651146143018
2.74166827127497 2.93230897637758 -0.621069106173557 -4.07821406138973 -0.810904865838325 0.779009892396848
2.94453045838039 3.12743435040923 -0.669783758006818 -4.36307042991551 -0.878023245637675 0.835582108662649
-2.48830285280567 -2.62862551442544 0.573188387818744 3.66416778538833 0.760347814444334 -0.705795689647424
-1.87693397751961 -2.01863508735066 0.429410104398227 2.79006368858324 0.561971672902078 -0.533986486154273
-3.37919860656106 -3.4275672507484 0.794128711755085 4.87054557954312 1.07429677702931 -0.951383158884777
0.724446072546397 0.797569407622026 -0.159755078075503 -1.09912922422172 -0.201897750725104 0.20672339116044
2.77275359355734 2.96176285579794 -0.628589286185652 -4.12152912413974 -0.821315968514905 0.787655382444578
1.95173466330269 2.12730320760754 -0.436956617447227 -2.93506108583733 -0.562496593224165 0.556382337707914
0.104319245921565 0.116218434397274 -0.0201680714665684 -0.164009340034813 -0.0243648888079693 0.0297925958018529
-0.772691913901354 -0.839293342023483 0.178124684723172 1.15201225304395 0.230088137187113 -0.220090650308509
-1.78840430403168 -1.92666357319224 0.409019633465526 2.66073474286461 0.534365758102726 -0.50892653136708
3.22339255945104 3.38628868834815 -0.73796307010778 -4.74764184635209 -0.9727973406777 0.912842988905952
-2.05831922025654 -2.20381797277451 0.471573509466955 3.05257978187622 0.619531278934385 -0.585168420680119
0.373182924721999 0.410395052322979 -0.0809694702041867 -0.568557784554503 -0.101377176769386 0.106398335321194
-1.55443940499177 -1.68076292307137 0.355415218730015 2.31676126105071 0.462451466290077 -0.442576377144177
3.59627006220375 3.71140723680465 -0.831948302877073 -5.24623263988864 -1.1048521837509 1.01498241417647
-3.23193655113953 -3.30362175129632 0.756517983247881 4.67717348855327 1.02035002334105 -0.911241386416408
-1.45091867875422 -1.57102242730244 0.331791347226591 2.16384374073767 0.430975808124881 -0.41317840562071
-3.11319125550352 -3.201401191016 0.726507862211722 4.51956176867498 0.977387830886779 -0.87874140175559
1.13423955819601 1.24688336600841 -0.251859086014599 -1.7162499954126 -0.320190721351906 0.323680215649958
3.59477863122794 3.71029403699097 -0.831545886498056 -5.24437694832845 -1.10428013326312 1.014584707078
-0.417263205198071 -0.452245357319564 0.0978163256215345 0.618867555621456 0.126651133745797 -0.118801353851223
-1.815314038338 -1.95445664611605 0.415238527766395 2.69992329485614 0.542803199442279 -0.516535107125619
-0.343671849523861 -0.374075680434625 0.0810365486737559 0.51008673579829 0.104232391387371 -0.0978910822899909
-0.224491131219837 -0.243570319797368 0.054125098474978 0.330706822560274 0.0700235660934295 -0.0639175801711555
2.93170431219047 3.11532824260403 -0.666674237649389 -4.34523288376097 -0.87371653341332 0.832017585917423
-0.605860280251936 -0.660213454869969 0.140257554386512 0.903870431969157 0.180189779934231 -0.172621883884164
-3.15396609223484 -3.23728969442625 0.736700501257739 4.57426413998003 0.991961692299948 -0.889947555928271
3.41694617687245 3.55845149740018 -0.786283017916569 -5.00897558898061 -1.04051077495378 0.966054410658901
-2.26161183257786 -2.40672890409112 0.519372453465354 3.34329402795194 0.685476413661282 -0.642302673811901
-3.31116046409115 -3.3706067797593 0.776707091611804 4.78142794749915 1.04930695981435 -0.932855278141674
0.164217197898227 0.183017944697379 -0.0335193276570767 -0.255103306993075 -0.0411824794909571 0.0469327533766212
2.86972127256288 3.05471370316498 -0.651918039230906 -4.2574529998809 -0.853477612581941 0.814678801897679
3.1929922496705 3.35870786170948 -0.730446393711301 -4.70619368212824 -0.962298675889517 0.904455283808035
-1.70242967258027 -1.83728661700147 0.389213767517957 2.53508678972574 0.507606625038247 -0.484590787002072
-1.09851969646478 -1.19264636630312 0.251812320942145 1.63955202266309 0.325755147593389 -0.312912681276587
3.63318382217296 3.74192796568515 -0.841485377230065 -5.29435804806204 -1.11831961711924 1.02499774812371
0.55917891532721 0.615265489519219 -0.122769257651654 -0.8494214360049 -0.154469253031156 0.159492238886226
-2.78908320784691 -2.91101758424467 0.646112148238524 4.08089662191281 0.863043447671433 -0.789404662358048
3.42007743148556 3.56112431327892 -0.787080544238693 -5.01312022327837 -1.04163214179385 0.966908645065951
-0.762839180285655 -0.831825860311249 0.175644838200112 1.13983868751405 0.225685901308567 -0.217392323706918
-2.24141850053009 -2.38751456543536 0.514508052803129 3.31512441039028 0.678655300658684 -0.636676340216597
3.2551269987491 3.41487802080637 -0.745838064563215 -4.79075954749427 -0.983803771535781 0.921587055189595
3.49510820199625 3.62600989595579 -0.806064109797319 -5.11304878022629 -1.06834071846669 0.987431543767854
3.14660969032077 3.31542292992728 -0.719141022206486 -4.64205980281326 -0.946581308597508 0.891590271283438
-2.14485999599372 -2.29101763212017 0.491823411235717 3.1769555694266 0.64735559441953 -0.60953146784409
0.147743214732223 0.162652823215366 -0.0301512097488674 -0.228528596483851 -0.0370814963440284 0.0421019963388291
-0.803180889093087 -0.875507850329408 0.184772300976837 1.20014454519032 0.237573377259758 -0.228883411970463
-0.744237743288554 -0.811542649102939 0.17144855163443 1.11192000239134 0.220266278598206 -0.212088534110936
3.46019441997764 3.59589914062017 -0.797218497504371 -5.06660993578944 -1.05589493436238 0.977886709099955
1.05773997154545 1.16322672056144 -0.234673989621085 -1.60123008984203 -0.297944308857533 0.301846153416339
1.94895878766889 2.12442606000994 -0.436310949183078 -2.9310051395762 -0.561651048672537 0.555599092156833
1.67002220550227 1.82781617646557 -0.372756919457382 -2.51802848371525 -0.477672646998223 0.476370509711853
-2.18636047773244 -2.33313827990296 0.501486590485103 3.23682175924951 0.660642221949016 -0.621234187487905
-0.123072688190484 -0.133946564164254 0.0310577772546897 0.179180518012621 0.040387349337158 -0.0350736242130126
1.6389580644863 1.79459974915422 -0.365688053053659 -2.47189120460207 -0.46841287603879 0.467542307114738
3.53234101603308 3.65771596054409 -0.815551422832499 -5.16227086265106 -1.08171615223912 0.997587922305641
2.23814117167693 2.42555003913156 -0.502947923983746 -3.35433634130517 -0.650661318768135 0.637421640826813
-2.70358450146719 -2.83173236039326 0.625267009071105 3.96318426950908 0.833549214232976 -0.765687184940884
-2.15764006177036 -2.30367620074838 0.494840554829713 3.19515815443188 0.65152896007041 -0.613118088251294
-3.43492372473133 -3.4729618990282 0.808573748850509 4.94260509194115 1.09505838231741 -0.966485094569293
0.0800902151795737 0.0883828439260161 -0.0148835351471431 -0.126541791165823 -0.017786085318835 0.0228136199529387
-2.78254183113901 -2.90473250641175 0.644554736073747 4.0717333208699 0.860816393630983 -0.787574836619906
-1.12448483624612 -1.22301860556105 0.257477620768516 1.6801343479576 0.332479670621666 -0.32039811586411
-0.230672218041616 -0.250858408630204 0.0554721243402928 0.340427809726263 0.0715616830610116 -0.0656989607159784
-3.40483873356306 -3.44847052313848 0.800771866648142 4.90371289920338 1.08384894349545 -0.958333198315982
-1.79256252405746 -1.93154009754463 0.409908419613916 2.66722903229541 0.535498923466459 -0.510132396481486
0.297345626135087 0.328249139273887 -0.0636598705891046 -0.455062402188461 -0.0795371338668402 0.0848506776838242
-0.53707264340547 -0.583805905035784 0.124826316485536 0.79948395718053 0.160899979942237 -0.152970819553329
-1.94092395445511 -2.08315697585562 0.444381327854567 2.88206438182415 0.582524554718433 -0.552002039087863
3.17809020085145 3.34517093532731 -0.726764029222625 -4.68586340153656 -0.957156638870013 0.900342741663862
0.908116955642023 0.999124601570246 -0.200942543955189 -1.37582546988259 -0.255054700592838 0.25917632069768
-3.11285434510902 -3.20170954194311 0.726336422462232 4.51955547312756 0.977133846790554 -0.878684761398369
-2.73526488159496 -2.86189564330478 0.6328836795662 4.00738384040715 0.844285137202237 -0.774519872463852
-2.80920837332703 -2.93007340976698 0.650975955784835 4.10890393650316 0.869854611593828 -0.795005663702794
0.335641888879493 0.369353664679477 -0.07247218127062 -0.512094790133268 -0.090624815844314 0.0957049810020713
3.63410210590749 3.74266612504565 -0.841725810753701 -5.29553976158631 -1.11865890661088 1.02524558100276
-0.495619035220962 -0.538695001643054 0.115456191544293 0.737329343688257 0.14882058299783 -0.141158675672105
3.59799535143305 3.71287008936641 -0.832390902004407 -5.24851007491284 -1.10546719803749 1.01545185988575
3.25768791711074 3.41729417853185 -0.746457532669141 -4.79431936865234 -0.984668667405654 0.922299283832501
3.53331706627466 3.65854706275252 -0.815800510309542 -5.16356135959512 -1.08206590878972 0.9978540616343
3.4019119406114 3.54533071335299 -0.782496335390134 -4.98886433040232 -1.03518578624109 0.961935044120367
-3.07658000164191 -3.16988426970698 0.717248743181522 4.47096227067677 0.964163046023657 -0.868723457288535
-0.246290429697632 -0.268500315167817 0.0589467013152093 0.364364316424515 0.0758115677745013 -0.0701721919297228
0.550030896769401 0.605219215782739 -0.120708713045489 -0.835630032371863 -0.151850997656735 0.156882696685035
1.44375310474666 1.58369499463412 -0.321576912689845 -2.1803538323923 -0.410736349334281 0.411940513833093
2.61262318714182 2.80424174341574 -0.590575587851713 -3.89405428713696 -0.769314387462323 0.742816112116417
-3.41463565425973 -3.45643869975273 0.803312085987389 4.91637151527058 1.08750535101481 -0.96098793249817
-3.26870959208436 -3.33531820009145 0.765805706207411 4.72601273282283 1.03364544922723 -0.921308361594102
-0.0512068447147989 -0.0553837049049812 0.0147981891270112 0.0711027256161792 0.0197724486402175 -0.0146001390554141
0.890440916856506 0.979903321400391 -0.197062481328765 -1.34937423394224 -0.249607763321846 0.254102649666375
-1.38531398087337 -1.50102579302512 0.316864027387289 2.06658643406427 0.411199490942918 -0.394528950428827
1.5063604236514 1.65148592997495 -0.335720790984459 -2.2739765483138 -0.429150154470177 0.429776119899793
-0.211055078404842 -0.230066105127407 0.0509686334194314 0.311444487627564 0.0656583218301297 -0.0601365976288962
-0.396351136307778 -0.432011282415877 0.0929091758947907 0.589573108491552 0.119244447122683 -0.112917274839065
2.9455365251336 3.12847967037063 -0.670015966210281 -4.36454153290843 -0.878333324853719 0.835866636422945
3.56103477669527 3.68199638129451 -0.822885190998758 -5.20009052107643 -1.0920583941805 1.00540583594668
2.9801946522882 3.16123979241761 -0.678413025116945 -4.4127773162235 -0.889955358295727 0.845500765787428
-2.52409320935852 -2.66307532659478 0.581766082981867 3.71439549722391 0.772307900776825 -0.715786492650681
0.600753183864505 0.661650451063192 -0.131936624240391 -0.912606839259882 -0.16642816147388 0.171423844507071
-1.62273133130855 -1.7541813680616 0.370878983851584 2.41841728234311 0.482892403462294 -0.462020634791767
2.0051819521707 2.18351860247997 -0.4492080219022 -3.01372603575989 -0.578772887948459 0.571532334283259
-1.14875423419095 -1.24887374068073 0.263009173219913 1.71608431019131 0.339798496687323 -0.327293751119215
-1.5432461670099 -1.66988337740887 0.352756984400989 2.3009842804638 0.458697951137368 -0.439441965040312
-1.09973085102467 -1.19502830101582 0.251999435517405 1.64220960504706 0.325632694744603 -0.313295562821681
-0.299232443769236 -0.326091071292901 0.0709447739769219 0.443748119375553 0.0911518183310062 -0.0852464721562072
-1.97562004451182 -2.12012849277597 0.452259899632049 2.93344924844307 0.593068161854489 -0.561870776465722
-1.51256294785738 -1.63783803947318 0.345701165679547 2.25602821900943 0.449205850691232 -0.430751136316586
0.77906566574356 0.857660778052991 -0.171974684970868 -1.18152513135922 -0.217683753864813 0.222332655312835
2.87454541840737 3.05953682959009 -0.653053400995478 -4.26436407518877 -0.855022872554272 0.816033769010349
-1.4172336450778 -1.53503083691916 0.324133309109073 2.11386690039274 0.4208384357642 -0.403600124187416
0.0590764885928367 0.0652719099506047 -0.0101473122817195 -0.0948317516075935 -0.0118040952383815 0.0168200710731959
0.135674330363458 0.149247571733774 -0.0274513949771223 -0.210217157439581 -0.0336772582889524 0.0386517590223703
0.211441205127034 0.232387340824957 -0.0445561378191345 -0.324406965680835 -0.0552962051143271 0.0602511697641956
0.294778944855991 0.324045076420808 -0.0633309769081776 -0.450161988909075 -0.0790442076132179 0.0840237569939624
0.37301155841186 0.41017347567408 -0.0809365073200036 -0.568274577069537 -0.101334628196743 0.10634727230482
0.462896470179077 0.509137073360528 -0.101150877404693 -0.703977445908835 -0.126980312381357 0.132000427565986
0.553390492519128 0.608856846218168 -0.121476109133019 -0.840657316747118 -0.152817093966049 0.157837006895474
0.651791918684957 0.717253376868304 -0.14356549935711 -0.989243701255373 -0.180970060609987 0.185934935287386
0.764241796205535 0.841099443704691 -0.168802568241411 -1.15901913273442 -0.213175850924151 0.218046090167452
0.881386471255601 0.969883467336189 -0.195077145789323 -1.33568552944236 -0.246919498763553 0.25150107556837
1.02508434615984 1.12746177434245 -0.227339328123316 -1.55208756600401 -0.288479310778785 0.292524862094332
1.19185861475171 1.30975012838368 -0.264832153864579 -1.80277974032679 -0.336956916025495 0.340114263538657
1.37668234017047 1.51105462505737 -0.306448388804703 -2.08005499934742 -0.390953305192769 0.392825125526313
1.56357466244606 1.71293749458465 -0.348693322178796 -2.35915118755208 -0.446163778848738 0.4460545572691
1.75416182989363 1.91729404136285 -0.391936901864555 -2.64261145629483 -0.502972528982042 0.500266204476063
1.94402038710386 2.11896648832418 -0.435224063514834 -2.9235441259701 -0.560187165706581 0.554181268423705
2.12969799796704 2.31317454921835 -0.477902511811218 -3.19600339214406 -0.617094143777566 0.606762704922549
2.30976178706126 2.49820945684599 -0.519680109551967 -3.45773537914535 -0.673280958704671 0.657589952433356
2.48567055718844 2.67663341413067 -0.560775849373269 -3.71166570269676 -0.728862830439802 0.707125655834757
2.65599233837871 2.84698835351038 -0.600860438518371 -3.95572579379734 -0.783374998108744 0.754964671924416
2.8187103273607 3.00673456477124 -0.639527824723327 -4.18663581043419 -0.836309156949077 0.800512029228585
2.96931326831981 3.15069665336338 -0.675809302826437 -4.39744008166925 -0.886377683649264 0.842462355610794
3.10863248930884 3.28084581283257 -0.709762897479256 -4.59018754129337 -0.933510720759893 0.881106968423854
3.23717370879218 3.39871802052099 -0.741380271329394 -4.76637631391949 -0.977575694341313 0.916641247810588
3.34804329475253 3.49770121590052 -0.769009549234213 -4.91634405003851 -1.01626882289798 0.947141592092084
3.44443307045639 3.58219152131361 -0.793242536670543 -5.0455617029017 -1.05029965468702 0.973570658855719
3.52025984200312 3.64734453515661 -0.812486106585525 -5.14623842432205 -1.07739166590063 0.994287027955324
3.57553527188738 3.69407383926043 -0.826620921427024 -5.21906163175575 -1.09732272136763 1.00934451079589
3.60721323030275 3.72050950130746 -0.834769674872522 -5.26054081198338 -1.10882669140688 1.01795395865712
3.62816328511706 3.73777747573694 -0.840188998359141 -5.28781355061309 -1.1164853832939 1.02363530680725
3.63743899245753 3.74541381400687 -0.842589210792141 -5.29988160126045 -1.11987987333659 1.0261503953545
3.64220069473865 3.74941809655258 -0.84380894950424 -5.30613873352517 -1.12160427597522 1.02744658702763
3.63804194798294 3.74610226993769 -0.842716573089495 -5.30080730810044 -1.12006010420308 1.0263255891811
3.6258083849352 3.73605830317241 -0.839546094134491 -5.2849106931781 -1.11557969693193 1.02301045234014
3.60653671005873 3.72010737220512 -0.834570233668723 -5.25977372782652 -1.10855015875705 1.01778041018428
3.57483014928275 3.69360836201524 -0.826420114547743 -5.21822813359495 -1.09704373868069 1.00916073882336
3.52194426482973 3.64888542232233 -0.812899252727549 -5.14854348868065 -1.07797457503504 0.994753025033931
3.44365469131262 3.58135587119856 -0.793067468352382 -5.04440414702075 -1.05006322558355 0.973348641715965
3.34778374077369 3.49698013966655 -0.76901215291449 -4.91562977060608 -1.01629710487554 0.947042299897418
3.23764318386826 3.39857498662765 -0.741575939673692 -4.76659495018529 -0.977871968539681 0.916737835565527
3.10872232770769 3.28017274826791 -0.70988794412284 -4.58974940764667 -0.933728090071614 0.881089081243961
2.96830576174404 3.14871988447312 -0.675700446353196 -4.39527405952941 -0.886306240072245 0.842125982763643
2.81677892508382 3.00367617367422 -0.639216797800456 -4.18302505346018 -0.835999903945066 0.799909538632878
2.65442144960793 2.84452367520849 -0.600599497160759 -3.95280309260101 -0.783132355249652 0.754477640384266
2.4844538511836 2.67499346656674 -0.560536876265986 -3.70960186694557 -0.728608642613522 0.706763622780207
2.30741809276507 2.49542439399437 -0.519173890650779 -3.45404081683604 -0.672683749420704 0.656911939111349
2.12450757900734 2.30731907590488 -0.476743525520489 -3.18805637478072 -0.615680189396829 0.605277170272408
1.93357081388097 2.1074303323603 -0.432866311137913 -2.90773837310139 -0.55724799441762 0.551201263994776
1.73546680090528 1.89706159709611 -0.387679215441285 -2.61464557990848 -0.497565258907461 0.494952076103255
1.52823126359771 1.67409468128751 -0.340719950826371 -2.30583786847682 -0.436102218212585 0.435976473616758
1.31295065318765 1.44087068285409 -0.29209707530443 -1.98381875708201 -0.372823391437994 0.374641755668385
1.08359771558791 1.19074875625226 -0.240441685243718 -1.63947880148298 -0.306048253733042 0.309232185278663
0.810036600867355 0.891525439644086 -0.178863403678986 -1.22806254903646 -0.226866638625571 0.231194359091037
0.445683114431488 0.492067163232319 -0.0968544506822305 -0.67935738252767 -0.121962543816934 0.127244566104503
0.019678019975333 0.0252638267985549 -0.000839528879693308 -0.0379708031740851 0.000545864884633279 0.0057486084410336
-0.308642523122331 -0.333487841507068 0.0732943921862822 0.455539388727212 0.095330251838912 -0.0878376639233449
-0.698407501791141 -0.758269965775682 0.161351441900723 1.04048117072765 0.208529203780354 -0.198916550359273
-0.962661983827859 -1.04526139165845 0.221095099483903 1.43622881318172 0.28587775588653 -0.274206385841723
-1.19296911143996 -1.29411009162074 0.273245766699526 1.78011281889046 0.353930470495457 -0.339787020499364
-1.40487624502246 -1.52116622775977 0.321383791740448 2.09501764771195 0.417387275992681 -0.400060293755883
-1.60631026603481 -1.73511101030666 0.367317089344092 2.39289059058134 0.478457933236159 -0.45727895743039
-1.79834362976868 -1.93591267687194 0.41142780129627 2.67443329928359 0.537825791993462 -0.511689514287435
-1.98376223627562 -2.12680531541972 0.454349402308016 2.94399822184148 0.596144477072727 -0.564085490317132
-2.16332109169176 -2.30880900866994 0.496239651015839 3.20287574746096 0.653536924585685 -0.614687960847247
-2.33580188611481 -2.47995732006899 0.536915057534787 3.44876785034536 0.709788413478748 -0.663111829549356
-2.49970040916145 -2.63865702562095 0.576046317631583 3.67946438295785 0.764393464810987 -0.708924740781242
-2.65508761498947 -2.78596142886329 0.613539362932226 3.89581323624958 0.817056926440335 -0.75219363965417
-2.80118796621316 -2.92176838547403 0.649136693074906 4.097216179799 0.867307824414504 -0.792732434695516
-2.93543692203389 -3.04357162570006 0.682234104582644 4.28004992767266 0.914281261970758 -0.829821151946594
-3.05507274951445 -3.14971882108907 0.712043682418832 4.44119344896286 0.956770823162293 -0.862741648942198
-3.16353721427378 -3.24461914386511 0.739248594969064 4.58629631926163 0.99563153254758 -0.89251375651671
-3.25317400942243 -3.32148834657948 0.761942313623285 4.70505409115866 1.02813438822746 -0.917030273598279
-3.32366065995989 -3.38104978704343 0.779910292029565 4.79778427833431 1.0539052516394 -0.936258247787462
-3.3744581864392 -3.42338017425616 0.792942892223081 4.86417313937331 1.07261493434756 -0.950080611500209
-3.40426120599398 -3.44791621514039 0.800632179556849 4.90290294032783 1.08365860413572 -0.958172449239667
-3.42180076568164 -3.46226981799276 0.805170039661878 4.92563257560978 1.09017662820478 -0.962929437682738
-3.4318942865599 -3.47046034811308 0.807791885439299 4.93866183599242 1.09394169503017 -0.965662651018796
-3.43467504976907 -3.47273393640458 0.808512551417484 4.94226454283912 1.09497262270457 -0.966416350236882
-3.43564075593391 -3.4736207889889 0.808749455423282 4.94358785837061 1.09530689806375 -0.966683597448598
-3.42590634797621 -3.46589424389464 0.806197687116347 4.93115052258667 1.09163206383603 -0.964057190660609
-3.40345571108316 -3.44764130455386 0.800373216530854 4.90214563959872 1.08325848470632 -0.95797485358767
-3.37171147036902 -3.42154995139919 0.792177519193716 4.86092514432018 1.07148409727393 -0.949358253814783
-3.3239438202097 -3.38190706679389 0.779898746957091 4.79861594105589 1.05385463003828 -0.936370035966417
-3.2514216420246 -3.32073126885879 0.761394874812015 4.70328446520624 1.02732213005018 -0.91659380186201
-3.16327395091889 -3.24531014978785 0.739051697852985 4.58662436089739 0.995327487432928 -0.892495514456087
-3.05633334522689 -3.15185777379424 0.712211600751604 4.44364397770167 0.956990329426408 -0.863148892881342
-2.93347893381014 -3.0424202825781 0.681657066392169 4.2778409622843 0.913471861816382 -0.829319009333488
-2.79863925845989 -2.91978631238711 0.648455058139381 4.09398450303422 0.866361454000073 -0.792050111569969
-2.65372564213846 -2.78525128963465 0.613125822068429 3.89434427615116 0.816470670161852 -0.751849418591525
-2.49907907970562 -2.63886142798843 0.575785768344205 3.67918675156461 0.763995180948715 -0.708797575723253
-2.33589507720987 -2.48093770551016 0.536816806826103 3.44956094126621 0.709596408153788 -0.663187945326692
-2.16518682936158 -2.3119149596784 0.496519023473875 3.20647548210376 0.653800146318212 -0.615278877354387
-1.98841145700651 -2.13317661369212 0.455232752619473 2.95195244030463 0.597136438187138 -0.565480278446626
-1.8078257875566 -1.94758822972512 0.413401739924449 2.68967154516283 0.540198074547474 -0.514462297468137
-1.62400383138401 -1.75546175601436 0.371175748732987 2.42024392062078 0.483305909930692 -0.46237921663124
-1.44009126551291 -1.56084522644901 0.329177398365155 2.14884677164972 0.427235608930141 -0.410163952523012
-1.25742448568366 -1.36600653980391 0.2876145344949 1.87809987261448 0.372121901810188 -0.35823716991979
-1.07861814389461 -1.17360151963977 0.247081311358489 1.61176399650466 0.318853695219896 -0.307341761826692
-0.911510229090324 -0.993045694162565 0.209254269961862 1.36226936878833 0.269408552970765 -0.259751624736722
-0.75950061470225 -0.828209450111578 0.174889536029253 1.13484680762309 0.224702899896887 -0.216441320763339
-0.647279998886742 -0.706130923584297 0.149543521667772 0.966641850327757 0.19189410845089 -0.184456480948163
-0.539762178103159 -0.589041185318593 0.125263165473202 0.805380807159825 0.160538500117916 -0.15380994754875
-0.439909017976396 -0.479955413420937 0.102720145914439 0.655324947210161 0.131650659455758 -0.125344229300508
-0.351178329935015 -0.383035365514267 0.0826717615896248 0.521982428142454 0.106028107901331 -0.100055549107127
-0.269317253156565 -0.293686650685613 0.0641537077174461 0.39900286305827 0.0824178227970186 -0.0767333663276539
-0.189562867318691 -0.206622890698165 0.0461016689845231 0.279164949151501 0.0594675903432358 -0.0540155263875974
-0.106597655515379 -0.115998457324964 0.027323387485882 0.1544529409691 0.0356373965461612 -0.0303828936333555
-0.0232003341830554 -0.0248213522681805 0.00845343152561603 0.0290242039416432 0.011727266680504 -0.0066248427523387
