-15.0107501121772 2.22135815512694 36.6090431784822 96.888556780349 145.122365179369 169.401424644329
-16.0185962252898 0.926063140132368 34.7147933719286 94.259160939222 142.123092684514 166.190823004389
-20.4110921770985 -4.81486219793391 26.251672222906 82.0312966767164 127.712091017918 150.667963119618
-21.3733738150315 -6.25088122542423 23.8486221685353 78.2944142960179 123.138736979208 145.659529319323
-19.0842273040667 -2.34514479984418 30.9942646957227 89.0738302149431 135.119720857343 158.197308635231
-14.3377799799779 3.2709048116367 38.3837063809406 99.3306064881849 147.549046121227 171.763118461212
-23.4605555958408 -9.74511607006017 17.5487440116925 67.8742781326442 110.038506584478 131.227524701356
-19.8913721145733 -4.02886131587552 27.6091033811354 84.0863865219726 130.098938233815 153.268677756614
-21.4902901246441 -6.10933027678651 24.5284130270464 79.1270384624462 123.43908148632 145.704504044402
-23.8706681681955 -10.3441661528241 16.6199695617999 66.1053866087188 107.380882026029 128.162847661959
-14.6168533900207 2.81513501389443 37.6074082208072 98.2586596526315 146.488397587864 170.762247259195
-23.9856053093467 -10.5411852118078 16.2486951480928 65.4406155252161 106.457709733206 127.082680705109
-22.1270281449687 -7.4049555735004 21.8883073800794 75.1509126228645 119.196651754521 141.315371292301
-19.1279867955529 -2.52438575845181 30.5695279830258 88.4420513402815 134.552059495641 157.703018887315
-24.0002048041223 -10.6015794847045 16.0718761529601 65.1489196983473 106.127615596463 126.693849914713
-20.6949694697952 -5.2419414573055 25.5314646242887 80.9262894958316 126.385700107001 149.225022409204
-23.8873859212638 -9.93994215834139 17.8595737019001 68.1368366852358 109.478707447002 130.287505442316
-16.9373744601416 -0.16900881847938 33.216561865699 92.1470175437256 139.532445877971 163.289294761001
-23.9781716007766 -10.2851032321442 17.0212774176929 66.7212209991001 107.836906969588 128.548240140495
-23.910958821203 -10.5351388575354 16.1103109507996 65.2532558757467 106.397142558423 127.076883266767
-17.5503162608135 -1.03536110507389 31.8569899809314 90.2149747746407 137.400483649171 161.084638231876
-20.2775321382033 -4.45002803707722 27.0528035440723 83.0674890287351 128.401367995761 151.137573730051
-22.7728830570882 -7.9711626632631 21.5186600859961 74.2749066907838 117.252379697635 138.861310221153
-19.4278568084936 -3.19074996054917 29.1851374990119 86.419245454929 132.587331582016 155.804314661444
-20.5775420815853 -4.86941160545577 26.4117764373688 82.0788428432347 127.180370792095 149.825861294038
-18.379938755618 -2.06650642146703 30.4052971202748 88.1080657714325 134.809285557958 158.226170279648
-16.179466475908 0.824965657501144 34.6819402011216 94.2104580709641 141.905769950292 165.809570985869
-19.0765046750042 -2.33857993813368 31.0036902731484 89.0853429901191 135.132927246007 158.218763660443
-22.563685785736 -8.12140062506101 20.6132859421951 73.0879225139193 116.632997258449 138.494584636417
-21.0578976295938 -5.75241366830218 24.6915457480548 79.6460247422296 124.810194524158 147.447375306249
-20.311400931106 -4.68880214173314 26.4543870731999 82.3445351293264 128.099380042042 151.126090764596
-20.7879760067452 -5.35190465128905 25.3608995862392 80.6869363455783 126.086596659763 148.850857590304
-22.8200440505647 -8.57582891010421 19.7751376179898 71.687995539612 114.882953685607 136.590786877459
-21.1155488032249 -5.65933799618596 25.1483036488539 80.1200525912655 124.807516792209 147.289154897017
-24.1257375193005 -10.2395451624724 17.3941834464515 67.3205937413527 108.282723223458 128.831128911511
-22.1845022803608 -7.16372707592261 22.7645217214588 76.3214245501977 119.993624225441 141.94982703194
-24.0459596841839 -10.5092125753459 16.468656627549 65.7815491995349 106.722829184295 127.314685820026
-20.6745344538716 -5.23009044738981 25.5409436171119 80.9526295926329 126.435886452511 149.306755030998
-19.3282575750407 -2.97975308298871 29.6195918841446 87.0731234696264 133.245243816352 156.460979401075
-24.16181469869 -10.3803289121507 17.043161064873 66.7221575687337 107.585178609492 128.078234827194
-23.9297627680967 -10.5641703053786 16.0244791252826 65.115574220423 106.234261953676 126.845789201991
-23.7807874480055 -9.77893752048635 18.1268167027167 68.5989143352361 110.11790993249 131.013506880946
-21.5231004528224 -6.22680525099025 24.246593462549 78.7047957047413 123.050824065468 145.336722849698
-22.7203612191015 -7.95111863046693 21.4668506294969 74.1974055401345 117.25501912457 138.891606791458
-22.8427527147033 -8.59676566579986 19.7379908823435 71.6351056658466 114.815363814905 136.478610888926
-22.3017499423243 -7.27466136217688 22.6690660985666 76.1546956976092 119.669915842645 141.554479090364
-21.8139088377936 -6.6377078239159 23.6136483152899 77.6882044416787 121.734022402588 143.897509283147
-22.7195504616365 -7.94937783917861 21.4727083248481 74.2064311177039 117.262754871937 138.902252665344
-21.8551583826045 -6.98323837188698 22.6132484981687 76.3243388864964 120.673305012648 142.947667056361
-24.1408112972974 -10.5893995221427 16.3759262349783 65.6026528050193 106.394451401303 126.845601824033
-23.7009071653098 -10.2491550386731 16.5441371815021 66.0948425405261 107.712659045194 128.643231194052
-23.6295754323284 -9.52774680320942 18.5677942075441 69.351478080231 111.118051504715 132.124137168221
-17.778222140727 -1.32053946267481 31.4454807219259 89.6255621854774 136.697965721112 160.3088213968
-15.6158556920694 1.40693454523522 35.3693357002831 95.172476702466 143.237158002009 167.42959758137
-22.9068685738741 -8.70579240440479 19.5456445891309 71.2914465323625 114.362407006045 135.99264506675
-24.0122980339677 -9.78147877958556 18.4922819882462 69.1810310585826 110.437193635 131.067004037237
-14.5898804475034 2.849336899218 37.6357193849569 98.304427293276 146.575761951738 170.842627766174
-23.5040011907158 -9.85786973409184 17.3145604781006 67.4657421909606 109.52561902171 130.683641830339
-23.4601094708072 -8.94967339271863 19.9308468474588 71.6248114768949 113.703200688534 134.820683474187
-19.4185558331445 -3.11870580558642 29.357542325423 86.698743627935 132.861331386563 156.036115299299
-22.1443701395655 -7.43018355045546 21.8459109635742 75.0819260474489 119.108524394726 141.21577658814
-23.8488866866169 -10.4700084166295 16.1545797497938 65.3743563585729 106.665822461422 127.383901312038
-23.8475690021248 -10.3020035415312 16.6960146670839 66.2431066157475 107.573309695661 128.378959092518
-23.8289147169932 -9.88351315886368 17.9134088007537 68.2371072044313 109.669013673123 130.526006367752
-16.8396319604092 -0.0843537972547118 33.2946837872795 92.2603655655094 139.730329590958 163.559788827446
-23.4305604456861 -9.71141431769693 17.5821475328787 67.9524101176662 110.173021119704 131.367505905635
-14.8777167891732 2.47003729818745 37.0866805499327 97.5418187150156 145.702368372751 169.93333860038
-24.1048997353337 -10.5115882387408 16.5653109486803 65.9270582657268 106.792401349488 127.324377956232
-20.6185593679098 -4.97263976863742 26.1958037192847 81.7571012085941 126.867675275559 149.534037066129
-19.1132019522663 -2.3842568767883 30.9203285752493 88.9723829129331 135.020805017914 158.079249753446
-23.2380283778306 -9.34521895268045 18.29988637515 69.1956983343807 111.761139387397 133.13984522332
-23.829533107196 -9.93603089480541 17.7601231373578 67.9837080354151 109.402614051198 130.257169058572
-21.3274009984867 -5.94783143768315 24.6811816466 79.3957679949775 123.928803566796 146.292076195724
-19.351485022184 -3.03862671327467 29.4881771285983 86.8639101614141 133.035741592062 156.250646775598
-19.3585775789703 -3.05994079298578 29.4491239838152 86.8190760148403 132.997239479029 156.231721396041
-21.8398518204542 -6.67316333671395 23.5425412111779 77.5799122700322 121.618432886783 143.751744313905
-21.2335873620897 -6.05328131055749 24.1711016362264 78.8204382885042 123.813443069571 146.417381069245
-23.4456005351083 -9.73369173965272 17.5403778063131 67.8792234831189 110.074952781398 131.248691566317
-23.5559123802979 -9.88031838608742 17.3168992861054 67.4540788324346 109.451587178257 130.530098462078
-19.090550045637 -2.41038638421863 30.8261623230119 88.8163817431914 134.893170082938 158.009211182331
-14.4464128683427 3.1480089980793 38.2396613955496 99.1243080735148 147.263478040551 171.444975770188
-22.8582311548449 -8.62050122125435 19.7044136347284 71.557268473353 114.695647762673 136.359994096851
-23.7063326393528 -10.2443276682432 16.5484628867799 66.1088233588255 107.731263528681 128.631225421362
-22.9868061834953 -8.84957775808971 19.2745887629965 70.8359249601457 113.792111781318 135.365016135199
-24.0471461725749 -10.6450039535327 16.0039348347794 65.0237128212517 105.924856296115 126.404165156016
-23.9918349735176 -10.4646146236682 16.504542506598 65.8586635123713 106.89195428807 127.547959179163
-21.9914006893131 -7.17291322046076 22.2904894076949 75.8272368482743 120.050873125692 142.212677772058
-16.4573786446233 0.315338581288834 33.7383312279372 92.8990029873528 140.677273689281 164.677170355727
-23.9966829916146 -10.6233292648673 15.9664128647874 64.9879117755286 105.977914188256 126.500238953556
-20.7172981455903 -5.23816975729911 25.5561348455397 80.9898474124581 126.449326847605 149.235547075551
-22.3763329095107 -7.41336705909617 22.4071358810484 75.7332415001756 119.174753248911 141.028748619836
-23.6741425289626 -10.1838248977641 16.6617894887673 66.3157239923058 108.01510690361 128.950440884034
-23.4064497632978 -9.65507723699083 17.715618121623 68.1691465305455 110.429455739278 131.674826106255
-23.4497898063167 -8.83295133874419 20.2220798284145 72.1033338893153 114.211034793298 135.285592984329
-24.0282059127678 -10.2854100688308 17.1075611074012 66.8540436225438 107.906280811036 128.566240279616
-21.6940313742417 -6.46910697852469 23.8678428022055 78.0998149799133 122.278064672181 144.489258614433
-24.0490183547936 -10.6249463616628 16.0884875112432 65.1568286101818 106.056172604068 126.565456571928
-21.7020866008546 -6.73143736492144 23.0412266046209 77.0316377277384 121.562152144739 143.884422358699
-23.7807378405564 -10.3763155287378 16.321022448217 65.6798678114494 107.113353488458 127.941529209449
-23.7657936897797 -9.66234704513127 18.437727987134 69.1176103363727 110.685069685834 131.592857911661
-21.7266586221406 -6.78465250492669 22.9504199845352 76.862333748157 121.344860255112 143.682717680651
-22.44894885536 -7.90984951936166 21.0007160321464 73.7303609339795 117.428733467722 139.337502224344
-14.4895717482463 3.0758337988154 38.1133868114866 98.9509213384922 147.096654251834 171.288537655285
-21.5310294688942 -6.23402988628773 24.2334893911676 78.6860367277746 123.031075189095 145.305043361129
-14.595482712515 2.8570836959007 37.6929892966587 98.3743193529175 146.584411500649 170.850098069507
-15.3213064834406 1.78602104576535 35.9133904470266 95.930533081934 144.118692624692 168.364909024892
-23.6377504067904 -10.1127691047195 16.8293308533245 66.5962077160028 108.365390004471 129.385899706759
-23.437726706658 -9.12534101099397 19.3820856893159 70.7190044245204 112.796755956105 133.94618173731
-21.4250488119497 -6.08423298221615 24.4678817838307 79.0582525230422 123.502666615051 145.82209294404
-21.1372541533726 -5.90800033772781 24.4158912575715 79.1939014040245 124.26750859497 146.915872932006
-15.4251469848247 1.64535036341946 35.6856814223503 95.6182416110171 143.796236092543 168.019768446792
-23.6226795212632 -10.0814890480322 16.8586566324694 66.6716854676768 108.494088066748 129.484003725524
-22.0948608083783 -7.34508621559723 21.9892397779224 75.3400118933274 119.446985790325 141.564031777542
-20.1257100635165 -4.30312861623362 27.2044748237714 83.3061456775557 128.790953389663 151.624424456534
-14.2797502294588 3.411560882231 38.6922020565888 99.7450429004283 147.868290762287 172.030450529318
-19.2622231397812 -2.86108040998626 29.8467234383909 87.3893361667334 133.558655134889 156.775169313842
-23.8383335290169 -10.4604239031338 16.175654499323 65.4094001172033 106.714464177044 127.459913879648
-23.7306072612523 -10.2055133716494 16.7307362474819 66.3810787984721 107.971508923124 128.88918899009
-14.136853992025 3.68598812202985 39.2015634227248 100.445535586562 148.50790413756 172.592753717
-20.5911453090672 -5.08101939687669 25.8038396784457 81.3653134806878 126.921900655139 149.799925934348
-15.8817096889925 1.04691989335344 34.8069923447663 94.3939075627382 142.399266222754 166.54553695662
-18.8143099217318 -2.61020877389456 29.641161748205 86.9802663589943 133.399507959094 156.672567817968
-23.4681436262411 -9.80784643203611 17.395599784669 67.6162810766933 109.740336869763 130.932496682233
-15.8042312524154 1.16278154763112 35.0078296700776 94.6705624987157 142.670261664985 166.823618288057
-19.9351029953533 -4.04957907581118 27.5722070672249 83.8722181823094 129.511539577887 152.404687873376
-15.2621684791627 1.86775856897424 36.0291891662122 96.0937334444382 144.312164053353 168.557015001824
-22.6627581906966 -7.74340546420015 21.9616500657793 74.9953719313036 118.098894554447 139.741971893513
-20.555845193507 -4.81198180391717 26.5238377766979 82.2473507943985 127.352689810422 149.974758622349
-14.1087766193687 3.73837161501133 39.2973763854751 100.577711611673 148.630180602471 172.701667903399
-19.8340451953029 -3.90836675452982 27.8358330249625 84.4215041408848 130.458790983979 153.609423508694
-17.4520459262422 -0.918264648104751 32.0078582166482 90.435992445874 137.693779854264 161.408602285373
-14.4792920247654 3.05597489399128 38.0496236584049 98.8628882056487 147.043823576416 171.279084688135
-19.0928782532055 -2.42345433815072 30.796316388511 88.7734324142757 134.854839799945 157.980525505375
-16.4062532348789 0.379023577212877 33.8313772763253 93.0298455730701 140.828835874004 164.84504303545
-22.6450336382591 -8.24917922074471 20.3898977504467 72.6964892201179 116.118981791628 137.923404909722
-19.4829107172161 -3.45915431906676 28.4365615376321 85.1813291200283 131.142658433482 154.193839630807
-23.7405422665315 -10.2418018351464 16.6494335501511 66.2389028575139 107.793547902645 128.70199572078
-20.3624677881892 -4.76685065560482 26.320851691202 82.1455144513957 127.867094526675 150.874954407645
-24.0981160463679 -10.4424329898968 16.7647732270022 66.2632436518013 107.166305322791 127.728434512852
-17.6554902369426 -1.07432807335427 31.9238578860962 90.3021066137585 137.325622016522 160.885702240771
-20.4655563889783 -4.91845377999032 26.0659175689909 81.7578923384518 127.403259372519 150.364460577805
-22.9726567796588 -8.34661862912134 20.7847474042794 73.0673872207991 115.804049895698 137.279322703627
-21.0388744531437 -5.48478500739153 25.4921331533343 80.6444860969337 125.357087977057 147.813251892371
-20.6814254255412 -5.04446532738484 26.1111168404381 81.6202101172975 126.660724415943 149.300347785202
-21.3169609973629 -6.17821105195734 23.963935255454 78.4927295758767 123.406347339257 145.973930187023
-15.0791203293221 2.12446330802461 36.4520713760551 96.6727644389967 144.899418154752 169.17187455332
-23.2322984923002 -9.34890686583911 18.2940339905297 69.1731863385559 111.726562567644 133.131233677806
-20.2487765466446 -4.58998573875649 26.6260164138195 82.611656259667 128.413321713165 151.461822147861
-21.2180351387956 -5.8038229779171 24.9223790747712 79.7666049303541 124.368047338128 146.810057463984
-23.1415905546236 -9.17364889136257 18.6342548381292 69.7557429002343 112.460548493916 133.93587481767
-20.8978189384838 -5.52072873566485 25.0753924353185 80.2438418500513 125.549542487026 148.269977178241
-15.586687959311 1.43080401666914 35.3624445036207 95.1695681922768 143.297289690035 167.493504344484
-15.0071664913472 2.22862665254884 36.6008653234172 96.8833722726339 145.147926745783 169.410363155552
-21.9667520561741 -6.78215419135597 23.4718681403562 77.4475326533139 121.308454086056 143.360378951998
-24.0843399706807 -10.5916583987926 16.2744709948799 65.4480863543333 106.307091493326 126.819347833123
-17.1262867773298 -0.38231634756374 32.9376614867254 91.7491540608375 139.020421266376 162.695247798656
-23.8874460675516 -9.64294970451441 18.689473067944 69.523462114518 110.956986469991 131.723818946241
-19.8869094657832 -3.9912114119231 27.6904374364164 84.2249351095218 130.25027642584 153.390438118184
-19.6938599412495 -3.69887383810825 28.2106358542737 84.9860151968331 131.090406617275 154.310919392445
-22.2909823260482 -7.6627954690889 21.4355877943326 74.4419889098591 118.326258885737 140.344245585507
-23.9393450975655 -10.3110587418744 16.8658869359801 66.475942801429 107.639930697919 128.376025440694
-15.4094337457175 1.66650147171145 35.7179845622003 95.663006422245 143.845347479743 168.071265888594
-20.6293586378 -4.94334686839417 26.296882474129 81.9012435697396 126.962581191646 149.592829249856
-24.107634088676 -10.1295669721515 17.6752175144035 67.7968452821081 108.823252869388 129.387629612651
-21.11691691569 -5.87628613124702 24.469485391077 79.276848272399 124.368534200533 147.024602044283
-23.0720896077692 -9.03527174263499 18.9049788033807 70.2142417660672 113.030728504879 134.555831978653
-19.9807138566464 -4.17501849538415 27.3477525023494 83.6957244664975 129.661159396393 152.806850722728
-19.1126171191788 -2.48764690526554 30.6504197831039 88.5603818908304 134.66177172501 157.809674142862
-19.7652998611943 -3.81892207071159 27.9880772739659 84.6513950189321 130.725855414538 153.925689636861
-19.4626831375027 -3.28072508038987 29.0049886593423 86.159383477327 132.328443879399 155.577619873621
-21.293226974964 -5.83619122856755 24.9511655137852 79.7948405876363 124.285562358642 146.637034843639
-14.9788575749546 2.29692351802446 36.7786655965164 97.1174177100553 145.296422252657 169.553936278661
-23.3972711130395 -9.65256830279686 17.7115560814658 68.1629826973787 110.429629952735 131.686747375716
-19.0860192515395 -2.38234085793748 30.8998646365542 88.9349864290624 135.002253610022 158.111529102915
-19.2757444557029 -2.86037923119826 29.8673557603113 87.4364927341847 133.600275458395 156.801560462544
-23.8297857811305 -9.98302812051728 17.6205573432271 67.7537120505113 109.162394389142 130.012857593975
-16.0446772089495 0.835206231993183 34.4834734521964 93.9448607450031 141.905229440423 166.00983365115
-23.7490209874333 -10.3015569756739 16.4947312653292 65.9775959863864 107.490392100928 128.384988272565
-23.0392877306515 -8.95707773071928 19.0527470737962 70.4786423029885 113.367756484722 134.887802944106
-19.0672215781044 -2.29887901086242 31.096369552092 89.2180451423153 135.24809694089 158.312454750394
-15.7036137684091 1.27538461500079 35.1321223949455 94.8487812793138 142.934341674296 167.113640015099
-23.329404779456 -9.53473368385236 17.9250742689846 68.5462824709864 110.940348743365 132.249370475698
-22.2450873213444 -7.58989571028167 21.5675481515643 74.629181821789 118.539829110387 140.588343795296
-24.160316320839 -10.5378914595545 16.5705674493741 65.9246684654265 106.717340887245 127.17261529648
-16.7444396367097 -0.0170024497470213 33.3242628480765 92.3082965920946 139.887202458265 163.7998767656
-20.6700700454264 -5.19935189477366 25.6056445284637 81.0398829505031 126.519225577012 149.362471746138
-22.5586575052386 -7.60026004191937 22.1871705326189 75.3654481239258 118.590119554018 140.300551472598
-16.0943031551751 0.777755113011255 34.420998097509 93.8537935299981 141.767400755213 165.863791611744
-19.7835671505928 -3.8509197645214 27.9307003581937 84.5670636328108 130.632347703949 153.83098670567
-18.5183406490515 -2.23849312195614 30.1667893540566 87.7563409287466 134.365620924966 157.737409329606
-23.5309401604123 -9.93501686094951 17.1399283666154 67.1693506908496 109.165031733233 130.287739593723
-19.3142161471014 -2.97343562951364 29.6161464820821 87.0522765951868 133.22788980959 156.453715931608
-18.7529508924109 -2.53253789270605 29.7503041176133 87.1424977619917 133.603509260763 156.895761725641
-23.2985583924698 -8.65561319513177 20.4776410290943 72.5357405818949 114.84086486539 136.05410769024
-23.5976331480783 -10.0517407920896 16.9132417279332 66.7674646965193 108.628723508626 129.663369044648
-23.0360997216046 -8.95391359168864 19.0693730085575 70.4918950728572 113.370815476691 134.9177566138
-19.9187313843177 -4.06092580825836 27.5555108442456 84.0033757556296 130.000540565913 153.145292614757
-14.2523833196848 3.43996388037175 38.6905362488453 99.7566677019317 147.950348044117 172.106683024523
-19.3818093560537 -3.04905986728627 29.4949956898616 86.8996762483283 133.064869436992 156.242803857617
-19.2680376099724 -2.88802156278301 29.7875249332824 87.3054185982053 133.482604508552 156.71862219276
-19.7564337174815 -3.7460030379657 28.1523736198713 84.9172114388045 130.996030250435 154.13993972007
-19.6341524395042 -3.52016205635982 28.5812319593638 85.5545539892398 131.67303747647 154.827246577546
-14.8097528046415 2.52355992918488 37.1208078976645 97.5899662477045 145.816853168743 170.097304509184
-19.2261223567852 -2.6780812201884 30.2758371844113 88.0411008651267 134.164624491528 157.283863744885
-24.1303349947886 -10.5669805069662 16.4322038299167 65.6986850922805 106.511207684304 126.988138525268
-19.8933774633823 -4.01453048026809 27.6404644098867 84.1303141387799 130.14046661991 153.285803012358
-24.128410937852 -10.5880656482423 16.3614943325137 65.5811399691005 106.387228230446 126.85491910585
-23.641206487721 -10.1126473868183 16.8353371566164 66.6044348138211 108.369395501578 129.3863276594
-24.0006395278796 -10.5979667925512 16.0859179709791 65.1711940657 106.149838347882 126.719636257063
-22.3155749365669 -7.7037072714044 21.3674861701794 74.3033403121259 118.13161055267 140.139563493385
-20.7258794269355 -5.30707364727155 25.4117954343496 80.7464460911857 126.18421028892 149.033658061876
-21.1254345754081 -5.64002493291191 25.2200851851932 80.2252646076717 124.880748277188 147.338762017755
-23.8898205699687 -10.5223728414035 16.0813101683948 65.22799775592 106.425591731631 127.095948495508
-22.0423943445141 -7.24866766087781 22.1621308963624 75.6207219405419 119.789901179904 141.919704045571
-19.6035356759935 -3.46853989766322 28.6772883257085 85.6965418636806 131.825444131992 154.987778102766
-14.2146388047313 3.49167694967921 38.797741511212 99.895091271436 148.055284594002 172.231226701734
-23.4785505658169 -9.76289019074089 17.5235265519599 67.8272278911024 109.965813752153 131.130565601128
-22.6263457209144 -8.21020336325896 20.4646455036024 72.8189975605252 116.267126509728 138.077586521698
-23.1950840156687 -9.27371328325183 18.4371500089317 69.4282719041541 112.057137841578 133.48334281499
-14.463024303374 3.05652059826002 38.0164365990445 98.82133819376 147.045874644448 171.302468268019
-23.1855847852823 -9.24594528488388 18.4935215359081 69.5283459487868 112.182175281591 133.607064303812
-23.809605198725 -10.4163272502403 16.2419144540928 65.5401017735106 106.918414055796 127.69073172114
-14.9550628708011 2.43098540009236 37.0889328506527 97.5463846065635 145.628013978645 169.765509262309
-16.8297937987641 -0.13204169195411 33.1485873375423 92.0605457253993 139.609895894211 163.506821919715
-19.9849865614536 -4.17988908072146 27.3401843687877 83.6875502566601 129.652734155272 152.795728909674
-14.0934891409719 3.75666259924792 39.3217050501447 100.61232173752 148.672803945964 172.74885717318
-22.9956520355462 -8.87651276255142 19.2065828521791 70.7388767882625 113.693747828113 135.246099597276
-14.6780421490531 2.78332067859499 37.6192467667694 98.2728485870377 146.424370051473 170.633454812125
-22.8941122715843 -8.21940551425151 21.0103716180707 73.4409065402143 116.277048833962 137.804001736924
-22.8129667251445 -8.53984899274666 19.8457215844519 71.8157169327032 115.039276122719 136.718833046421
-21.4833259933117 -6.41616954964063 23.5712233814597 77.8528246461372 122.585742405639 145.049725453623
-18.0084179655401 -1.60547234940135 31.0523089464849 89.0526137613654 135.979963594407 159.520160075632
-23.8790676382187 -10.5034708295334 16.1007764878927 65.2735847213943 106.508428219773 127.17581403067
-24.1020540353181 -10.3817441620788 16.9484794237505 66.5723726083287 107.498602429902 128.065723848847
-18.234989470327 -1.86179075097707 30.7342041960411 88.588235258574 135.347468691407 158.799507610307
-23.7593143375916 -10.3395955765626 16.3759268208037 65.7894565011663 107.281531095307 128.122143606065
-17.7874610849137 -1.24636530239242 31.6720675574832 89.9418065377576 136.902258143623 160.432139653811
-14.1335730783893 3.67574362366795 39.1475035761953 100.381001129358 148.495408730748 172.586906568937
-19.5186396294675 -3.35410955890521 28.8765381249885 85.9849476154345 132.145736308719 155.361277814816
-22.8654081012398 -8.63789834556674 19.660579006411 71.505297391192 114.653387571929 136.301426090595
-14.3274508509984 3.29873793949701 38.4286447239886 99.3965767523682 147.621227945892 171.812848328061
-23.8341760384775 -10.4552850952613 16.1882427368367 65.4301914476919 106.741291830305 127.498366940072
-23.5991749452988 -9.98474128087066 17.1076468984424 67.0841363400001 108.976566378268 130.024836974793
-19.8348803701339 -3.89189448574065 27.8781374966478 84.5065937280011 130.553267697168 153.693168939855
-24.173270496182 -10.3918791997702 17.0251006281945 66.689954024519 107.536229866288 128.011214121818
-20.2393178083223 -4.56730675679275 26.6691777313094 82.6804705654595 128.490658194771 151.53370743114
-24.1562480699696 -10.5624442750792 16.4876570813084 65.7860085315021 106.571942618104 127.021022396777
-24.179855423417 -10.5054942110525 16.6986657661901 66.1370805244791 106.92424912629 127.366537752497
-24.1797425908747 -10.4122208562892 16.9743353909997 66.6031615488515 107.43373122858 127.896143756223
-24.1923772528275 -10.3214930889594 17.2532095925015 67.0734013642489 107.932932992932 128.385859588639
-24.1813179858894 -10.197252179107 17.5869185079255 67.6390360040435 108.563846340125 129.027733036341
-24.1473500753429 -10.0487868617412 17.9502645136595 68.2558481451158 109.275014478421 129.767744877651
-24.0672658284113 -9.86016816746874 18.353489368102 68.9423526697115 110.113987211249 130.681630217395
-23.9729662476629 -9.66081425441414 18.7596557405341 69.6322425872106 110.969950422666 131.617333461882
-23.8475695248163 -9.41489336722986 19.2425279219916 70.4507348171104 111.997884456852 132.745441712607
-23.6215917941254 -9.07580128489385 19.8231387860559 71.4318922226757 113.304196583034 134.238979132379
-23.3403885115172 -8.67114068320541 20.4926876293265 72.5565069058493 114.812687342295 135.967978691571
-22.9932992146666 -8.16757844670198 21.3179319245642 73.9288127688837 116.633258769963 138.027002254883
-22.5829837531797 -7.59426949603113 22.2294721707576 75.4286554767524 118.622875911984 140.281221564608
-22.1262355079689 -6.95956525876126 23.2292562745526 77.0526128980102 120.747052233955 142.670868060157
-21.6190154402952 -6.26592730663132 24.3035054819878 78.770769433826 122.964797477556 145.151855996308
-21.0762426333474 -5.52662338837894 25.4359578729345 80.5564885931116 125.23673707835 147.6684977337
-20.5074062828393 -4.74477142156158 26.6259755780672 82.4041173765967 127.546011336531 150.182436175559
-19.9070925935419 -3.9237772711885 27.8596784760487 84.2873942229244 129.869369111494 152.682721974649
-19.2843814884028 -3.08138634779806 29.1143822115988 86.1826068893358 132.193166676725 155.179837130547
-18.5969101452978 -2.21696534775311 30.3408084938093 87.9873798513024 134.425690392329 157.637378202947
-17.9055016833479 -1.35010445037387 31.5702589928965 89.7834304053292 136.632759592178 160.065948219566
-17.2137342941954 -0.490474810610012 32.7851595325741 91.5309254133395 138.755968271284 162.403684291875
-16.5552591967973 0.343409383216272 33.9820424918811 93.2275432109583 140.764425218055 164.582046729346
-15.9430581905184 1.13488773245581 35.1409613976358 94.8520182508163 142.635435720857 166.583869203596
-15.3861976351155 1.8671712725364 36.2363801963519 96.3729591886683 144.338927030354 168.389993210294
-14.9197232845822 2.48748568622723 37.184187730227 97.6776789880269 145.759373021521 169.890757981649
-14.563978056263 3.00412159638471 38.0225001305895 98.8287691730431 146.943676536305 171.084318434672
-14.3393593727949 3.35726063181596 38.6240208375711 99.6538162808555 147.754445078176 171.869632131432
-14.2084676711826 3.57815694740357 39.0161281630651 100.19160902259 148.262987951394 172.346573379619
-14.1356303300737 3.69534631115766 39.2230236020232 100.475105243361 148.53085105418 172.605917997536
-14.0931893466809 3.76627061336908 39.3471930248845 100.646668395005 148.695428281484 172.760817127881
-14.0887309248247 3.77637185934008 39.3587441173373 100.665981703546 148.724043257923 172.781055750292
-14.1032052158664 3.74902606423512 39.2976665224572 100.586179444982 148.666372692868 172.725195813239
-14.1407288773716 3.6651764043537 39.1268454475019 100.353734645506 148.472864744756 172.562532317154
-14.2101901280816 3.5244718684199 38.8516099856149 99.9778842583625 148.147570514871 172.278212153793
-14.3185673059664 3.31612176558027 38.4597610374037 99.4398807265678 147.662619220829 171.848317765355
-14.5430203774463 2.93941173420967 37.7915541528724 98.5223306485382 146.791546806438 171.026241506128
-14.8717365424757 2.42873355348972 36.9261996663938 97.3323166164058 145.611701282172 169.87293623458
-15.3061477847745 1.80392723729788 35.9250185117297 95.9504312071314 144.165057994961 168.40794773931
-15.8527476805657 1.08020564275398 34.836342011677 94.4390249059346 142.481645347854 166.628636560772
-16.4775552366979 0.290471742048777 33.7010175286034 92.8467865736287 140.618402878231 164.610592746068
-17.1537326121657 -0.547831548771684 32.523518694856 91.1738024138257 138.597307216784 162.395695772804
-17.8460487999997 -1.40431078106298 31.3285039923364 89.457100793905 136.490917076448 160.08062812085
-18.5446825372693 -2.27015828606052 30.1189221721529 87.6890971611382 134.289699063128 157.648935020961
-19.2295892472858 -3.12838345473087 28.9025031117795 85.8836843204422 132.034144953085 155.150213386577
-19.8834816721224 -3.96887002273383 27.6861293537053 84.0501554455628 129.742229488298 152.623675815905
-20.4958216538313 -4.785427588259 26.4693261254214 82.187506700989 127.420595434047 150.082844802916
-21.0625865193954 -5.56995257954474 25.2676663896589 80.3192510668651 125.089427243778 147.545604352504
-21.5919899753861 -6.31693547834733 24.1036008843806 78.4812011818856 122.773337944518 145.015768886467
-22.0865110365797 -7.01659526077088 22.9927531433025 76.695014817412 120.486782865173 142.476206661027
-22.5405607146082 -7.6770406092672 21.9160304046583 74.939010348716 118.22351857654 139.952988494699
-22.9427927741964 -8.29798860823724 20.8594838276206 73.1927415880132 115.975527513599 137.456250278139
-23.2922537396532 -8.88581598096752 19.7985590902559 71.420607437503 113.716647844191 134.958665598473
-23.620907620797 -9.54442257867855 18.4968626037678 69.2376793264969 111.014947938528 132.021151126515
-23.7900188731272 -10.030742320973 17.3857636135248 67.3879246271207 108.860372062044 129.727147806219
-23.7796828479375 -10.1816582897424 16.8994542826513 66.6222114952882 108.122320227177 128.989117332923
-23.6908884152106 -10.1019535902778 16.936688751799 66.75245665933 108.46247822271 129.409384361888
-23.5805887386699 -9.92440114232868 17.2354040197349 67.3085800469364 109.257251649858 130.312339274296
-23.446528574861 -9.66842993334394 17.7221005445312 68.1686201402385 110.383116678908 131.556923346962
-23.292606287653 -9.36048016028236 18.3235369034041 69.2113794213495 111.710342870156 133.008558627088
-23.0860373732199 -8.98605441241325 19.036302504307 70.4260017256267 113.246832925267 134.711601804096
-22.8464669279434 -8.56574905622276 19.8228412495392 71.7498978436002 114.913230336058 136.557840824998
-22.5615796468506 -8.09271583632695 20.6816579795064 73.1761799191086 116.708604921796 138.552739248435
-22.2382481911142 -7.57443882047407 21.5976672267831 74.6784955726878 118.599057142606 140.648861031474
-21.8824563304322 -7.02052354215581 22.5522004572788 76.2247070550228 120.544034704198 142.798245304671
-21.5015830273934 -6.44166568247509 23.5298915852819 77.7881465080836 122.504676129945 144.958696367513
-21.1097735308154 -5.84971265562992 24.5219057072652 79.3551347083294 124.452952949221 147.093052322032
-20.7106472428803 -5.25660314967015 25.5115484645739 80.8936676564623 126.338485598921 149.159740834237
-20.330011501759 -4.6768589653506 26.4961785593054 82.4013827021922 128.135386439054 151.105156013512
-19.9774807057717 -4.12255590117393 27.4614669710139 83.8601447461115 129.81914999538 152.905651482685
-19.679239993031 -3.62452398760083 28.368776923401 85.2123139974966 131.305394604286 154.465795792862
-19.4308864199027 -3.18209027217868 29.2081669637855 86.4523889969713 132.613966208232 155.813964517865
-19.2600659604707 -2.83543717935559 29.9054578098052 87.4742411236149 133.635138432989 156.826160302092
-19.1534566377581 -2.58329927396674 30.4407857240947 88.2544310875238 134.377917753835 157.532677861344
-19.0994029630281 -2.4382926622266 30.7618065089124 88.722038304141 134.808345329595 157.932233921206
-19.0793347314996 -2.36169464089997 30.9410743676342 88.9849068389438 135.042589339015 158.135050129949
-19.0680425539941 -2.30433117324103 31.0801066826374 89.1906220038594 135.223399591285 158.286739484606
-19.0672246304734 -2.29354734641907 31.1100499531183 89.2380680556865 135.264830197641 158.323993932301
-19.081845200767 -2.31691247197576 31.0646207583333 89.1766348854486 135.20711774087 158.262188560473
-19.1103953423314 -2.37633740204093 30.9380283629837 88.9978795602672 135.043821034635 158.100179455918
-19.1629091740168 -2.50274331189705 30.6631154846221 88.6023732561691 134.679994635137 157.754107071268
-19.2195147503083 -2.65412134618949 30.329843822256 88.1202056644491 134.237230940522 157.345808699911
-19.3257748484753 -2.90717228593838 29.7941626566347 87.3394855944666 133.491090184057 156.638149056117
-19.4906262400649 -3.25527777384262 29.0891327387759 86.3053147974719 132.460302906588 155.629254795532
-19.7301555859223 -3.69030643336467 28.2601846486952 85.0791855782247 131.167418538037 154.305015138938
-20.0405742159433 -4.19310423969031 27.3566819388609 83.7285975556723 129.660686876514 152.70225931649
-20.3900760154881 -4.7356982661563 26.4111245745526 82.3025148811502 128.016898597002 150.929769078409
-20.7687576170379 -5.31361030335281 25.4298595586233 80.7959314679379 126.21463659056 148.976585661227
-21.1644422916273 -5.90364023524557 24.4422548389908 79.2540693574659 124.318546806391 146.893127160629
-21.5592919141726 -6.49238697608321 23.4565324277579 77.6963746513845 122.378443455253 144.75019594729
-21.9345578992232 -7.07040342997503 22.4741655647442 76.1257730008331 120.416901137903 142.59638695536
-22.2825645964161 -7.6240215172213 21.512413552727 74.5678893022186 118.468323237184 140.457591935778
-22.5872362045337 -8.13735739965121 20.5901687394315 73.0525656058739 116.578188928798 138.39226914332
-22.8549112494476 -8.61196131340185 19.7121778954916 71.5928147736658 114.759922557635 136.409150276252
-23.0808932646455 -9.02813267261175 18.919024303982 70.2530037513808 113.082859080828 134.566938618253
-23.2800835131286 -9.4019334018879 18.1958058947403 69.0175282420101 111.525031415759 132.845415927251
-23.4397770275496 -9.71561745703112 17.5780529896888 67.944581994451 110.155080909582 131.328839248432
-23.5770307459204 -9.97854676639582 17.0631389504114 67.0361701393204 108.968824573496 129.996853222871
-23.6931957716801 -10.1974031352904 16.6397867728557 66.2779064356682 107.955634969751 128.850670645158
-23.7882044692423 -10.3626589583255 16.3338713202703 65.7176209416197 107.174337461119 127.950709171623
-23.8607823057146 -10.4760537630431 16.1410867720349 65.3537909789849 106.636245269756 127.321550474231
-23.9212748098548 -10.5520509300229 16.0334296230257 65.1397451095421 106.285004801101 126.895643600236
-23.9818959793401 -10.6116044512718 15.9699179495472 65.0025534823667 106.023112117744 126.558515149982
-24.0315807848938 -10.6433390857806 15.9695676967594 64.9773694124536 105.90688730527 126.388507441086
-24.0762816131201 -10.6614963891964 15.9990998892661 65.0063237450647 105.863174361547 126.300238898779
-24.1133015126091 -10.664438804109 16.0628297874554 65.096545832555 105.90105388728 126.309978794892
-24.1325054013342 -10.6420898965203 16.179423236411 65.2807818846125 106.065886365949 126.481443776067
-24.1408754781974 -10.6050426542518 16.323511955989 65.5156243249644 106.301589834239 126.741279732144
