-2.31027749060161 -2.54796378841403 0.466930836534671 3.5897673178501 0.557067734987667 -0.657666000834491
3.82967816334954 4.0010071875925 -0.808221675020357 -5.75124802725312 -1.04030400310004 1.08145805543697
0.0587663005559502 0.0529507807940183 -0.012764686999395 -0.0832242973650736 -0.0170152579962639 0.0161427473501618
2.07398885119352 2.300424623218 -0.414878644337658 -3.24402712606209 -0.477240444740478 0.5901329357167
-0.358580394318448 -0.368322937881428 0.0755228080836132 0.537161771332333 0.0938772772855344 -0.100746950049405
0.978990189827546 1.04482043761043 -0.19953401585096 -1.50249457243424 -0.235329146927431 0.276533772299739
3.6660065167469 3.87343253992914 -0.767032518714262 -5.54287998856677 -0.976074102989575 1.03715095366193
3.38727008405641 3.63873495121673 -0.699557443772601 -5.17431591093204 -0.87186081248151 0.96073324840533
-2.26982820347412 -2.50058216878267 0.459099792413805 3.52538059870963 0.546964238490876 -0.645936447113093
0.830667367998979 0.876228780247645 -0.170377834641133 -1.26685540200249 -0.203557961566126 0.234200177896792
2.12470371654549 2.35709802534372 -0.425155706397143 -3.32303146247443 -0.489798228200765 0.604631985445425
3.83662918900977 4.00679397565132 -0.809904647238931 -5.76037639128254 -1.04294936019138 1.08336085695678
2.60257794186342 2.87719949060118 -0.524154347568173 -4.05427725520447 -0.616739119174252 0.74076291535656
-1.17918645862501 -1.25698287476457 0.242780554043845 1.803883744515 0.289527606189835 -0.333174304231881
-1.37506860122163 -1.48019788800174 0.281349028826362 2.11448332132572 0.333264507518444 -0.389226382804496
-3.54358085372959 -3.69787025718172 0.749495740815249 5.31205945616557 0.973916541024039 -1.00078370645046
0.944472941259649 1.00525616910572 -0.192786202941749 -1.44740089814666 -0.228054482853056 0.266667507177329
-0.722071915137026 -0.755110186030918 0.149963253103937 1.09321299281402 0.183181620531124 -0.203467235781686
-1.80565066455194 -1.98113106816671 0.365171550324554 2.8033768820474 0.429128161729277 -0.513076649554147
-2.16790995614679 -2.39351087480855 0.437406037172967 3.37273588774729 0.518207056282383 -0.617094197333614
0.142570252364646 0.142558821456698 -0.0296816568601445 -0.211954135721814 -0.0373965554328902 0.0398632638497322
0.162694184228365 0.157954022525431 -0.0346694764921804 -0.237841097570651 -0.0446105733512072 0.045263720486651
2.63978578787662 2.91668032502906 -0.532009150530223 -4.11029540120985 -0.627201482631599 0.751328181680735
2.87132861594325 3.15301083130479 -0.582163655551158 -4.4505840730441 -0.69732817014822 0.816731165113238
-2.42305610205459 -2.66836720840237 0.490557025750284 3.75983866776247 0.589193532226516 -0.689756883350429
-1.81344689293858 -1.99039309366036 0.366662783018113 2.81594814841586 0.4309072017259 -0.515335187428295
-3.63306555726591 -3.76751074005602 0.772076772922845 5.4260311875048 1.00860256094986 -1.02494455639935
0.730409851947912 0.765474490278238 -0.150309004240697 -1.11009656489231 -0.180867136410104 0.20572283137718
2.67665111289877 2.95340384228321 -0.540126628311252 -4.16370032705259 -0.638767494031989 0.761699697402689
1.85350181388464 2.04829409645241 -0.371047315832803 -2.89529462938596 -0.426102762725173 0.526927347566754
0.108229124930478 0.109879243102725 -0.0221222187503657 -0.162529542362352 -0.027520610139145 0.0303401354309262
-0.784886929003477 -0.823251141857684 0.163553433222647 1.18998052238769 0.197262353396977 -0.221100203344495
-1.734064455157 -1.89581526206286 0.351534856364193 2.68749147864807 0.413326138370063 -0.492348337068172
3.22195786655746 3.49013228037383 -0.660942826926304 -4.94820754310543 -0.813181758491515 0.914923581626246
-1.98699044070391 -2.18735630438507 0.401403555100054 3.08859310381508 0.472965926480952 -0.565077839847367
0.396276619115709 0.398925449599474 -0.0832676206450247 -0.589470030106203 -0.104446299246063 0.110918210573465
-1.52068455315613 -1.64741197636148 0.30999658004949 2.34605200542133 0.365754044127085 -0.430960377041052
3.78945144683776 3.97050549129948 -0.797960689366043 -5.70068703550401 -1.02432655521849 1.07062247050281
-3.3911647961435 -3.57441158694889 0.711817995854538 5.11425701939317 0.915874339475106 -0.959318073735543
-1.42564266540495 -1.5380102429051 0.291336211311719 2.19473003067016 0.344577500539889 -0.403704203163296
-3.21119180266209 -3.42212887698032 0.668325959048383 4.87559062599381 0.849243065722745 -0.909996242901017
1.11532995581301 1.19307102805964 -0.227098736555021 -1.71360129470695 -0.267507322085917 0.315186588933195
3.78584045451013 3.9682779142963 -0.796944031547662 -5.69653904349243 -1.02276089223255 1.06967543836469
-0.431760103945614 -0.446922029318768 0.0910491509886249 0.649401766762593 0.111046680588393 -0.121345109803275
-1.75976663271791 -1.92473664428313 0.356731955894049 2.72775699664286 0.419428434674866 -0.499685835997187
-0.359896536280696 -0.369283351918223 0.0760017984147723 0.538785866776347 0.0941690824951667 -0.101066560835503
-0.236444890283376 -0.241972637702828 0.0502875636787081 0.353086631039859 0.0623462761658874 -0.066357612947427
2.85594936906159 3.13777958604316 -0.578768591697932 -4.42838315300099 -0.6924469150822 0.812406112917355
-0.624060766186923 -0.647741286034542 0.130461592198525 0.940828048581044 0.159926532877825 -0.175584782104799
-3.26766324980313 -3.47313752373593 0.681479950908104 4.95299514800715 0.869207098635804 -0.925644300981418
3.49753580059559 3.73450791057577 -0.725791862552612 -5.32241144325515 -0.912255665053648 0.991130012984662
-2.18991114157779 -2.41265892795881 0.442721504443627 3.40252866204493 0.525631679241343 -0.623102184239858
-3.51840913525698 -3.67781143210528 0.743210331671935 5.27963672738242 0.964276696624915 -0.993957113290561
0.163522839699977 0.171860803483392 -0.032934539627439 -0.24985219829263 -0.0396407209397943 0.0460995909396994
2.78917317702389 3.06681100525307 -0.564718319405189 -4.32792331213879 -0.673291650398168 0.793403074774033
3.18118276315442 3.45251707850957 -0.651558023284907 -4.89165676315896 -0.79905791931616 0.903577079285859
-1.6533881466088 -1.80380884563577 0.335454323304516 2.56005659670036 0.394598024566111 -0.4692434567319
-1.09878026261544 -1.16692263964832 0.22689729672937 1.67745369424058 0.271094716788487 -0.310222293825413
3.85662364075237 4.0205719317096 -0.815247941466291 -5.78446939196887 -1.05116260925836 1.08865979866649
0.580781568617212 0.594890983847211 -0.12103695152041 -0.871795930041136 -0.149231189065517 0.162996053078751
-2.77432165603064 -3.0222826115448 0.567185706671141 4.27187000490359 0.698166015299548 -0.788764569477572
3.50271742228304 3.73862161071581 -0.727074695748561 -5.32907084534979 -0.914250417611157 0.992532439903873
-0.775087217487426 -0.813308230155102 0.160589802191348 1.17570956336118 0.195602961079824 -0.218535024936951
-2.16656103220277 -2.38921485718609 0.437597558165583 3.36849200382538 0.518550655695711 -0.616543343980504
3.26566804809511 3.5297164632098 -0.671105000584592 -5.00824070034842 -0.828573013225389 0.927049477122343
3.6196191101645 3.83603872982561 -0.755546252517622 -5.4828486064902 -0.958251279871881 1.02452718694127
3.12514955635345 3.39682315880155 -0.639244553996643 -4.81074077124149 -0.780969156003242 0.887770829032363
-2.0715960816818 -2.28241635996509 0.418473421575658 3.22051926197695 0.494257538416911 -0.589308724810963
0.162429482387328 0.158540867026009 -0.0344833379967063 -0.238147331578716 -0.0442214677835499 0.0452313844742751
-0.814396903859778 -0.855799721239794 0.168658937162899 1.23633975685649 0.204895380389024 -0.229652325036674
-0.757329626948858 -0.793724024710017 0.157049244958278 1.14800535463472 0.191462294533166 -0.213482039518527
3.56442371090726 3.79058415597298 -0.742017528594432 -5.41065104455856 -0.937370169500565 1.00945767991751
1.04705265747002 1.11394344850781 -0.213852328812185 -1.60399815009683 -0.253313697943374 0.295622507185782
1.8503684295054 2.04516832728801 -0.370371776323616 -2.89070278818019 -0.425187453723682 0.526046590493306
1.59694276810964 1.75092303482611 -0.320800897591566 -2.48534912252095 -0.369648665504942 0.453267191603192
-2.108180065941 -2.32744783986399 0.425206420887978 3.2806020307869 0.502470055136629 -0.600017223859747
-0.125194343087261 -0.132374647415278 0.0261188452637995 0.18997182146955 0.032080130596733 -0.035378337830597
1.56768688370867 1.71799110214026 -0.314974265111384 -2.43933046485259 -0.362895300808998 0.444910548623805
3.67987062721846 3.88509946015613 -0.770365125497692 -5.56116358918899 -0.981391932917657 1.04096431263842
2.12519052935318 2.35648441127767 -0.425417800953272 -3.3227828555528 -0.490490613957326 0.604724890491671
-2.67345575915328 -2.92065054429573 0.545228536970678 4.12505778895345 0.666321712807097 -0.760288519637126
-2.08488064250036 -2.29668740524083 0.421255287876668 3.24068953915729 0.49784545158005 -0.593079569051021
-3.73522490768192 -3.84291586989109 0.798491065183715 5.55294101019538 1.04939355535408 -1.05230482307265
0.0914021890648989 0.0860964125872692 -0.0196170100411606 -0.131917098782362 -0.0256202524357844 0.0252961567889018
-2.76973373028054 -3.01498956823246 0.566608286548429 4.26316544040573 0.69733074821375 -0.787308338087092
-1.11989738361374 -1.19371777552765 0.230117945382518 1.71340170077472 0.275273904963049 -0.316503155511467
-0.242007057980141 -0.24842676184971 0.0512307746998436 0.362079971469497 0.0636227125567619 -0.067976747603947
-3.67955417721634 -3.80217684145717 0.784036946629027 5.4840381762868 1.02713102971279 -1.03742368848211
-1.73459498403097 -1.89966489982043 0.351076304726412 2.69091846510857 0.412513707522541 -0.492687286430833
0.305775494084634 0.314967719778963 -0.0631569049822933 -0.460924578189068 -0.0774989683567406 0.0859027314294263
-0.555106933566854 -0.574538796370102 0.11668002615354 0.835343225379645 0.142557087708394 -0.156035346084597
-1.87817391113593 -2.06065994434313 0.380166753605757 2.91504465890134 0.447590785867852 -0.533705835028328
3.16127021598539 3.43410199602309 -0.646981507502532 -4.86400284666386 -0.792177810671376 0.898033815876509
0.894583886626256 0.95498984858752 -0.182249621456938 -1.37321753620438 -0.21490620339029 0.252703510757468
-3.20636010023505 -3.4207050010606 0.666751201487055 4.87125065589481 0.846708531693531 -0.908818486607212
-2.70631204208523 -2.95716799349816 0.55186654133828 4.17558241236934 0.675632227705946 -0.769747378261738
-2.79859017112631 -3.04587338993455 0.572637246761242 4.30664414327905 0.705762130368611 -0.795543690678067
0.355480292364652 0.358439899882423 -0.0745445524657189 -0.529365472729679 -0.0933891798406203 0.0995282170433249
3.85853581013005 4.02185141711798 -0.815764712907486 -5.78674578121152 -1.05195119911231 1.08916316803205
-0.513732242410413 -0.53061469091569 0.108155241829813 0.772140830002489 0.132405112338502 -0.144356585685408
3.79323343328409 3.9728115953771 -0.79903481868245 -5.70504716749764 -1.02584755945308 1.07159512793114
3.26843395643689 3.5327252094115 -0.671678726881594 -5.01243370183527 -0.829394175359121 0.927844110345032
3.68166907527315 3.88639507407623 -0.770845922162197 -5.56338108160743 -0.98209674962931 1.04144362192059
3.47503044183738 3.7151688982378 -0.72039811367763 -5.29235750810027 -0.90392464338413 0.984933376733604
-3.15425394293295 -3.37501768688602 0.654391968829426 4.8008615505395 0.827980287091878 -0.894458381446142
-0.256662203847479 -0.264930228076044 0.0539367087472879 0.385270927930265 0.0671088094883006 -0.0721972823111725
0.571491601177596 0.585194484845675 -0.119111262041058 -0.857721674389151 -0.146906985657677 0.160381740492355
1.39362016746305 1.5146590050026 -0.281267692086176 -2.15921651045501 -0.326362345752227 0.394919083512074
2.50364636808988 2.7710791929338 -0.503440899864879 -3.90434925892234 -0.589465486821183 0.712626081798899
-3.69715473879046 -3.81544007905336 0.78853430360465 5.50609393786396 1.03414791664886 -1.04215969301884
-3.44682035677947 -3.6214912517874 0.725280269316311 5.18806527529587 0.936435814697249 -0.974563615302453
-0.0484891639630298 -0.0550453288810677 0.00990900912583867 0.0760240594021345 0.0116164330573239 -0.0138926370304523
0.890048200849363 0.939350342805731 -0.182546564854467 -1.35771602065006 -0.218006112877555 0.250964265686716
-1.36551563730787 -1.46887263681906 0.279563459845102 2.09897326339202 0.331245907694436 -0.386463662860512
1.45075561099485 1.5800889888695 -0.292476417481137 -2.25015853306014 -0.338792970776394 0.411267896350175
-0.21906906210904 -0.227041727560194 0.0459653780747819 0.329440335052074 0.0571081060005307 -0.0616729387868077
-0.413797339260622 -0.425520484936512 0.0870528884078009 0.620396637962981 0.107962029747692 -0.116272285035687
2.87222268547555 3.1541069902554 -0.582326702372067 -4.45205145400738 -0.69753493734135 0.816994619746617
3.7277273398997 3.92314935160439 -0.782293800368163 -5.62267479423943 -0.999955092097031 1.05396083592219
2.91375632849086 3.19522604047108 -0.59149730839688 -4.51200732579144 -0.710701417406255 0.828673380198241
-2.46401244399125 -2.70960628735879 0.499545585105461 3.81971190276865 0.601429526398145 -0.701261838388353
0.608741928346056 0.635316042889545 -0.125461583292183 -0.923236419757474 -0.151675007693744 0.17134596328339
-1.57810111436673 -1.71865725515516 0.320329190409415 2.44161996940046 0.377062023500239 -0.447729803391183
1.90337562135486 2.10531442094605 -0.380943716557903 -2.97423632062082 -0.437573616509129 0.541220521532361
-1.14437718367738 -1.21941991171131 0.235347561198922 1.75050960216379 0.281241119936925 -0.323370495891176
-1.50841996998483 -1.63497829640704 0.307220958801755 2.32800132714569 0.362405691292679 -0.427543675596866
-1.10043609580886 -1.16824044446327 0.227080993988663 1.67977927565266 0.271755355585156 -0.310706167944329
-0.313131583955245 -0.321794641302213 0.0659715475269692 0.469086713001457 0.0820707796754737 -0.08799184702502
-1.90522818872457 -2.09676996909985 0.384672570240909 2.9619823478368 0.452315058034261 -0.541754110175055
-1.47833029518118 -1.60218791686179 0.300956396251439 2.28159827841944 0.355163256711466 -0.419024753285802
0.777799257179449 0.821400628328121 -0.159384018851567 -1.18705378542978 -0.190150115818668 0.219332482328775
2.7941156097128 3.07221003241907 -0.565739101519203 -4.33549338897989 -0.674618941521451 0.794813901304918
-1.39556539050465 -1.50255258647927 0.285608580493426 2.14615430210516 0.338094554940053 -0.395023475893704
0.06963805813395 0.0636633749435689 -0.0150993669258178 -0.0991741092258589 -0.0200040268080641 0.0191756204334915
0.150933168135399 0.145908317156989 -0.0322151718451157 -0.22020895728334 -0.0415520467051315 0.0419605638723069
0.230918957994354 0.227112635582055 -0.049019759148215 -0.339537655458292 -0.0626100660096246 0.0643887286422657
0.316856113106513 0.315847692039027 -0.0668862803918733 -0.468972109988169 -0.0845927334874752 0.0885475035892839
0.396401973839501 0.398820308003048 -0.0833266731522695 -0.589466762408567 -0.104570450542943 0.110942581717245
0.486636407629479 0.493805090788643 -0.101897622648031 -0.726851075726384 -0.126828921079009 0.136376556719098
0.575551886085967 0.588925301731139 -0.12001746696696 -0.863459847461887 -0.148129310778823 0.161502158448461
0.670620704322621 0.691961909224209 -0.139248636165387 -1.01058122999949 -0.170362846615706 0.188420654890206
0.778336696040852 0.809495966511389 -0.160951000706155 -1.17789911276058 -0.195245465506472 0.218953561968471
0.886133007027376 0.93101650099338 -0.182233555012158 -1.34839380301319 -0.218695593839919 0.249679280399513
1.01740703009882 1.08008324818575 -0.208044872682673 -1.55679043135515 -0.246982489177886 0.287150743540346
1.16843546204442 1.25313933779542 -0.237578778393843 -1.79764602575397 -0.279168449974283 0.330341368478058
1.33497124554108 1.44515082405503 -0.270036216172449 -2.06400978519441 -0.314485381714258 0.37803270572168
1.50256082046036 1.6400660830199 -0.302592640947657 -2.33301959038927 -0.349996719573046 0.426128247918744
1.67458579020928 1.83993619873284 -0.336120393306194 -2.60865005074085 -0.387068596166125 0.475512330274403
1.84790093247419 2.04052797097472 -0.370107101725879 -2.88531712938149 -0.425368008140779 0.525261418876419
2.02199587521052 2.23939734327038 -0.404737665679803 -3.16050977327507 -0.465840407687988 0.575162763114624
2.19726307022503 2.43555619170025 -0.440253565197012 -3.4336771916844 -0.509201589742644 0.62527222605737
2.37367509817933 2.62969135819882 -0.476499100466463 -3.70555914428936 -0.55484200236852 0.675599573301344
2.55023913055407 2.82035603752046 -0.513297008464489 -3.9743468263856 -0.602658811088663 0.72584929449221
2.72669217127749 3.00599859515433 -0.550756105921158 -4.23855374145421 -0.653195107070598 0.775896721605313
2.9015551893831 3.18262682310723 -0.588878670037939 -4.49395031911431 -0.707065683154268 0.825218952134099
3.07348862927767 3.34993039220892 -0.627229173320145 -4.73962366144013 -0.763037692011035 0.873456419754847
3.24082589016892 3.50727472775481 -0.665323838248403 -4.97416623358437 -0.819792366319459 0.920157479881788
3.3971818461531 3.64673779677002 -0.702007908966757 -5.18715385352866 -0.875658119521592 0.963429474502151
3.54103136769903 3.77023447626458 -0.736470946136358 -5.37924618317078 -0.928687286727194 1.00299317746147
3.66156614301139 3.86931850185484 -0.766017513484104 -5.53672419983017 -0.9744906412894 1.03590855565765
3.75437046564089 3.94270232933909 -0.789221147848598 -5.65570891546558 -1.01055759510071 1.06108527309954
3.8097782431787 3.98528270719977 -0.803267692759139 -5.7257864757587 -1.03243474649787 1.0760471610405
3.84784541816554 4.01377056586226 -0.813037471693152 -5.77333645010743 -1.04767323162401 1.08628227281252
3.86454875662771 4.02639019779068 -0.817299623927146 -5.79428362715105 -1.05435696947742 1.0907828386525
3.87232705457401 4.03272499101384 -0.819202226181714 -5.80438251504012 -1.05737588441439 1.09290632834397
3.86365922985617 4.02688177818296 -0.816864513326937 -5.79403819974228 -1.05378066219803 1.09061635010791
3.84099162005865 4.01018018362336 -0.811000643066076 -5.76591913238796 -1.04466070546936 1.08453896893703
3.80637739553495 3.98407524477223 -0.802146044023436 -5.72252403362486 -1.03086525842288 1.07522105168613
3.75130135826334 3.94152659047756 -0.788220033362703 -5.65269757447767 -1.00916789789855 1.06033520067042
3.66292471433777 3.87135365428483 -0.766173990415103 -5.53917832223366 -0.974861035354735 1.03633946854401
3.54027322862398 3.76945688466607 -0.736280044752118 -5.3781040645204 -0.928538810700757 1.00278484532494
3.39931937923516 3.64713091163075 -0.702714076564971 -5.18884938432572 -0.876950111373038 0.963943065097831
3.24492727069369 3.50871189148749 -0.666608274486482 -4.97800621377041 -0.821920412477056 0.921168034862063
3.07772946177427 3.35111462114586 -0.628607430901167 -4.74333772143991 -0.765363153387849 0.874486896219341
2.90499310159852 3.18279203398843 -0.590111632629095 -4.49627944870774 -0.709312327631854 0.826019309700607
2.72872505454749 3.00521414118867 -0.551611802439422 -4.23913610361662 -0.655007243027011 0.776337048100763
2.55094503361968 2.81955945772641 -0.513670129007065 -3.97403891296443 -0.603635822711762 0.725984016118755
2.37297591353673 2.62866949920034 -0.476395961684335 -3.70420028327757 -0.554874204484943 0.675390736734238
2.19494247966151 2.43318370820998 -0.439771328616411 -3.43015414801972 -0.508665791832927 0.624621210669944
2.01614932275261 2.23381835961925 -0.403472847046504 -3.1520360422913 -0.464206867756625 0.573537803892278
1.83624275866213 2.02919651660684 -0.367599443190863 -2.86831140184956 -0.422109853800743 0.522010826824226
1.65383748953111 1.81949430092011 -0.331663298879371 -2.57825406396214 -0.381255448863184 0.469713087384525
1.4651349704366 1.60218483610244 -0.294710014366146 -2.27726150516224 -0.340116608243457 0.415636342992618
1.26884243581715 1.37725487742667 -0.256236339925231 -1.96469129032429 -0.297462776946559 0.359458257731412
1.05707348472692 1.137980583529 -0.214412014696181 -1.62977924443931 -0.250803405213344 0.299032119888726
0.797644913871837 0.851605609350634 -0.162397417234034 -1.22462326433924 -0.191485089318884 0.225326757442366
0.441690235201259 0.468410910087046 -0.0898961523544616 -0.676209193681337 -0.10680793128887 0.124647741535404
0.0132311600298707 0.0174969704202938 -0.00138192135828399 -0.0243162916587598 -0.000891021174341629 0.00391022563978578
-0.321000808491188 -0.331443525851153 0.0680384109373891 0.481797514357553 0.0831377817784024 -0.0901724870742742
-0.711270038463393 -0.744603455311073 0.148502441915151 1.0771206473536 0.179308847025561 -0.200286320150359
-0.968809018595004 -1.02370338427302 0.200833032556687 1.4748939107646 0.240742137285068 -0.273263244959952
-1.18755996617363 -1.26640123111695 0.244625823188683 1.81695633299386 0.29132048453393 -0.335529411741066
-1.38407510839045 -1.48970387031738 0.283389044551349 2.12802244042426 0.335512929694017 -0.391739009332565
-1.56901831965211 -1.70255220110611 0.319623369221119 2.42250830272913 0.376765038560742 -0.4447888124327
-1.74534259710301 -1.9072474159292 0.354058320218737 2.70399363862159 0.416630590302466 -0.49550532179729
-1.919020486556 -2.10727365745353 0.388287660997076 2.97938580704129 0.457504838281788 -0.545435398138947
-2.09176952210651 -2.30351233275805 0.422779579382468 3.25060589324508 0.500066275989564 -0.595015492367619
-2.26567159638058 -2.49576105978312 0.458281945785786 3.51878065382119 0.545963035205417 -0.644737549436202
-2.44135983668633 -2.68280495695033 0.495174449090126 3.78339793745726 0.59597376099545 -0.694687576852816
-2.61769504945763 -2.86388018179348 0.533149570706828 4.04328616849501 0.649261918346087 -0.744544267355452
-2.79343760836362 -3.03754856523813 0.571968078623252 4.29662817158254 0.705201952230095 -0.793927083124599
-2.96693084579414 -3.2010406818062 0.611433586340849 4.54016604077114 0.763570811718108 -0.842307693889259
-3.13193313639169 -3.34997143124832 0.649921857733753 4.766426180767 0.821558336271257 -0.888007503042482
-3.28816414899171 -3.48687634338004 0.686971326633772 4.97735919729192 0.877871347535382 -0.93106968974157
-3.42567265325833 -3.60226104079031 0.720348834159276 5.15894693835465 0.929084986950239 -0.968702997602003
-3.53935149165024 -3.69431709216181 0.748455959419257 5.30645816236276 0.972378748426021 -0.999627901289414
-3.62542961591984 -3.76156802956404 0.770120546192763 5.41625323295059 1.00580756554437 -1.02290038515711
-3.67835315277386 -3.80149749097099 0.783671472998913 5.48267421858969 1.02669332895658 -1.03712256259683
-3.71026939061186 -3.82513623717331 0.791917374809874 5.5223955776427 1.03938466593444 -1.04567195224765
-3.72936778910882 -3.8388548968026 0.796924035464205 5.54584438826396 1.04706032544226 -1.05075978143387
-3.73481586977228 -3.84261615203159 0.798382680123928 5.55242883514369 1.04924846454372 -1.05219771141574
-3.73618584832582 -3.84376949518035 0.79871733357853 5.55425401308897 1.04971176847606 -1.0525662643136
-3.71705282589178 -3.83027369390028 0.793667547231372 5.53097692428417 1.04187837990874 -1.04747238397503
-3.67575863515485 -3.79983340421174 0.782982337680219 5.47971385918682 1.02535831623523 -1.03641112254817
-3.61934586478085 -3.75723679338351 0.768549773367287 5.40889901672741 1.00306340245353 -1.02124419680398
-3.53716717050435 -3.69372936205571 0.747757652208953 5.30461508433536 0.970965889711095 -0.999065674206135
-3.41889013674084 -3.5988166777028 0.718377967174265 5.15178740701082 0.925751835193024 -0.966947424572486
-3.28174733182527 -3.48505470583426 0.684882125613331 4.97167418740058 0.874411380997595 -0.929501790303283
-3.12646321241323 -3.34988508084991 0.647912466623424 4.76270382497478 0.818256207765801 -0.886760614261469
-2.958765018614 -3.19754165136834 0.608931104198331 4.53193392145709 0.759733786867664 -0.840272293035683
-2.78623156801406 -3.03378558925487 0.569854392028877 4.28881602834687 0.702068933332996 -0.792099257100327
-2.61130612729924 -2.86133157137472 0.53115231430698 4.03698918237008 0.646233350803148 -0.742965944462479
-2.43516435226169 -2.68089424828268 0.493150032095736 3.77775822368484 0.592822698472447 -0.693185155104745
-2.2600672882099 -2.49463135552323 0.456340039255003 3.51415719227826 0.542948427434299 -0.643414163565153
-2.08730326207953 -2.30407764537235 0.420983160951756 3.24813955601849 0.497138037055375 -0.59403893138276
-1.9169854276399 -2.11062940381037 0.386939310041098 2.98084232318199 0.455054069962394 -0.545155435952028
-1.747852607482 -1.91579187567554 0.353545449738389 2.71266704957801 0.415287615882972 -0.496540601756082
-1.57910477582766 -1.72002691609932 0.320494001079155 2.44336871260492 0.377254964069891 -0.448031011068983
-1.4107421521414 -1.52564706116242 0.287470686721003 2.17491433588028 0.339884900442832 -0.399721475853336
-1.24264374084685 -1.33330554016157 0.254322394822941 1.9079125512136 0.30256579462962 -0.351600053476935
-1.07602313419904 -1.14543533591321 0.221212364555835 1.64510674909929 0.26511612156533 -0.304050497414089
-0.91738234938363 -0.969727066006966 0.189290335501725 1.39721744886695 0.2286691369277 -0.258945821794187
-0.77183472277662 -0.809790035106043 0.159923416049135 1.17069116673243 0.194833077574909 -0.217614803524225
-0.66310190942679 -0.691493069409295 0.13790462316825 1.00234309439219 0.169116687076899 -0.186781482112749
-0.558006934955966 -0.577968392423458 0.116543678496395 0.840254456223669 0.143958164801341 -0.157013345334419
-0.45785255155167 -0.47195744972373 0.0959973626816407 0.687473124882112 0.11911564890509 -0.128729433315529
-0.366921978511308 -0.377360734702565 0.0771211538780951 0.550070579362554 0.0959854693611569 -0.103130638877758
-0.2810145709351 -0.289664878641121 0.059053878415741 0.42159401931521 0.0735463936968913 -0.0790283790486252
-0.196068585669721 -0.203914401754703 0.0410818901261921 0.295324705786105 0.050968383913894 -0.0552362250754627
-0.107360734959886 -0.114600962852121 0.022307671910091 0.163648475675994 0.0272640133826778 -0.0303956371909118
-0.0180947858533082 -0.0248101832739159 0.00341870360686287 0.0312002018545941 0.00337642691775026 -0.00540098701947017
