9.46813296540834 12.3850045331452 25.1554376964061 53.2663258105725 125.966831193534 210.805483263203
9.12583829691328 11.8433171796842 24.6440364245522 52.6949963741872 124.784840886533 209.852504696415
4.59316137431513 6.31763574148636 16.8676144387387 41.9623491497821 111.807177316342 195.786873226684
3.36092082532293 4.69232397456861 14.4669076564764 38.2944783542574 107.434590225194 190.998686596368
8.00462041635435 10.5039512976648 23.0491052565974 49.7197192739208 122.699869915782 206.606680022222
11.6113146063506 14.9663374733643 28.5232467986469 57.3982104112094 131.821023800483 216.368314913781
1.00095009068812 0.868905557413706 7.43268526845838 26.7227222085157 92.7974671691781 174.79909429484
4.83885034859582 6.64555842783983 17.2961744173162 42.479803241249 112.589523232834 196.655642034242
3.70106085517898 5.06743828646481 15.2610796455254 39.1832834813912 108.775895067925 192.329973015626
1.15730430432617 0.370903052400712 5.79736207632003 23.094525142274 87.8616342464638 169.386254159829
11.324364669938 14.5361461041866 28.0730375088018 57.0577634626751 130.588914600208 215.687718801056
1.60346459266764 0.376489499464652 5.09900498026387 20.9557065936179 85.2727860106832 166.20151804188
2.45087876290836 3.41458396236352 12.438054186425 35.0778569472137 103.551867757676 186.717274865416
9.0242232031809 11.5995428185728 24.6831885372887 52.3537967939247 124.767381210857 209.536093510475
1.91042163229221 0.448319718907088 4.77194523203182 19.9032269098547 84.1502425335675 164.557975700538
4.16744865601526 5.76214124683936 16.0539987743974 40.7321962691737 110.33846330687 194.193315333113
0.987421271155611 0.597105063611852 7.06079823858647 25.4028029623618 91.644777542341 173.297212539311
8.96320099832998 11.5640079076444 24.4678922562034 52.3167517772283 124.395450055824 209.321917263587
1.10734433970879 0.347176510077114 6.03757334521888 23.3294330910316 88.5262350258347 170.01455177341
1.70620748937349 0.407357454760526 4.95412795255686 20.6059307658756 84.7878276256063 165.638160070646
5.64457986561052 7.71652192035445 18.8034412736282 44.3530331789605 115.543409944566 199.384519572419
4.80879946696263 6.52024138956992 17.4020205778635 42.295886138498 112.796247159368 196.475282931119
1.84098083556933 2.4443668269694 10.9600419753583 32.2746876952691 100.660078357889 183.225971793268
6.9170918052216 9.20867678159978 21.0421219112206 47.7196746429772 119.043349768516 203.44900402274
4.45075187706647 6.05340884801349 16.71041204826 41.3031969066892 111.470554012174 195.205079862543
4.57019609203136 6.38586850209086 16.8685068376423 41.4586196907584 112.426028485844 195.70395881418
10.7018824828163 13.5803003378447 27.2344167957885 56.0925420825177 128.74203765317 213.967570747261
8.27887575330817 10.795030726719 23.5169471855582 50.3827757637761 123.293614007877 207.40869305039
1.25942120331429 1.46294946340583 8.96374745635153 29.0235752451411 96.4620961360213 178.578740725032
2.1165915739188 3.01797570892042 11.6329452620786 33.5241087603587 102.649593681394 184.955778011438
4.15969877802814 5.76794270763343 16.0078188045611 40.6261432179125 110.28131406444 194.17454697198
2.37962938010442 3.40939941930063 12.2646015353947 34.5745837056065 103.903442366592 186.367080611402
1.24110886091286 1.41281705226199 8.83243493412242 28.9264893916195 96.0270767910147 178.316376576274
3.05036580747363 4.24070206397826 13.817143162884 36.922478860106 106.266378960311 189.520023935079
1.03110107541939 0.434803142966527 6.49195401736338 23.9325758013005 90.3045098976158 171.214653169085
1.80503316559296 2.45164254168769 10.8499459012834 32.1636203108596 100.694454608345 183.067059861551
1.47966571455027 0.322720368704885 5.2553044727571 21.3061988042952 85.9090881235234 166.850994790901
3.20092470334552 4.5053345251751 14.0693586666899 37.5731607501716 106.845075697763 190.241149443862
5.61395920028983 7.67785730269375 18.7955791538822 44.1426409976685 115.57808674308 199.279852012967
1.17338994217807 0.310429337291945 5.84569405125757 22.523012421114 88.4320817770056 169.030169075983
2.04469038394239 0.477705015999418 4.61097822421956 19.4805352218539 83.7781481102882 163.870108291843
0.997348197003536 0.691078168859322 7.27139541057746 25.8965005359632 92.2828615727295 173.965627357592
2.16891704559663 3.04206193271059 11.7899404003764 33.7069669694849 102.750057356457 185.230603673877
1.4491050410683 1.85243444251111 9.75572311624308 30.33087236897 98.5000453667214 180.501314796311
1.01929437162923 0.859346949406123 7.62930519524758 26.5609096833176 93.5037415822367 175.030625506665
2.44759877635229 3.35397990030667 12.513000894601 34.8518280336178 103.659031243775 186.655991038316
2.24536508314228 3.10498551600643 11.9893594167656 34.0303375599429 102.795338085245 185.628107201372
1.47509833620571 1.88942967102865 9.83084844447254 30.4533310425179 98.618959651213 180.677504863516
2.76317808621193 3.86782750694917 13.1815174024992 36.2707798113201 104.996311290947 188.335858524844
1.77584552679695 0.340542131403618 4.83402498619294 20.0187276933365 84.8476294784012 164.900811870529
1.26537204697273 0.363119750893173 5.50503940839315 22.4074984472902 87.1737939441034 168.424832813917
1.00294859803642 0.797032478957017 7.49872886633497 26.4079493665612 93.0784749369115 174.681317156376
5.00767838300332 6.96636987868119 17.6583532014371 42.6891150512087 113.843444828946 197.277447672172
8.67990334707082 11.3881974074511 23.9010659195691 51.667885612757 123.73354102647 208.640079268062
1.40462025982302 1.77141307476785 9.49762338055666 30.2617212993973 97.610742684739 180.0274702114
1.10344656209841 1.11132229534055 8.41041265557607 27.4881715012584 95.484442309015 176.512734205572
10.2524442182884 13.3931912111874 26.4002743179801 54.755381464713 128.374262216802 212.898229279735
0.996537136557683 0.688309548619089 6.92407113393274 25.7041433234779 91.4168332583206 173.344938384698
1.52137081737876 1.8961142806462 10.0648558830912 30.6012454202382 98.7829068336693 180.935204764795
4.60187231056531 6.46374871777321 16.9482479997256 41.4199594287185 112.753155613618 195.800109102414
2.4487280844536 3.41434834761129 12.4395034087421 35.0865233192201 103.564252854588 186.720067730433
1.77420145820883 0.405213025198458 4.80424814094462 20.2483009944182 84.6492521228014 165.078232176787
1.10708159438197 0.389360927615865 5.92195830862977 23.4354114133171 88.3301758858254 169.884128751412
0.989554045794574 0.614990415241688 7.06502269874861 25.4953788740295 91.6878105019561 173.360268284502
8.43137122174877 10.9773060839172 23.5695869609287 51.1347717517745 123.016891256156 207.88756605965
1.05638852028901 0.400868955925226 6.05927197134626 23.6223424003326 89.3541955021502 170.434477658366
11.8696116258335 15.0724684067826 28.9198006875345 58.3301636555863 131.645505437625 217.051475846351
1.49703600386346 0.304280659473257 5.23530842166691 21.1277556807397 86.0050063354514 166.691304839383
3.34678744576994 4.67687551038113 14.4662921204673 37.8954758833845 107.671511822555 190.852919603123
7.25841768687543 9.69625717888627 21.7580383342066 47.8986151794047 121.003176886062 204.359707920853
0.987218800223345 0.568095977521954 6.75173591878855 25.0146356218978 91.1489814230994 172.589194323161
0.990722456231942 0.565271520718167 6.88288344761995 25.1909554903785 91.1812933545158 172.841961940656
2.2217400088785 3.14473179390256 11.9204858929895 33.9167228856205 103.177939149465 185.524265400411
7.2743933009705 9.6307350933667 21.6613590957253 48.5181287057203 120.071996673478 204.517631826977
5.79120901580001 7.87523080686653 19.0907412816556 44.671718550906 115.938933174088 199.866838772163
1.93465483665083 2.68215746467714 11.2087136116578 32.7630788782998 101.550621565172 183.920787243907
2.65624013910545 3.73813736642357 12.8641838782265 35.6406233145661 104.582513572876 187.667269463862
1.06975751412987 0.381282755260278 5.96911332029732 23.4215241941269 89.1516176479726 170.122401480615
0.995840467804667 0.89382953488851 7.47233192105959 26.8216749026071 92.867462517846 174.825989349039
9.44175366602716 12.0494382147679 25.4260351943114 53.2362868155952 125.859662404027 210.675858913166
14.0927157490761 17.5793840132063 32.3202979596599 62.602398588992 136.938800675562 222.443608591647
1.45696082765356 1.85759710235829 9.66640378650317 30.5330280562342 97.9542335735508 180.422006299143
1.36079126714802 0.334185790008179 5.25438937560221 21.7200030632288 86.5634285265022 167.394168194811
1.31430957357349 1.61235350977662 9.17578835132577 29.7277319976922 96.9317737559256 179.252768486825
2.16914963882453 0.513408610407971 4.53528570078109 19.0946093699623 83.483790796033 163.250855301302
1.3786142199329 0.329816464215783 5.41264771439378 21.8349328018451 86.3981438076166 167.603333877517
1.44604071334537 1.87984869801874 9.70758346992318 30.2478298622376 98.4999341080767 180.40066863729
6.49225652950587 8.81592896144485 20.2503792475171 46.578449254321 118.126069868674 202.171643620241
2.24271578747127 0.533500008414453 4.47780932598917 18.9337917410418 83.2627799325931 162.999606078888
2.38424090680992 3.4297697849938 12.2881947256475 34.6126150409592 104.042441222269 186.419561556196
2.0555233643766 2.78862893949985 11.5183232966394 33.239277228463 101.779168987534 184.524523932575
1.30983256280974 0.329196559035756 5.32894247975043 21.9289123930856 86.9027320715269 167.732869626194
1.00636864378164 0.879858500574977 7.47871656011673 26.7855289894934 92.9190359767659 174.93791132912
1.8016773639023 2.38139808048863 11.0448848585581 32.1106071281451 100.855453557948 182.932898953975
1.10683494661911 0.353488066439093 6.09941452388537 23.3245360771606 88.7850648849377 170.116016423033
2.10610620042708 2.93335412536847 11.6413294619381 33.4671094099097 102.344172828392 184.8900032185
1.9497255102642 0.44792805489284 4.71419174930958 19.693932471292 84.0508820178841 164.227670808147
1.71803773170878 2.34091332053011 10.509909739995 31.6269975019378 100.167926235192 182.309670366099
1.46389705685096 0.371271239241234 5.20400618217751 21.5029410144592 85.9989734613162 167.022990783917
1.0335046221801 0.850319333565788 7.73083937726449 26.6698316739117 93.4715343045947 175.201820089283
2.96472816853574 4.14745243991139 13.6264187611016 36.9754756013277 105.839384090129 189.251550625112
1.18717264125979 1.34820164213565 8.72181733197534 28.5258740731528 96.1713742252808 177.922559779505
13.8124821045965 17.2697129639361 31.8912793747261 62.0689098036398 136.285039299856 221.782002741514
2.0677034002423 2.9092478816692 11.5420687641305 33.3098790033065 102.391315169128 184.695777238186
11.9867854804267 15.2638089509842 29.0914138138927 58.4344152491025 132.07271863547 217.368220035529
8.41769073917207 11.1542058756405 23.4514482686855 51.0086213292268 123.307859375528 207.90244394412
1.05223745049881 0.50158855217236 6.25989007212003 24.3133735647747 89.4965578459953 171.237094629427
1.08708558422855 1.08006401869179 8.19553100397554 27.6326590841285 94.9095607747098 176.573387204628
2.13249212105363 3.01211064989594 11.701902222662 33.5669603019205 102.7500023713 185.04854957064
3.35461463852756 4.68718065427044 14.4036274133515 38.1679482987571 107.361060075924 190.897749920533
7.77509903116199 10.4341274500004 22.3719645019728 49.5440027302069 121.815203244042 206.066566903305
1.23389443675686 0.325460407289861 5.45371719572613 22.2617132256729 87.4566877812711 168.268521043105
1.43248937473855 1.83586167840226 9.64824698343207 30.1530584120702 98.2324326165159 180.260234125686
3.84394730454811 5.34588537890478 15.5005680994952 39.434654878996 109.613990378254 192.915485345681
14.7877792130501 18.3332224653185 33.393614856845 63.8555241723569 138.49719731286 224.084288930685
7.61965232149794 10.0268292628943 22.2534507014336 49.2366124442547 121.01858251993 205.532803677468
1.67934551032676 0.393407263073043 4.92702386619603 20.6208197372054 84.965014778823 165.666962265732
1.02617672311248 0.495307852412376 6.26825137032782 24.3685534349731 89.5372092806747 171.225047555998
16.2889723657336 19.881092712736 35.7465669728685 66.6841993782563 141.680702773787 227.516380098257
2.85230593560811 4.05146767478245 13.321442462336 36.3089713369469 105.681869621397 188.631585945999
7.64379959754269 10.1853675383126 22.1944112743613 49.3239346868332 121.128603285128 205.672766193744
4.32693902826548 6.05306231170254 16.4257454988404 40.773993434804 111.590436113056 194.797824813797
1.01617907030047 0.595606028783214 6.65202377867528 25.0494938225218 90.688592720297 172.45263225832
8.42462110074852 11.0738982686268 23.4895207518151 51.113242145683 123.052419096577 207.914287677135
3.71847822923205 5.21429748601086 15.2497233772056 39.0351928270989 109.348496603384 192.407472626773
8.09117895295626 10.823053821945 22.8930485767427 50.2337661668837 122.694867028478 206.974888791904
2.35134591260419 3.21838076509189 12.3650973036002 34.5472657671468 103.434609144047 186.221618429852
4.87761811091273 6.57436216463161 17.5686390009627 42.556984247539 112.916738303803 196.745329032609
16.432826679566 20.0240489228078 35.9839657812199 66.9312068256241 141.988238251702 227.835845981834
5.62304970168968 7.62630139773018 18.7466483515294 44.6455840726812 115.138811632727 199.330044577038
5.43036638152464 7.48721407513512 18.422929292759 43.8357951504834 115.051769493612 198.722634200996
13.057223036345 16.4539298345847 30.7319335108035 60.5462874315993 134.562657826091 219.996753525832
9.24614773316881 11.8381865009301 25.0914295334696 52.7856511758437 125.378372735553 210.154238569557
6.64325454453547 8.99089647858581 20.5112559003983 46.9502352381237 118.503463795084 202.646070269703
1.75240949213216 2.34748433361059 10.5860409847576 32.0561474881915 99.8516568142329 182.562924391574
4.10826258133684 5.72932313206325 16.0311245482303 40.1870161031889 110.730945953841 193.970951595373
1.07414939679687 0.454178360959359 6.07789935960779 23.9079419803961 88.9090051588864 170.563144405276
3.76126801524788 5.25162903012986 15.2211329563925 39.3821981073907 108.900836496261 192.59597193125
1.31847283874275 0.295007678046712 5.54389697555902 21.914336700465 87.0418694247261 167.963524614089
7.67952669018923 10.0652190322419 22.3725285078211 49.3706669980629 121.185523925304 205.625245434866
3.45988029630907 4.8542457671461 14.6089262093357 38.4103346602052 107.823298959046 191.343582239408
1.29527583639117 1.56345225855536 9.19372385035807 29.3807287608096 97.3009076277895 179.151593238212
4.26850461268771 5.79743221025013 16.3918327274575 40.8656831321942 110.776849900919 194.557581846841
3.77852486604456 5.21155889360243 15.3618444594565 39.285712252731 109.117634902639 192.64652437082
2.78355327514983 3.91080255945737 13.1647336554859 36.1584887256337 105.096702573249 188.320407385629
9.19075310251427 12.0635308019248 24.7079253363193 52.6724535352407 125.279928088119 210.045657937657
1.04609601358247 0.927633126940309 7.64320265238322 26.9398612171314 93.2319038802524 175.299570739987
3.73292437981947 5.22080710765697 15.1730459213477 39.2682577744374 108.848648016107 192.483291553224
2.90313636049454 4.03930182681055 13.4945136181564 36.4225443450324 105.659875944931 188.85475071538
1.09274162500764 1.04998877774351 7.94833860196105 27.4577785161367 93.9613834103831 176.07692672522
2.30978974613059 3.2993457922188 12.0962424930486 34.2977614836416 103.510856321875 185.995646279489
7.54439009623357 10.1424103632076 21.994979573831 49.0368743538292 121.148256275786 205.388535215366
8.63033806547703 11.4899292454197 23.7809774416985 51.379554321523 124.225922687803 208.491165344517
3.03191203479201 4.17617350221209 13.8592240581387 37.0214453852763 106.20899134589 189.495848316534
1.73811030351879 0.364608987127792 4.90340311411166 20.2660588992485 84.7767843435527 165.207211981582
9.06486421537483 11.6626969000235 24.6726427170997 52.5609996424258 124.714328262348 209.579163541784
1.14234899434363 1.17522621195907 8.57124342523481 27.8954129549158 95.6390488062448 177.121794431841
3.80041360660117 5.34857188350941 15.3635569952392 39.3999624072405 109.432008979616 192.797759490836
5.05926531414615 6.93507241130881 17.7217839805316 43.0029832675668 113.373482982398 197.439287055261
1.37327725421675 1.70425719453823 9.42661726012648 29.785493631939 97.6088146067975 179.716238756013
1.1440750494862 0.350267865875097 5.90367729496523 23.1402460796855 88.1136236297347 169.607283689031
7.80293038668157 10.4685482125461 22.4177146836891 49.6051072348326 121.89300748613 206.147253627728
4.36132836197625 5.93905107352141 16.5343838855955 41.0464891913252 111.149037271235 194.875898030169
0.995816999215894 0.569778137453512 6.96125715203629 24.8531168354677 91.6857261075506 172.623697112193
3.43854484977743 4.79994486814119 14.5837063824783 38.456752662726 107.68887967728 191.264338674751
1.1598485571064 1.23842171303804 8.38244123873351 28.2635727468251 95.0112180523621 177.228626387689
4.55232240218941 6.28056624984645 16.7585429977872 41.6896273817199 111.640405657646 195.62678137362
9.0393991674508 11.613344748173 24.7186522945823 52.3543634263971 124.813090545936 209.590565583089
5.28610777259085 7.2115929890855 18.1271723823608 43.691349455783 114.048678511332 198.230439152905
5.89994237172168 7.98539246076718 19.2522449358625 45.1042866814624 116.046923756719 200.252056542677
3.95288663113896 5.39310549434448 15.7680646454658 39.9446914474404 109.673458946948 193.337588840552
10.8217988978786 13.892258311221 27.2879945811175 56.1678290164303 129.11901018874 214.384479122671
1.00900770583443 0.814106685341675 7.3007596134034 26.398033641904 92.4204702539423 174.407768790638
7.98246425192153 10.4651015476165 22.9904671062076 49.7022087364097 122.489860286106 206.569879260068
5.8279232008884 7.95089782135092 19.1903437601558 44.6356593485028 116.332796060102 199.982240811741
0.994359711689142 0.524604546167856 6.72071380501424 24.9165346660806 90.7376009751347 172.372244970586
6.98996667249422 9.43495955120879 21.0870485884717 47.7837957569627 119.524222241785 203.724068677457
1.18218858912095 0.402178781516087 5.74927132322318 23.0764832308111 87.8043891942825 169.354245656282
0.978453609662913 0.658976621450637 7.08290195320775 25.5738900987347 92.1536235140612 173.51349104919
8.78429330034523 11.3462981426261 24.3967196662349 51.5696858127195 124.558964294199 208.826254907405
7.51174995170522 10.0759933842611 21.9538915047882 48.986874756163 120.953571995246 205.292224791697
1.00682411897707 0.561750312628977 6.65355989496844 24.8881451405571 90.7923070786889 172.343073475326
2.31436097784257 3.2163707596449 12.1076380755664 34.5499759579844 102.914058436836 185.992343586274
1.57769814900738 0.291292371254537 5.0667654870675 20.6367431047171 85.7772683536022 165.974591824314
7.44913523961321 9.86200466415729 21.9092235726993 48.8613686412616 120.408252672309 205.058659176568
4.27777001998647 5.90498271811443 16.2765062240129 41.0703495207269 110.738911413051 194.610409438212
2.43207727273801 3.33647529715773 12.5469054185725 34.8635540087914 103.780326057522 186.641788902196
7.47848630048278 9.9684981138179 21.9266319949116 48.9446820881468 120.634726508315 205.174668575708
5.05529647751002 6.92341959050844 17.7040150009265 43.0472675606693 113.317059719557 197.426960110561
4.56797186082359 6.36599367306239 16.8678695123389 41.4402417958606 112.357732366155 195.67374298434
1.06740880253187 0.454575735886531 6.1438805641946 23.9320962817013 89.2973942863931 170.802179994208
7.26819988762539 9.62175204433591 21.6487953032379 48.4530989777525 120.042276091836 204.507109105443
4.3285329624434 6.06212822049973 16.4261087298222 40.778215199339 111.624694360502 194.805559089943
1.82096104864878 2.39575510827665 11.0266841580596 32.185547527855 100.743758159513 183.081482162895
1.17506970520477 0.36737127974303 5.69048310798644 22.8450670403246 88.0212212892148 169.159717888386
1.22843163452203 1.42696785264752 8.79724226629148 29.0522485675017 96.031732171624 178.324004086998
5.22784689255647 7.13192276108546 18.0227038490771 43.6057250825193 113.855424146644 198.021291448721
11.5873501616285 15.0154698779139 28.4886473410002 57.2245423883817 132.200665118873 216.262636429829
4.79353872237787 6.70612871560175 17.3113000794851 41.9294234322223 113.374525089084 196.483219303946
7.14388903442539 9.47450169582122 21.4363342775372 48.0668980113735 119.703694197615 204.128551221455
3.77270301822295 5.34711363814908 15.3212207757738 39.2260553239451 109.609791129886 192.68471085391
3.93502709357475 5.5844461106599 15.6467807649173 39.6337200673187 110.356351078244 193.317295365034
10.6489955552236 13.7397169404951 27.0205962622136 55.7350041751123 128.847416824193 213.943481169207
5.68165850281918 7.85047907831583 18.9543979067003 44.1048400391546 116.511119541445 199.459513314043
1.68745264512555 0.325838632153385 4.9550550094193 20.3534873322042 85.1836432343069 165.453240724253
5.37024635585663 7.31064486988562 18.2859069667852 43.9898303823705 114.323698681391 198.500400391397
1.75834474766105 0.342944750652248 4.86354230487327 20.1067607023211 84.8560771327974 165.03162210025
1.04214049156367 0.515432905169835 6.31424099055166 24.4438227917453 89.6557904846681 171.41969521921
1.88187059032964 0.440673771788573 4.79846465846467 19.9899964928443 84.2400609371018 164.695197945474
2.20939939954757 3.05806862643788 11.8396735910016 34.1110925803403 102.377823408527 185.400439765157
3.73151689661566 5.20107069070487 15.1708089758445 39.3719006469862 108.771288730893 192.505521513221
3.6688957535173 5.04133877568009 15.1557379668934 39.017346034836 108.612180862833 192.222210367348
1.88573030673755 0.437166420696836 4.73655162216085 19.9486540745344 84.2420007844184 164.614631789145
1.38919230256956 1.7830988398458 9.53037110384365 29.9396038643117 98.155180020196 179.967054371497
4.01991905371665 5.69532310594331 15.815668228975 39.8732466264338 110.647786751701 193.649326775562
13.2819807815105 16.7687573196134 31.1128170057255 60.728832211561 135.488363712494 220.482351914148
1.00256924715613 0.90812138580644 7.52827990862647 26.9204962466219 93.0571669414625 175.048433111332
1.81100785090598 2.45495420622996 10.7807503610045 32.3993678885861 100.298890276883 183.014241010675
1.00893644570517 0.718250112264018 7.15708428042144 25.8467702862935 92.0747670716825 173.800622099283
11.7645967721482 15.0659725058223 28.7591624139465 57.8681034977484 131.790689243539 216.801767949688
0.980203688059706 0.611855437561319 6.91368640990474 25.325626359159 91.561698044135 173.07669430862
1.63063600167175 0.376193894711784 4.94169852048123 20.7220007413897 85.2008598865586 165.821559048392
12.8537992766754 16.1409024247069 30.4803714842431 60.3642985212408 134.01010413717 219.434141700684
7.08901622415176 9.44163031910121 21.3017655952191 48.0008404666582 119.454560483619 203.981454274196
4.30424935718799 5.96621272283754 16.2917472321768 40.9512341653946 110.840406014521 194.700316458182
15.9669189277143 19.5600599417722 35.2701663549406 65.9806923069528 141.123082324909 226.76221896752
0.984534206742073 0.698084244387268 7.19551117570566 25.7768020614914 92.4368267517865 173.830265841113
12.9703179677114 16.3200757657499 30.6091461131466 60.4831034198318 134.285827904399 219.765648190618
1.371677750794 1.6972197748122 9.45867687593258 29.8227916299647 97.8351486750675 179.780148318981
1.01536042894535 0.866376743241883 7.65331121960825 26.5971123193514 93.6082718455731 175.093936964559
3.24807605976877 4.53717025855812 14.2313455850292 37.9253245018783 106.984290764376 190.507797189104
4.96037397796511 6.8791003534549 17.5810395233192 42.5346688529867 113.594839504805 197.087523931275
1.91263536687746 0.432090440616937 4.65876160837574 19.7739231114962 84.2007716601828 164.316592114746
1.20555476800226 0.312929469015998 5.80634506193849 22.521592306235 87.9805735279199 168.949255159542
5.58812716838721 7.58548336970777 18.7367904158652 44.1590310570245 115.288727564246 199.126953034858
1.4718795632794 0.353398838789586 5.13113597900911 21.3274944763485 85.9416869095282 166.771236127236
7.33315625473575 9.66101305883272 21.7905005285171 48.5507887496761 120.275467090283 204.602099451651
13.5655337720445 17.1249956523563 31.5766324661953 61.1599274611609 136.525907232554 221.060197875316
4.6511439461471 6.46641812882871 17.02193418883 41.6919636504602 112.450008595209 195.987629113457
1.01311181677663 0.835235317736092 7.56875608791921 26.4523600922334 93.3521975316243 174.866634552715
11.084273032889 14.435886759265 27.6983919116477 56.2621325948649 130.896417491163 215.014408683785
1.63405253654849 0.388839123042341 4.98811480002223 20.8073083515642 85.1370569503868 165.956115607947
0.983393559236553 0.741639009966899 7.05541879820408 26.0237746266906 91.7575965375993 173.689004638269
3.77260184224722 5.32590138555658 15.3136821710277 39.2738287484403 109.448019411675 192.678967764199
1.19272455224771 0.30602513819068 5.78987694244857 22.3811987641403 88.3275536349975 168.80675601208
3.5536722912041 4.9910040974508 14.8204750145079 38.6877249807808 108.270815699542 191.748917400049
1.67324203794612 0.306786585641283 4.94136363830106 20.3082606293257 85.3221471451092 165.424724791792
1.46055902221988 0.27437796328514 5.22183440386948 21.0218919973238 86.4493337385747 166.628829875805
1.23191056750072 0.296182366885842 5.68689896896487 22.1376996184028 88.0338510105099 168.421112197049
1.07566742230184 0.371939300802265 6.16400829376769 23.1785511626329 89.6754460324645 170.02661568367
0.990483754275655 0.528841270644043 6.77354688470919 24.4141128611164 91.5187773842362 171.892901669627
0.992912564538976 0.754171876547783 7.45549579185049 25.7035098042732 93.3581026553513 173.828276492098
1.07149882548941 1.0317749169817 8.18960739986818 27.0550898525188 95.0886815196217 175.837075385835
1.20910069462488 1.35307410154944 8.94751180266765 28.4005167686226 96.75859141476 177.760408107752
1.40629235139852 1.74976058910277 9.82340390424242 29.928976478923 98.6221628865358 179.890514111668
1.64774263872419 2.14373865843431 10.6067055745288 31.315973704953 100.067845764648 181.824449421318
1.91540136714831 2.5605152484145 11.3643040320647 32.6756014907179 101.47747712423 183.695473148919
2.23301474775305 3.05558016573227 12.1672975296748 34.1148478233518 103.138891880437 185.585966306081
2.59577041936451 3.58685807873117 12.9779516519185 35.5323714226496 104.743004078383 187.435431225459
3.09067670666578 4.27642747268515 14.0454049499999 37.2961474734325 106.74017271937 189.745665489165
3.68659465715191 5.05954160322164 15.2638331656521 39.1969281275416 108.868215962276 192.279384888121
4.31943108228424 5.86124656905992 16.5047742141653 41.0351697873118 110.982112341128 194.744941942813
4.93826004484028 6.65236981576979 17.6823899613489 42.7196779390199 113.131890281523 196.950309919697
5.54738808078198 7.45341211946813 18.7893020440459 44.2989711052499 115.347449199918 198.936560380839
6.29865444057449 8.41592726093103 20.1476282154703 46.2372772072968 117.904165058642 201.367964684654
7.01244434169497 9.27517906673529 21.3292186101096 47.900649525591 119.768296247126 203.552481104349
7.90423666734176 10.3223485531904 22.7981413104357 49.9516503707999 121.983327181541 206.222549261754
8.94674308323774 11.5250431269925 24.4855321849538 52.2992973240172 124.437629598979 209.241967940918
10.0565788450024 12.8200398882552 26.2344545965152 54.7201175576544 127.144969749783 212.266423898909
11.177368487329 14.1385014887272 27.9706543168631 57.0866095277113 129.926595806773 215.19389357523
12.2412357254948 15.3990252409996 29.5908889540772 59.2441711170508 132.558617091085 217.904110315717
13.0462361288165 16.3582864089853 30.7753610565755 60.7390659003857 134.478497486476 219.890068961269
14.1851737931677 17.6706616326622 32.4805392730619 62.8694201857587 137.219475478678 222.613610525612
15.2389963168767 18.8259878646476 34.0851455740961 64.815378742731 139.618648228442 225.058736749363
16.1463878864382 19.7625237765484 35.4996870703381 66.49330886393 141.503024472099 227.151112164957
16.502336117919 20.0990074322696 36.0774372026516 67.1079530496849 142.121948450872 227.993450776146
16.414060750748 20.0050842882352 35.9636873456448 66.870524879052 141.974362173178 227.785233768155
15.634579630049 19.2352020761581 34.7687076556351 65.289338286315 140.601273229414 225.931820411674
14.5125684868817 18.1058534281489 33.0449657990687 63.0339138611085 138.500587820535 223.269194094043
13.3308929544808 16.8855615178447 31.2135783581871 60.6836625026051 136.081116449309 220.483744953854
12.0475699686716 15.5231652724774 29.2096377367449 58.1242692275319 133.297839898609 217.37955631475
11.0525917477885 14.4125504767195 27.6485133227497 56.1845226903606 130.883682479656 214.933954340706
10.042819436201 13.2114278190252 26.0588432178357 54.2358955297134 128.175062314626 212.306225446428
8.93376518204726 11.8703459153785 24.2747082584878 52.0005656826394 125.121590783957 209.322420466831
7.94513400066842 10.6499305595243 22.6500870028629 49.9179326387842 122.311668795401 206.56591481004
7.13489397541389 9.63223347625926 21.3216443838543 48.1225354512017 119.997516406544 204.175690120017
6.40623682726171 8.7181619375061 20.1017885390347 46.3696212914469 117.922252727926 201.901941014703
5.63742009538788 7.76292872224414 18.7773707098372 44.3903837344914 115.725061339378 199.40611180724
4.92967396082371 6.86897045975442 17.5178121072197 42.4769329583216 113.615342516264 197.010386337563
4.37456174935846 6.1418075229678 16.5079599072788 40.9169024664305 111.855455266429 194.995256783679
3.84105834072308 5.44443411556344 15.4966896150787 39.385184577322 110.137620299131 192.912422980426
3.37197712127018 4.81098795770241 14.5420919041613 37.951935457717 108.442421114749 190.92966490883
2.85318692031513 4.09002766729661 13.4043543640798 36.2233534461457 106.319193853398 188.582915907487
2.34546124873684 3.35463175003795 12.2269941429556 34.398426701337 103.977752006149 186.155293605017
1.98341482493831 2.79005441234371 11.3339791797864 32.9764716198076 102.032566034292 184.237210267
1.69443695639735 2.32379391905329 10.5721274829434 31.720525506661 100.407902575476 182.439228576723
1.44267479804423 1.89051032751325 9.7990827890202 30.4247127968523 98.7992148075841 180.598227160115
1.24844557602796 1.5092141792838 9.06405192412466 29.176055501353 97.1766992930507 178.817151474287
1.09294590728679 1.14778754836156 8.30867840995012 27.8719675717857 95.3800610874775 176.8879412689
0.999604495332399 0.774382540982306 7.39798368489832 26.2500987490979 92.8506522280262 174.394733862266
0.989166136101316 0.503340612306871 6.53393287303727 24.706405139244 90.3404588326526 171.890013733428
1.00052623706002 0.484699365682699 6.32640987189283 24.4437529251174 89.7617743128464 171.340189169102
0.971128028808427 0.646329579132971 6.77691445855161 25.4694710254858 91.0644335803945 172.79757421368
0.988075702840504 0.857825687241747 7.37785243072566 26.6437429376816 92.610755464662 174.558385397648
1.03722324131326 1.07442225825061 7.92733133646672 27.6751921813081 94.1440242172 176.071254170611
1.12779250897396 1.35100971575846 8.58018476281261 28.8640715080562 95.8955324188978 177.778406323767
1.30499877237737 1.6679869424205 9.2581556268834 29.9695583551266 97.3632101208539 179.430578019955
1.57787493818384 2.11790278404166 10.1476959737659 31.4163465577214 99.1756648262666 181.542926496636
1.9355301055912 2.66417418347953 11.1520454920574 33.0280718576676 101.108754302394 183.853573683135
2.34902566016921 3.27479044002085 12.2086291414008 34.7246299084164 103.139346835515 186.215799356275
2.79096752549585 3.90857035027062 13.2518779360634 36.3891242218776 105.137665138612 188.468040131405
3.24725189535754 4.53677756295343 14.2370018387992 37.9354797395371 106.993781240988 190.515184995077
3.74927117071754 5.21378347736143 15.25786547104 39.5237474901369 108.92129005041 192.575633883838
4.25916418028349 5.88058304074439 16.2453939435719 41.023264675424 110.688380845856 194.535506080516
4.85109761573132 6.64918762158332 17.356290977381 42.6814358134282 112.709745395657 196.679076380501
5.51069864418497 7.49015459989009 18.5610954296053 44.4200540546906 114.870903183687 198.944029833018
6.25577378074312 8.40976001858012 19.8817376457107 46.215873711529 117.134141646481 201.342759164981
7.05292605888027 9.37357578208432 21.2805573143632 48.0563920233656 119.476052208256 203.83586467899
7.95746842818249 10.4214980648168 22.8382071174298 50.0586841886643 121.996019331564 206.49380452824
8.90041903963645 11.4736784886489 24.4622015958028 52.1237390167049 124.485237810789 209.17854113746
9.43501625007925 12.0431031904179 25.4017562998507 53.2470146707914 125.815474571445 210.655805657178
9.52236430744367 12.1393548961887 25.5884489734763 53.3841559519542 126.142531369308 210.87803969017
9.33389268001597 11.9411557290822 25.3127749138417 52.8892453220212 125.835035582008 210.343057614959
8.80926807216726 11.3751369692572 24.4439423831215 51.6265646132716 124.641682574687 208.890935961871
8.10884723555611 10.6295210490317 23.2446176183153 49.9542810351273 123.067618894871 206.889883592502
7.31109994428243 9.75695710141181 21.8516187425122 48.0255510341041 121.14895353446 204.5202400331
6.49129773126846 8.81453065171096 20.4005321042589 46.0442951022637 118.932096398058 201.976553102705
5.73712044849292 7.92317037402753 19.0550930766348 44.2297036125318 116.730124368279 199.623204373822
4.98559749594089 6.9770619081714 17.6760707543192 42.3739021423853 114.228090302226 197.125925494337
4.28562609024306 6.05837095824388 16.3408321312069 40.5755677302282 111.692825846515 194.653291327101
3.7178211073631 5.29157493543873 15.2137870422318 39.0375591296961 109.540519449249 192.469253668872
3.21706629822567 4.6058249637368 14.1706556529449 37.5264209057513 107.601510093417 190.322816705859
2.68437661057206 3.87697368001272 13.0173492787084 35.7791424186434 105.513561047314 187.948908435059
2.31605426744536 3.33260717312764 12.1264369901846 34.3488229794481 103.75023091826 186.070925657216
1.98573173711781 2.82383028182708 11.3019540741591 32.9655470829486 102.054746502732 184.184371244672
1.67419113227515 2.32110053822438 10.4598259876089 31.5377800412078 100.32352797595 182.200263600918
1.41678405738317 1.8594763805365 9.66182644528594 30.1687963858851 98.5613426304322 180.294653038233
1.21132028180354 1.4427631028252 8.89501396026642 28.8234862106196 96.7747281491387 178.368380390014
1.08648833651775 1.11019788983648 8.20731619615098 27.5911894309051 95.0484957275599 176.559424180592
0.996910409658838 0.806440879917427 7.50757052613426 26.3296421198728 93.2781313137402 174.694427549899
0.968811332805626 0.601523391095261 6.92002081673601 25.2626738610512 91.792197042843 173.036460100062
0.988482616635081 0.462801515217413 6.41304234368897 24.3066085708259 90.4634241844034 171.513041468951
1.06837561563518 0.376332034980093 5.95509956150605 23.3828979416458 89.1619691329128 170.060233112183
1.19054787593277 0.32177069041274 5.5231278637799 22.4202283555971 87.8464611110213 168.524275023533
1.35960384734975 0.315083947377632 5.17678714032809 21.5390733015127 86.6093846825251 167.098757810121
1.59237846285874 0.349439964704235 4.88461306166442 20.650638139761 85.4068157404576 165.673658316621
1.85247282533071 0.411020760932328 4.67481147270145 19.8892723878333 84.4037270315277 164.484072176491
2.06197356051747 0.475621110878692 4.56096047487676 19.3720663341935 83.7553113489199 163.677825109797
2.2368736582466 0.531038526960495 4.47222556997713 18.9419956970508 83.2874413050521 163.003468306498
2.26904024997829 0.542378131763154 4.45895536136244 18.8430910131578 83.2370246332092 162.841072138822
2.21036239614578 0.522729332142692 4.47543649005759 18.9061458682287 83.4002017855409 162.919503593656
2.09612428885019 0.476402781245875 4.52043268671762 19.0888216309154 83.6961654897929 163.201293730013
1.96688776971633 0.417048843092144 4.62268496832832 19.4168917113029 84.1131338578672 163.78838290259
1.83664726661967 0.358737590864238 4.76238230327918 19.8193677109997 84.6107800739162 164.547887183542
