9.53562332660798 12.4590576326692 25.1232263888644 53.7811127412313 125.667047009276 211.029394245377
9.04752131176054 11.8926813146774 24.3665324014291 52.5956924017273 124.70987200084 209.659520451111
4.65369467870584 6.4639415619123 17.0247612914307 41.836408537664 112.543774576443 195.956527188143
3.42068332685059 4.8099339538442 14.6064498287129 38.2847531543228 108.013005447607 191.194896524211
7.97279110097941 10.3976547100773 23.1352537735931 49.5264849973511 122.740218054618 206.561496885138
11.5119694423696 14.6782913590716 28.4714692922435 57.376599608801 131.09960822776 216.183007427854
1.0067334292278 0.86611072507853 7.51172842567593 26.5797622073318 93.1588665805058 174.860561458281
4.82366819230373 6.70196600767493 17.1304735995584 42.615377877042 112.387750791461 196.642947667078
3.73380394905551 5.22482352605101 15.2798993711422 39.174598927004 109.359426576333 192.429013584334
1.1320440773321 0.455850801124546 5.61254009409011 23.3133215428672 88.0453457567016 169.505423780671
11.3128149763761 14.5142848373267 27.9163902921004 57.4308543581679 130.050609385795 215.70431607395
1.5474961627937 0.375712738649232 4.97288333658049 21.3008541747211 85.0869626528116 166.440996698469
2.46285427741219 3.44443992994873 12.4923534086181 35.0175632932492 103.802104983866 186.819934283632
9.1026549901936 11.8233739444139 24.7962123686834 52.2597346381939 125.525114326792 209.713216073229
1.89403267411811 0.440294220036224 4.79157589099113 19.9890207367187 84.0059236514682 164.692152460753
4.23014193661884 5.88864264825835 16.2145526464262 40.6543557110747 110.960159654073 194.41254153822
0.992025365372538 0.604060351408214 6.93227757296129 25.7128429530033 91.1475996617012 173.380619881903
9.04489222469997 11.7307059755215 24.6959914117551 52.0945670293941 125.147070261373 209.637186021612
1.09478793637623 0.433304620121192 5.77402276942109 23.7997107421878 88.2265600230307 170.114458891759
1.6403998659123 0.367120264007714 4.87717231472688 21.0242914388206 84.5168113851441 165.924383987761
5.65222002995424 7.67171836283133 18.8176580795468 44.5689692280964 115.198754454824 199.457603113304
4.83694591333304 6.63251801745663 17.5032298363175 42.0852097751889 113.615853823596 196.49610194113
1.83043990428684 2.38947689182353 10.898783999153 32.4252988362275 100.117702489452 183.29135462168
6.99922676278706 9.39439744820809 21.1781270679388 47.7373435225119 119.649660745727 203.661225128457
4.46249423682873 6.1188013254898 16.7247354840728 41.1989754935085 111.726730892736 195.309910032911
4.5019413070905 6.22233688049684 16.7759160001161 41.3495882083744 111.982748036122 195.432838541566
10.9414065571551 13.9932544197904 27.7454612230727 55.9093436292962 130.489715103983 214.517201418438
8.29987832387693 10.7683098535892 23.6443042102815 50.3220115961168 123.404695935196 207.545327788982
1.26205723051786 1.42333542164296 8.94895445368451 29.3025459966638 96.0289786284727 178.713218544961
2.09688759533337 2.88907542062946 11.7231576948666 33.3861833788867 102.461883128039 184.81431886593
4.13448530708394 5.80276508602472 15.8598394909368 40.6738042552664 110.109901109213 194.133559010928
2.33695260413575 3.27055219060118 12.2631182972259 34.317551402707 103.652335688299 186.11482252558
1.24017410035292 1.38808275590672 8.80047268577838 29.2242000575975 95.6277732761349 178.506208858308
3.03799988313039 4.2501505464667 13.6698616453293 37.2892526357101 105.755439166446 189.586591581166
1.01768950442723 0.35750380903857 6.58421370853291 23.8264578963247 90.389710853917 171.247936586371
1.81111920758799 2.46818108677885 10.7790263560886 32.3756232083745 100.477143382816 183.04954855899
1.44209656531483 0.363287631028228 5.10382353903647 21.6927461927608 85.6869869304635 167.043408565925
3.19048020061038 4.49060352576745 13.9893608047452 37.8064186016503 106.480047785409 190.290890488228
5.59548962552705 7.57918442695334 18.7215904256281 44.4787200008235 114.945956958853 199.302279679198
1.16966411322796 0.270708803180446 5.90009112744708 22.3267639188468 88.4971804042309 168.939568819304
2.09432096841238 0.508068809719469 4.69624022544981 19.2973915631525 83.655442737411 163.726743496568
0.996696826084487 0.732682123038243 7.13575433455632 26.0786146568592 91.9867667280371 173.956325122483
2.14347917030597 2.99316796801386 11.6922107646432 33.7395396338383 102.306518055322 185.108310346195
1.4328820306447 1.84022452079337 9.68037849052198 30.307366549133 98.3141088871545 180.307662205186
1.01789248761964 0.841050595054381 7.58698175232688 26.5579415463352 93.1900327824309 174.919740753576
2.44492540453815 3.39434697748117 12.423319068 35.0004007986311 103.505011899429 186.752558883078
2.2573555107595 3.12583523587838 11.8917508080981 34.4699905352555 102.296222153254 185.783172656658
1.4631378534843 1.87179741981169 9.75985852409345 30.4634822814319 98.3297943837289 180.556240508149
2.78219421548007 3.91340871250001 13.2207201570795 36.2298053719375 105.230014604438 188.434388086921
1.85481823372122 0.404634882268024 4.84244732467955 19.6850802248685 84.8137143856404 164.501244738037
1.24617072157134 0.353721219510457 5.42909578967303 22.6455194953364 86.8831382693076 168.53548882692
0.996076484292449 0.864439748817294 7.36480301775011 26.3590356693241 93.0983394269571 174.468989179515
4.88484973382143 6.77830665225234 17.4344833627744 42.4336768192899 113.365228542897 196.798866660192
8.71996671550772 11.4963146017805 23.7907116379517 52.0841890416142 123.515294255619 208.798123897705
1.40822075387795 1.79131698874858 9.5398081898102 30.1704767082985 97.9664486315238 180.073914728486
1.0881201403143 0.985315089058337 8.81588366743803 26.8606408843685 96.6759415197912 176.512627636134
10.2463872624408 13.2845094512493 26.364510225648 55.0101682770919 127.978531872961 212.839334915507
0.992128868496542 0.656203919352798 6.87887798980353 25.7119682277185 91.2640348820537 173.341477345126
1.50430080302726 1.7547931492046 10.1438512670532 30.4518205096723 98.5506925185428 180.935892562821
4.52841198351459 6.24960136163369 16.8731039719138 41.3528695951894 112.176324708765 195.521241409327
2.4636093911364 3.45623976419126 12.509403391081 35.0280167742855 103.911115774181 186.806662757546
1.7980469592309 0.433822660393369 4.79301140554473 20.1791603612792 84.5472941762862 164.97398260011
1.08562140403863 0.488981304135556 5.75468081826453 23.5757117644611 88.6736593531168 169.935100084073
0.990775418108972 0.665506721961552 6.91304655128265 25.748184659932 91.3763811233755 173.387984832975
8.38027260281927 10.9954799182941 23.4744085533954 50.9123135335325 123.044672451626 207.858955124245
1.07425695733139 0.412596351899124 6.06095688623681 23.4545655781652 89.2719346662464 170.273246635422
11.8442577980975 15.1717088146527 28.7408035109553 58.3193696238773 131.62559307233 217.025140980357
1.48114241246799 0.320754162217394 5.18957672551444 21.3828929826755 85.6746391446419 166.85507458798
3.33700791169732 4.67316396511711 14.3892101724397 38.1018107374692 107.396260521914 190.856672453472
7.12300722037095 9.42799682864133 21.779678154617 47.3530448748257 120.974958189338 203.945651760627
0.990393137564157 0.589791583102093 6.72277361929659 25.1227420693721 91.0127198952648 172.572240381691
0.989568003736405 0.651685178709368 6.70359465640103 25.4398726210009 91.0151377762567 172.854729437622
2.16656192686317 3.06629105504366 11.7876255028422 33.7314707597065 102.90483196766 185.148953108715
7.32652824445665 9.79283671731386 21.7459036127011 48.4924846023818 120.632478348812 204.626695960399
5.76597460820552 7.82016091579083 18.9512887923826 45.0042397353378 115.350222737878 199.866259043132
1.92420512970921 2.66643514349473 11.1290814936981 32.8617936592901 101.264404433894 183.812826948434
2.62279222028665 3.66883853333563 12.7947879667263 35.7825565270807 104.151954416325 187.658945748528
1.08892842510425 0.398206355404937 5.96067492762517 23.146714600576 89.1990748791364 169.819546181958
1.01784073528227 0.960167707233038 7.84294354199879 26.7065720332755 94.1938981699013 175.276507781592
9.71790276052478 12.4760438976 25.8830162684063 53.4966866846933 127.191448015588 211.328330489742
14.0888390715627 17.7180481342506 32.2921271590718 62.4101177060269 137.389150165155 222.380191172697
1.46232467935682 1.8722073282426 9.71423398965196 30.4620128411345 98.248446478713 180.512481813369
1.36542603835088 0.355304583012193 5.23514756555946 21.6833815184562 86.5784619288872 167.312292902233
1.31178093096886 1.64187088996555 9.20237584347069 29.6263119786305 97.3892507496085 179.203677724078
2.27491682936591 0.589381060760347 4.65019669308256 18.5760830073022 83.7204789948315 162.813872088089
1.33813978745815 0.384327454976993 5.18892791605033 22.2546070326606 86.1842082850997 167.777524120209
1.41685583270831 1.78497147097577 9.67324941537763 30.0864117723673 98.2968473913273 180.162904495797
6.4316417646672 8.7599154198143 20.0930292323337 46.5055582878934 117.955913256618 201.924094381444
2.37211806440366 0.597426250133288 4.64816851247232 18.4605064009289 83.248060095258 162.635914530169
2.31109443082285 3.27124949952966 12.2181005376569 34.1831472537094 103.919350532938 185.928713529165
2.05495836955469 2.78940699336571 11.4237923938554 33.5385216963573 101.327579177466 184.638553569751
1.32193207334725 0.35031978729141 5.32384807196675 21.8265000292082 86.9227761120409 167.615489576218
1.00367001676279 0.872602548377409 7.47493715849192 26.693923657848 93.0458251346901 174.891245091477
1.8915206280105 2.47473507953343 11.5833256397225 31.9687183844716 102.52651098874 183.446222832983
1.09571939311382 0.383939069466556 5.92867389897786 23.7373334885963 88.4218932825015 170.253149343339
2.10066048646459 2.91599958533868 11.5626333524984 33.6611890580196 101.907072454389 184.887736847382
1.95152668896222 0.481164598131875 4.74637969553527 19.576894818513 84.2375749553583 164.149613873096
1.6929749820767 2.24540155708285 10.5462507943174 31.5983019904396 99.9726700648079 182.223697936468
1.43089122238644 0.360307787667057 5.12310936764773 21.7705355867217 85.7539247617972 167.170139583941
1.03071467680088 0.816254991098278 7.65403479514817 26.8051913988695 92.9818898652319 175.193518688821
3.01449822491086 4.24882492841339 13.750543905333 36.9799877346987 106.335275500341 189.43137877295
1.16916572701882 1.30990349747888 8.66395975805158 28.4905740091724 96.0232240884973 177.716318781133
13.8074059852175 17.3923858268324 31.8496799128617 61.9141887577649 136.597762343824 221.755558600674
2.01839716092568 2.82938554157337 11.4104693852873 33.1377268324891 102.021886134924 184.37672294087
11.9287195633591 15.2371795610337 28.849801655138 58.6473448796931 131.515055898278 217.28665169981
8.45831014470152 11.1809282285154 23.4267099634875 51.373694642855 122.974802388513 208.041629971716
1.0399566048939 0.481733085537843 6.16383446344207 24.4066530736062 89.313647195451 171.227058933592
1.07925213935598 1.08380567254781 8.11248351216026 27.5027863407452 94.7203958039218 176.334019613111
2.07540417817542 2.92614631112605 11.5624931253566 33.350351931172 102.434335550886 184.666627644363
3.33706113691136 4.69345626833691 14.3509291723276 38.0945561935387 107.392934433137 190.870232429063
7.65713254770196 10.2635834428131 22.1446925204474 49.3983622594682 121.258387761906 205.709918922422
1.25280755075013 0.348175211642421 5.45726353037638 22.0300766862988 87.5341895480847 168.028964742169
1.42266376658284 1.7590643407225 9.65482253233497 30.2091776772056 97.8699089103705 180.25370632285
3.83878637435513 5.32003571247928 15.4843578016741 39.4893952903615 109.388658147703 192.983988893015
14.7171804935376 18.394206251173 33.2582079794979 63.5300459300962 138.702707440909 223.947936958033
7.5800506833004 10.0829682547467 22.1392375489861 49.1048922256832 121.135490883293 205.438629985275
1.65550666055299 0.386789565894744 4.88373772966495 20.8192941237451 84.7390510942086 165.784178850703
1.00969195056867 0.549089390713444 6.23903971387944 24.3114464112195 90.056991847071 171.248603093447
16.6080585191769 20.3919353565211 36.2578655641662 66.7876639656549 143.234524522003 228.202836560645
2.84431638752799 4.00682055485444 13.3165826968739 36.3833247534685 105.455897738497 188.614485303991
7.69310358791058 10.2498692752287 22.1720984106993 49.6811915039049 120.910087764384 205.833886627283
4.29025339963125 5.92706662601218 16.4024040129353 40.7270298037175 111.266701741154 194.64127329491
1.00114854747257 0.574864231945247 6.58246206312432 25.2268620376616 90.3667584725061 172.482898918368
8.45177928260865 11.172823782641 23.3669029120551 51.4611550755566 122.861454275974 208.026665873004
3.6924967520214 5.17155996439394 15.2046765336261 38.9800307729795 109.404435804136 192.196009667836
7.97352954314461 10.6508873368631 22.6664741153261 50.1011638195719 122.146901425824 206.619575347529
2.37118737488879 3.29319682648477 12.4233326220736 34.4660864937226 103.951065638534 186.295433051442
5.06295977511675 6.8597288798417 17.988634073005 42.6530084684712 114.217020622305 197.311600436107
16.8593107931606 20.6225316223237 36.6905537728905 67.2113505595351 143.73361949986 228.785846551115
5.69830724297038 7.81226272119605 18.8897843624963 44.5932248873793 115.919833705012 199.477745478775
5.3855724328203 7.39843509177123 18.3438415495748 43.8441099895293 114.741626457732 198.546311753861
12.9731818396427 16.4226098556273 30.5041970891434 60.5414487113424 134.111102031009 219.884586526536
9.37645182848475 12.0908733717562 25.2876948217083 52.7875124359867 126.155723340663 210.516399034145
6.60985743967941 8.96048343046341 20.389822983837 46.9774779934544 118.295081432588 202.519033811831
1.75860761684614 2.35930168190691 10.6600898837312 32.0065330898783 100.134692644183 182.71777245286
4.11198875459801 5.67488632265497 16.0774925809995 40.2212096939923 110.559866444312 194.007419525996
1.05615288870037 0.489793175241439 5.99904268770731 23.9539666573387 89.1377861215627 170.627958600281
3.7488593710767 5.27965721782235 15.0819595304746 39.5830563094227 108.628715965433 192.602768313903
1.28971965028676 0.302063786394291 5.46320138012208 22.2849212084992 86.6998511511076 168.158080342815
7.70827880919677 10.1552691753441 22.5258966635082 49.092282183488 121.968747723712 205.716860459084
3.45812092558065 4.87071508399802 14.5115454153485 38.6673773516144 107.522497916398 191.402323442643
1.27519182043435 1.53888321572168 9.12029049389502 29.2781915046279 97.0170476025656 178.923511037847
4.35119427551419 5.97216666697094 16.5424381622546 40.8980573147546 111.387449504157 194.88860813808
3.75198324673195 5.2016303066121 15.2379302841618 39.4055568015959 108.741993284234 192.669781107018
2.74479489994958 3.85104701574631 13.0609521650485 36.2379925647201 104.724207530274 188.2717283631
9.25036586224908 12.1241959570977 24.6775061494087 53.1443788377154 124.980958541571 210.242065007299
1.03149196319985 0.915064630351001 7.54812886974727 27.112196456932 92.8993526846709 175.333123629072
3.73938677277073 5.26771298065785 15.0590302135144 39.5606021599039 108.598271309428 192.552993625547
2.89436832526059 4.0507015906191 13.3472076750457 36.8277756874234 105.108747447248 188.945384813192
1.07812464635495 1.04040779120182 7.86292692717754 27.6412347613616 93.6740891642154 176.12785423383
2.2936786488536 3.17936147119893 12.1666886676254 34.203291640862 103.211134754163 185.924644897093
7.44716875479284 10.004464152026 21.7987242686882 48.9375103351248 120.68072884481 205.077412851548
8.51527378270474 11.3205048639792 23.5696921006628 51.2564264071178 123.825321590525 208.097866196206
3.02733483356204 4.28002275225068 13.7598760729391 37.0301068386717 106.469273502272 189.487164602207
1.71971959168306 0.407399221337851 4.87417866097562 20.3722663629013 84.8188627337691 165.271956633638
9.30452876858399 12.0062469103741 25.2412650977388 52.5182702961783 126.266720628726 210.212229834683
1.13250017486424 1.01241710451359 8.80588996829493 27.5744696590446 95.7678267677759 177.203362137579
3.83355137380838 5.38923754937207 15.3481927092026 39.6747937372296 109.307620750764 192.90286187657
5.04909453826712 6.98335005744026 17.5398735782417 43.2876873760914 113.016006148033 197.456013543011
1.37280715769161 1.64500099206844 9.42463854030566 29.9832326142707 97.1650345363277 179.801393902764
1.12755641903496 0.460853624460006 5.63324216059461 23.507415488258 88.0114951511478 169.676124418152
7.68420277982243 10.2967098643188 22.1890953879712 49.4587082821798 121.33246131492 205.789214162082
4.36446975659795 5.99204879362882 16.5197835096793 40.9606642340242 111.300846189131 194.963150576915
0.974868248455549 0.462943019241204 7.12534251771914 24.5892138084923 91.9893515145952 172.611832229543
3.4284651230501 4.82147179934215 14.5525476430699 38.3646445454309 107.817292037131 191.251117997139
1.15051449928151 1.23307346197727 8.32317445357789 28.3767121223648 94.8496487697415 177.278381763915
4.53415022370642 6.33195198856533 16.5809781487969 41.8573672405578 111.389668844608 195.610320810619
9.08137819801619 11.7735166140387 24.7549861415618 52.2105345625906 125.27280408678 209.75353563907
5.28203073552579 7.28003811185848 17.9939540040182 43.777722026454 113.937583093318 198.249133282792
5.86367868224569 7.99327380437114 19.0334687696462 45.3299949061357 115.601175318737 200.200130694672
4.00714464883165 5.55888016100878 15.8421702873953 39.9579889582489 110.266310822514 193.539288823697
10.7931717918743 13.9570402563614 27.0465438788586 56.4036916123174 128.797508195266 214.371935660197
1.00165712436813 0.798297455007744 7.25371099400418 26.4166512670252 92.3069062823406 174.385948883587
7.89866932432046 10.3003962223179 22.9282178735867 49.5133527706857 122.065399219513 206.478501407053
5.78017478606541 7.79820925678958 19.0976782674985 44.8637996019258 115.63572494276 199.921168221997
0.989173523436985 0.639105593581948 6.52299863849714 25.1391931696503 90.7330834308789 172.353380050727
6.94772087611973 9.38346232500766 20.9643418177939 47.7948287296634 119.275262861815 203.559810895674
1.15255470929118 0.400799290666256 5.61111712198608 23.3054711276913 87.6632459232782 169.45918704543
0.98046222948439 0.65705170683038 7.0024152827288 25.4673244638479 91.9908714583897 173.257257386401
8.98939288195503 11.5832194674647 24.8158764737947 51.7881746124175 125.587526684725 209.321252648687
7.48945001227417 10.0287771631146 21.8649881238174 49.1044310694056 120.598380676689 205.220006548956
1.00067923224888 0.56695104985894 6.62077333012235 25.0814760519283 90.4948468443076 172.428233829431
2.32423483885921 3.24711127550977 12.1759430632188 34.486558679672 103.242494000007 186.08194479241
1.62543384888545 0.321155048066913 5.08833714004531 20.3605878763351 85.6589217627348 165.674620048968
7.45214781883758 9.89695316877626 21.8128961406165 49.116585821702 120.123304050921 205.145870800367
4.37178544713723 6.07865526668377 16.5248099507472 41.0220191836961 111.633422814835 194.895393278009
2.44679087106957 3.41629172205225 12.5708855429176 34.804048019876 104.226166469439 186.700417638013
7.52269233229189 10.0394354133886 21.8869878100603 49.2955735774053 120.435135275648 205.325691331682
5.04211604680609 6.97897732229699 17.532349632266 43.2142600388387 113.08024532619 197.420065650224
4.53189880643996 6.23106961025714 16.8443658607165 41.4230487054325 111.930235202658 195.563984934563
1.0535652475598 0.439914299325398 6.09540541228686 24.142593302711 88.9405359455972 170.872746873403
7.25489667378293 9.6915652979623 21.5794555098647 48.3945562713956 120.136527591328 204.510540238959
4.27932888082941 5.92566685213827 16.3773784587069 40.6955284690137 111.326993047425 194.566142785285
1.8530503069558 2.36337989394417 11.2527510928723 32.0308448795784 101.223099435882 183.327363588026
1.17864357393984 0.367299299425206 5.68441967146285 22.8891775992638 87.7977946354862 169.18365341266
1.22559641232171 1.43613372725157 8.77881625793093 29.038167637923 96.1323180483642 178.342204384004
5.25056142250694 7.24141600374959 18.0203198279907 43.5601817676624 114.125874748792 198.111250131913
11.3668162565851 14.5368397220789 28.4218999203181 56.6688017242445 131.637831983642 215.694188946208
4.73362763052253 6.50252260763887 17.2614765728404 41.9310966437663 112.805843554258 196.268970346894
7.03860510540458 9.41379221558253 21.1571628810906 48.0061759737621 119.209017563316 203.926402154435
3.73526724195484 5.26043983210166 15.236860417886 39.1825401291574 109.317157771398 192.480577818723
3.83671373488384 5.39455045371917 15.4811566714867 39.3949004874229 109.861409485631 192.883016510389
10.667375592888 13.7873747537141 26.8764526572425 56.1753020008159 128.436709992208 214.037473603827
5.5074629343257 7.50371228592513 18.8337455213333 43.5995624708305 116.082167082344 198.84730890145
1.7286847778252 0.367150066540317 4.96881391816863 20.2454362069268 84.9821749071878 165.340754581226
5.41253192572332 7.44820039063887 18.3420131346495 43.9304700819332 114.794195267983 198.6155295124
1.80577594326302 0.396520731855621 4.88263382325384 19.9403244004634 84.768188106068 164.853931638553
1.03178643742817 0.497783785867713 6.23018749571821 24.5031320132932 89.5325679507183 171.417207238749
1.85704853824501 0.43124715930139 4.80383377453345 20.1083308666946 84.1016053936612 164.845167580262
2.21592529863952 3.07578980742641 11.9026888176519 34.0492260838063 102.63831301439 185.515281932713
3.70161305190693 5.20241241141407 15.0569321637402 39.3298368315333 108.628646786112 192.445789166984
3.64373999898022 5.0671053085028 14.9936322281461 39.1052085096222 108.340741309855 192.221535047969
1.89479275821196 0.445299272486502 4.76279087581878 19.9646426140333 84.0356817737201 164.635740448928
1.3523670986045 1.68883905542045 9.46402054922046 29.6984065309474 98.0319218899562 179.607399442259
3.93350162505343 5.50918885695486 15.6743202938091 39.6962273522907 110.096225166144 193.294286131962
13.1696984692296 16.5451860062132 31.0368110463105 60.5950948872278 134.902748974306 220.364150874563
1.01210766554479 0.924576668700665 7.68827911006619 26.7316232564056 93.7642269231135 175.163891325576
1.81573381285756 2.48845960093032 10.8760328416448 32.3032253937735 100.84562671479 183.080845489822
1.00336410415162 0.726493859174247 7.10705505361426 26.088828276497 91.7761476246526 173.900492416843
11.728316858528 14.9589679303876 28.6334635477727 58.1666586775137 131.129177306356 216.774660526017
0.984484629121394 0.629185990286489 6.8804005192275 25.4737204714914 91.341843645021 173.110043788264
1.62969178038387 0.397770033102154 4.90905584379314 20.7582495070458 85.1476039146148 165.78544538777
13.1053993918611 16.5756225980493 30.9103758189892 60.393422250613 135.517274489737 219.909749349428
7.11526469667298 9.47967126827057 21.2513730903874 48.3454873163536 119.141534790984 204.141188636233
4.30179817781091 6.02332012919606 16.1378463660165 41.2212586055156 110.561754815516 194.744568771171
16.1460338932233 19.8622366243175 35.6221596162544 65.8505974270674 142.231229388727 227.221981373205
0.986734232152214 0.691270871860917 7.12375073182816 25.6879623748559 92.2218948551446 173.613013606689
12.9794797600994 16.4456706072492 30.558449581863 60.397520646174 134.45380475401 219.834082842125
1.35455892203512 1.67195881783642 9.38801075137405 29.7639622195152 97.5262987190286 179.603538693848
1.00864071433313 0.848206546076822 7.60074726648862 26.5435807607943 93.364956033347 174.908884229595
3.312015306804 4.65904191719886 14.3834982306985 37.9340774567642 107.566083107817 190.728437332139
4.92222275127362 6.75277328507138 17.542629102382 42.5659973376739 113.108292843744 196.99259374693
1.98839533270153 0.497998016399338 4.66132497467373 19.4157378236289 84.2701602392202 163.878958058994
1.18803896171427 0.302412861231178 5.75204820160182 22.7832429716535 87.6915906282274 169.112558092542
5.62408089649222 7.55131774434353 18.860676677041 44.3616272267097 115.094033043176 199.383498391011
1.4626370518863 0.365630157873519 5.09343017866364 21.4224085251086 85.8465388192772 166.806984447437
7.34058428104548 9.7180098293248 21.8982958195895 48.2857943024049 120.951995079124 204.63025205434
13.4901580552948 16.9223126926081 31.751709646162 60.6914881705923 136.891507076804 220.852167721477
4.69175364084225 6.44889495876793 17.033197495422 42.1545941917659 111.946681490558 196.184413557405
1.01311916383458 0.818240623537608 7.52642525839881 26.4459954446439 93.0331565579754 174.76055369321
10.8801668926019 13.9909707359434 27.5683014121475 55.848902086187 130.223890230385 214.447037664214
1.59443394221026 0.370214210432932 4.92361705211697 21.0972581193176 84.8750191183918 166.129085222214
0.9922806214277 0.746417375539158 7.22212713793192 25.8534115801614 92.4158676626681 173.91653870205
3.78240579824355 5.32083101858857 15.2846381199342 39.4303166430405 109.289032934552 192.670558494397
1.18945613278738 0.272460007263643 5.84540048005409 22.0709237435167 88.5464243393316 168.567908172529
3.57848984051075 5.04360979404144 14.7633903268016 39.0088063594295 108.091197205741 191.871617129106
1.75031325771061 0.352910567865748 4.95848765433273 19.9581808509655 85.1666470880577 165.049557186241
1.49206560965784 0.289325097904634 5.25614455590395 20.6437679580934 86.5316705693284 166.225676557599
1.2337004769514 0.271495757755308 5.73743358480212 21.7618765415957 88.3008542720998 168.093291721008
1.01617714990547 0.339456988682812 6.23088582061259 22.6733588735373 90.8157056590977 169.241632456077
0.886689313097198 0.484830588442504 6.89442684482173 23.7934932037556 93.3766722769481 170.814021380797
0.893563427540888 0.686670398301776 7.70493523151466 24.9464758577835 95.5040099544266 172.909392051839
1.01640543162594 0.943857918655631 8.57086780994275 26.2999078084409 97.0175786153961 175.384549582054
1.19113582844813 1.31252284696056 9.44530637242831 27.7486971297699 98.9022509328143 177.550527596928
1.41396801279161 1.8015940514452 10.4094990616537 29.4466306109479 101.304886797557 179.700636600615
1.71926675212611 2.24520708906443 11.2190254777095 31.0852774304698 102.286411317265 182.146044742671
2.00657579091231 2.67085786741024 11.8582353050855 32.5473834140599 103.109370600961 184.181120516329
2.2617167986836 3.20315683275029 12.4091113801701 33.8807313118984 104.95777823302 185.42166970182
2.58307126776835 3.77245727284395 13.0356179555514 35.2831513008968 106.571471941046 186.886518056824
3.05836871301667 4.49257129298001 13.9980633749778 37.0532599315328 108.541457220098 189.038107712681
3.70533776910642 5.28523811763869 15.2994939884531 39.0838147482183 110.249141738661 192.016089870335
4.43142121698497 6.09516851208885 16.7342621298842 41.0958469552791 111.974604178029 195.075193709036
5.12400587176167 6.94676989313928 18.1110439242884 42.8050903777968 114.546685379108 197.472415894801
5.58611339293835 7.7255372440632 19.0095123199831 43.9758387824574 117.882661857951 198.324189405263
6.23946068793188 8.7151017963528 20.2610712424487 45.646890885314 121.642405090957 199.804731586552
6.98623791374113 9.54020753877022 21.4812725572558 47.3710701162249 122.885241271224 202.39896797044
7.99391917643705 10.6131961293059 23.1386434485242 49.6210364496365 124.406871523579 205.859097107519
9.18416774085616 11.8746302474479 25.0570795235608 52.2517858523936 126.107103809987 209.81201011229
10.2938714170252 13.1961413952884 26.7717007645479 54.5809117978424 128.74617204662 212.888345680897
11.445333168939 14.6086837331148 28.5200750025638 56.9169105176681 131.934778353839 215.719085785161
12.5447624126743 15.9431636306258 30.1615383526242 59.1573973514799 134.826626672341 218.350099301871
13.3186072634053 16.8278946787523 31.2528915430472 60.7760782970991 136.193758992163 220.346335558306
14.3344580019286 18.0618516126408 32.7616097008222 62.7480192129374 139.015370869961 222.509568553677
15.2981909933826 19.2091005243843 34.1978893143623 64.538866163035 141.749035434521 224.455640779033
16.3441967391919 20.2987927828901 35.8105914421856 66.3908372592558 143.915252781329 226.936379298005
16.9264105072813 20.7482954023108 36.7527350056898 67.3778868681406 144.135101027997 228.792315242526
16.8409798961951 20.5893241153284 36.6907149739656 67.1499385510831 143.708516436151 228.745475899118
15.7649427445416 19.4901869793259 35.1149734695828 65.0443697837865 142.092186513037 226.032082036272
14.5041807296463 18.1070460759043 33.29103513551 62.5729428534063 139.698052026558 222.992566968574
13.2367716142684 16.6511734052287 31.3835943277842 60.1699281106988 136.492394309615 220.170274986426
11.8438308425894 15.0819662768027 29.2097414016913 57.5170774092456 133.011272057774 216.828449328642
10.8223833513515 13.9320820581278 27.4976891152503 55.6913770993794 130.204295707775 214.281771787258
9.8994835344747 12.9363118133253 25.9003888816921 54.0386099276999 127.943933502412 211.677353331404
8.80237433467491 11.6788858441988 24.0576732187443 51.8286562319183 124.844080887092 208.805394929302
7.80695475250685 10.4531893352765 22.3918266146081 49.7244652374025 121.700263571492 206.156662175763
7.05400091733496 9.53018984578848 21.151089263394 48.0387611486088 119.691527029506 203.867546095903
6.32404720024363 8.64518278274264 19.9149896036564 46.2226100152657 117.810484737773 201.542111501539
5.54900605511598 7.6610176437446 18.6104100444736 44.2376822106751 115.574348706962 198.993016123555
4.79673745257377 6.66602241975926 17.2749577164224 42.1879063746594 113.105766139748 196.493242789077
4.28397359139964 5.96867183819481 16.3745775378106 40.7230528633023 111.572636383429 194.528554468653
3.73640471419614 5.34649583213202 15.3550433240117 39.1239030632449 110.719244516963 191.962650392573
3.24326581563403 4.76515801426139 14.3396890686396 37.5799874851065 109.629290223994 189.585932068554
2.72151417111744 4.05616545790009 13.1782127016251 35.8153132392214 107.490321911748 187.20245012466
2.24499209575216 3.28050048093624 12.0406133397981 34.0185587043655 104.346129333974 185.248757519733
1.92143527819307 2.70144100156297 11.1820075237579 32.7146716134361 101.74434749364 183.793411537412
1.65031716755285 2.33725295568034 10.4506715091858 31.6456527634696 100.788064132937 181.835335872143
1.39152447627887 1.9238784207756 9.67535674820063 30.287335631993 99.4117537513391 179.855790748859
1.19850045533659 1.52956131156516 8.95455896897475 28.9615805388396 97.5954845340447 178.126378575516
1.05466915017885 1.19287547496709 8.19670248365442 27.6300555249808 95.8160569223534 176.217960653577
0.98209711945228 0.863597957019697 7.25037251083775 26.1484160878238 93.1579028259575 174.031835176697
0.963904075028836 0.653363776181375 6.34736092574244 24.7207517558758 91.0249107978018 171.59511160201
0.968564723994277 0.610755635802248 6.24587900861754 24.3594099807365 90.8002266738846 171.091804352988
0.949897799997363 0.732009113671042 6.91743766308225 25.2720480210256 92.4589353710238 172.731812802343
1.01129207430244 0.926103779045748 7.76264774337665 26.5470403969646 93.9442553044366 175.06306064438
1.02967022268402 1.15880194149314 8.18948076696927 27.4136846708519 95.850555290255 175.956612241968
1.07271225040043 1.47619553726124 8.68589372655864 28.4213538610202 98.2502177733718 176.859005302559
1.25849650728409 1.78401431619383 9.32926972865593 29.597083512477 99.3802018798606 178.637451413108
1.55170971974391 2.21057006237962 10.2350119981623 31.1377266944971 100.713071810112 181.058012579395
1.93009903423666 2.72448302164838 11.2514432431516 32.8815293682851 102.011909949317 183.726482144199
2.35823729730347 3.32357582919079 12.2875659560169 34.6488030927747 103.647527807839 186.228606625763
2.8280569280264 3.99937908321212 13.3569155489288 36.3752951479224 105.644507992654 188.579445070757
3.32248446265854 4.67775656198535 14.4196849143192 37.9694240609426 107.66157556782 190.766491170215
3.81809361005866 5.37676907289255 15.4498211964122 39.4559638252404 109.945672874911 192.659593080611
4.36341963380764 6.0752069542254 16.5257292492761 40.9877724473105 111.740611226311 194.810875407041
4.93683343628327 6.86199333547283 17.6015538706742 42.5463474172211 114.000512104145 196.750244895259
5.59741424060518 7.73669112142311 18.7990925356878 44.2680370052245 116.390699092498 198.883568158123
6.37049184314863 8.68172161871368 20.1446145078307 46.1641438375097 118.557757582215 201.393645373785
7.15283980432124 9.61733442238434 21.4867009638918 48.0494849821958 120.57650015083 203.921940973065
7.98454921599992 10.6170044856494 22.8945600592568 49.927761954971 122.986635996838 206.325593770014
8.96346628128575 11.7262506683763 24.5710266804572 51.9828510618949 125.619402531793 209.127803814352
9.71918545414027 12.4890969361126 25.8763512633002 53.5175856551339 127.208885607178 211.309513674269
9.8535532339835 12.6417349054402 26.1495591716301 53.7484055818618 127.899986137718 211.537816892929
9.65969271724191 12.4147345459133 25.895281994253 53.2694140145458 127.723753270058 210.930216756065
9.03417028999636 11.6437930088027 24.9009670573467 51.8773643204739 125.836998152784 209.388197731708
8.12455441358853 10.6061497753997 23.4418809513793 49.8082418295583 123.64350974166 206.809178091284
7.18076298802646 9.49797852496188 21.8834825630383 47.4893903633857 121.161033464011 204.1143837332
6.31216694003314 8.49015851164277 20.3438010930926 45.4046951117286 118.874787204987 201.309781177009
5.54931970217282 7.5725615368499 18.930364948102 43.652440827686 116.444836967554 198.903055126157
4.85870811656601 6.69993985670859 17.5789594717283 42.0799650765302 113.870673014876 196.571166044687
4.18077938974428 5.82529140058564 16.1970382286121 40.3674703365715 111.101827903252 194.222151172475
3.62061060224104 5.13180365193445 15.0354715404212 38.7644039267628 109.20534922432 191.97678809545
3.14252061182044 4.55026864326928 14.0418182834451 37.2602602610763 108.035860002581 189.606695039028
2.58827031821731 3.79497961602328 12.8730393427964 35.3463703863113 106.085644706105 187.043147374981
2.23908677591642 3.15790099715234 12.0562189532888 33.8749551099518 103.58519103339 185.565437516257
1.94567345419134 2.69624564421562 11.3623890935371 32.7286720569334 102.129559828774 183.802265321907
1.61940485120444 2.22260481970483 10.4849645517525 31.2903613915919 100.691829845875 181.637976490016
1.36187270690745 1.75598087060232 9.57966208514437 29.8073480949278 98.662571792043 179.722421442449
1.16276006224312 1.37959930795075 8.76766758671311 28.4933096927695 96.8836641777758 177.783331925436
1.05438627994515 1.08854768611596 8.11586508248487 27.425044282131 95.1179343472145 176.119128066048
0.988308932349475 0.79107823482817 7.44048122746797 26.222244414852 93.0911395858133 174.425007748094
0.967030448766712 0.606884502791663 6.8123359477568 25.0550463103582 91.7968934879377 172.599645286992
0.982274101009484 0.503814165665388 6.33748886474776 24.0725732841995 90.8657730729675 170.93762747468
1.08243604023886 0.401290551994559 5.92810953927222 23.0365965197739 89.3812855285728 169.594608459903
1.20585066683435 0.359677325240094 5.50506048017271 21.9941805075109 88.239905863867 167.955870075994
1.36439405906913 0.381198337146619 5.142673132707 21.1671903505923 87.2966062888715 166.410916821372
1.60146250619648 0.441039607850201 4.82010837968817 20.2971591283462 86.2316285038564 164.862837119188
1.92764652403207 0.499757031087876 4.6408523087432 19.4418717810815 84.7476362787042 163.812057832645
2.14881927252366 0.546449753397681 4.61628883852639 18.9459381760869 83.8614998156546 163.174316284503
2.35706822411108 0.602098711611806 4.63180048638084 18.4583078139641 83.3648019956999 162.544941612278
2.4201031074368 0.635300635121246 4.62048688469605 18.2002070192814 83.4576240806574 162.261730385645
2.31169437769004 0.643197134229162 4.56508027972321 18.190414587543 84.2033144657737 162.015489383804
2.10499862759221 0.615915686155796 4.52165677987898 18.4792404104848 85.1705574817386 161.96788368887
1.98173368394964 0.546379914439451 4.59747301938549 18.9287983704467 85.2749909869305 162.709526438599
1.91797756119936 0.44193184391038 4.7593651094329 19.4054342035606 84.8114144186264 163.955154342903
