7.65340577989125 12.4107083874501 21.9218662152774 40.5335510200463 55.9504632539056 63.6652315714776
7.04810877950342 11.7201120162595 21.0682308352278 39.3521943670775 54.4953017703952 62.0755762429895
2.64114245870255 6.34887774542056 13.7955120347169 29.044090211058 42.0341889318204 48.5538009355753
1.38281330774388 4.70931805243751 11.4055406616553 25.482406032824 37.6586609911226 43.775989351846
5.89876271682774 10.4439255924393 19.5806204292259 37.2522838594883 51.775362871642 59.0693499002977
9.65581384432607 14.7529748325536 24.9385876326798 44.6143975733298 60.7789182140003 68.8660781105105
-0.904522853738164 0.78534409308412 4.16274942154268 13.5593104220059 22.8205635724068 27.4572473495954
2.8657689573111 6.56065389345707 13.953362084815 29.3197679657246 42.5225306505307 49.1336097821073
1.74632745378335 5.16748750857364 12.0366852421971 26.4373040858813 38.8793903300726 45.1257384039455
-0.758325455645683 0.305848943888618 2.42680154993049 9.9966803176697 18.0826798554784 22.1304902110994
9.38970849448777 14.4764030443665 24.6492629486693 44.2131398069874 60.2355146498099 68.2554407731553
-0.393554192842974 0.300362320531907 1.68591485958437 8.07467966478721 15.3143364749708 18.940833545449
0.606149239784441 3.40492005524645 8.99239954020977 21.874987377554 33.5795680528192 39.4322499408605
6.96674291731214 11.8092912738757 21.5644094917585 39.9429548931019 54.7868365749393 62.25449275069
0.00956222247540408 0.441767548438764 1.29403407456776 7.01155510588169 13.8987511225308 17.3460867920255
2.32675411867278 5.82596662426608 12.8296140452763 27.6902695090782 40.6105307522224 47.0798039856648
-0.935526835211294 0.584677619833014 3.62363036737249 12.4925120867716 21.3948753225594 25.8537122214652
7.0301096466072 11.7100771082588 21.0801615320518 39.3752141578224 54.4986789137939 62.0704055696081
-0.822695797787446 0.32622798576814 2.6233677579043 10.3862883749247 18.5510987086998 22.6416021679204
-0.2972234509346 0.328960632709839 1.57896967213182 7.77907223996373 14.8996038302137 18.4663493229874
3.76409529090292 7.67898952742624 15.5059852771685 31.5670418099738 45.2729020040254 52.1339082459985
2.83401828327722 6.58441426149622 14.1128144805826 29.5225055225424 42.6400549565224 49.2195074363144
-0.075819849123096 2.43393032800785 7.44058767050674 19.3286356538437 30.2856838324916 35.7662367199916
5.03653148478397 9.32374544068903 17.9191664291893 34.9681066449436 49.2061133101524 56.3431958424105
2.53428348416404 6.09053153728122 13.1996030424404 28.2430959502048 41.2993891165827 47.8333795404659
2.30801715628422 6.05580147213968 13.6106674769169 28.7127378362652 41.3796449850387 47.7498232251961
8.55304126437259 13.8984028564661 24.7194012714186 44.1386460444926 59.2753370870442 66.9199889268401
6.41971252722276 10.8946142372295 19.8310830648033 37.6895053395742 52.6710379867629 60.1614271416139
-0.620354568078343 1.44208126337433 5.55536811237956 16.1317506665434 26.2306410391737 31.2814003707958
-0.0035200539965119 2.79921467551766 8.45477368204565 20.8435156772753 31.8037698436113 37.3163188727235
2.20695607079031 5.67528556660932 12.6070952843374 27.3518860212528 40.1885166056014 46.61211302232
0.351166775697074 3.18041164512072 8.86152850406063 21.5745895670935 32.9533852082307 38.6649336321654
-0.681050602989855 1.37538627756829 5.48155862583242 15.9782420873089 25.978056029503 30.9833624049185
1.0933462173785 4.2036505045154 10.4262938611467 24.0397807468766 36.0778649715967 42.106322141306
-0.910190472790618 0.398950485380524 3.02043765231732 11.2357465926604 19.6797086923837 23.9121150762096
-0.140846377159094 2.40337594256888 7.50101028188114 19.3869264990379 30.245894665093 35.6890297797574
-0.505495234160657 0.278875690068453 1.8512814905715 8.49209265519898 15.8778056731562 19.5797509895766
1.2591228810682 4.42902750984223 10.7711173958319 24.5740189167963 36.7385690266017 42.8290153703287
3.68703921860209 7.58713540731735 15.3856467717222 31.4019804146841 45.0649613209313 51.9035513703546
-0.744036333099972 0.27376823566633 2.32150684950299 9.72081461889454 17.6482697141625 21.6281557115843
0.0481951395143062 0.46642605581412 1.33575044935232 6.69225581767823 13.0671202240761 16.2806070598387
-0.902280742403465 0.671669568360082 3.81163335573851 12.9027929917157 21.9949588056219 26.5461629710418
0.30660269814164 2.96327742301578 8.25795741900472 20.6930224963625 32.0979069754096 37.8017987659825
-0.595227786357864 1.73803218024303 6.43225778019347 17.5270042279484 27.7312406438334 32.8541228755505
-0.904582777870536 0.795048986418849 4.19839650889279 13.6221487193439 22.8948154379824 27.5430863805664
0.51597665926661 3.35520474646667 9.02759685501549 21.8844251205416 33.4614530326002 39.2548159327417
0.340019521799063 3.10092363568223 8.61943180733715 21.2246167893076 32.6263534305644 38.333895041291
-0.426131840929754 1.82933721836296 6.33917390902135 17.485891606169 27.9508306221452 33.1913102203864
0.880996390969346 3.84214454097309 9.75313139966001 23.0547214744935 34.9905357820865 40.9582726570203
-0.475721913283283 0.253900364950948 1.81905621769059 7.49090063720929 13.5552030461155 16.6442511445299
-0.681601960130211 0.277113179006711 2.19114451733028 9.38106214585881 17.1688410920394 21.0693751352522
-1.13860082585835 0.655443782413454 4.3068980550362 13.6174342962284 22.4718733530963 26.9383858350963
2.39845410101449 6.40987229628894 14.4901866455959 29.9011535200225 42.4289952202776 48.7263563551125
6.78498573769073 11.4041330059352 20.6456332557142 38.7813520130684 53.8215433234182 61.3512592893361
-0.554993631890944 1.70795809457663 6.24225232569555 17.2698577955495 27.5460481689905 32.6962485465216
-1.00093452720561 1.03098429659332 5.15369091357195 15.2186286665412 24.6078403017176 29.3415870336636
8.2709748206177 13.2242530974942 23.1582137788752 42.1789212600885 57.7062251332783 65.4924844786757
-0.936039286364969 0.578134203846402 3.60145039680822 12.4649347122196 21.3681131384393 25.8262342160239
-0.425886023755013 1.86683241503854 6.44271900657883 17.6555893389062 28.143473522239 33.3910540811739
2.3981922859163 6.13307509371209 13.6544240287984 28.7873009640829 41.5338120593017 47.940487866919
0.29001224913113 3.32726997823994 9.46369754126079 22.3950891276293 33.5905589016127 39.230123747749
-0.118962358120108 0.388954851505764 1.40685709384571 7.25358800461889 14.1447491476933 17.6017192773124
-0.965654158598698 0.269476767187111 2.77849940397261 10.5418165058536 18.4861018810036 22.4863436210415
-0.939073066457184 0.593171389268892 3.65550460049754 12.5570033543621 21.4721333548365 25.9361945907311
6.45892339467368 10.9476609930551 19.9090675017102 37.7954475565978 52.7882659175436 60.2837873164587
-0.797480525159788 0.347325258106689 2.63413854953973 10.4893491616119 18.7951539796278 22.9573870566474
9.87907156877663 15.036448254972 25.3460939676918 45.1564745400809 61.3612773088825 69.4680406408804
-0.402049191038835 0.318484125045275 1.7409866952026 8.31687601189841 15.776518129976 19.5051374739393
1.40378361223091 4.64189650831827 11.1260010075066 25.1126470612557 37.3800122006561 43.5263414884327
4.69108236364119 9.27933035084309 18.559241926014 35.6994292723459 49.3334000361183 56.2114182580531
-1.0172316750536 0.486228506896811 3.51413659042008 12.1814033422519 20.8137963373601 25.1491768803631
-0.943125073760484 0.537383782841383 3.50331784266358 12.2442046558959 21.0429729061775 25.4515166474845
0.160545097488239 2.933279987666 8.50662930545711 20.9854832553095 32.1561325767166 37.7631945739464
5.25351646240391 9.70193023934198 18.6576492685943 35.9411041945854 50.1358028315242 57.2741228329019
3.81095987497698 7.76694417017909 15.6844085464626 31.8208583444395 45.5237670428763 52.3861549545013
-0.0902347241043879 2.56437192649625 7.90508928902003 20.0022111994396 30.8914356091239 36.3600848299944
0.719025185561125 3.64245094088519 9.48266977568092 22.593590520521 34.3487851376283 40.2328457628489
-1.15544156823937 0.188934408882918 2.95778777410617 10.6733562286932 18.2843842226369 22.1368252999336
-1.37607130392685 0.723411451348459 5.0295846007551 14.7194789932593 23.4039706912198 27.8132627527532
7.5080621275624 12.6120227736906 22.9452885172857 41.7499103700158 56.5660312336491 64.0507449599677
12.1093772742808 17.711451441059 28.945770766593 49.8832058348345 66.6692287775402 75.0877512267762
-0.457958584872898 1.80964631244688 6.34129764627034 17.478185119941 27.9064795774751 33.1271120032603
-0.606776708296316 0.252047433955387 1.98632513225912 8.77078929436666 16.1927893402666 19.9208206613898
-0.705097699509518 1.52921177386907 6.0290005843924 16.8388947214215 26.8572688327703 31.8931509324324
0.158474176648441 0.531488937428517 1.35251466831173 6.34674924549717 12.2711465922629 15.277357807195
-0.590805091958872 0.269949443928511 1.98930308671698 8.89003535353724 16.4796242898867 20.2813036280222
-0.573046298810523 1.70172204223082 6.27890802650125 17.3254872628824 27.5760800263703 32.7224319919867
4.13097311022268 8.45510867059861 17.1784644207327 33.8082901450682 47.3425156389883 54.153914820526
0.209103517418741 0.557099234209231 1.33225929022684 6.22734698892585 12.0648436833689 15.0307886216675
-0.0661579130728696 2.98249780178127 9.18215464572699 21.8622158111284 32.6435740154707 38.0912000839875
0.129298798186329 2.78415695700703 8.09201369797404 20.3761528378838 31.5517740513088 37.1461225053362
-0.634674721526275 0.251544009993682 2.03575720724077 8.93063232628025 16.4485130066557 20.2218414630739
-0.929280605815931 0.782107136122907 4.20790718237302 13.6108190603567 22.8365975887572 27.4596778276785
-0.460820537849271 2.45543420727962 8.41759925422227 20.5756649133094 30.8954559935846 36.1328071166749
-0.853323849022938 0.321903350740669 2.67388557439357 10.4862863154528 18.6582096912751 22.7532846490442
0.210187002835847 2.88770941414518 8.23279515749255 20.6120985577314 31.8847559104862 37.5258149284518
-0.00592930627088576 0.434442527852069 1.32769833999027 6.8963755499452 13.5299911642324 16.8618110269506
-0.255437059942292 2.21821084886885 7.17529631239434 18.8458571969405 29.5504051042793 34.9163998953665
-0.504116447894676 0.281989911361568 1.85107502134144 8.5332022991499 15.9778455208043 19.7065561635147
-0.892051234219803 0.825527755303235 4.25515547722174 13.732107237037 23.0496565106014 27.7147565030017
0.723345443438443 4.08240498810741 10.896338075123 24.5430440973348 36.0009923442499 41.7905292773304
-0.941155430735172 1.18034856711606 5.48075264744987 15.8067583888571 25.3752131425964 30.1976467842537
11.8612303185263 17.3840004129511 28.4425034038012 49.2397943608075 66.0172809125779 74.4206176159063
-0.137802776879294 2.63410147891447 8.23371043636039 20.4668880037395 31.267975560442 36.7025192676256
9.97863414206299 15.1706370222269 25.5584977835943 45.4318977062791 61.6475217781422 69.7646624084766
6.6217610789602 11.1601552024998 20.2311098226624 38.2199037889248 53.2501275574261 60.772521961307
-0.912200722916109 0.379963687228077 2.9666570679244 11.1159093260001 19.505641681233 23.7096596020268
-0.890289727207844 0.99812966574763 4.79009335756277 14.6842212599933 24.1904630141269 28.9597845379568
-0.0556247519056808 2.73575267613903 8.37282210925527 20.7022511374618 31.5964152073597 37.0781641873922
1.40141118149677 4.60030142145427 10.9989850506022 24.9354684294292 37.2219346798531 43.3730779521615
5.55977253783937 10.0225636132135 18.985911552128 36.436735316938 50.8339631439445 58.0595724665968
-0.805865045952144 0.203737156484435 2.26823612832437 9.3315467354264 16.7820835536666 20.5385963342121
-0.409162566142392 1.79273145077985 6.17700470012328 17.2412187813725 27.725055557644 32.9665753103626
1.94797099287172 5.31605489053619 12.0392155183924 26.5159721500206 39.2104483774091 45.5603722434409
12.7222236257269 18.3330399276021 29.5468494642334 50.7162549033458 67.836963645394 76.3995857680256
5.58603389098721 9.98549172264872 18.799957915507 36.2078367687162 50.712668736832 57.9810595062245
-0.259593685509084 0.343408760828454 1.54402668173285 7.69984315083054 14.8140749488558 18.3765218877605
-1.03397219099361 0.353138459883559 3.16534293677949 11.4099251913029 19.6861753121266 23.8517833046517
14.6018188820962 20.5890603997279 32.6003396451017 54.6514507506673 72.148744475189 80.9248313452382
0.94812846191716 3.96776031275854 10.0050461614096 23.3956760936364 35.3252357055291 41.2992229424587
5.82041083452238 10.2080925335168 18.9765635057369 36.4833929148408 51.1581749022036 58.4998500374301
2.36059559498076 5.89200211766252 12.9597946327487 27.8702258261828 40.7899124973968 47.2603233159261
-0.941648366199888 0.493782243401218 3.36889973275247 11.9555494929028 20.6340300302188 24.9838699156486
6.51541526035314 11.0730864305537 20.1919874280263 38.1577768428747 53.0955520814302 60.5737318564387
1.68032380295772 5.07459812344812 11.8870368758999 26.2239713722145 38.6328051839665 44.8567527060786
5.86920359621992 10.4138621027598 19.5316035488688 37.1852549903606 51.69757815577 58.9764018589192
0.400235719537163 3.26829345525212 9.02680721708941 21.833205252973 33.2552452219366 38.9860149344672
2.75631872004656 6.83120732978235 15.0638510398906 30.7285882801141 43.4486829802909 49.8607179937262
14.6775085885337 20.9316982506969 33.565019135499 55.7923556575394 72.8740571948592 81.4923520414008
3.63219748284411 7.68209025580231 15.8377548528214 31.9634036071539 45.4007983907165 52.1585027176794
3.34955669901307 7.27746484899598 15.1773062966567 31.038981289241 44.3904252894905 51.0986156428118
11.0270296099879 16.3748514161138 27.0661950596262 47.4447276632508 64.0325615152462 72.3316102437448
7.41696405026729 12.1292751808287 21.543161014205 40.0307978887756 55.3752394160761 63.0465764658462
4.73800360819323 8.8448137900954 17.0628128319713 33.8170193276544 48.0564182616016 55.1878857019773
-0.101997286920735 2.33295215449197 7.18300075593915 18.9389194338723 29.8808213354251 35.3485395937861
2.20578346501557 5.68218044402299 12.6322774803939 27.3914451188234 40.2290509669845 46.6541679026775
-0.838250406729965 0.361133520326102 2.75392385160296 10.7308254197692 19.0828406602858 23.2633509616834
1.7985226522613 5.16234950287085 11.8934318623935 26.2726538618657 38.8228313878854 45.1083099409748
-0.662891249236614 0.266206918925965 2.12808420111944 9.20052663155018 16.8741041412602 20.721280410709
5.74097105872677 10.1620716887575 19.0221752990895 36.5161895125212 51.0867733601492 58.3887697448335
1.52415609973719 4.78271619624187 11.3006134627787 25.3842865329672 37.7550436385592 43.9488229959956
-0.702097567733934 1.46019096639536 5.80029997365768 16.4827981391764 26.4892859973155 31.5086764453523
2.32643772754176 5.93891090673552 13.19763920956 28.1712206250722 40.975187928503 47.4018586882425
1.79447256561922 5.16146639389416 11.8978007732343 26.2812614675055 38.8287824360046 45.1122732585087
0.815998104152197 3.79506996304747 9.7479245462197 23.0082236779681 34.8399718826608 40.7602406848186
7.35522950208616 12.0690242513283 21.4957317083982 39.9441765045514 55.2269151553891 62.8766882126874
-0.897894578784399 0.838650256246538 4.31070513988848 13.8248269665347 23.1489104187818 27.8192043907605
1.80229547897509 5.16327237322657 11.8886919291803 26.2664867308755 38.8230907675911 45.1106842859386
0.977552345920568 4.01520870292467 10.0843088315777 23.5266530871756 35.4948005623985 41.4846157744584
-0.869443025358253 0.957722895449273 4.6154117583659 14.3887824337131 23.8635976381267 28.6103543975681
0.441936484265393 3.19395439154631 8.68378818990169 21.3520697308395 32.8738475237988 38.637571453388
5.18263107589902 9.71751026464552 18.8419082207002 36.1667467365302 50.2214590083668 57.2819691885065
6.24840729180379 11.0004703400124 20.589380412485 38.5842142009854 53.0725751264696 60.367474349719
1.08391892814625 4.19935597329428 10.4370244815478 24.0551878055525 36.0797995607472 42.1028387922564
-0.225295270659759 0.348322622601404 1.49907479477847 7.50617692570379 14.4837096126771 17.9833631687161
7.00505468038127 12.0505378868742 22.2371188825903 40.7928399412334 55.4065819321205 62.7709029057125
-0.778273807763876 1.14956319334773 5.00056876828635 15.1321104703966 24.8935907212401 29.7796754069369
1.91495475230497 5.31824809738233 12.1291567026359 26.6255056275026 39.2521145437583 45.5765098988904
3.09111106712754 6.8562389477322 14.3929348020377 29.9593614136263 43.2888244306366 49.9656619899388
-0.513807612633185 1.66493977860117 6.00949988965951 16.9196271767035 27.2348658644277 32.3936404325656
-0.81371990568919 0.299633436171246 2.5310572667229 10.1492306527055 18.1834959022399 22.2105646326314
5.59061593304619 10.0576911973632 19.0266982070223 36.494558741367 50.9091162556558 58.1421368890907
2.41739067139659 5.95665821821163 13.0225235576126 27.9736496910641 40.9480793106344 47.4361530906064
-0.954579372947304 0.519906644804679 3.47588024856405 12.1751926535178 20.9319331741255 25.3212278747238
1.44855673010502 4.71299948953308 11.2475531558454 25.2876889975164 37.5728856907114 43.7254834873993
-0.776990768555645 1.16017577929655 5.0322543326241 15.1699548931131 24.9153657834369 29.7937095724822
2.58144693824023 6.19393916867569 13.4221992494639 28.5390930212099 41.5771726878767 48.1058181121943
7.18859883504777 11.7871398386336 20.957058849593 39.2560662689848 54.5990707460101 62.2626610171741
3.37243792751923 7.15451019431123 14.7045093529179 30.4483391178086 43.9987959572988 50.7739298338474
3.91441278627144 7.87549812990083 15.7954594774098 31.9863620139687 45.7687875931663 52.6670311352762
1.99974217374623 5.50574761217631 12.5453784243759 27.2084728296952 39.8206255715342 46.1490634356134
8.84715322241289 13.8401550118888 23.8283125841411 43.1117956395312 58.9374833224233 66.8598737472635
-0.921596540330346 0.717135604855196 3.99570710050835 13.2169590010215 22.3407491240185 26.9105907276702
6.0113397800009 10.3913504777635 19.1249471732534 36.7142908958518 51.5396876383216 58.9467831725347
3.89468086764772 7.83139141031784 15.6995511541795 31.8586062003227 45.6439969707593 52.5432671074289
-1.02327448739471 0.461757090673707 3.45971553759599 12.0554992559047 20.6260980169363 24.933996948102
4.82832709022234 9.16955029503831 17.9013491761233 34.8982610275755 48.9294739552846 55.9784952737436
-0.775677791759065 0.291744967944233 2.42396472018198 9.94360049147904 17.9422247522584 21.9474156135182
-1.2448551213892 0.467632751670213 3.95925377092978 12.8453362849917 21.2854625651655 25.5452944633124
6.75906488367952 11.6755073965577 21.6191129722178 39.9685459965769 54.566554061078 61.9315955430446
5.58449957518955 9.93529968332152 18.6494066324627 36.0173775499563 50.5714622005755 57.8658296872831
-0.898613525197832 0.511292634947318 3.32037920715047 11.9041782593782 20.6523476758638 25.0301970390003
0.191366382610896 3.13568398675377 9.07314374734095 21.8005488020025 32.925638238723 38.5238024430822
-0.717703631756883 0.156225950281144 2.02049231223419 8.18674453267511 14.6129311584082 17.8934437645325
5.49996681561997 9.85614773076346 18.5722867593899 35.8947165837404 50.3889147606645 57.6474242173069
2.12882994598237 5.93679898907458 13.6459748694323 28.6916263266518 41.1205529418988 47.3936302057414
0.500306297827608 3.3848000589047 9.16318282556946 22.0710999806838 33.6092696580941 39.3909894857008
5.64964050108478 9.99397443031286 18.6753364250627 36.061959846825 50.6714376928728 57.9812737161067
3.08686457715296 6.84079144885644 14.3533942123088 29.9076511304177 43.2380694369496 49.9120132045791
2.6721250747743 6.23556309718179 13.3529728071384 28.4776464781649 41.6408790853357 48.2270588662146
-0.88385508751278 0.365863490159444 2.86602387113049 10.9095429098658 19.2441169817862 23.4196047466051
5.37607552409088 9.63529663128974 18.1395792466186 35.3325604319582 49.8680101146301 57.1350766084819
2.16735729149458 5.80820436509628 13.1339007142365 28.0365897158778 40.6762403650328 47.0258500062128
-0.101762533575536 2.44448174961637 7.54080391277883 19.4749158529531 30.3933882679492 35.8613705807919
-0.692087603024577 0.315537750965921 2.31366554660254 9.76098848600058 17.7998818247223 21.8185689660414
-0.676866827394086 1.36679671095033 5.44956863022623 15.9361600166359 25.9436677698859 30.952668307043
3.35408995561523 7.13510496889672 14.6845942697465 30.410803854652 43.9358877500194 50.6994908682861
9.05459066244704 14.3662952814687 25.0872268047206 44.686391724779 60.1714788943409 67.9716041827565
2.76429091536044 6.4589260606013 13.8708752444527 29.1819712634417 42.2939229419172 48.8707324812424
5.07578487234886 9.30854865169935 17.7669280546223 34.7898476071206 49.138638206906 56.3173015661763
1.70065344938057 5.1250854099809 12.0046911404798 26.3894648113408 38.7978268790315 45.0279429274564
1.43873277962861 5.09850705055955 12.4920502659752 26.9628175581804 38.9339221350739 44.9609597057638
8.73753191945685 13.7169740922393 23.675542342497 42.8983763649209 58.6824104343734 66.5831503685412
3.25254036205932 7.31583949801751 15.5351201870974 31.4745076238877 44.6028200667651 51.2225288096468
-0.168006748382276 0.371983909276837 1.45061354884515 7.45238137907679 14.4875445736585 18.0151899551911
3.46995484432914 7.33642578706126 15.0786438130323 30.9497947359905 44.4712899930053 51.2436916751399
-0.150330497497259 0.376407908995624 1.44332910696628 7.26904567835513 14.0826199637747 17.5067014019858
-0.886024480646932 0.404201510410981 2.97819699287299 11.189746622101 19.6786842136137 23.9281468402311
-0.0784369470580071 0.411785908870403 1.38357382211491 7.16745726772923 14.0199957662362 17.4505301303597
0.328964418421597 3.03692127039105 8.44547102957663 20.9786090523078 32.3944671399383 38.1048149688868
1.78091142490959 5.10349025410347 11.7395858385564 26.0534134390584 38.6241209399829 44.9122709517242
1.73009184203743 5.02060347246929 11.5891356577695 25.8508639449744 38.3947389285287 44.6667569169907
0.0233205849379242 0.449015899894377 1.28128489442648 6.98484312087512 13.8738688513648 17.3187589114741
-0.907255428163573 1.48563932119608 6.35771218803973 17.2482581521651 26.9800340119998 31.8954691848752
1.93350940862443 5.37125969911442 12.2895950671689 26.8526285861836 39.4548158120523 45.7874348691099
11.2743840229684 16.629971521605 27.3200892206737 47.7850787645274 64.5031355156206 72.8606939390249
-0.985372432993627 0.808689683723497 4.42425918871642 13.9588248267374 23.1634110749513 27.7870041668165
-0.310910374670821 2.37065052891705 7.7935870336041 19.7311088900125 30.3250352002607 35.6644715358283
-0.919932747358573 0.665612756381597 3.83128237945306 12.9069077024516 21.9553566197838 26.4857354969237
9.79804936041391 14.9691384814692 25.3161959220011 45.1045478579105 61.2431101711472 69.3214971011778
-0.883746944831132 0.59180486753853 3.53276509358829 12.3685703899047 21.3246548910615 25.8080427172236
-0.374801457978866 0.298254882556085 1.66091454193379 7.85891993136879 14.8630703382698 18.3824089365044
10.8853290897718 16.5370223012786 27.9575725648147 48.4792185101361 64.5019389390212 72.5839687434972
5.22318330782418 9.47834199249246 17.9811406926282 35.0878063629828 49.508523485331 56.7236508947575
2.37304353991888 5.90488348418494 12.9663808129351 27.8802993694701 40.81857801687 47.2947812547749
14.0725823571459 19.9459091720967 31.7101740290631 53.514277787756 70.9304594727815 79.6532940562758
-1.08371696353763 0.558584113186217 3.89652760195089 12.8937180698501 21.6461349167352 26.0571279738082
11.0669940281575 16.3900039633199 27.0173897418325 47.3911725904143 64.0445236893186 72.3680495452495
-0.573687238926815 1.61658431779832 6.00262970804583 16.8749456074314 27.0921726135363 32.2120652472868
-1.16752111667356 0.696917870961504 4.49246933857967 13.9272821848774 22.8029429001012 27.2804107438514
1.17981338615597 4.54025631863234 11.320862878142 25.2920539113914 37.2318540665645 43.2425164867858
3.05816100939997 6.75827517998985 14.1564435051986 29.6360333998536 42.9918364688807 49.6797298796677
-0.233987803513723 0.349636502927512 1.61830995276907 7.0393889658214 13.0810310453425 16.1577764825956
-0.714244499567849 0.296678037034334 2.30510225672461 9.72169211076742 17.7126304422084 21.7092069121558
3.72096876067794 7.61076982913647 15.3802101956026 31.4020332146912 45.1072101730828 51.9631438347668
-0.460140856246496 0.28614500604724 1.77586290962522 8.35162137851693 15.739637243657 19.4409439668444
5.37686237487969 9.71736201155622 18.4088675063512 35.6653572141452 50.0864888575888 57.3098686283474
11.29132326719 16.9330409618659 28.3115633654532 48.9827027332859 65.2538553638604 73.4474299696728
2.84680908652308 6.47664524977035 13.7184152431847 29.0059273867965 42.261181374842 48.8895658128851
-0.868541641174409 0.788439376180407 4.09273863960871 13.4634323354393 22.7666694844796 27.4234979725123
8.59253261191312 13.7868838462671 24.2570641289971 43.5817581548094 58.9641902068749 66.7046651895596
-0.352141471009986 0.314274616318251 1.65093784785189 7.93656421966898 15.0815876262614 18.662999982717
-0.969473776380163 0.636684862445769 3.85721443110299 12.9409851336645 21.9347517632438 26.4422238475856
1.8227319333223 5.22947167510507 12.0598229355159 26.4971458157043 39.0273335130084 45.3087020254374
-1.14194691378544 0.117529094766464 2.73148904148729 10.0337229843319 17.2349398878971 20.8910159411387
1.64323314548748 4.95983463346958 11.5958047314058 25.8126080856976 38.2541826787943 44.486144448368
-1.09615650856486 0.121648554312981 2.45448690986676 8.35477700907027 13.9162108369271 16.6445059283382
-1.82625679848328 -0.0977398088680178 3.29734111925645 9.75309603042963 14.9796963523827 17.5615186724324
-1.86388321081187 -0.0576825474708702 3.47667637234122 10.6365716830617 16.6725504957594 19.6506490943801
-2.56097856099889 -0.130446033723892 4.7043665972082 12.5270839382288 18.1286924476751 20.9161285219276
-2.90138478968627 -0.0438898208449107 5.67218064259077 14.2160909666481 19.891351933138 22.7295310170837
-2.84359611114513 0.207013843111317 6.30310581111816 15.5483186855727 21.7800923418985 24.8933660356094
-2.55641184587039 0.576698524113952 6.81475979370503 16.7387818950904 23.738099944833 27.2234434712175
-2.37749860095907 0.984301084479282 7.68074109880614 18.2858202906493 25.7354886939791 29.4465011233036
-2.43260610084762 1.41034902462189 9.10233022264259 20.4671552601862 27.9243248643465 31.656022443748
-1.45601696839554 2.06759690625204 9.05329673112176 20.9895867292188 29.9399927328126 34.3839730737188
-0.978880612898248 2.52503051844176 9.44705271863601 21.8189038240439 31.4201634434485 36.1772263407751
-1.5068748221365 2.73260288830583 11.2042691644199 24.0139057517695 32.6208957992587 36.9206932810665
-1.10549863468686 3.24910100265931 11.9481102638183 25.2076156329421 34.1904856006329 38.6767281522969
-0.682673461191813 3.90978792986201 13.0911334855879 26.9263935199331 36.1917571518511 40.8226334033678
0.148516660721786 4.81293765555475 14.1147023709297 28.6107446746575 38.6444219823821 43.6474281943715
1.07752131328511 5.7591666375489 15.0657003233947 30.1838033406386 41.046370607387 46.4487460787079
2.57651566330543 6.8984651817918 15.4588968821758 31.190949754644 43.6575575833772 49.849885400428
2.0339372825052 7.28072365617641 17.7476441829749 33.923706770695 45.0279323642043 50.566415621599
2.48186930218115 8.12587617000928 19.4232503052076 36.1793196141463 47.221160017459 52.7468562279723
3.30699196130622 9.03182207291909 20.4788098129894 37.6966406328209 49.2073648291559 54.961348860426
4.39219494655479 10.2532792316884 21.957689026813 39.792823600384 51.8697132291178 57.8990681527692
6.60045874794057 11.8961975787348 22.4054185945356 40.9102875327248 55.1164432349824 62.1788516206379
7.31930440224838 13.0356584320483 24.3782924306738 43.4694399734265 57.6072819425556 64.6305071916949
8.51139233371784 14.4303707141026 26.1850522170434 45.9006972099458 60.4641027980049 67.7035826779864
8.95109180697944 15.5854936269801 28.8297925097256 49.1398737805795 62.9779980740712 69.8846203123755
10.4048458848215 16.6881026962386 29.169155141809 49.8343053323523 64.934655531207 72.4412960120809
10.794340473839 17.7425456399768 31.6201427755713 52.7933667259825 67.1494222390438 74.3178861874464
11.6307433548466 18.8044434272429 33.1480782612221 54.747240733485 69.2034006219078 76.4296067458419
12.6275668937091 19.9408548805142 34.56097381316 56.590993067898 71.3441879691282 78.7174675044865
13.968301592644 20.8510787460976 34.5383934316264 56.8171273444322 72.8606029619288 80.842527342595
14.0818311748591 20.8383938022718 34.2624928194057 56.5147755250302 72.7933451216103 80.8875447012372
12.0349161385763 19.1524831486494 33.3650833703179 55.0785935147195 69.8195206970138 77.1784414622173
10.8517146317427 17.7527952380193 31.5315294678119 52.702694880165 67.1576912670634 74.3733022286687
9.94191568323742 16.416590502259 29.3037773615688 49.8991014395653 64.4860453416397 71.7478381836655
8.73484471414881 14.7908453587621 26.8199371613221 46.6997722637292 61.1984195452898 68.4055448792302
7.92637062713982 13.5965777930918 24.8276313702131 44.1420798069588 58.698542106234 65.9208197350796
6.18322060132318 12.319636168129 24.5676278166707 43.4140961838497 56.2978568774525 62.7271384356467
5.62777978246172 11.1528103673604 22.1253195878161 40.3242471326107 53.6405386193064 60.2590588939833
5.50239731225633 10.1918901439404 19.428146632696 36.983049543885 51.2222431681455 58.2688396800964
4.09588282222264 9.08662815953495 18.9740384148026 36.0663924363013 49.0007834304009 55.4197726382485
3.12770183453796 8.1026721241063 17.9743251608241 34.5493957879556 46.7986541889242 52.8832309549924
2.19594108838043 7.11666312816023 16.9004547385107 32.9076690598056 44.4813944694093 50.2389447131249
2.18922518165041 6.28541988200741 14.3959034000596 29.7310120401608 42.1173856488793 48.2691875498623
0.977416943296578 5.49500392704354 14.4615099866888 29.3964162470503 40.3580810307022 45.8039119491987
0.0225979576370239 4.73890312102901 14.1539958551193 28.6251722876552 38.5079554169923 43.4404426823808
-0.562808856042186 4.07023427252126 13.3324249101525 27.3061643864237 36.6765327718245 41.3597202650041
-1.12160284602129 3.34671649143142 12.2848214443277 25.6530165237907 34.5376309616848 38.9807343930268
-1.18565365514713 2.7436951126569 10.5549302253715 23.2433030072223 32.3610383752694 36.8956411795292
-1.20544126690768 2.25775176863793 9.09893234430794 21.2039331685792 30.5234673998519 35.1396473495736
-2.08635828033453 1.73358857498483 9.35869647546052 21.0724409491455 29.0672012343202 33.0571143165412
-2.34637027608545 1.30810192330409 8.60577846059157 19.789271610412 27.4056501031528 31.2080413657705
-2.46327666490288 0.96006830060351 7.78706216135537 18.427801806498 25.792419869593 29.4646752739175
-2.68076028907997 0.602117935649418 7.15538284771864 17.2158136412256 24.0777586748442 27.5024143709865
-2.3169635732276 0.359280905544043 5.64859210925623 14.9118063473406 21.9890726473479 25.4953990120784
-2.66325758462556 0.00453725954736812 5.31269736486944 13.822890132107 19.8667639317636 22.8747466358254
-2.66803717426379 -0.0327452726846766 5.21362923354362 13.5903018271112 19.5176895293824 22.4691037936539
-2.79558528850199 0.103603567406571 5.88559004109689 14.8255506978972 20.963544764339 24.0241806270093
-1.68516423867621 0.663280104951049 5.26062366545541 14.8921267259829 23.1846627082943 27.2810399151259
-2.309124266049 0.690467544064542 6.64090546261419 16.6996725192487 24.1771512830143 27.8911786119281
-2.72682757106484 0.823767106250087 7.9280161565984 18.4942730688857 25.4768541868503 28.9696810760899
-2.43606603157208 1.18498691188045 8.41772777841476 19.4647530510119 26.9639413948108 30.7087873894639
-2.10707200941083 1.66482385186446 9.19141110003408 20.8372687795521 28.8422210028625 32.835978940908
-1.59427612569946 2.26756711957657 9.95536555652398 22.2213510671147 30.8963515353409 35.2156136605326
-0.795495870704802 2.98915272474405 10.4880354363541 23.3585793208545 33.0420644949508 37.8484362974924
-0.155919419531746 3.70278847669926 11.334430520498 24.8089375708708 35.1718283991018 40.3099132226927
0.604997243986932 4.46519652454877 12.0732590843754 26.1029658358649 37.242795961015 42.7556631099683
0.238638448831589 4.89860083391063 14.185756542134 28.7433295070796 38.8712697625176 43.9185164102217
1.37522916690939 5.79853457479679 14.5643821333873 29.648488804228 41.0206507742563 46.6660489971152
1.4682820073372 6.41143591227287 16.2579246702553 31.8429523751206 42.7852191357183 48.2361113163433
1.93981946769001 7.22016012602528 17.7643518523168 33.9041944512982 44.8822645446811 50.3629212538514
2.81367211683331 8.21887119871732 19.0029688943338 35.7107544024573 47.2081916936478 52.9436010747729
3.71915819847851 9.20855078338218 20.1463736241014 37.3864503767839 49.4452373475835 55.4537223141407
4.40749155814446 10.17907651369 21.6968616952987 39.4868792313739 51.6954174428414 57.7867378987743
5.47518787892047 11.3851115352861 23.1710536435359 41.5584522969993 54.2966844617456 60.6485629709731
6.88568028583125 12.5689204834351 23.8503938215743 42.7178643668242 56.6196143208806 63.527445447342
6.61738459174197 12.5727746830835 24.4331188152798 43.362385748738 56.7562753959651 63.4276667473974
6.10123282647454 12.2292173671449 24.4618870590874 43.2816093070267 56.1450680986174 62.5649998804734
6.0096402309461 11.5999681359298 22.7019026220126 41.1225287498263 54.6030315265136 61.3033137889403
4.57787175361849 10.3284509550497 21.7944124551732 39.6504572441573 51.99814149792 58.1540386127187
4.48916649831289 9.33679122948769 18.9412463800274 36.1344244641739 49.4970425072516 56.1328996513146
2.82491688651682 8.04039997986735 18.4244734097356 35.0071611033045 46.7423067470282 52.5861480700919
2.22226228376727 7.13559403319575 16.8968011132891 32.9059232428302 44.5084305674231 50.2761232621306
1.3786496038256 6.24018216195656 15.9157892970338 31.380579736009 42.3345646310597 47.7873433492852
1.22947923150181 5.47642415164069 13.8735767312657 28.7033792219159 40.1068803097663 45.7590750490022
0.706270260914777 4.70400730758958 12.6043579325849 26.8769943453186 38.0401510128177 43.5727889058197
-0.618031182091496 3.88668484133073 12.8780437128875 26.6792665065889 36.0914886277197 40.7884187194112
-1.12065658708407 3.108351707273 11.5461888061962 24.6886214177103 33.7791538481965 38.3141176345365
-0.654289829254627 2.78492161805601 9.55999158985735 22.1493202543559 32.1921545389547 37.1605883252338
-1.54595651539776 2.23285801495534 9.74392603775599 21.9384781639081 30.6954175556519 35.050134845668
-2.20415346500809 1.64537350150802 9.33807515586236 20.9954260890766 28.8455775830185 32.7674942450102
-2.01655192747894 1.26671847958068 7.77501438457888 18.774056129376 26.943990798891 30.9992293463471
-2.30119431209578 0.848526346988495 7.09898165993883 17.5130810476166 25.1592135583054 28.9572922956922
-2.45142516079339 0.578183807132658 6.59439094887651 16.5072116783391 23.7172245222572 27.3002723549411
-2.15107701103311 0.41733317730089 5.47112374842944 14.7907910585158 22.183021974733 25.8366598656928
-2.17421746707769 0.183202908965328 4.82157534001834 13.5368647763403 20.5400721408471 24.0024701565115
-2.81462205754933 -0.130802424242597 5.22435120535467 13.4758919376419 19.1226441221333 21.9397482628185
-2.17290031535468 -0.0578279710985636 4.10838600774309 11.8092351662566 17.9302278746349 20.9578194023277
-2.32065815702862 -0.179847036540688 4.0644846042911 11.2078120283742 16.4951540599094 19.119819843466
-2.27964446541872 -0.188211427384369 3.97341396449175 10.6357031894245 15.3615909498225 17.7137063203742
-2.18071293830354 -0.169662969061111 3.84750038800748 9.95817974839644 14.0882689771871 16.1508501678981
-1.29977265681719 0.105600923773883 2.85239284980649 8.34786169157389 12.943342052847 15.2083661983028
-1.21324269685787 0.167114240144235 2.87390488339926 8.06949524393468 12.3014817381561 14.3899430683883
-1.00428642636061 0.277463670302897 2.78304012257899 7.72303657212496 11.8162315843673 13.8333147787636
-0.844481038287697 0.344564618167823 2.65853565207515 7.45742130090192 11.5550727272569 13.5712036306037
-1.13681997357681 0.239698229948122 2.95415245200873 7.822575229733 11.6066391998139 13.4790152740404
-1.67624493624064 0.0384418337821598 3.46910380856221 8.58707443982771 11.9794859520853 13.676381092316
-1.76358078703809 -0.0107291914509349 3.48798745407746 8.83679215071309 12.4705714208768 14.2839204868869
-1.05876983093454 0.158753187697753 2.51308837377681 8.03537892192833 13.0675352111337 15.54221618318
