0.796988745716923 1.37113234976457 2.45794142760658 4.12410994095043 5.26022125176329 5.79571069748614
1.28683380717487 1.79738806346088 2.97140274624576 4.63024480011474 5.69289514957994 6.28841245259566
-0.474882824460992 0.0346303708050302 1.21259353435116 2.88187350603983 3.92314998446908 4.52685829954861
-0.30901452636683 0.21210691489861 1.38001787059305 3.04772019581197 4.09859483340943 4.69585577270202
-1.98144150756736 -1.3652486366978 -0.342683639075065 1.32866437850689 2.52686723183498 3.01829221028623
0.835203199113963 1.46305784075083 2.47671403874027 4.14441366216046 5.34890842976753 5.83677534454426
-0.142039769087497 0.398440258062643 1.52512295004628 3.19811291233368 4.29034019371774 4.85829746853811
-0.973073078910979 -0.4392916558166 0.698390270086137 2.36548373852302 3.44903624983113 4.02537840369958
0.679195821407875 1.2138808840475 2.35660186972746 4.01989890624347 5.10325616260324 5.67927468833013
0.0434404978564586 0.606084012148322 1.70817225507362 3.37587442939374 4.49411941863301 5.04653244298321
1.1946311138842 1.75772403970012 2.86209605499557 4.52888239009589 5.64212411906907 6.1963061813731
0.144264103830928 0.703013775107056 1.81398687218624 3.4806903424196 4.59078615104303 5.14832971690882
-0.244490305519025 0.287870017053023 1.43237174151181 3.10284565514994 4.17140154979948 4.75392759656144
-0.663978229348751 -0.199048661076895 1.04134019202063 2.71553525688205 3.68356489842036 4.34172766730998
0.225730644047969 0.777236138108175 1.89956056082764 3.56474816216049 4.66336499588069 5.22895279168799
-0.440197596238334 0.0726146807743549 1.24773361425448 2.91633709645078 3.96129910047817 4.56228115169209
-0.0867446891900619 0.466223871974621 1.58288613890169 3.24980028751022 4.35519313470588 4.91456389016119
1.56952066515401 2.04201462854665 3.27010725330137 4.92892085768208 5.94447696271693 6.56967196641261
-0.0422343227011585 0.512212639114945 1.62305624735144 3.29151742534817 4.40115307465175 4.95875969873938
0.161232403229393 0.719722011657501 1.83081193077251 3.4956908893439 4.60932252008423 5.16366548962089
0.47940603474552 1.05558722091915 2.13869463173733 3.79743886551233 4.94952706197966 5.47746798148646
0.895510104139897 1.41617280427905 2.57509681100666 4.23972789571333 5.30886932213353 5.89119898813659
0.200534712620193 0.74745302645895 1.87024640069505 3.53384321779955 4.63970825970978 5.19958317064218
-0.596959918818799 -0.106132142351551 1.09303646951721 2.76619287051498 3.77834959342268 4.40428569842216
0.819091460261455 1.34761202248642 2.49784214250683 4.16205455684857 5.23886668305358 5.8158843231909
0.321955759530399 0.912790655739382 1.97561236949839 3.63582087595764 4.80580715056206 5.32049805579983
1.93844187233123 2.38320986191913 3.65495621944687 5.31350082519951 6.28267126061146 6.94112770515546
-1.81897412832163 -1.22685979255652 -0.169294811899204 1.50239977090077 2.66451976909055 3.18144621390188
-0.785395121606778 -0.212330254468217 0.877508898490704 2.54653546984454 3.66905029426437 4.21402877473998
-1.51658151516949 -0.912104344397873 0.131675352681122 1.80012161983404 2.97980922994888 3.48230259586752
-0.846013703634662 -0.310243597103571 0.82776404055695 2.49397417638605 3.57771599660498 4.1535087689849
-1.60107630910791 -0.995997228093452 0.0462746859314293 1.71308435448962 2.89456477487932 3.39744009234323
-0.538319873723901 0.0215827685932499 1.13005030145804 2.79970516772946 3.90267751166753 4.46233737335523
0.438745320889432 0.999290805172553 2.10633296363147 3.77057461365256 4.89011948329278 5.44033876880401
-0.223624268632054 0.34706484004523 1.43780314258424 3.1108831835279 4.23880269529048 4.77886644747542
0.169007793725244 0.734988557764081 1.83633132513194 3.50023485788477 4.62709096353963 5.17166997861132
0.0590007994544038 0.614176196739097 1.72497685182917 3.39410498062295 4.50231820362101 5.06134845775844
-1.08251095397264 -0.521969607530558 0.581672798418632 2.24623047450018 3.36492085728771 3.9164055133964
-1.80105291462062 -1.21790938481155 -0.146946118449879 1.52213870299334 2.67094641301015 3.19993090546039
-0.201710714121187 0.368382570282463 1.45396974133261 3.12941705680337 4.25893048242768 4.79720346781194
0.224418880003789 0.770438053549869 1.89816775146753 3.56053619120471 4.6581328840142 5.22344600466224
-0.0431063918852247 0.507340676373135 1.62674466126674 3.29111508235343 4.39440528996909 4.95715646698032
0.19651427221647 0.77672910497518 1.8580641929192 3.52283441052303 4.66842654408322 5.20110475078434
0.111761823648198 0.668145605845399 1.77835186939098 3.44151791435675 4.55917190257632 5.11056795878855
-0.826610990588553 -0.242516215854096 0.832075184010426 2.50191891849324 3.63761117754493 4.175000088476
0.359909507329167 0.907646432748595 2.03190138388364 3.69501346489881 4.79828746419176 5.36079619757372
0.264411073429687 0.830923239029748 1.93353494665947 3.59772927628035 4.72286285278311 5.26899774884462
0.118234689687335 0.673968877109487 1.78507378700062 3.44826936048785 4.56510743144634 5.11704088860648
-0.268075813850723 0.2603147079556 1.41126081603519 3.08104719264011 4.14562587266153 4.73157108771011
0.0752882115064019 0.621792592633462 1.73809753104591 3.41018400049318 4.50872480401756 5.06897595402054
-0.0646776534376923 0.496909983031177 1.60236014255004 3.26530567428266 4.38784432947161 4.93663827529169
-0.00719075227710755 0.543075601077416 1.66245393682472 3.32512142418851 4.42932965156059 4.99241827635931
0.293486619288292 0.891872316477439 1.94499486182761 3.60526049829066 4.78601280220492 5.29049465257888
0.885536941532493 1.43319113718007 2.55532888430763 4.21722446338002 5.32613023416643 5.88510215956361
-0.290353542029634 0.253866261413108 1.38062877781635 3.05209668929132 4.13698048343686 4.70853721248138
-0.211052760712727 0.362913249093138 1.45884252149238 3.12406818333412 4.25167407351841 4.79464848485534
0.686355334008299 1.30189234638876 2.33394218881766 4.00125072914047 5.18736427781245 5.68610930885243
-0.152065325939483 0.394364085602476 1.5131319828013 3.18411470471997 4.28647516547714 4.84720564557426
0.0500946268847682 0.597267654477729 1.72681922638934 3.39006992905406 4.48972704564049 5.05442950225654
-2.25461369426134 -1.62495806312769 -0.62069867691008 1.04821318145977 2.26730845664146 2.74824878786658
-0.230510473580026 0.301235373511322 1.44648299333236 3.11708599199598 4.18462931802599 4.76778467838663
0.110822679204517 0.665968505282232 1.78202984829554 3.44175190065852 4.55518773810769 5.1111156534374
0.0316152045709417 0.593581705983247 1.69610027937293 3.36382451977539 4.48145877067485 5.03440218624098
-0.0529497321416264 0.498133334288855 1.61622465869891 3.28143934406478 4.38540473194533 4.947395227456
1.33970061019811 1.83753763934006 3.02877933429656 4.68666286004747 5.73694037982305 6.33969805591934
-0.394420547540561 0.17164811441862 1.27075148250414 2.93464589528745 4.05996574527584 4.60451521769135
1.70064914917102 2.20722305104665 3.38922130126945 5.05451792905105 6.09295148388212 6.70096754907282
-0.0013262524766891 0.553421047926955 1.66160847260929 3.33273572081235 4.44086824156362 4.99598487398354
0.458252777497726 1.01846127158119 2.12040252691903 3.78501506069121 4.90912037838462 5.45671464779561
-2.34914827137815 -1.67882012937163 -0.733543210584814 0.937260272386833 2.21450591357397 2.64892188830777
-0.524540140913659 0.0433955155161851 1.13966868651119 2.80692483246096 3.92681830346356 4.47497828779421
-0.0376625023698966 0.513285716702043 1.63046177530408 3.29525521398698 4.39959016246456 4.96223905089407
0.183234617896348 0.768096959051971 1.84055679712076 3.50554524335409 4.65927441524289 5.18654695371912
-0.607206344705188 -0.120382625017548 1.08470554836862 2.75837106905513 3.76346533902708 4.39465267539298
-1.52932296149983 -0.969098896003926 0.133414703255888 1.80246809228894 2.91844873259854 3.47070602618074
0.165434027478743 0.741567400413941 1.8296623373526 3.49422413955893 4.63384363576557 5.17042789011245
-0.903102905636562 -0.34079343813429 0.758990142991366 2.42648606467343 3.54775278033889 4.09711695030605
-0.393080401851224 0.173914028489451 1.27195425880302 2.93554135918969 4.0626426578607 4.60621651366884
-0.0700503647983388 0.468503613703304 1.59901146534488 3.27338495093779 4.36130685397393 4.93266631754119
-0.781152593181453 -0.313303714721257 0.924807864160423 2.59879691692439 3.57055482492795 4.22430492540909
2.08695225384882 2.57569781366982 3.78785842657429 5.45472083180472 6.45852409793539 7.09145568072016
-0.297960569973433 0.246894030513084 1.37361524752748 3.04503849408908 4.12970530797053 4.7011469690062
-0.0877771055965922 0.473912562565983 1.58019081321016 3.23989432381805 4.36362589019871 4.91271008740876
-0.284701823599525 0.258906929296768 1.38526023174712 3.05672034050713 4.14255635395318 4.7139205251961
0.295313554021457 0.835435840487416 1.97312478598834 3.63752330664097 4.71863546229366 5.29667013261602
0.0653473641616548 0.622952500650233 1.73152414360897 3.39992602747421 4.51166461182238 5.06924991258904
-1.15863769849952 -0.566484850462192 0.493472010124498 2.1616680875323 3.3213354097684 3.83803157351099
0.385049583582589 0.974904046690628 2.03916610579482 3.69745528557198 4.86810779725392 5.38325968120457
0.301667196655737 0.839089727695026 1.97861796992607 3.64238937872283 4.72412414490071 5.30033968592434
-1.68052970329748 -1.0705133397148 -0.0355684378259029 1.63105061300989 2.82034483947286 3.31800673122764
0.253486480638891 0.806644744708707 1.92359728959041 3.58737831312169 4.69881878048077 5.25416563567499
-0.131306458857642 0.430678891292803 1.53642649369664 3.1964905005839 4.32069762175146 4.86914204207311
-0.18181770442863 0.360307196066433 1.48526247061993 3.15747856993165 4.25116957042349 4.81804816337644
0.0835522661057784 0.628245096147422 1.75882201970399 3.42134959560297 4.52101731401092 5.08660978714606
-0.0949830585188091 0.462913849035287 1.57019497933978 3.24012813561861 4.35247079456408 4.90577048352416
0.201483221177833 0.777400775371165 1.86604644258797 3.53064326217639 4.6694373601859 5.20655310344517
0.230568281488597 0.779163415599765 1.90488350653813 3.57024562848112 4.66401531405541 5.23376621986922
-1.1982921528732 -0.607719928763272 0.453763980011658 2.12210920188395 3.28184399580429 3.79904382722377
0.0262559169498646 0.587651923651926 1.69484789274435 3.35667429836106 4.47804220764531 5.0285005915845
-0.0564678196212785 0.494803131396633 1.61574788039516 3.27999026887097 4.38304433114486 4.94528366879423
-0.25258677122274 0.271462429656198 1.43109995979953 3.10029218817605 4.15706233068866 4.7489526917587
-0.979462496282639 -0.39326140650312 0.677411838805004 2.34623711409988 3.48926781212493 4.01973432361831
2.04050194181232 2.53265369874903 3.73941624140592 5.40615399756728 6.41550195114954 7.04425637752913
0.162128968587133 0.746290719927674 1.82158139749957 3.48647979647094 4.63798648987594 5.16670185982372
1.46339267138763 2.00430175940995 3.1395349154368 4.80625002037576 5.88770643031902 6.46494701722504
0.574272530133247 1.16026757206131 2.22985769324207 3.89456543150432 5.05235624986884 5.57309770430774
-0.0830057231813226 0.472570625706516 1.58193188736842 3.25176118613939 4.36596499244889 4.91828693191242
0.0153829232688104 0.566613571339768 1.68706744469035 3.34891705685448 4.45428365708439 5.01664570746486
0.167507706931819 0.752861900984059 1.82553843590432 3.49049716635562 4.64427865877074 5.17149637457361
-0.52313879612613 0.0102642317933952 1.15676203756575 2.82380158575946 3.89743881439721 4.47972580269685
0.354751245673017 0.966854707074333 1.99956506916948 3.66391320188394 4.8599394394333 5.35387644153659
-0.202168531918365 0.360855652326309 1.46513392810019 3.12605126014746 4.25145985496212 4.79870690101634
-1.06858111025367 -0.482574602310101 0.585987677999664 2.25403952800073 3.40365254212216 3.92786801079251
0.531341887508407 1.08523021802682 2.19387330273486 3.85787610387731 4.9764896889517 5.52873679851601
2.05655474331856 2.55010741962116 3.75612947654846 5.42370159880129 6.43419436697656 7.06240471623926
-0.703329123891505 -0.214551365308524 0.988676361658666 2.66205118245879 3.66867668201286 4.29994022800368
0.0973941307080946 0.655305737935401 1.76740740238576 3.42841741623745 4.54519340626072 5.09910622221246
-0.0192925733735955 0.538970445113043 1.64608095844702 3.31630186125121 4.43031979326225 4.98375680630679
2.20382107889094 2.67195477547641 3.91658911416386 5.58392902081771 6.55858713729148 7.2117866978908
-1.44836509797316 -0.863537446656001 0.206608814887405 1.87122098544136 3.02475242771352 3.54955357579224
0.592794289492539 1.16283444893451 2.25312053072245 3.91372080391347 5.05654358866729 5.59105230955296
0.365912149199199 0.9468363394049 2.02096848555669 3.68131595820871 4.83878546499209 5.36444275106232
-0.223442048112652 0.328033748669964 1.44224473994772 3.11004294855907 4.21820060023619 4.77461847715771
0.886338394154249 1.43069584105309 2.55703745239578 4.21754497807158 5.3243474975642 5.88605123388881
0.446588678139161 1.00896876977653 2.10434243741125 3.76774616021506 4.89953361464482 5.44385849632684
0.377006659444237 0.991992956517532 2.02114661731399 3.68673844051311 4.88445447504893 5.3761890524099
0.326220958977553 0.867840135256029 1.9976257669008 3.66011515686157 4.7576944548427 5.32514772483758
0.947817504211906 1.46374919404328 2.63581881748022 4.29955386047655 5.35340659662391 5.94593613262453
2.15100512869912 2.62462283212397 3.86276713183379 5.52995338476092 6.51222728100191 7.16020819666084
-0.588244142461599 -0.0830283869491596 1.09698909283429 2.7677602982706 3.80413598760093 4.41332617955723
0.352594594169703 0.943461906485981 2.00668108825446 3.6656316256104 4.83705505110853 5.3497763597516
1.74826453956335 2.26900143781245 3.4337887989889 5.10069799506137 6.1515276994953 6.75063838753484
-0.860759628225273 -0.381031528501182 0.839643226049953 2.51343748913269 3.50333667368173 4.14423761904684
0.427672847968096 1.01276311971097 2.08350069817715 3.74173701232391 4.90597618772099 5.42614605570314
-0.275736905628365 0.267388261858967 1.39855719844753 3.07000177902699 4.14941377600474 4.72349357686061
0.479634971854875 1.04049689382094 2.13825872529008 3.80033901418023 4.93167529572193 5.47675444239369
-0.0141236900654947 0.546304876312611 1.65126083811253 3.32064533538379 4.43780720551391 4.98887262608171
-1.04862896211282 -0.499153278707997 0.619667326138445 2.28419705208684 3.38835532530674 3.9497896234301
-0.0681679320456207 0.490379888781876 1.59428866826026 3.26558504661793 4.37843046202421 4.92976463176817
1.32044198751887 1.81335845826589 3.01032956573035 4.67059037996567 5.71588144588395 6.31894462811954
-1.13856389048564 -0.580670187149979 0.526613698240657 2.1907070331554 3.30656392093813 3.8596292768904
0.0810319500631998 0.634778991495696 1.74902619935883 3.4113632893955 4.52448818673375 5.08035444965542
0.810779440462881 1.33820664308791 2.49337839013365 4.15701309480081 5.22756176215169 5.80933375353772
0.614684148643173 1.16118993268102 2.28433529205265 3.94882020938546 5.05245578802913 5.61278596812397
-0.730537068144036 -0.178468527787979 0.936503337475596 2.60420762291144 3.70959366148355 4.27004964231363
0.729469317830323 1.3077677270182 2.38857860420325 4.05452784712031 5.19767188924001 5.7280893695648
-0.325715285315138 0.224502575556333 1.34126565225801 3.01027649272256 4.1095533722509 4.67284742653385
-1.21148672379184 -0.655833639561061 0.453432986459231 2.11734487460393 3.23212763298869 3.78589563687741
0.40527452597641 0.968283802339619 2.07289715130091 3.73709492787857 4.85915958535065 5.40769301879892
-0.367469344696234 0.184490993843577 1.30005989049699 2.96911212241385 4.06797536032953 4.63153362448823
-1.53057727976219 -0.928922238343612 0.118566234547347 1.78587760881082 2.96178483054148 3.46802828837401
0.359592804670561 0.965979569320925 2.00636016585526 3.66938873917544 4.85935232493484 5.35831095526385
0.406045294377382 1.02795022161632 2.04837596620437 3.7155508710245 4.9187105561501 5.40450872945851
0.514501639847883 1.05782717113943 2.18878553601565 3.85142753400417 4.94672439164578 5.51650527572432
0.130445984827495 0.681217750724742 1.79859124769996 3.46674151240627 4.56744234673803 5.13241137350871
1.66638361752815 2.12427162424739 3.37323923985912 5.03303379621697 6.02907283274498 6.66632646401458
-0.139036799849373 0.424108521626866 1.53390203971018 3.19852799616533 4.31336902103649 4.86623889284094
-1.70470397873305 -1.1259233182423 -0.0500031823315522 1.61490820345514 2.76647700186857 3.29378657175679
-1.16124929454175 -0.620651889557833 0.507247304405881 2.17428139097393 3.26759217383604 3.83687081792684
-0.93715314342076 -0.358286022647587 0.720978758197846 2.38920904607955 3.52559724266424 4.05963057889609
0.00837819956894071 0.563824118913742 1.67277205324032 3.34042101947091 4.45192000195949 5.01015972296904
0.356243363103549 0.968684652504502 2.00096081893867 3.66543506297366 4.8617254516437 5.3553927503673
0.796978152965394 1.3275740190985 2.47503478763296 4.13920072389836 5.21868664025803 5.79398239958766
-0.236840030929223 0.335616526691037 1.42671600154788 3.09833377075323 4.22701347531656 4.76670399123814
-0.488477679011838 0.0417419904675602 1.19355323184179 2.8606094528742 3.92887432603 4.51471469673556
-0.355190200470491 0.194553104456783 1.313008245548 2.98276466375785 4.07778036539973 4.64360023655979
-1.02360858893833 -0.484921022495264 0.646109592493737 2.31226672602502 3.40355185333448 3.97433570694126
-0.771374852885709 -0.296614174181445 0.930320528577947 2.6043051696851 3.58688109049247 4.23419591259412
-0.883847377477769 -0.358325392576524 0.790988098016145 2.45961106921117 3.52957502649704 4.11535740010365
-1.11946473289748 -0.586992696536455 0.552933310158372 2.22213592865223 3.29948923774924 3.87942754745247
0.738468826393993 1.26996641233184 2.41794542108136 4.08144689245854 5.15940629586318 5.73772015642618
1.35109241546189 1.88211871745221 3.02895575287626 4.69435398989075 5.76944706756747 6.35150612445207
-0.210600854885231 0.334776780948298 1.45600263095267 3.12686720183884 4.22484523113344 4.78864469940282
-1.81472819755736 -1.2231498483272 -0.164235580956464 1.50775500683053 2.66805157134737 3.18715758316491
-1.89366689599987 -1.30009446577745 -0.242710927092809 1.4268700477188 2.58902330140241 3.10847070751479
-0.0243836319622021 0.526958209763279 1.6427242015573 3.30730768720356 4.41259915313571 4.97527419220084
0.392320722197614 0.983823871391973 2.04471677713853 3.70470826680765 4.87757328452362 5.39015397929727
-0.00411375051069034 0.559218853963165 1.66201216489597 3.32954431827696 4.45110738563029 4.99881687564528
-0.716712454049372 -0.136888750761187 0.942727489087195 2.6120329222364 3.7444596378205 4.28374845349292
-1.67646125936158 -1.10391512222663 -0.0180272243223671 1.65360790603911 2.78666341303497 3.32288721101383
0.424109987694416 1.0179071230943 2.07562855589227 3.73762933116899 4.91143080061363 5.42249400841633
-0.408268171209283 0.152907604868954 1.25729699125419 2.922996968054 4.03805247681858 4.59005212149883
-0.234529403612194 0.299705313665994 1.44171564576358 3.11251921252034 4.1825268147426 4.76375363954355
-0.0370751403601729 0.517679319556833 1.61969157458745 3.29490012935936 4.40667511554178 4.95497223723541
0.923165100792898 1.45844140211533 2.59737083516855 4.25396853771016 5.35303067611769 5.92303386350639
-0.400973909835597 0.106855428524742 1.28914917708022 2.95841009234801 3.99603488417193 4.60174343952977
0.352183393258973 0.894577048589069 2.0235904600114 3.68607514348084 4.78414808807153 5.35130089196811
0.634846605558904 1.19855528898935 2.29773050425818 3.95705809747063 5.09223790510446 5.63344820351828
-1.00506051947209 -0.471593886291564 0.666433772833572 2.33392500970593 3.41657687953924 3.99347802786379
0.367832229770557 0.95166072254517 2.0233704337983 3.68364710039977 4.84466093704314 5.36668040159133
-0.217562079309206 0.338769437495217 1.44789382354632 3.11323045611293 4.22957683552942 4.78061969618666
-0.71453225979158 -0.220182259684093 0.974634929690462 2.64775316405754 3.66371091381143 4.28776270812141
0.346675657501488 0.9306919648989 2.00108926039714 3.66129160362719 4.82265355230413 5.34529994656762
0.129517561031916 0.672105002936924 1.80445953877631 3.46737189892636 4.56473166560696 5.13190359881597
-0.193570755435596 0.366798254608567 1.47296369859223 3.13546071742963 4.25747579931321 4.80582454168439
-0.311282012897834 0.234320852394786 1.35753864439452 3.0283126195353 4.11786147264419 4.68709471758562
-0.692515672789817 -0.176701104811813 0.987749285593714 2.65722980193622 3.71115483732526 4.30839315022196
0.5750678304635 1.25318609960018 2.19238021406561 3.86142025670305 5.14233846916313 5.57500384124164
-2.23446891243658 -1.60715661001518 -0.59906390309841 1.07014716089139 2.28461179575309 2.76853180442364
-0.94013567914683 -0.429345520360215 0.743547836863846 2.41553839161664 3.45490903411944 4.06304839092449
-1.99743020793429 -1.39304386788891 -0.354646342604466 1.31157076672095 2.50114575591928 3.00196597492821
-2.15919640796041 -1.53761209590696 -0.523418610034541 1.14367647399605 2.35635995312235 2.84116683400766
1.12231977349273 1.67906143731943 2.79098283106195 4.45734187021094 5.5652714841791 6.12278469403927
-2.43890220979806 -1.77385459812922 -0.815431020845202 0.855136679882208 2.11831470576033 2.56304038260546
0.0485363766189454 0.597954179734727 1.71097646913287 3.38286197536812 4.4850960877168 5.04340163121826
-0.645088949805546 -0.133567370043169 1.03727777192783 2.70729989927945 3.75408116151283 4.35622636476731
0.0836111128670659 0.631200816126856 1.74775297144743 3.41878073923535 4.51774932142293 5.07938746337111
-0.0771436413207726 0.477971755753845 1.58783490600965 3.25813994992741 4.37141769871003 4.92430007610296
0.218051720736639 0.770465779011845 1.89153698468034 3.55685607416333 4.65674506393516 5.22147162235131
-0.245474566754899 0.290920394575751 1.43031480910395 3.10120628792265 4.17341208836199 4.75291171287825
-0.667186911438822 -0.133283214162478 1.00972478678688 2.67605345383367 3.75419794727114 4.33433899374021
0.63658986967031 1.18044661722258 2.31084082099634 3.97453772245335 5.07054617429471 5.63630299394945
0.168588693057977 0.720652861316316 1.84063208642148 3.50221448662938 4.60949750108193 5.16876957847974
-1.16284877029994 -0.569262427759218 0.488993385875895 2.15718540743568 3.31821191020455 3.83397882194237
-2.16168396333798 -1.54059375741123 -0.525734029342578 1.14152101893347 2.3530763231771 2.83877659551518
1.27272077569959 1.86043637125141 2.93344325050403 4.60115549128901 5.74681480302992 6.27761198387858
-0.119542733961234 0.419022386513494 1.54822443444536 3.22198450263251 4.31128675237574 4.88134343501859
-0.248079902637214 0.293451277457012 1.4267726678466 3.09848292090799 4.17562484130911 4.75106122537948
-0.483308988438545 0.0795072606636559 1.18224531831812 2.84996888998743 3.96220548815999 4.5163459105791
1.16317645642778 1.74129285898734 2.8259230396879 4.49284898446105 5.62505242764611 6.16581127346162
-0.56086732893371 0.00844116339754005 1.1028633396709 2.77093448845268 3.89090875312064 4.43916549989884
0.0549947103942789 0.613364451729865 1.72478980076652 3.38410890107297 4.50295470024269 5.0560465473907
2.11447065081348 2.57722004153421 3.8250100062563 5.48868824364213 6.46354904106703 7.11521344248672
0.810352585152688 1.35546784354 2.48107763882604 4.13758880542941 5.24934109447701 5.81012467060343
-1.1831048221624 -0.635236486938856 0.48338120127366 2.14848459899891 3.25358865760598 3.81435485141286
1.92746526475515 2.43459642460566 3.62584325655878 5.29344963784383 6.32384382619337 6.93757663539833
-0.744543422773592 -0.163419124792633 0.914562370776912 2.58405056893128 3.71757359613304 4.25620178478843
1.93888734661955 2.43338104491814 3.63473879532098 5.30078586893752 6.31719938092833 6.9401340529363
0.0973825504001068 0.651237912159431 1.76507828643631 3.42771971074236 4.54148477423782 5.09647872032534
-0.858144907961885 -0.272090104879947 0.799744171137184 2.46965013222285 3.60805391616794 4.14359130703825
-0.28465864360583 0.236765105108766 1.40341339424137 3.07151764758266 4.12298842280296 4.71947828506339
0.356794090715467 0.945746460197382 2.01202974529992 3.67208888151725 4.83952166285843 5.35521153067982
0.15092258300412 0.702115067267321 1.82379548117345 3.48317924110005 4.59057776010999 5.14974252900869
-0.122582959928436 0.439853588803071 1.53920089477269 3.21121951766089 4.32898072714965 4.8766734152951
0.695212523404034 1.24449262803803 2.36297369591904 4.02338169739517 5.14118233704527 5.69438670062798
-0.0110468060905534 0.549680544715137 1.65751810894955 3.31715907587832 4.43932641153886 4.98992791271622
1.23154704365688 1.73280783360893 2.91789326603342 4.57822092742087 5.63456240319412 6.23001287954811
1.04241453186921 1.67443975131595 2.68253613999904 4.35147595174645 5.56614099627967 6.04693827134358
-1.85083484209495 -1.26616729786857 -0.199891659233566 1.46724114036095 2.62443431968304 3.14770847243907
-0.814792927250573 -0.231088160018625 0.843989972574176 2.51383385922805 3.64906877375426 4.18677655071976
0.558016122849435 1.22537017015952 2.1810245197809 3.8495743494174 5.11264778584811 5.55748527769283
0.0914212896255447 0.650577221014534 1.76097115266068 3.42268293488716 4.540753518696 5.09365948086497
-0.0680081036874391 0.476697224100632 1.59948594225238 3.27268674309183 4.36969344657355 4.93386439088663
-1.83457377850741 -1.24532660288227 -0.18475818566308 1.48075531855138 2.64799428893585 3.16432352207037
-0.205861522959762 0.364947547150579 1.44852858864753 3.12464081329636 4.25565516704333 4.79263045368877
-1.35459233362269 -0.790652439791978 0.307276472871586 1.97084092170296 3.09771921250358 3.64266012485468
0.00751206213175527 0.557924779461636 1.66581574824761 3.34042601017964 4.44645964259438 4.99880219603568
-0.107690694972767 0.453405829391986 1.54578908323671 3.22264964598405 4.34334443316221 4.88494547827452
-0.197656429741117 0.372530064710702 1.45580657716486 3.13240633299214 4.26321459760888 4.79995855796676
-0.259638940064012 0.316588170557425 1.39539427280622 3.07132419505805 4.20833264274149 4.74159237171267
-0.281839178726548 0.297010012253839 1.37754427759995 3.0510892672836 4.1888679708223 4.72172639102126
-0.278821937311761 0.301797360293692 1.38481059772415 3.0547863500983 4.19218266123751 4.72605534422063
-0.240077090892287 0.337680401328764 1.42784849875794 3.09414645038992 4.22666285634778 4.76554888853975
-0.182091291395831 0.389107591492378 1.48930300954322 3.15333663868209 4.27824930236238 4.82378418041008
-0.101333300137443 0.45988826686499 1.57331713410733 3.23597979882275 4.35045007904367 4.90449544229977
0.00938222911647588 0.559692035553685 1.68492730769902 3.34743078480663 4.45204387461096 5.01370104456281
0.131402614756245 0.673183816634704 1.80622838100557 3.46868702142403 4.56588743679189 5.13356449418648
0.261792835553414 0.80054920818222 1.93483546649444 3.59704718488916 4.69139241038354 5.26165796267122
0.391098305283104 0.929950848778718 2.06328611316045 3.72539774122285 4.81889400864783 5.39010235607131
0.53463737788866 1.07252909430566 2.20853047664246 3.87081940113351 4.96067315970857 5.53498024421164
0.684766029482586 1.21713627858045 2.36212576538293 4.02525612353571 5.1061646179806 5.68478405192249
0.829755356904212 1.3548061322379 2.51376996300071 4.1773470840036 5.24382042028896 5.82852400224717
0.961143482937421 1.4759035639315 2.64949801239484 4.31324670598972 5.36577010337695 5.95919773639132
1.0814027639937 1.58558773746433 2.76855490940718 4.43292538136944 5.48031913109298 6.07722191107514
1.23331862031124 1.72459540477543 2.92266353981852 4.58685276153354 5.62387195210945 6.22833812866857
1.32399124713279 1.81032859463015 3.01568444158196 4.6784974539285 5.71211795096291 6.32027077470287
1.47075509371467 1.94493747057576 3.16826468432562 4.82979870519415 5.84934060670625 6.46844458705128
1.64979002034019 2.10852637890633 3.35602510829751 5.0160297707377 6.01349917270081 6.64949298528823
1.83960745058525 2.28755829712065 3.55337893478483 5.2120698413852 6.18981315120194 6.84152148388076
2.01902046751312 2.46046236273147 3.73780905858792 5.3966400888775 6.35790293265104 7.02184988601087
2.15762993744802 2.60037475186048 3.87658956476114 5.53744406416655 6.49177988019523 7.15921565427512
2.15642149396875 2.61616559996841 3.86878482193394 5.53254481996531 6.50212388650809 7.15743999904566
2.26639479946402 2.73184228942493 3.97805640020659 5.64395577990413 6.61473514945843 7.27019697255461
2.33667222159249 2.79817878703857 4.050483871657 5.71754843845259 6.68111571759311 7.34289406322831
2.37635634856848 2.82686453099231 4.09502841924271 5.76238865697465 6.71126417238738 7.38301938093751
2.27634814281592 2.73340956245225 3.99370809378936 5.6608784430589 6.61963278766082 7.28410262517555
2.0819842733759 2.56486366659418 3.79070738675483 5.45789881652263 6.45332123322018 7.09210768695427
1.73535895625519 2.27074409688511 3.4212281511084 5.08916796260272 6.16152393089978 6.74510657660725
1.30464830805988 1.90250205171719 2.96135035297916 4.63004510199935 5.79486644523996 6.31169575591572
0.956651722289304 1.60035905819617 2.59098156284845 4.26009162407509 5.49230756701852 5.96041787227934
0.64078853377769 1.31750591896309 2.25863178355872 3.92789043647169 5.20790711957106 5.64147267132751
0.521717837749009 1.19589297790763 2.14131622237945 3.81004020358604 5.08348647687923 5.52090630945108
0.487426549733515 1.13560903029872 2.12039979153283 3.78846405469439 5.02226946702832 5.48606430703117
0.408276390796421 1.03793707607454 2.04816220936071 3.71590051909147 4.92757264873454 5.40656274263018
0.351158828891097 0.967591539246364 1.99446697886907 3.65982583503767 4.86047214193797 5.35053799746674
0.349305344598749 0.949224404223368 1.99824356505428 3.65923835314791 4.84301330383889 5.34729863397285
0.356802285851017 0.949766605791148 2.00973316172352 3.66806567541397 4.84300982535681 5.35481445631535
0.318018014066456 0.913859979223659 1.97018535453153 3.62898928884096 4.80734902725955 5.31504120973581
0.285939763946155 0.885237029148315 1.93714193811379 3.59758967563563 4.77943676009733 5.28294816021352
0.296918450039526 0.889521162831406 1.94946710488557 3.60953992434167 4.78185842006308 5.29546091976118
0.300666932820357 0.885066860988196 1.95256040506879 3.61316270229589 4.77514567326913 5.29886856169854
0.303415726789169 0.88189294649464 1.95499913772648 3.6176263253027 4.77130102768064 5.3012461959552
0.255778416960832 0.836961744349964 1.90723095816231 3.57160249419938 4.72662923545184 5.25461076608093
0.181124507975524 0.768532185675183 1.83446453696885 3.49948910781588 4.65904505880515 5.18278734000935
0.142794960246181 0.72834415776647 1.80197490255122 3.46690028019387 4.62017221547765 5.14768973283791
0.122470714593679 0.696612407592575 1.78653034075394 3.45079192307638 4.58879799591122 5.1263315227084
0.0984202684365859 0.661468064231384 1.7636931174728 3.42713909419399 4.55273944332692 5.09847491495781
0.0702400232412924 0.625943035970323 1.73718018010604 3.39950949695241 4.51541445636668 5.06925009202477
0.0316889025157181 0.584489703255298 1.70134722104616 3.362904212641 4.47204314359928 5.03191934638268
-0.000292459011751196 0.550955969743004 1.66864144071537 3.33142606284526 4.43705359715127 4.99940116497141
0.00163166639732518 0.556462975761453 1.66713096348029 3.33234593445859 4.44213005673662 5.00193905562026
-0.000186091931819264 0.557606298651442 1.66483180441176 3.33348264655601 4.44610339825373 5.00225888493249
-0.0290760055671724 0.52120184533291 1.63799050970448 3.31008997276129 4.41275895916249 4.97407101658609
-0.0615468944401134 0.478107160135291 1.60753333466831 3.28176822837503 4.37098998085233 4.94146848707628
-0.103662812158107 0.430983510752291 1.56533675554603 3.24016122048315 4.32288953361517 4.89775956356059
-0.139201563505078 0.394083109472713 1.53023310034889 3.20502721996699 4.28372040919938 4.86083936214876
-0.191981567458647 0.345150371024404 1.47875380909568 3.15219331137421 4.23123177192511 4.80721925246316
-0.211514250917892 0.328331667710387 1.46188270605629 3.13452300319389 4.21189029689966 4.78761432037511
-0.216384756682269 0.322730434853086 1.45913112416814 3.13098056700775 4.20494465341852 4.78249245239664
-0.215875043909182 0.31707205009458 1.46050737152976 3.13143152016364 4.19987051258696 4.78219363906116
-0.228568128751576 0.29699298035533 1.45225288286393 3.12218536504328 4.18203287240412 4.77116249066931
-0.269073756503569 0.251328978610975 1.41997195112259 3.08804617975213 4.13751447635127 4.73541233177816
-0.306032458708026 0.20725962550482 1.38699706725519 3.05489182165694 4.09484874070647 4.69928966443949
-0.374812566191971 0.131480688149721 1.31652187083668 2.98592173808335 4.02076892130051 4.62829019796422
-0.423600552188219 0.0790208914359831 1.26661822947008 2.93685627927649 3.96762785367274 4.57843654822819
-0.463011299496676 0.0356612510978167 1.22674917234022 2.89799638594276 3.92312843702261 4.53933867163474
-0.494139954571234 -0.00204464409387945 1.19655261509779 2.868984427465 3.8837467007099 4.50775416697414
-0.530259365117012 -0.0457289636552171 1.16251280573573 2.83625541014603 3.83847570172031 4.4712245593706
-0.550693268604849 -0.0777693443007604 1.147686964081 2.82205926948227 3.80484448049299 4.45254410575144
-0.556831271566617 -0.098711530493716 1.1502518655445 2.82475395424013 3.78311376358924 4.44864472058591
-0.679274938586205 -0.22157533094825 1.03077098684557 2.70501678397082 3.66141644942631 4.32684971520774
-0.921185674453995 -0.440174660240183 0.779439475174276 2.45300640185297 3.44489614539025 4.08299948439404
-1.2905924472166 -0.766924060541945 0.390635437362716 2.06311009546065 3.12095388131719 3.71046124621369
-1.68826904497994 -1.11420861609651 -0.0306036142127048 1.64094538216132 2.77646196292733 3.31074041639411
-2.04648785767141 -1.42013529727345 -0.412930552591731 1.25800551520192 2.47237923204844 2.95186916060321
-2.34357844369523 -1.67351217689462 -0.728099989099829 0.94268490587095 2.21983312146285 2.65434210281702
-2.46048828017202 -1.78106375110448 -0.846015376174399 0.824649270881622 2.11194684992483 2.53882889865263
-2.47018814718171 -1.79952776884108 -0.84907146984977 0.821548270833302 2.09281865997976 2.53144772458596
-2.38785485081113 -1.73819382495044 -0.760028298148263 0.909927685670322 2.15408349536085 2.61560597651216
-2.26202939110413 -1.63070022478647 -0.629599370507537 1.03866638477866 2.26237962428437 2.74016995704345
-2.10021006304267 -1.48391243141449 -0.46243132594491 1.20403922503931 2.41064632492593 2.8993794585882
-1.93905922737108 -1.33391637864266 -0.29511198140523 1.37036173384348 2.56007154946701 3.06008315262645
-1.8357905158318 -1.22729117312611 -0.1914464778253 1.47351075753417 2.66428872033653 3.1626551886259
-1.67598703998331 -1.06408109648904 -0.0315855668274053 1.63546282959138 2.82699081885289 3.32263783073569
-1.51775216523499 -0.910879665196313 0.129698877489896 1.79849668980365 2.98136884522296 3.48094613381444
-1.37729742235503 -0.774935885498955 0.271355024899835 1.9402414077694 3.11657231106942 3.62030255415887
-1.23829499969998 -0.640337318884203 0.411698956565528 2.07999523535883 3.24867550950469 3.75835602444703
-1.10930768748024 -0.515380374279753 0.543722779448234 2.21215704575543 3.3695119028355 3.8889264203759
-0.972032977704169 -0.3824630029678 0.684054728059198 2.35345102748876 3.49903366812858 4.02865992358626
-0.847954295040505 -0.261424596604728 0.809524716182344 2.47955494144698 3.61864658233593 4.15375910407262
-0.706284084027731 -0.126097304354212 0.952748131568999 2.62196147584696 3.75567583456459 4.29381110436734
-0.554030216796433 0.0187456308936687 1.10849354513801 2.77530225199134 3.90356482682697 4.44528843986198
-0.408338810708322 0.159780705186934 1.25632375927375 2.92002927344837 4.04841210913136 4.59110684785747
-0.2734780813456 0.292002001341257 1.39318870026353 3.05447741879051 4.18243487319886 4.72761828304235
-0.134479110877341 0.427966060510372 1.53395301358051 3.19276065140964 4.31784116088386 4.8664511666892
-0.00230438823911313 0.556688660923241 1.66763443343497 3.32475260967786 4.44561729967614 4.99767433866838
0.116894835372341 0.670074435358589 1.78932147832802 3.4474447771233 4.55868096863222 5.11577450351005
0.213623835450546 0.759318721465913 1.88788500984475 3.5488130208456 4.64695665906988 5.21167939683332
0.292371070175039 0.830077147024545 1.968824259745 3.63215773146606 4.71574327967543 5.29039751065838
0.318269690505177 0.854015704177457 1.9966859593433 3.66074502656966 4.73742753426058 5.31777612301672
0.306311153327623 0.844311508314399 1.98482941517412 3.6491779550771 4.72657141341476 5.30756159301257
0.259245460611648 0.800555636444739 1.9343957765724 3.59996485213702 4.68359228827181 5.26068721258738
0.188307117141348 0.731094061022934 1.85840949325473 3.52645365352233 4.61551918911275 5.18722433979057
0.105819043297333 0.65036441728299 1.77034707402218 3.44160241721254 4.53665098232993 5.10011907404086
