8.77987100306503 12.8014796053363 21.3418557564134 39.9591811268793 56.7085178804189 65.0835182481435
7.86375238004944 11.4455770197474 20.1859985230784 38.1616107712538 53.6609863116934 62.587472974797
3.33526952854765 5.79052629932612 12.4714234374717 27.287505353148 40.253098344542 48.3869604723099
2.14986060728546 4.17850375865787 10.1039504708774 23.7679461986187 35.6807269319244 43.5970163980093
6.98869528316018 10.3096964438043 18.718260641061 36.4316688643009 51.1873999395357 60.146789351222
11.1490920766458 15.4452228324479 25.010325777554 45.033983394528 62.0785241290508 71.2340698343597
0.035666211084216 0.685422429800058 3.30767568220527 12.3479874265186 21.3923310495951 27.6256962876143
3.80774968297935 6.51341083197955 13.1827237768693 28.3886389933206 42.2175651867974 49.9993929258896
2.44407023140165 4.54491877424384 10.6754276151861 24.6710263183739 36.6672587615777 44.7383789247995
0.306624484000147 0.320871674341801 1.70072238665981 8.74583901195952 17.17546581442 22.3452634464087
10.5307798799572 14.6614348379425 24.1592345868865 43.7893710050221 60.4321939635373 69.6509409486531
0.633637573006372 0.224618357667597 0.975516558579409 6.93871182723177 15.1128839777421 19.6020363226175
1.32127004696208 2.99838077055212 8.12969103944051 20.7240882508685 31.8135304670728 39.3994861174011
7.43446089005379 10.6350418469891 19.6965162116362 37.6680047010915 51.731203133946 61.4939578411133
0.823297177510433 0.20631876357411 0.683779767234522 6.14995086619975 14.1992549572759 18.3779132198804
2.92291593250386 5.24284021437371 11.6712315290532 26.1028754860585 38.7712610313451 46.8019138352856
0.0783173912166176 0.650930772773467 2.93100112164747 11.6899277077353 20.9311967981077 26.7210715355492
7.31697205590629 10.5826205121345 19.4964780110515 37.089776628564 51.628644453282 61.0154355844264
0.213436828263832 0.358224651305645 1.90172011216221 9.37267993383746 18.0946459684644 23.3066923040797
0.703329501014805 0.214140185380212 0.874518309888365 6.65259798293765 14.7606077157806 19.1524969867939
4.85006042778635 7.9821246694563 14.9778887348705 30.9395592892993 46.1077810387547 53.6152579447708
3.50116823236366 5.92487689388073 12.8148626028214 27.766287152068 40.6026947688452 48.9368099756616
0.832213949473805 2.39598159322542 6.72006482271705 18.6821417504472 29.9025618024056 36.7270828258721
5.68538512407943 8.68115138110775 16.6660394860596 33.39857399337 47.3622929497029 56.2471928481325
3.18420850268266 5.52549265317792 12.1752002416347 26.852445781365 39.5239802276064 47.7256421135454
3.89261531326949 6.78576648737859 13.2363503910733 28.481788900842 43.2751845027163 50.4282505004532
8.84086818940273 12.3220807295761 21.9783469983907 40.5092560094636 55.3182124562134 65.2442930054488
7.13755842198193 10.4519962419848 19.0034294286143 36.8125501462874 51.4766337949517 60.590354478663
0.332421607113724 1.52147693262309 4.94594601680132 15.5916224198579 26.686741918549 32.6035031548678
1.36636279587452 3.37651274465327 7.93446654485704 20.5268981144514 33.7211086485242 39.7920156745565
3.0876718383096 5.56331550396112 11.8553753584533 26.408358464128 39.7407798364505 47.3757414489525
1.63657933857939 3.79750306490597 8.57530898238145 21.5370812296821 35.0411224133081 41.2006339698895
0.269365821718361 1.35410320775759 4.73227150263196 15.1711876211447 25.6931150751695 31.8674526891328
2.10650714347249 4.23366430939833 9.74362197903354 23.3441525319133 36.0851936611018 43.2417986815182
0.11069004179445 0.442973999517435 2.32124552727913 10.409084891245 19.3250101140443 24.8201476145641
0.946678279811902 2.65571356759116 6.9162896967396 19.0759265094907 31.1749431704228 37.4967011218349
0.502915097067369 0.220284930948829 1.12377785776069 7.44023861992182 15.7834069622166 20.3873211148322
2.26143025990682 4.52463657158588 10.0852556838867 23.7789720901337 36.9640528384121 43.9855824434534
4.94898370153153 8.05379820590912 15.0447046768748 31.2316728623682 46.1120271241309 53.7937786035337
0.213016182057181 0.298737265664881 1.74854477604936 9.13445249457839 17.8595552533374 22.9434098331387
0.866952066520193 0.195036574710634 0.609849831595501 5.98703083047865 14.0570556326611 18.1224174831936
0.0925380865412441 0.756872108197154 3.18958215839751 12.2156613219401 21.6375060422228 27.499877296323
1.39078689155721 3.33476041249379 8.00997292129104 20.7875024471713 33.5389499571238 39.9301666576677
0.572379056535098 2.04352485708023 5.8450878239172 17.3217587853052 28.801278526542 34.9970258383454
0.077850634288557 0.967328089494429 3.69239957396714 13.4002309700103 24.1858121445635 29.5329387267886
1.37663501255754 3.16450176389598 8.16273276189443 20.9318704543495 32.5268865622105 39.781938978875
1.35362543060047 3.22672267786214 7.97212043738762 20.6979415396785 33.0368950965626 39.6907831865735
0.590354549207122 2.06714255657608 5.90083369749771 17.4070967802503 28.8723452550627 35.1056371323057
1.60882595549534 3.41976903963747 8.86428366229585 21.878465247667 33.2757608189601 40.9995974584443
0.63455178455953 0.165852314663956 0.79842712709138 6.69360099042678 14.9804502941904 19.2490738895882
0.313989707460768 0.25038301705749 1.53784892869773 8.48497248511774 17.008224234584 21.9708816994924
0.112778690994561 0.899572530685237 3.51108987405044 12.893021493154 22.6270956700206 28.5205435309979
4.36720058024417 7.43723437455245 14.0808598901496 29.7001492765576 44.8941988987212 52.0805017711767
7.75397325523447 11.5218255051656 19.8184470409875 37.7668194825537 53.963121533922 62.2933845566059
0.391414153793217 1.55573907120848 5.31618938552881 16.1197535554148 26.2804907903919 33.0453252962101
0.124410674759581 0.999605745318738 3.98896897397117 13.7842006125263 23.2171658191008 29.6604724373506
9.84278269928081 14.0610658265069 22.9429652748197 42.2319711961447 59.3421064214232 67.9035537114694
0.047579467362599 0.554563531054207 2.87562062783679 11.4759585441004 20.4293824127473 26.3764607067236
0.453746240404043 1.7412175264182 5.60805410350369 16.75311694998 27.0098514283508 33.9029356128067
4.15811367910314 7.2194795649836 13.5027898148798 29.0687209222326 44.2378294701779 51.1896949632537
1.31597676756914 2.98934594310887 8.12452846770176 20.7165589162582 31.776263288604 39.3815585050559
0.689171519011928 0.188742511446703 0.829186597716015 6.63796313690609 14.8519221569282 19.1447723413691
0.261839333606766 0.344731790398796 1.83515722700132 9.06803500607931 17.5480782379249 22.8278486144987
0.0889662977574929 0.675171853080549 2.96961219850331 11.7543011354308 21.0415953275944 26.8233239414061
7.00945233053559 10.3171004139301 18.9097674622304 36.3208509377562 51.1344480397869 60.1552102449437
0.0474352206329654 0.354826894792986 2.16061226339035 10.2346264310725 19.6471341520403 24.7244807886779
10.6242273272588 14.583586515077 24.4957712037807 44.1286341887948 60.1548122852962 69.908606309953
0.46901792904321 0.206461711759961 1.13021946527038 7.54240674497356 15.9639627611499 20.5471143504842
2.44531562944594 4.72109304703709 10.4768717233601 24.44103052863 37.5825608378227 44.7797912956992
6.54515633978454 9.87252106650963 17.875058238273 35.2915244511811 50.2770566547606 58.8065150938476
-0.00125997802061721 0.558307034853729 2.78439253275769 11.5865232181621 21.4685218854641 26.7637620297584
0.100519266645642 0.621927694576386 2.79805288868141 11.373356459432 20.5697184164813 26.2677998596329
1.49011428697015 3.49557896833448 8.23628102253412 21.1423393359397 34.0993675270407 40.4549194474337
6.02277057316708 9.06790279409069 17.2490959727218 34.2293873851444 48.2472544948199 57.2798096188092
5.01186409496994 8.07907088641213 15.2166344922973 31.4411980635533 46.1225838842943 54.004120287182
1.13383068841326 2.96187782321156 7.38119040273805 19.8221501607045 32.3128725692525 38.592153933781
1.71357592255336 3.70193252696065 8.89105769468789 21.9385605508201 34.464834742447 41.4104987163564
0.0564237209150394 0.334201601334584 2.08438644620888 10.0735441493331 19.4647843233989 24.4888165858531
0.0374401873243436 0.654451936965707 3.22602062770498 12.1115078422797 20.9328613245299 27.2510195977458
7.72716001474238 10.9649909062069 20.1902213283375 38.3627038891827 52.4599846586204 62.3485548945087
12.596226678707 16.6619214230956 27.5869956053372 48.2854477923427 64.2261275723926 74.8423995287477
0.438351252680023 1.6357366803446 5.47616219607669 16.3931537262032 26.6311883821162 33.4311822020665
0.360582592664014 0.206276705722471 1.32869156374044 8.0607237221902 16.6386479934968 21.3590117064622
0.31131152197722 1.41134505773846 5.01253671157071 15.5930325308499 25.6273366770363 32.3049440655312
0.953765153726594 0.198073694361006 0.492681102360017 5.6419810917976 13.631457831709 17.5864152822183
0.454837889064187 0.251343525613659 1.2781046198156 7.77707087296666 16.1390211603669 20.8944348316096
0.629305522391648 2.11818923437137 5.89856234991212 17.2248156627345 29.2662219676874 35.0765006241953
5.79790826402304 9.29578870051852 16.5354334524958 33.2083515939857 49.2191301967326 56.6792020141767
0.981459074567062 0.198673510434389 0.468009019001425 5.57363113191006 13.5648051359965 17.4736591983875
1.66539879850598 3.86530245743324 8.63584056140007 21.6463395676563 35.279476660021 41.3838604625839
1.07815275670259 2.78214780833548 7.34340328972536 19.6930073340187 31.3823092753017 38.1881203914885
0.30635576557462 0.212692782838036 1.42013376755509 8.32851615502344 17.0096293228843 21.7781006883511
0.0395755573272474 0.719055848940561 3.39033987115061 12.5454952380597 21.7282193668846 27.9303440235436
0.62746138351175 2.01727835579612 6.2468559861087 17.7947309808581 28.0488014276657 35.2920223697113
0.192543633765583 0.365181646007004 1.95625546621534 9.53736773337114 18.3121171670953 23.5480456028336
1.29391271958126 3.18334488744761 7.78698266859112 20.4397219416715 33.0148752102958 39.4241840902978
0.839086190434317 0.195965630729749 0.626773415336491 6.03000236004463 14.0807695475259 18.2000939966277
0.906157055910334 2.56976680935393 6.70749168481201 18.5316451378569 30.8804304801232 36.8993314298576
0.487413112108177 0.22167861008801 1.2061703998197 7.60101924117487 15.9353411561023 20.6173813540173
0.103176957011251 0.898418439477214 3.60084497294021 13.0604486212034 22.6417857515093 28.7103073484363
1.77938460969275 3.6549946184622 9.27121011087965 22.5005971654981 34.0167552380513 41.8412913419424
0.308230203262451 1.51370879604904 4.81483572971076 15.4005561741204 26.8161342431071 32.4436042659301
12.3655072567865 16.422479694488 27.2253075174649 47.8033919590822 63.7638809518952 74.273937284984
1.32302862842229 3.25582317948624 7.83460703497093 20.5312636581224 33.3334261295975 39.611847734214
11.0136233511865 15.1128503715403 24.985304346768 44.8666351492669 61.2833092806242 70.8839089523461
7.77544465948214 11.6930858740889 19.7211046014284 37.7241711367766 54.4297903311756 62.3762463367582
0.138550312422914 0.393405524235875 2.2424626346945 10.0532831500494 18.6878625984344 24.2783875964529
0.183591634507135 1.20668746736312 4.23593624232086 14.3638278631983 24.6083506226209 30.6742654561287
1.40030402332487 3.36985425161575 8.01915235083021 20.8141209382996 33.7065956827209 40.0078797474448
2.22838795443219 4.32726464202425 10.186129181367 23.8905854232196 36.1968888494434 43.865765046371
7.28159167455176 11.1792235641477 18.8806902297087 36.5864019041778 53.3902562616816 61.0239734544496
0.224593802765824 0.227134733551096 1.56968004818463 8.75825617388455 17.6125820579891 22.4508852339038
0.5872314791644 2.02679481449757 5.77880190789341 17.0180605703619 28.8782916699216 34.7447551967428
2.90812831670042 5.33325146657789 11.4632307319969 25.8789746851423 39.291727384292 46.707981464569
13.2039304634793 17.3284155937544 28.4908673897397 49.5073366404119 65.5260898965118 76.3106405400974
6.36826427476894 9.4721095218933 17.8219604836232 35.0493564713684 49.1714618856213 58.3079277658533
0.643768622392639 0.199460436712044 0.922140140700086 6.85793304370656 15.0767609363326 19.4793842488331
0.154974783389396 0.390599871482777 2.19039023047193 9.87755877474328 18.3793614440066 24.008359320069
14.1744231206654 18.3198363616524 30.0031942353379 51.4926913695107 67.3905236416282 78.6338211123605
2.03337969019625 4.3147369559259 9.49560565590848 22.9268698334496 36.490105674087 43.0070507957855
6.85415224887214 10.5469984092305 18.3020618985183 35.6880962358236 51.942950568167 59.7845337663202
3.59905437650493 6.37091479257469 12.7119488933947 27.7201754262206 42.2035591213828 49.3734118991295
0.0549206039993306 0.496426074764763 2.65793989441183 11.096775698621 20.1983952768825 25.8687585695886
7.45766370915074 11.1529810408962 19.3668965405544 37.1204173038797 53.1653764027319 61.4694622871407
2.87849728702059 5.34751772057265 11.3614957585165 25.7504376749757 39.4211516993418 46.6232885808056
7.6326541390286 11.5963564448723 19.4337218611465 37.3695003862017 54.2788078677654 62.0004347523798
1.21576870923296 2.9162975655038 7.83984524408578 20.4108187759626 31.5721294136987 38.9851195727081
3.44140263371873 5.80637836929085 12.7517115535793 27.6658004454947 40.1961794697774 48.7216825492001
14.2692738835879 18.430269540909 30.1348224454305 51.6722794513939 67.6049191990128 78.8540423413986
4.40007481780178 7.15358838383908 14.4023577568945 30.1279249757489 43.7306923049806 52.1136535667508
4.73648000094205 7.90461891100756 14.7453663659393 30.6405744903522 45.9931028244466 53.3033124687048
11.8779487758973 15.9792777140575 26.3889804203774 46.7269170703573 62.9501187870572 73.0552311203216
7.61971239550533 10.8584255933952 19.9906870065685 38.0938132396061 52.2394857647312 62.0322237270471
5.91884226170171 9.43102079002249 16.7492144138251 33.50339439573 49.5111136216632 57.0415523633759
0.698794899489009 2.05932950381676 6.34198528232607 17.8397125024959 28.3485857974796 35.4308826048836
3.25640768410817 5.85112792687804 12.1198552179979 26.8471501895941 40.7827202167369 48.1028407072469
0.201369953712984 0.357268678228697 2.01968442029351 9.48882536086008 17.9537806159695 23.4342401172094
2.77652531192318 5.2103716613499 11.1669196077971 25.4032811122772 38.8509552801943 46.1341488580983
0.342135033417017 0.247602930227143 1.41705807283738 8.27720910719191 16.8343099962934 21.6615720809241
6.20611187596803 9.27889721744497 17.6292263728477 34.5053652622254 48.7599986151193 57.7636098220514
2.51888593126111 4.8906819737644 10.6089396145751 24.5754178892997 38.0010001991092 45.0735471112908
0.412166896771679 1.74726926549461 5.30073337612943 16.3750747881477 27.4855076150159 33.6287526431389
2.92645197146822 5.15932387984514 11.7037617699275 26.1655012398537 38.424519698598 46.7311236928282
2.71907029435258 5.00382496210319 11.1338986373877 25.3731808636086 38.232220631198 45.891153775506
1.7812501155727 3.75640410325158 9.11059730801467 22.2688085579302 34.576477929114 41.7737020776099
8.52426806806153 12.5255040801983 20.9262014503262 39.3902619801392 56.1471276913167 64.3999818640006
0.0748942697130052 0.827706382704623 3.59086847036012 13.0103849834871 22.6541512915917 28.6768290464487
2.80125447450133 5.2906826196616 11.1673818710321 25.4266537560283 39.1147311548458 46.2325983847405
1.97717445766693 4.06669710187049 9.44487624106811 22.9042386567456 35.6061759663284 42.6615205371119
0.116945383820459 0.952520519740919 3.87949433218507 13.5678650501952 23.4158733929696 29.49365123854
1.55038078417527 3.6508340898124 8.38020712827632 21.2226224808173 34.5707423839887 40.7439874859336
7.00257678237588 10.8341521228988 18.4461937763327 35.9629972259882 52.6409664684084 60.2329901428235
8.24854810038236 12.3205379785563 20.3952017779884 38.7284238037371 55.80631232929 63.685194025095
1.87401259879462 3.81336585155454 9.39008255251679 22.7773473537214 34.5154942851631 42.2216994170755
0.674949508040052 0.184553540010738 0.79743660140448 6.58976269053473 14.7890997644634 19.083844061055
7.29194623619154 10.4995265444367 19.5092505464656 37.0838244111842 51.4023434942622 60.9473846544684
0.154827443761339 1.09343065077399 4.19448579472308 14.181480145602 23.7618017382623 30.2452336264768
3.03913786183297 5.7451189454017 11.5197196572963 26.046627990524 40.4742409227112 47.2280091608922
4.1141596040176 6.93953786159905 13.690194552539 29.1651046791554 43.3229708569115 51.0545179233243
0.48707888208992 1.82879423918826 5.48016815261835 16.5128776630639 28.0593796107573 33.9750339671396
0.265642437328824 0.341050652799897 1.78446260970007 9.03499288514467 17.6465024929788 22.7962830719627
7.31296138344192 11.2169206155005 18.9300718019359 36.6565590870121 53.4710800787868 61.1119037967543
3.11254765274918 5.43808511317897 12.0245055585566 26.6371072452539 39.291484037191 47.4459266373235
0.0764934293946906 0.568026161784843 2.74697025715361 11.3171361036014 20.3755292950718 26.1385525371762
2.29113627691435 4.40547626382412 10.3368935236935 24.1167695711424 36.4150416675815 44.154765257046
0.178604861922091 1.116261715339 4.28488769188127 14.307296435723 24.2594299466021 30.5339907058229
3.54250260922848 6.19378729189491 12.6684669352074 27.6361136528899 41.4206955462176 49.0448663800036
7.46864895834463 10.6849886495501 19.7387325344212 37.7364606346063 51.8528421026459 61.5897303011784
4.21807146324266 7.0011205281751 13.9727094100737 29.5395946601438 43.4185781855523 51.4512714141436
4.94880533829566 7.92587200302391 15.2085493289428 31.3698132136562 45.6842708243832 53.8270982140942
2.65784393716301 4.81789451551137 11.1370649146728 25.3444277125042 37.4554449720795 45.63650833072
9.79333430830522 13.7565338766012 23.10157644304 42.2731892675267 58.5376501598618 67.7414761093421
0.0448406074927547 0.679271494577228 3.24388579238951 12.2674998226498 21.4895413391461 27.5466962976017
6.9428909488278 10.2455331878518 18.6516801336227 36.3256300563788 51.030901255697 60.0052831783507
5.19238638293667 8.3442252373728 15.4710702918672 31.8557150379504 46.7995649778849 54.5788354796234
0.114092088166755 0.575812355108025 2.64568061081143 11.0295763564519 20.1407306098065 25.7645871842016
6.32700134048603 9.97597621534313 17.3915795393875 34.4400906454344 50.7480683644892 58.2756640971342
0.294564394668319 0.300662934523585 1.71803828968141 8.79033555204229 17.1836050070794 22.3952133820832
0.0112842276764072 0.725825556842152 3.15163980475655 12.368631507128 22.7626295476347 27.997809119972
7.43270816969727 10.7497506522727 19.5521620509764 37.5581320714375 52.1008517155242 61.4720097517962
6.88394477246508 10.6620552836699 18.2832961151202 35.7117612360679 52.2489375490305 59.890105242432
0.0213878695992999 0.516224906292612 2.68343689256848 11.3053371479449 20.8891376512075 26.2848265150753
1.19664513704777 2.81455657577465 7.803750138309 20.2078429412543 31.1595446443777 38.6828973307893
0.484790180907208 0.179290264723429 1.03373754190848 7.36620271934173 15.7984002490778 20.2826664744522
6.35305813033112 9.71225003632146 17.6621058332548 34.661109044131 49.9459852756505 58.2542705023669
3.00404429308822 5.34103266473195 11.8480975390866 26.3628710487629 39.0293119961635 47.1322272710871
1.30054663489402 3.0372119254082 8.04605412751698 20.7346063279416 31.9999795552462 39.4366740115894
6.63271163851376 10.2421894106559 17.9708810035523 35.1981541712668 51.251497896496 59.1299932736647
4.04093911206923 6.8114809910489 13.6061614209595 29.0180371102556 42.9720474859065 50.8190343814105
3.84619817362919 6.69946399224832 13.1653014474796 28.3691364086632 43.0318766935495 50.2453780814621
0.100891037088236 0.369222280612815 2.19485440599309 10.1250876008397 19.1098760007989 24.4567709270784
6.06740949852505 9.13699149046375 17.2963839562149 34.3086575946561 48.4202682478162 57.3984592446555
3.61979722692079 6.40848865536265 12.7434546953769 27.7693814035958 42.3109252317997 49.4534388898732
0.682163340376712 2.11184306988161 6.38777815049754 18.0500524158748 28.4967326006373 35.6816214996232
0.188206077720475 0.274156677965425 1.77337089252758 9.18763668347709 18.0497575222569 23.0741790730219
0.237161781013984 1.26321586604756 4.66619745658227 14.990051025474 24.9656694498399 31.4735552572419
4.06171496260326 6.76177186087946 13.7531659500502 29.1921660107977 42.784791127483 50.9446844988669
11.3403866214539 15.7082881987181 25.2552247645801 45.4132400138544 62.6463841940093 71.7320219545756
4.34385432367362 7.43311987563401 13.8509804434667 29.5727528258968 44.7427602317471 51.8149424708718
6.04898313432295 9.15406507916665 17.2026628825582 34.2009615510074 48.4911849457174 57.3066682085619
3.15189556006208 5.95383654125286 11.6645997550648 26.3149023158602 41.0751284247107 47.6521396921866
3.41217431809079 6.30707836023819 12.1240621054744 27.0249458539069 41.9935178135793 48.5939818904252
9.8308051504425 13.8930175157366 23.0664050434666 42.2886786804786 58.8818472620653 67.8418762239859
5.29245813293447 8.52966113519984 15.5711701791324 32.0657289372005 47.3092334151598 54.9102438979924
0.58211480506772 0.176181209159744 0.896041481646761 6.94818152417777 15.2766199945621 19.6396768421681
4.17823639052058 6.89501174623597 13.9830587511937 29.5232098045358 43.1073144312269 51.3560618443956
0.636740312738221 0.169974352045046 0.806656078073097 6.696695556556 14.9711494697131 19.2533213599667
0.131379396891011 0.403661475385736 2.28559307250356 10.1397557194943 18.7658541889709 24.4021874294128
0.807240722655506 0.207037193469643 0.705562929586296 6.21046203580346 14.2692610154201 18.4726855574028
1.10450098247309 2.67913835184367 7.54668493866022 19.798035307395 30.6797046260472 38.1240007677668
2.62313627259182 4.90157767930499 10.9850577241769 25.0971494549235 37.8992914864607 45.5598274897132
2.52730483505107 4.70399466677462 10.78357793874 24.8476932805302 37.2676175152991 45.0875643175206
0.774202180846343 0.194744208559546 0.732045606853857 6.33313054513272 14.4632004107631 18.6640485080942
0.574749291147774 2.02960963247285 5.72941471840442 16.9503785502146 28.9471626325014 34.6986659418259
3.5023777975034 6.41879176638968 12.2947109775567 27.2788432424434 42.2729279719026 48.9180929350934
12.3669032683282 16.63628411514 27.0017077683125 47.6426013059231 64.3244031108516 74.2519622895932
0.0351109315455608 0.700426439141696 3.36341368844716 12.4405112658098 21.4380838141623 27.7466636824688
0.748385537172229 2.13926444807599 6.52151714721574 18.1358956374622 28.6462997593308 35.8263264433336
0.028556569263373 0.686849733718778 3.14869475716481 12.2607157921805 22.1585635972369 27.7041789026681
11.0352364220887 15.2321440223329 24.9223658007636 44.8479511792127 61.5886334115652 70.93945764337
-0.00277413622877047 0.614683623408662 2.93619651480175 11.9038601278768 21.9094918664919 27.2431746215274
0.590386429200096 0.191411792724067 0.970824944460251 7.03802216005119 15.334576247499 19.7677475647581
11.219078525208 15.1084691687212 25.557534000625 45.4982983992479 61.1198235384499 71.4480223903671
6.06841440859632 9.40656656412896 17.151352771017 33.9630167770944 49.2966194464747 57.4098022857262
3.35513167336524 5.99951566527683 12.2602091720129 27.0541375967423 40.9643915147619 48.3478838747578
14.0499461809357 18.2497920651601 29.7482825929631 51.1929114741739 67.2979231919523 78.3267712194191
0.023058719037815 0.77586147175947 3.26426402826578 12.5874547175039 23.0728714562462 28.3265719423911
11.595060774144 15.5988060646682 26.0387958939466 46.2036605425919 62.1495495823189 72.3665418979561
0.481490858373005 1.86749851607556 5.53784689959042 16.7777466257755 27.9918383357887 34.1949167928875
0.081910628931558 0.989516501637801 3.72968331654142 13.4771365177253 24.334198162866 29.660657454019
2.04025987207413 4.0226996900688 9.86309850449388 23.4023010850162 35.1873454567759 43.0872078680469
4.25835197616131 7.25753882168109 13.9043516992007 29.4312436097918 44.4213732475097 51.6795336330716
0.768813265319661 0.182642294651497 0.704255669161254 6.30605652434093 14.4742065573881 18.630742547978
0.254582797185742 0.29493384289658 1.6748751982492 8.91083862110657 17.5819169604076 22.6105515757811
4.60049638627302 7.52562043851391 14.6378005613202 30.3988855485999 44.9051427568427 52.7408783413719
0.468449547970051 0.202282748712381 1.17092473550141 7.58751550132513 16.0022202306473 20.6172877049011
5.93137196220827 8.97045828558028 17.1434292953476 33.8380364542466 48.0864284073397 56.9393727914603
12.7030391009858 17.0341887641214 27.4808373539851 48.3156929040108 65.1261284309928 75.0817773123185
3.9967110304337 6.95753206276574 13.2857011764966 28.6880555110737 43.5291526588019 50.635721132751
0.0681527136512675 0.938590630925164 3.630967181593 13.2861338866649 24.0292053573769 29.3639689436897
10.8757096599741 15.2196333606824 24.522926061836 44.4260179702988 61.690493772904 70.5630608450424
0.62058755713625 0.205516885926164 0.971642338896342 6.97464276098219 15.1963481531827 19.6563012093942
0.0488139297331204 0.553506776197303 2.88884366999306 11.417334982996 20.1382701145428 26.251897007859
3.07033959864932 5.81436917249576 11.5455590526924 26.1077719830092 40.6804976321539 47.3425599606305
0.223335187807285 0.289163429452655 1.70717952454705 9.04271676351154 17.7561332902656 22.8059470800993
2.67035643010396 5.16016033494227 10.8644266239942 24.9937431617844 38.810277080836 45.7211453196683
0.548262541405777 0.168156804345522 0.918191000670436 7.05497786956316 15.4293027323069 19.8069587553335
0.399055818803896 0.195100672502561 1.19375807059927 7.80171186408409 16.3199961854403 20.9454647610906
0.248005200566377 0.270842701727568 1.61974883862834 8.83949497087196 17.5233378212619 22.5027467060406
0.141832805426211 0.365903310599516 2.05191261925205 9.83889351004242 18.6700858206561 23.9812376449407
0.0783373208953353 0.512683092454373 2.58663162154582 10.993917564668 19.9879386460859 25.6642396083543
0.0684913797434366 0.69886952477372 3.16858769769695 12.1824859371797 21.3437052425621 27.372432481835
0.107484591202077 0.923119444729124 3.78985296538992 13.3967217743402 22.7493083085548 29.1036437877387
0.188118476844648 1.16553430308328 4.40560374827528 14.5486048676691 24.0837408879154 30.7294578172572
0.312438645721138 1.46065505938221 5.11295982065202 15.8355160274293 25.5850041638054 32.5355973760187
0.494495199273554 1.79400302698419 5.80883236077553 17.0481761395719 27.09353585809 34.2413589231188
0.726994975747543 2.17667578594267 6.5588006630934 18.3157839189303 28.6978059373375 36.0182155377996
1.04223851657913 2.65153507920994 7.44117726653348 19.7541903534463 30.5207861306207 38.0186174957978
1.41136260399645 3.17310497524306 8.35822952210182 21.1972711886454 32.3666322255783 40.0142444490272
1.87763614247254 3.79909513664848 9.45581338256019 22.8667326708219 34.3950578181566 42.2813738851339
2.40420338462249 4.48251999636439 10.6231444565442 24.5942301872905 36.4568919350844 44.6039671317741
2.94483829106988 5.17370047954947 11.7585374852907 26.242938190106 38.4454694447082 46.81471063955
3.49488144823452 5.87259893930046 12.8566285109977 27.8144254647817 40.3702960209517 48.9173091126455
4.09298667988682 6.62099161340626 13.9904636722407 29.4150210993983 42.3228762464509 51.0390262567044
4.78660039903713 7.46994953746374 15.2949441032813 31.2439557843187 44.4564870844241 53.4277546830031
5.47146318515458 8.31777051949196 16.4614893033338 32.8660883705513 46.4658198944072 55.5512761793315
6.26877101920851 9.27888115272593 17.8160417519966 34.7401043677473 48.6812239564496 57.9645436388902
7.18062185168522 10.3650730468704 19.3290893894683 36.8333700006502 51.1037599606924 60.6273724082601
8.20670351278922 11.5748392279439 20.9820390063827 39.1242376076466 53.723917410365 63.5090688686103
9.30244482988765 12.8560909076107 22.70145534624 41.5107774752703 56.4410128281582 66.4866395816975
10.4205310835057 14.1544770912971 24.4115509816588 43.8873641557151 59.1478492567794 69.4326816684002
11.3826948380889 15.2801308942213 25.8161084009326 45.8452961506065 61.4566019026192 71.8595459501474
12.5282994400653 16.5350270831995 27.5521529066436 48.2056856416858 63.9466149450458 74.7023774798741
13.4338250441265 17.5044908103085 28.9246257967438 50.0462127523393 65.8256960170632 76.8955745994894
14.0671550521619 18.1707345196507 29.8869484016443 51.3207313383467 67.091710929208 78.4025138463863
14.2883754594702 18.4239911395605 30.1939689350489 51.735298268783 67.5775178734119 78.9081038324933
14.2725304821849 18.4481165860907 30.1236811302523 51.6659396958467 67.6473697264586 78.8576078687912
13.8871095607039 18.1197430523546 29.4574633960251 50.8339003201184 67.0792461850864 77.9338739268948
13.2757683897533 17.5739595191033 28.4241223246117 49.527602526355 66.1110954665793 76.4652870544473
12.5648003017114 16.9077829777892 27.2486025207809 48.0193559134667 64.8978952249979 74.7460422450366
11.6998387075469 16.0714997861325 25.8320985486125 46.1771220907369 63.3405385672962 72.6243558625263
10.8825693233739 15.2356917329934 24.5264039611327 44.4383527214191 61.7305173033896 70.5847485315862
9.82253793962992 14.0900232909324 22.8614596076427 42.1601459429857 59.4401573334363 67.8583883466993
8.61336896287079 12.745569087979 20.9604648811038 39.5257071128583 56.6953890478643 64.6687818973166
7.48871532036224 11.4353309775135 19.2032370719158 37.0493530307141 53.9463464212025 61.6112324363649
6.53358769275584 10.2592156048143 17.7071064356474 34.9069450022609 51.3935984213626 58.8973275184514
5.73198022226053 9.22536428547103 16.4179245569886 33.047839232321 49.0704300337924 56.4854834687716
4.97749936016058 8.24544731780063 15.1424174648264 31.2216939873742 46.8102433459113 54.0961201093658
4.29592257058677 7.3451095802912 13.9540320052138 29.5196489865734 44.6762401323894 51.8437452638754
3.7168254344311 6.56379740916642 12.9087221438161 28.017751384121 42.7367045742299 49.8223423561413
3.1656598284856 5.82290947744665 11.8666666720883 26.5159333618799 40.8241459844993 47.7955491858515
2.67430635276514 5.14695607699024 10.8851728364599 25.0842500227523 38.9817344610586 45.8411682471789
2.16125448546834 4.44488280558702 9.77453336449369 23.4489619743245 36.9878809968038 43.624530618519
1.65717661796588 3.74956644845934 8.62108141781501 21.7317811768191 34.9261486916117 41.2944166368067
1.24908597075044 3.15677063583276 7.65089184657928 20.2558144900554 33.0356248955989 39.2460080992175
0.902975253431941 2.6276172299273 6.77780588698062 18.8874426125481 31.1942643430887 37.3118676312443
0.612910710248922 2.14875407549077 5.96947705830251 17.568226526134 29.3516628305406 35.4155138817612
0.389763161414053 1.72519908398314 5.22292125225241 16.2637023682471 27.4571322058894 33.5052008645661
0.217517590065919 1.32060098959343 4.43421006362515 14.7793183211114 25.3245531476452 31.3219543570134
0.120145961688415 0.874658066090572 3.42519943558781 12.699018879106 22.3919081037529 28.2393844009855
0.136380590971966 0.526282100566578 2.48617676736251 10.6237053215495 19.5746232993082 25.1608006055443
0.14949592499215 0.42145563471596 2.24213402638349 10.0143537613404 18.6185020718868 24.2282598234365
0.0772066731883892 0.48618226668264 2.61492868607777 10.8097057456663 19.4050522548149 25.3677657060553
0.0358746973150718 0.622247006349965 3.12812468226877 11.9068184731959 20.6764251864997 26.9544812306445
0.0595668817550405 0.820295823653339 3.70228129356616 13.0863052621399 22.1527107894576 28.6589502652656
0.138882758012658 1.08519413623253 4.38149516765923 14.4124385905242 23.8188891398572 30.5617532446606
0.299087478985577 1.40056625285341 5.05648899793662 15.6422544863627 25.4502595878391 32.3207209725593
0.540698100753702 1.81512172288607 5.91116933056756 17.1192833480596 27.3088629946127 34.3941592506012
0.856847210885428 2.30748330630953 6.87211377500706 18.7099134125245 29.2775950850043 36.6036609958198
1.22461707919993 2.85555077272075 7.89585158149871 20.3567803578002 31.3027996249197 38.8782528294532
1.61934082952789 3.42755931822963 8.90416152425714 21.9389968393415 33.2782910761023 41.0613892297995
2.03220375448343 4.00960066044445 9.85522580548592 23.3919665892951 35.1487778735648 43.0667348745391
2.49261362706022 4.64093640998421 10.843864181311 24.8740626623811 37.0461611539971 45.0932183087225
2.9753523859471 5.29715120588489 11.7996655787279 26.290253947252 38.9001097225681 47.0237337799512
3.55819857248961 6.06178737178536 12.9103193090751 27.9283178313951 40.9408705904601 49.205377039383
4.22380693993537 6.90875773700836 14.1322414177397 29.7221457084181 43.104080923717 51.5525041094565
4.9816996520909 7.83109474922664 15.4654463785851 31.6571939834388 45.3404703417429 54.0290595557776
5.78134152519778 8.77816587377081 16.8522449668222 33.6558812051119 47.5721255775347 56.5517050743756
6.59313674060493 9.69890077577854 18.2539606956459 35.6422362189508 49.6584857885226 59.0099856659913
7.3295187383548 10.5088847064617 19.5337935870306 37.4334211012364 51.4462509074791 61.1969506915523
7.70706995687632 10.9319300781808 20.1693405763733 38.3250771718379 52.3769512888425 62.2921488805094
7.79627282084005 11.0548135196784 20.2934157433164 38.5172492816781 52.669684007317 62.5497466977667
7.72544388070948 11.0197037210676 20.121856889141 38.311790506465 52.6369192506796 62.339961528225
7.44887153956684 10.7679518525045 19.5804967657568 37.598130272319 52.1411637259941 61.5209506143146
7.07148727683074 10.4036021965741 18.8632865742437 36.6381968255205 51.3979026131121 60.4003536380846
6.58404098135839 9.91356313232718 17.9468976398917 35.3913787624603 50.3666025995797 58.9264398336134
5.96967579907497 9.26489129609722 16.8101650850825 33.8101203990296 48.94801000927 57.0262790459734
5.35305855804966 8.59971901015899 15.6783028581546 32.2206771429999 47.4712899143521 55.1024283495928
4.60990621068731 7.75874595361858 14.3186747099576 30.2677202838335 45.5292147540601 52.6966942199182
3.83733098098936 6.84276611885444 12.9046054450519 28.1957302706135 43.3356165652482 50.0984376776091
3.15166250366336 5.97562790342931 11.641562540912 26.2990446615673 41.1551326121639 47.6574481966054
2.55755025493138 5.1729768066649 10.4971463236663 24.5459893116713 39.0209008438187 45.3412252109597
1.99390118183702 4.38773870728675 9.35596644155457 22.7904686041236 36.8624165676411 42.9939842531876
1.60036060980327 3.76962489300535 8.48724728523916 21.4150933541611 34.9960662562294 41.0693269177974
1.24490916408064 3.19402086262455 7.62023160657117 20.0328892220096 33.1347704770156 39.1175473917543
0.915535411551169 2.6461182310434 6.74545429509657 18.6263250048455 31.2624849657503 37.1232014277036
0.62790434234774 2.14297846826955 5.90610312522874 17.2541572587298 29.4241853123653 35.1599839803304
0.377970610366741 1.67653508400466 5.07316765993152 15.8586604168491 27.5714534290698 33.1532332142545
0.196907191255009 1.28105971116048 4.3187571074982 14.5405469875323 25.7892065641987 31.228163709555
0.0578517093902004 0.926643511895181 3.59057568555568 13.2259860970093 24.019512292315 29.2982001899692
-0.00439486308575791 0.664577622927888 3.00173590348438 12.0867843850122 22.4147724360775 27.5885909730906
-0.0102470618757946 0.464576003652075 2.50072126375012 11.0470622762839 20.9106525313719 26.002717961454
0.0538532784093413 0.333092552252567 2.07731594679167 10.0700574754685 19.4945559252923 24.4929146962176
0.171492567356901 0.238892783244646 1.66228165573942 9.04502951729976 18.0779323890522 22.913460851436
0.334778290524875 0.18708860217015 1.29833588926261 8.06923228202808 16.7516104951547 21.3985116390593
0.535135019797505 0.169031493166853 0.974683152405502 7.14811548402711 15.5557910218854 19.9627658179083
0.723711491070958 0.175006627756709 0.740794364599865 6.44056366227649 14.6572021794635 18.8479788209036
0.864638163637463 0.188259444889813 0.593969483482556 5.97134313400854 14.062869449118 18.102258518029
0.97332426403775 0.197095777398635 0.475868044550813 5.60367103621208 13.6081055698762 17.5206540042565
0.998846117200998 0.199092401033445 0.443083866910518 5.50150801311212 13.4760445648982 17.362100123388
0.977038027283519 0.19222245163813 0.443126070721794 5.5212549197764 13.4982916839701 17.4023947178683
0.911182919316713 0.176672210822103 0.474528918634129 5.66556777864276 13.686979148971 17.6427774668775
0.802951813758947 0.165445186828576 0.578283385108269 6.02087917846252 14.1417619721988 18.2048124384645
0.680275690725055 0.162947458162672 0.730506854542523 6.49790855052446 14.7426321676667 18.9468436059811
