-13.7896966125711 2.26251537799352 34.2072185521507 93.8455634111699 144.607742806615 170.139129134549
-14.2494208474638 1.81548975424297 33.7773378270027 93.2724847392582 143.686229373624 169.033354556325
-20.3579092046015 -4.29496688663564 27.8249963222041 84.4555943043249 130.215335530296 153.342405229582
-21.7043469253196 -5.97091585994055 25.4785453113211 81.0042929217674 125.775101672453 148.398463652723
-17.0356359553667 -0.131127998078141 33.6543161566414 92.80051714863 140.223787934694 164.157701796869
-12.3599394146377 4.50641418136663 38.1636491354269 99.0758093593911 149.605225206172 175.082501566148
-22.9240969383894 -9.47966770263134 17.3237856632407 67.9100866908692 111.469258908536 133.450320816009
-18.2104282084288 -3.34693139023091 26.1835617250415 82.6273204853518 131.584183745367 156.181139831115
-21.0463829526698 -5.3949425086574 25.8833794643074 81.6125280715784 127.111589707758 150.095463290834
-22.5964924710466 -9.8670992557695 15.4955208488011 64.1820672060921 106.691931279065 128.147038705641
-11.6946131086774 4.53814406176659 36.8039008358366 97.441733604834 149.240686099486 175.260727770988
-21.1931303712978 -9.52767177987078 13.581122476685 60.8816782191316 104.208341682689 125.972835636041
-21.7737216811465 -7.0062198727158 22.4926816477827 76.618601178678 122.071333785078 145.052776071363
-16.220605626325 1.07110064884853 35.6261040782245 95.4651053180411 142.862971024351 166.765041040025
-21.5452439289395 -9.6815263634054 13.9194963906053 60.6800783381307 102.605214271309 123.74590074107
-20.554412127318 -4.79280027764685 26.729634725749 82.9067885932659 128.788889945426 151.999921482203
-21.6855774942192 -9.25619583604873 15.3652084924389 65.2264505846889 110.501398614064 133.228098068675
-15.553954504259 1.19974656923111 34.6593011882588 94.2372476690367 142.83384895335 167.351731512469
-21.7495776692006 -9.5486090413813 14.6384218311268 63.4170827249663 107.524253324747 129.690242055305
-20.8832854415194 -9.44412720319501 13.1878109143405 60.228343810002 103.771539162715 125.629906710529
-18.1125091980219 -2.59624482187988 28.3279890631305 85.5329704383923 133.881740645954 158.24302579337
-19.7620889743423 -3.89146853719951 27.8070342562346 84.5148965757764 131.023612615674 154.495121949889
-20.698612971632 -7.37349231526751 19.0327858759566 71.8706719864276 119.454826425364 143.333254290641
-17.9980897838496 -1.35736009239572 31.9251417894308 90.3186496428278 137.31023853608 161.060739919738
-19.2847656506432 -4.10651965124559 26.1454139590073 82.3312226162326 130.037408109215 154.077901972515
-20.2055153478065 -4.26854180767646 27.5087436532288 84.1845067878869 130.275556837587 153.468612652605
-15.9305885182498 2.60939415941881 39.6917313587258 100.844980104183 146.630062171693 169.692018654061
-16.1495947419348 0.383198200931859 33.4283766586627 92.5285125652946 141.091723783181 165.625492767618
-21.5663694715912 -8.50494737971273 17.4136464506153 68.9327050143743 115.166428689994 138.400229934886
-22.8587077381362 -7.71974035916292 22.5229691275957 76.4267495504473 120.379634996052 142.566380446561
-18.893714515201 -4.23598532017394 24.8924820594824 80.718922871987 129.290838241998 153.705453049116
-22.4710801209477 -7.29715082928206 23.0285211131996 77.264879647379 121.687569216016 144.130279583248
-21.2029247986645 -8.41133821994719 16.9139490835601 68.2947833019458 115.04162412838 138.490505996984
-19.6872527967475 -5.63591553811639 22.230489997668 76.8461749854169 125.134154612717 149.37045522577
-22.9657213102966 -9.88457002857291 16.196674266695 65.5820890313753 108.317288444385 129.880477791196
-22.2479321808603 -7.88490304268072 20.7575423406599 73.8872256329621 118.903730641889 141.611181890464
-21.4853100466854 -9.62036033949972 13.9019671949873 61.5014673428417 104.732234315315 126.45727703639
-19.6407223745568 -5.45755698098416 22.6874689649293 77.4999116186741 125.765231154818 149.998849706757
-17.517941428154 -2.41830747656867 27.5969585725515 84.668673876507 133.993133408436 158.784750882731
-23.8165706127348 -10.3428535490957 16.6276225240758 65.4973668937094 106.082796733642 126.658645315303
-22.8170148279275 -10.1066288600152 15.2826594434914 62.1441456692503 101.644715532687 121.617738847754
-22.474657963028 -9.43411322166541 16.5123396771671 66.7430450617494 110.863033629096 133.093056423815
-21.751451811695 -7.30659410221987 21.5179022231135 75.1874146460814 120.890559658843 143.970851420988
-23.018289625143 -8.62039633486593 20.1136001539045 72.5997572259657 116.496561224061 138.642248315773
-23.3531536250672 -9.62119635629934 17.7962814721633 68.5797085950672 111.553968118158 133.27338627349
-20.6341028626914 -6.60668288196121 21.2646842503547 75.1528577418612 122.416152602886 146.176446773371
-20.5077391009182 -6.79645324805163 20.4018709109782 73.9629713069926 121.578795706673 145.487005828636
-22.5590761925195 -8.45378169562133 19.6878611892201 72.0954350065864 116.751302356852 139.290659052493
-21.433892808307 -6.54029318595818 23.1987862054911 77.7649647995913 123.554119627956 146.691463950372
-23.8767440798816 -10.4524941851256 16.3153625287212 63.8994139187315 102.406702212437 121.771972371597
-21.4933351207299 -9.57342394443616 14.0407322941132 62.2006974138114 106.17132197004 128.256702303379
-24.1370660143587 -9.86456971689727 18.645257319859 69.5698294275432 111.08110355285 132.041045880485
-20.4433760217717 -3.90083536211308 29.0340203699669 86.3291373602129 131.59028599934 154.259661144332
-14.2615094755111 1.43193671801814 32.6080703671213 91.7447317890972 142.689168413731 168.268899960198
-22.6390933782793 -8.56583547619191 19.4981081553449 71.718023999084 116.152255645941 138.563096417737
-24.862089752934 -9.84362305595421 20.2724661920734 71.903389996575 112.559634732975 133.17847942946
-14.35016084034 2.75523166718991 36.9255875689293 97.3300059874122 146.204237942729 170.868915641941
-22.0020150127467 -9.34602884224177 15.7707359614787 65.7010023895591 110.44014475523 132.931404229247
-21.6084691680641 -8.11808643577424 18.6847028649913 70.9659743315261 117.216721115718 140.471247990369
-20.4226947782812 -4.32760193776962 27.8091992857846 84.5463691689742 130.288831968701 153.349574562468
-22.2715692370507 -7.13702285248316 23.0318418280084 77.3778087677581 121.999183356262 144.455982394231
-22.4998310537472 -10.0047203822073 14.9312899514179 62.1147777144623 102.837237474566 123.420745490435
-23.2784286599075 -10.0446129430388 16.3459177817952 65.3991044017813 106.980244160521 127.960514765237
-22.2940431765883 -9.44036644756126 16.1022359627709 66.1017666186165 110.379954528084 132.662578815663
-14.8371002844461 0.98069390247728 32.4712281925094 91.4406135744229 141.860618659435 167.234600421432
-23.6191176380869 -10.1863755138824 16.683950095499 65.9723031956532 107.393603104713 128.378898001233
-11.637836184378 5.00697810819022 38.162193782583 99.134099309729 150.355190724765 176.133424612968
-21.8194744743279 -9.77758175600717 14.1678014594186 61.7345826160244 104.477258436521 126.020088085989
-20.1139871375091 -5.45118503307263 23.7213169817993 78.8320736643232 126.170296694507 149.99104167413
-19.3192528614823 -1.50805599624813 34.0904894552642 93.2099926150904 137.831636757066 160.279363922579
-23.1260591551635 -9.80713158952419 16.7394350533932 66.6640308740001 109.471603355015 131.062618469165
-22.6759033668282 -9.61189044260866 16.3932729656168 66.3068868725997 109.806534102189 131.731856774974
-22.623770222536 -7.5065677628995 22.7077874466269 76.7301500583097 120.946708547857 143.291966576761
-17.8222091992563 -0.968708272290348 32.7173502767597 91.4390133618919 138.271707006303 161.909911191275
-17.1202716330731 -2.1102843233593 27.6886837691946 84.878232091887 134.600398429866 159.561149955641
-22.4550628456891 -7.78748888042027 21.4755921427871 74.9484304214593 119.595450515273 142.115547458605
-20.1592255299015 -6.23502739049972 21.3980679390352 75.5090413528739 123.418547651514 147.480829612606
-24.402916472025 -10.4336881261652 17.4712890959024 66.9326784385557 106.967497694716 127.168069292602
-25.0674672978424 -10.1330944628635 19.6762112652199 70.8995168990476 110.961734431282 131.110170723904
-16.4892672236819 1.35793461328948 37.0212460492522 97.3226068734854 143.749746663432 167.127941746736
-10.3889312941615 7.27647152725714 42.5526189125623 104.801687505675 155.15880294245 180.544815226436
-22.4482536893528 -8.44099267983158 19.4895426475371 71.777601799224 116.531811408099 139.108358761872
-22.8436352372109 -10.0698935946803 15.4047795063604 63.4839218903846 104.883319905483 125.783666849934
-22.959641632842 -8.78918662139988 19.4736110807712 71.5477017562481 115.412609316806 137.535368835664
-23.6501610282001 -10.3490400112579 16.2836327693305 63.1610045761175 100.907789325448 120.02551549142
-21.4463667545892 -9.56898978956909 13.9685261633017 61.8326978646657 105.414447684927 127.314988293632
-23.4434761532866 -8.79021079730865 20.5042260612955 73.0702390623208 116.267715162842 138.109125343242
-18.7199897391075 -1.96802536713728 31.4608777410426 89.7635769680654 136.106254966351 159.429506848538
-23.6933034306016 -10.3772548903707 16.2847806858397 63.1092931698766 100.634811653587 119.642711943089
-23.3810679931739 -7.54596503792199 24.0686129519529 78.6397246729797 121.559022087498 143.158629042949
-20.6359410958026 -7.07136697711845 19.8227517394202 73.0757460801601 120.594408824686 144.446278361176
-23.0830334978257 -10.1437341945527 15.6855336729394 63.9315177291338 105.126066763256 125.941247717217
-22.5350359135861 -9.32397340747377 16.9617955463829 67.5266541145428 111.721685114661 133.97963688173
-24.8155168248135 -8.69875912856358 23.5553916583125 77.3289228097155 118.139916841997 138.734825037661
-21.7102814589017 -9.54020417375527 14.5752264192398 63.3736435564603 107.636682604806 129.867837007788
-21.4951294071056 -7.28811257458735 21.0081390040892 74.5198731766068 120.673609471467 143.929696923161
-22.4365982646698 -9.96460415036719 14.9317077497091 61.7846218057431 102.100828221489 122.477445061435
-22.7490655093385 -8.20260057911618 20.8528670863202 73.8304901501002 118.103046787614 140.470361032871
-21.4007827128664 -9.58937186260077 13.8203506513433 61.4631340470896 104.912674295498 126.746901053205
-21.9081420067328 -9.10604144644459 16.2971769729277 66.8110092291395 112.127630218048 134.900440529569
-22.1261110878511 -6.50528760053061 24.612734121973 79.7667459818944 124.229348263319 146.555958575897
-23.8840635804469 -9.33753849517545 19.7194887739096 71.660042753253 113.992589078022 135.374692909904
-10.3831667557797 7.03965495200673 41.8139073965621 103.861208453405 154.608724702124 180.184595614091
-22.7919739185665 -7.73527973299345 22.3046747617888 76.1531951927752 120.20676035248 142.401523112248
-10.8449853749428 5.37438153414488 37.5886280878819 98.5292067401168 150.863763631275 177.131682942327
-15.0227263953522 0.927883957221059 32.7006248757763 91.7459620258714 141.848869358275 167.080295214392
-21.8692055866974 -9.49904339325801 15.0276128249404 64.2375304787683 108.593031314453 130.87714729223
-23.5724675969828 -9.45627071779113 18.7530256593415 70.0856644201546 112.886503337603 134.524350699868
-22.8567241454797 -7.67963076468139 22.6254606963143 76.5925921687507 120.49297591377 142.635248544222
-20.3259800794907 -5.54321678881498 23.9051735112953 79.0193919214642 126.087629886347 149.800202100053
-16.7346365032357 -0.189469567238841 32.7843385448207 91.7847151979163 139.905229085169 164.10255476045
-23.7937517180353 -10.3530475204437 16.5109015901328 65.1519351892969 105.435421462378 125.805371303568
-22.2666901485852 -8.4530710844214 19.085213538074 71.2633380579382 116.442672408094 139.236708647742
-19.511906574039 -4.76161322019734 24.5978708721832 80.1499525199771 128.081337080352 152.20782773801
-9.09290601557681 8.23990285073657 42.8175673425752 105.18493463262 156.831740921946 182.847042467315
-16.581748954004 -0.278518794916034 32.2507354177197 90.9560976548638 139.447301916906 163.892270492201
-21.5479306646853 -9.67912523516192 13.8927154818838 61.0684650866114 103.629339790931 125.053907197774
-23.6891237555489 -10.0868367189803 17.0822208175667 66.6718982950012 108.066257261287 128.987185118897
-9.39600724007512 9.35255779788595 46.9109917323944 110.376411252868 159.486945852773 184.33245069793
-21.000135412848 -6.288992627071 23.0418665195341 77.607702669962 124.010207230425 147.410500403569
-15.7537805117147 0.011393331633609 31.399897363672 89.9498585992008 139.79383010463 164.879108587174
-19.9407521461226 -4.42924962746162 26.5391940269348 82.7785677196741 129.55239445731 153.16246396232
-21.7911894137382 -9.35942132468839 15.2743775690027 64.897525649551 109.717989049629 132.224765641071
-14.6076034709399 1.09234889653734 32.293476413367 91.2919160225758 141.987047316281 167.452396555529
-20.6645899425338 -5.23142301876395 25.5748779014469 81.2591095491771 127.374632683234 150.637306411264
-16.4989772632379 0.172012044128507 33.3980755207969 92.6094031841744 140.733957158774 164.926019499927
-22.1371213563008 -7.18183909027245 22.6903711255531 76.7563282404929 121.637388225674 144.302789264541
-20.9962627616495 -4.19822540445954 29.3154134709406 86.5268933902915 130.939383357254 153.245225987581
-9.69256873258662 9.39015211553481 47.5301465140119 111.255535007181 159.715105265563 184.101983219226
-19.4857916247432 -3.01255714024133 29.9222080029781 87.4536760740348 133.471488694321 156.711465649829
-19.4387382941474 -3.21054669705808 29.206838570444 86.5869574844509 132.97787445167 156.394063388769
-9.83835623897433 6.58365478296799 39.2184708596944 100.655767117701 153.299425140534 179.729569644449
-15.4523104669018 1.47487417662861 35.3355906400347 95.0688727181479 143.530861101335 168.029941391372
-17.9300547378214 -1.60543187586881 31.0325754966155 89.1985710354199 136.648557057955 160.644555708208
-22.2247955270446 -7.98494711397417 20.435153808947 73.3325098073928 118.408215162423 141.174555067791
-19.4060229806969 -4.45998874721969 25.3040504627061 81.1431529823019 129.023367646285 153.126683073775
-22.7534406694496 -9.84438507119785 15.8828245392288 65.0071555491904 107.714387193739 129.27033842752
-19.2107530888327 -4.72953043908724 24.0244570441403 79.4759300001692 127.881005098117 152.195621067273
-21.7933965099511 -9.71076982929157 14.2646380533679 62.3067798013295 105.656290621143 127.453841116999
-16.7102939029924 -0.273899038831642 32.5496674363192 91.2951743450595 139.507700735493 163.833322387051
-19.5119987261925 -5.14014786817593 23.3986605589749 78.5276734151426 126.735565004151 150.955038732248
-23.0978116198568 -8.89774003395653 19.4477303596439 71.5042189112175 115.291502662125 137.394611597661
-20.5026773782114 -4.67274701272766 26.9506972609014 83.2644990392949 129.124378263893 152.278606629079
-19.1150161889909 -4.70141043196603 23.9091789606852 79.3346464699593 127.946231628496 152.354391200488
-20.0256768335256 -6.0498870487187 21.6835492420409 75.9585348509451 124.007377227194 148.133897942641
-14.1832142684596 1.89128532344483 33.8879753174354 93.3938526100384 143.870846018618 169.262457299898
-21.7336798817434 -9.0037176577796 16.2292422091596 66.7805331077566 112.259217369022 135.099351387852
-19.3387230609686 -4.79643479794601 24.0938118532987 79.5371786990916 127.751521338732 151.982539644744
-19.7436357506573 -5.81429479207444 21.8070250153498 76.2224925263872 124.546670394464 148.804818325872
-21.7803621010426 -8.90604932187942 16.6224161035813 67.4378509882643 112.931283888279 135.781552036817
-21.9940021863715 -7.23691383733677 22.2488241695333 76.1987975572234 121.470462636266 144.357555770844
-17.0980160736064 -0.498861833792531 32.5508054746354 91.4645136846862 139.263204880053 163.250229468275
-16.743473520071 0.588567850462904 35.1865561877249 94.9496472660188 141.941788303701 165.595413920059
-20.8965713981726 -6.03238660184958 23.6039576072558 78.4092227534513 124.767243330069 148.136267011149
-22.1116432244176 -9.87065580605295 14.5143728351292 61.6369337900584 103.07774392529 123.987155145504
-16.9604170595866 0.880399293597987 36.4944892339705 96.6034780693029 142.747966484866 165.929642170403
-22.6490778454158 -9.07976329704449 17.9617224490138 69.2300691713904 113.637608646333 136.028465881495
-20.0741665032252 -4.97774460210965 25.1187381008369 80.7653855015974 127.811158665056 151.523992703123
-17.7916644014134 -2.99479306450003 26.3740795046079 82.9889328372769 132.368809509107 157.158272288213
-21.6536142327275 -8.34830646023504 18.0855232127075 69.9540912513862 116.141751565543 139.366457042888
-22.2009852358291 -9.71251513786374 15.1027540883522 63.8258728329398 107.024214888578 128.771313472067
-16.7019332348384 -0.154255992873093 32.8246295253653 91.8399730557858 139.981527308076 164.189357988339
-19.2240415017179 -4.17407785485047 25.8017887112622 81.8744401339135 129.776685626028 153.899041800751
-23.3063905292202 -9.85147915907192 17.010101699374 66.9422588026953 109.503297171194 131.000613777299
-20.477081953066 -5.50212047131968 24.346330190711 79.6118984570118 126.357001304514 149.914753283474
-21.8892198549266 -8.77533995195387 17.2604156472944 68.4572117111996 113.912764079229 136.765462870008
-18.4191553359012 -3.68813425857974 25.5669705063831 81.7573650716638 130.661727124742 155.226258329254
-15.172736530139 1.38167569227256 34.4671930470392 93.9478053795711 143.142269940235 167.99388997597
-17.8756064796336 -2.82045767723839 27.1278486276194 83.9351618674837 132.98736480528 157.663882346546
-16.931212137238 -1.93473205225099 27.8372199302481 85.0986489148444 134.966720234032 160.006055471082
-20.8262571298985 -5.08031145791717 26.3855863087438 82.3833537457077 128.012299184682 151.060170343469
-12.1322310134776 3.97362512234156 35.9782584879619 96.3237490410918 148.035321330493 174.00378689217
-22.1239634030456 -9.25056850500257 16.3122877765814 66.6339214013384 111.362920317313 133.856704971544
-15.3551790158466 0.369557804819708 31.6910927545264 90.3137550059268 140.634138139372 165.959266257909
-17.4082391755504 -2.19318157814572 28.0704201649327 85.3173139105477 134.612162416934 159.403370562917
-23.1724388412353 -9.80837569275081 16.8282476593957 66.7204421810526 109.257152914718 130.714420985997
-17.7464813117116 -1.2127412830746 31.7744823381974 90.3022545429476 137.651287365657 161.500677735282
-21.5927196970095 -9.54082959735869 14.3409100544422 62.8303821517036 106.962654767106 129.131372369416
-24.1182637193738 -10.0239755524306 18.0880877914292 68.6419605499361 110.063241392508 130.92775835632
-17.3465002166935 0.495152013111915 36.1909754841182 96.1288829487744 141.988123257838 165.128490081884
-16.5714982429617 -0.381639306719352 31.9175883969613 90.5864229283176 139.251843175956 163.797178359075
-22.2047540194411 -9.53076929037487 15.6536176531507 65.2658461701316 109.495789221019 131.756014849023
-22.2631779234739 -7.29318977081558 22.5512091094672 76.6387047793597 121.372596290582 143.896449357861
-24.3789792550658 -10.6216445326722 16.8516679074243 64.9514965952159 103.213716821634 122.50420227918
-15.3671580031492 -0.0317438602556161 30.409516103139 88.7323555716015 139.39842858656 164.822482742084
-21.2299137166864 -4.86802905016665 27.8029876232583 84.3638800410961 129.021602678871 151.509857458565
-21.8816780756071 -7.00691426251551 22.6917694459842 76.8253848040122 122.067134631486 144.905771689817
-15.866509681034 -0.17119444041061 31.0736174643514 89.498833744418 139.345829515415 164.430240047769
-17.9530691532424 -3.05508734235176 26.5399459710387 83.1639934412488 132.306290569065 156.993773389643
-19.521476089106 -4.07644182717486 26.7577245523939 83.1543496951206 130.383769511815 154.231666560272
-21.7508414620801 -9.50855042389826 14.7532882874062 63.7900419849344 108.253281419301 130.586144074423
-16.6770043632083 -0.629915054956575 31.3939748568399 89.7789560312356 138.552514394208 163.157758079566
-20.3089108170983 -4.53249505995997 26.9506456135543 83.3281474563784 129.485176759082 152.748942966826
-22.5717594089556 -8.00689523307745 21.0782988051007 74.2571459187208 118.789805211182 141.283472801569
-22.2725804326875 -9.81424207995452 14.977926579141 63.5084872846755 106.620250327913 128.353556178943
-22.2779107132975 -8.7364499154537 18.2164884561958 69.8277213988347 114.769145609696 137.410215065232
-18.5828682662188 -3.11359993472303 27.7383521950777 84.5979383078207 132.599978689966 156.801688084428
-14.5208640945256 3.79635294923289 40.4196038203441 101.950883845396 149.004108076679 172.715505266476
-19.9986671129795 -4.01597263127421 27.9285540129656 84.7349003518322 130.952202988141 154.306271738533
-15.6208024989766 -0.401344198408632 29.8169898609605 87.877603877576 138.561829792028 163.999883106115
-21.0067224921536 -5.32173120374378 26.0058013689872 81.8853623018546 127.474029967652 150.481887650326
-21.3966033620009 -5.27082543392804 26.8661770688845 83.1368440727602 127.973164084892 150.481676487499
-12.3619528898617 3.75268332167068 35.7809319444346 96.0525449313407 147.612081887222 173.509381191976
-20.5997867076639 -3.36486320981583 31.1537422976815 89.0704556342189 133.347763200373 155.739602116691
-22.8274318721438 -10.146026645294 15.1949369276187 62.5850539035284 103.087355517291 123.590159776282
-18.9170660266858 -3.08159460848895 28.5368854746549 85.6337476796486 132.914292165922 156.773604235619
-22.9639787419498 -10.1859455675501 15.353580606242 62.6344986791169 102.685519200752 122.955134673938
-21.9877801391431 -9.52718318598911 15.2052231630439 64.4846004667998 108.713597965481 130.957555453018
-21.5007984830163 -9.66098661332036 13.8697847981494 60.6751474628857 102.751946677154 123.943765147829
-21.9554592725938 -7.34016464064414 21.840479764153 75.5856466101667 120.90516682301 143.800796226343
-19.3670194317308 -4.83195358690581 24.0607376707497 79.4565795246599 127.736218126406 152.009607576012
-19.276744485683 -4.87224787285854 23.7458034486033 79.0326758858974 127.513092448393 151.879147209455
-21.9803851776698 -9.84422306009056 14.3514886116055 61.2182335154362 102.530569294095 123.402717126115
-24.0990389574808 -9.05729241767301 20.9942027098872 73.6434658531947 115.75680854269 137.000500063803
-20.9419223118487 -5.07243619375935 26.6442629695427 82.8431658823416 128.300503026398 151.267813709108
-9.98684501840916 6.66261151926073 39.8138401618257 101.345336093986 153.630574460459 179.926714107686
-23.6120148751108 -9.66624289596697 18.1860666029201 69.0284269873367 111.506626182447 132.967538977112
-23.0709638533063 -8.14319714275427 21.6625737518074 74.9889138234379 118.610065624097 140.618546550989
-22.1548113906871 -9.34701584788696 16.0931414479314 66.1939898418151 110.805509758583 133.246641603247
-11.2560078052027 5.03879307566361 37.4241217334435 98.2730465577663 150.286765523246 176.404472108492
-22.7898675269559 -9.66171187357658 16.5034900159448 66.4823747627711 109.977189694824 131.929952347872
-22.3836594010602 -9.94719294743497 14.8242124579907 62.2545919001675 103.566519707352 124.400002899556
-13.414984253663 5.27686056871258 42.6802101338256 104.841023517251 151.861790501136 175.581141735276
-15.7317429110651 -0.478515805817717 29.8153414414342 87.8872513274858 138.390178304351 163.754059363533
-18.6674805112749 -4.01075545791562 25.1018302089586 81.0691134151805 129.809626847346 154.301448705223
-9.48049563029278 9.03248903340178 46.1117051199601 109.344552265697 158.830403799079 183.864834293825
-23.8957150661152 -9.92980914236754 17.9523707915175 68.5271370427335 110.375597727129 131.500773432052
-10.829612638782 6.18020360593108 40.1135972832943 101.653748471495 152.803676649471 178.583675809194
-22.7847501292863 -8.68690312567896 19.4421255356797 71.6199690814723 115.914897303577 138.270041171251
-23.9064928281376 -9.77155966314401 18.4246736849189 69.4345542221839 111.505400596749 132.70869272386
-21.8759919798189 -6.13595992409601 25.2833133371737 80.7220751813737 125.335957314615 147.817507779565
-19.1576955721544 -3.58754558882195 27.4873502169611 84.2333458913399 131.665352097795 155.601670796983
-23.904817115477 -10.440421960729 16.4779272209092 63.840287961738 101.820301471992 121.008228229351
-22.0478379046399 -9.75129370370729 14.6877904275865 63.1069357947569 106.478510105812 128.320379699037
-17.2176298700562 -2.36024044845055 27.1472214155726 84.056164923122 133.942584478521 158.993456490885
-22.1515590710851 -9.85841788504918 14.6092137107052 62.3034497908636 104.486647291855 125.75595275319
-16.8007756929534 -0.60626227669955 31.7062827119847 90.1636224144036 138.648109252754 163.086417702036
-12.9516072937091 5.94770497504233 43.8249061597847 106.329613603461 153.322677607484 177.094565328419
-18.4748067828476 -3.64433827493197 25.8566621256127 82.1069483755314 130.938814259298 155.509644087621
-23.3127491104437 -9.63388596415592 17.6864735080285 68.393462706552 111.412602731454 133.167913936161
-14.6819312956511 3.33239760557347 39.336831930086 100.525560558594 147.922994750857 171.807168186774
-21.2776079074899 -9.5776861319899 13.6078831367452 60.8444440077161 103.972217364648 125.640300136238
-23.6337824298082 -9.85471480352629 17.6801405241555 68.0415802822465 110.25267213655 131.598054923294
-20.513541017273 -5.15491957969983 25.4981331091288 81.2230218841832 127.592752794508 150.987406121634
-24.6371170623858 -10.5867592480781 17.4834829926197 66.5656893711886 105.738133475351 125.491748376381
-19.7570025240499 -5.11777870672109 23.9954345043001 79.2810987776747 127.013867478879 151.021321889812
-24.439970906277 -10.6102124133902 16.8459534747313 64.8228774884867 102.809392473079 121.726253536762
-25.5085422540437 -10.9126903114423 18.0868967968148 66.7878735758641 103.64972593847 121.98479497282
-25.2656627113039 -10.7577607645157 18.0627822328653 67.272165816369 105.349529306333 124.29794062547
-26.642643682184 -11.0335037871531 20.0349281222487 70.1794274850367 106.528172498992 124.61567472517
-27.4653958962014 -11.0858316898768 21.5672617103206 72.5568810032723 108.049119767908 125.729019983843
-27.5413809362376 -10.896989143236 22.3026717845899 73.9328730795453 109.761353856991 127.622105019382
-26.8101341514842 -10.4324234328589 22.1940852659523 74.2876030305906 111.694879084166 130.320664655001
-26.7716928296295 -10.1363734049615 23.0160739731069 75.7170747290197 113.369827780196 132.128247103766
-27.3179404260624 -9.93932669147683 24.7220769630854 78.2786573548223 115.090086446081 133.429389668976
-25.9980142318489 -9.21900008751515 24.2439803157459 78.021663791708 117.016336367906 136.493142896759
-24.9332007966154 -8.53965439258132 24.1082088826979 78.2130756792064 118.868068649902 139.154719050902
-25.6721482701426 -8.30767957572517 26.2625533968647 81.256456500371 120.385232276329 139.844628244123
-25.4230815643107 -7.78912408989859 27.3479394432695 82.8492254272149 122.056576491385 141.582049187227
-25.0304315163174 -7.11460225482665 28.585921113869 84.7325996269648 124.139632057234 143.762301227696
-23.5290703076126 -6.06694386965348 28.6607900286251 85.225108514514 126.642180949341 147.229046676582
-21.8574842368492 -4.96071021239014 28.5611016890574 85.484858059023 129.120511960902 150.7727223732
-21.1514022105102 -4.16831415599625 29.6633347226483 86.9969135218252 131.120686546575 153.197617047693
-22.1608303405313 -3.80397864784452 32.7564909102543 91.0301656111543 132.7420088379 153.499418003559
-22.8868138726814 -3.26217614992396 35.9569553901059 95.1350420510872 134.699166234289 154.465018098865
-21.5170904285042 -2.20861749008199 36.3237340045137 95.841519282987 136.843054880536 157.29292118927
-19.907753174654 -0.943849414563388 36.8236714373803 96.7881966704436 139.421218496543 160.632891395138
-17.3364978419252 0.684134876511635 36.5972947442433 96.7250286268785 142.426232429966 165.288876603212
-16.3793841003617 1.94569794524486 38.4077259467971 99.224570566144 145.200372626512 168.109992532779
-16.0557031356626 3.02231396702191 41.081746238344 102.666078633067 147.708477547002 170.232498150611
-15.6912443114239 4.10040705947005 43.5340682216859 105.918879110077 150.139655458832 172.154159731459
-13.80479092091 5.37031875891091 43.5799253641517 106.041231644791 152.263429623406 175.333031539203
-13.436621878485 6.50830828872698 46.2249594913879 109.511419627347 154.706936954425 177.194275469179
-13.0070244854046 7.54764174846316 48.5372286489358 112.43071233077 156.854587647673 178.995215911469
-12.0388189662939 8.57560773203288 49.6748841382426 113.927309143251 158.787390264961 181.13533398784
-10.1427007223206 9.37579689174617 48.2349477433219 112.18309182597 159.864224134263 183.624682468129
-9.98934202295188 9.31508747643778 47.7398310123332 111.594490257737 159.693031449448 183.672304371374
-11.8430506935769 8.11869033118571 47.8454539205609 111.685224636901 157.770122619277 180.681868512713
-13.5509313293744 6.64336426234836 46.9028719431631 110.364464544511 155.153833151934 177.47803154065
-13.8608265748492 5.53590811725573 44.1584164405218 106.844779798913 152.792503977509 175.672855088188
-14.697153621869 4.17698286025194 41.7483811580655 103.72869698887 150.006531791558 173.07090150143
-15.086616938294 3.21923542700957 39.6479022919351 100.975048420852 147.866766498557 171.256880289915
-17.0581888237866 1.80646529160973 39.3061898041273 100.468032943199 145.222855715686 167.453336063189
-17.3840442288829 0.715075383706077 36.6993536954166 96.9728435485428 142.602397895316 165.322094444939
-16.6189514839562 0.0205672399910845 33.0949487477888 92.2298967529883 140.417802658187 164.513364884867
-18.0982630255107 -1.13649496173083 32.5036235028291 91.3967646137694 138.087064798327 161.301988208062
-19.5023372578276 -2.23600335374724 32.0358352790205 90.579184792548 135.816954779705 158.296789172717
-20.5659309893306 -3.2868197360009 31.0086094683883 89.083914263058 133.446881730004 155.478406734264
-20.5803198733441 -4.00958285721682 28.9441807965003 86.2062235673373 131.355801428824 153.913528195154
-21.4710731481584 -4.78052499575058 28.3116152777362 85.2618966714016 129.513028840788 151.470224900377
-23.5962387680779 -5.91097202293178 29.2712481729177 86.0986105515309 127.257740126684 147.719535844476
-25.0476749626112 -6.81494972869551 29.5524485205721 86.0767484918637 125.226090950007 144.744861475895
-25.6273763113899 -7.56008350880542 28.4710244015272 84.4150649616239 123.075748318337 142.342027050446
-24.5819562705511 -7.86388411133419 25.3753869500405 80.2686163152483 121.213671961865 141.571175075841
-23.750814989447 -8.07273316128131 23.0149067352563 77.1062699718625 119.715413334665 140.876118378381
-25.6106766309539 -8.95203196888752 24.1533851976513 78.2012322162131 117.710736162524 137.331565930151
-26.2712072168797 -9.49574412934149 23.8875909167172 77.4761086345463 115.94970465398 135.085393456259
-26.00658894135 -9.7428742669356 22.5789230889458 75.5343271728845 114.465001411822 133.802262419671
-26.3135734301121 -10.1466058187202 21.9828226696707 74.3961374274867 112.685331173807 131.699145064091
-25.3664888076783 -10.2004264525425 19.8991325391145 71.1926708475717 110.677434767762 130.29279374614
-25.7663676046216 -10.5702812152947 19.573553753786 70.1910358263603 108.346621963485 127.266911313179
-26.0857323923219 -10.7254480647005 19.7820443443452 70.264488917195 107.752739030557 126.367070490076
-26.4717990021472 -10.7197873280749 20.5854452787188 71.6350867715698 108.938723252965 127.460906261008
-25.2111823231923 -10.1934451417333 19.6980172023366 70.8911428253669 110.736218806709 130.65115683008
-25.9989175023808 -10.175075592006 21.298546195286 73.2610427695439 111.990520575342 131.265694677233
-27.4357380016599 -10.3064732447209 23.8590697038233 76.7645020120474 113.213483931749 131.379477872887
-26.8190422467487 -9.8378130182505 24.0057266347127 77.2975472918816 114.803016546092 133.485506686338
-26.0186511342433 -9.22499691695963 24.1926820849459 77.9961485496017 116.807249585015 136.109912313879
-24.6689227965237 -8.38634833497753 23.9227903658538 78.1676112892257 119.10638121841 139.416851971038
-23.2584763767052 -7.48848195574292 23.7522708987616 78.3605772205538 121.467235858246 142.850391943658
-22.7152200055312 -6.83007907715063 24.6566144880775 79.8270862408929 123.517553578847 145.219875768426
-22.2385241435686 -6.20393986144275 25.6350680273706 81.2404483562387 125.365685225968 147.344208946387
-22.9827102163861 -5.87242032085615 28.0954051734263 84.6572462018442 126.991829399707 147.99914899868
-21.8994940404147 -5.04495965305277 28.4491325625705 85.2583940842489 128.904600708941 150.632127172727
-21.9908428473298 -4.45882642472554 30.3807292255637 87.9306662183645 130.74901800739 152.020480989303
-21.9877333807305 -3.80159815091967 32.3831203957916 90.6537005306896 132.686692305529 153.586732890551
-21.0354381218192 -2.81120961629405 33.4422407094826 92.2012522192025 134.956439913678 156.214490218623
-19.6983749842676 -1.66774717859228 34.1652440168068 93.3471397053592 137.398539021352 159.283993863689
-19.0894328877018 -0.653402047287386 35.9947598939417 95.8801817727594 139.788163177032 161.604242233817
-18.146684737299 0.460628526916414 37.4603670221692 97.9000339468147 142.250762767554 164.297901052071
-16.9228508401765 1.26828307396658 37.4458235066185 97.9488807185166 143.741001762237 166.545268628044
-17.5332690937626 1.16754120808857 38.3858857871826 99.12045734057 143.782169417686 166.018598291639
-18.402642285313 0.743368106580657 38.8701854582626 99.685640969057 143.132332314303 164.755903429163
-17.9200330356331 0.396397530809194 36.8563196343606 97.0519082431445 142.028894953198 164.445307800543
-18.9276397213878 -0.53286986695777 36.0266202369464 95.979034168488 140.163055694632 162.109380595432
-19.3768585514837 -1.45806394930931 34.2837601266585 93.4859457493417 137.999159236174 160.288255684843
-20.9223695801985 -2.65540285591076 33.7037253722039 92.6035829737716 135.550448148577 156.92257359488
-21.3181169142986 -3.47186175707388 32.0481174483372 90.3060913580873 133.464714814516 154.959625152158
-21.6656744282462 -4.27313731737324 30.2677993666311 87.9067203674364 131.277697064281 152.812150831021
-21.2700737403702 -4.85015755693626 27.7300200792014 84.4510054405486 129.239968803088 151.511445856872
-21.987512311268 -5.63281085477084 26.8489560239493 83.0527570211356 127.187225886963 149.165513441071
-24.1497435445014 -6.76439861186107 27.8007126652252 83.9552484058311 124.864107630009 145.18532927939
-25.156164951415 -7.64920606479666 27.219981450698 82.8520908969281 122.56839064761 142.349322814689
-23.6195968937888 -7.66654798088834 24.0327188849286 78.6155591078423 121.295273809422 142.556790988913
-24.5241426806613 -8.31059802273873 23.8604456019665 78.1575010443835 119.476530462825 139.976467523681
-25.8568643184452 -9.09488019975376 24.2250635865645 78.2630385305805 117.427808569772 136.880254411393
-25.3536930922892 -9.32391173210788 22.5288379363138 75.7462864896518 115.880655748368 135.834472315108
-25.7524400699221 -9.7736576408549 21.979713573939 74.6939263034902 114.091753943944 133.676654304828
-25.5937453294729 -9.99912879029361 20.9461891926333 73.0644561241152 112.539148107833 132.130752001917
-24.5478288151558 -9.9662574568145 18.9016740986376 70.0856978682911 111.146567226809 131.5063709867
-25.171911344801 -10.3495424746738 19.0605703168927 69.8513123406602 109.507815553152 129.220744757769
-26.3199815326697 -10.8207912056531 19.953805341309 70.6063189779151 107.896865217307 126.397040692306
-25.4199190889256 -10.6913549468241 18.5473217095806 68.3899151363554 106.801928925648 125.892181312944
-25.7935668697884 -10.8879460781299 18.7045501045192 68.1643776817233 105.349383878346 123.808175636656
-26.0455781476518 -10.9963390405282 18.9134130052064 67.9422343640604 104.009016970303 121.926519409885
-26.2050694947956 -11.0535534533073 19.0770722874219 67.6688832033256 102.678677291618 120.073930363166
-25.0447112353505 -10.7325994124294 17.7076431694874 65.5246259731208 101.843895827536 119.910776866812
-24.5949562591265 -10.5895801825074 17.1885656464501 64.6521166117511 101.209828774555 119.35308053837
-24.4640377455403 -10.5455399572363 17.0668376186926 64.2359813747486 100.617438118174 118.677679083733
-24.5685221468226 -10.5730023734382 17.2176585237347 64.3338641565754 100.458596527988 118.409537987958
-25.3838020511794 -10.8035754474291 18.2061454851897 65.5549420922869 100.372621049216 117.695490970922
-26.4645563364231 -11.1155465876394 19.4849647614232 67.226624170076 100.401517580353 116.929744159689
-26.0953725839269 -11.0226722335728 18.9777252290525 66.8608864889246 101.022490247587 118.010547453784
-24.5063743782397 -10.6004499257684 17.0144832983729 64.7117908178983 102.037189916682 120.617508447253
