8.75197959898138 12.4184550857415 20.2700432840539 38.4278624570162 55.1226872741982 63.2734047881345
7.82289315537872 11.0874408028962 19.0922242950626 36.6380396175106 52.0978066711854 60.7525001634951
3.29174064339396 5.43265966493824 11.3795276943577 25.7516747200482 38.7224169408524 46.5432363106609
2.10361241241352 3.82643788516308 9.01464306467013 22.2172086965324 34.1779491701135 41.7437465869014
6.93343580074102 9.99957817065006 17.6454589339572 34.8207567743199 49.7622571752168 58.2837982002074
11.106697314691 15.1101703244961 23.9405007011021 43.4344484052721 60.6154278069311 69.3996556741003
-0.000366290385999375 0.323813962065518 2.21532964098108 10.8055738980609 19.8765117260377 25.7793180429096
3.77335950612042 6.14016708436316 12.0969684304629 26.8642438298727 40.6466178766955 48.1737380214448
2.39380020611037 4.20433405778624 9.60386909809622 23.0849452701153 35.2091762042172 42.8766375189742
0.27217351255772 -0.0287673184531851 0.584977209955368 7.2558223499449 15.5744418844414 20.5171434752682
10.4912586114129 14.3177010279704 23.0837084517851 42.2076742430058 58.9429693679906 67.8177831282898
0.59328377065768 -0.112334012745867 -0.156556160791289 5.4808696581018 13.4627695910328 17.784069374091
1.27796246766509 2.64730150729786 7.04777884806233 19.1587290889934 30.3329294763999 37.5424525358121
7.3754414716055 10.339741555908 18.6116571714767 36.0405081265553 50.3515710401002 59.6093326605266
0.778103632528741 -0.122517058095762 -0.456936938161022 4.70838177470051 12.5269560385942 16.5629864540659
2.87837405978546 4.88527968230679 10.5791899393218 24.5663864015927 37.2423714375525 44.9566156546377
0.0406125832309486 0.291413273657569 1.84983646009702 10.1416692204057 19.4106474362688 24.8802439590005
7.26078234298076 10.2574363664935 18.3870073794079 35.5542571948945 50.1159081734759 59.1527979996789
0.177242488540525 0.00488703940957598 0.798578834408011 7.8629285049717 16.5164273529093 21.4777410410582
0.662250171964174 -0.120898870945808 -0.262006474001233 5.20177458228147 13.1012555468751 17.3361888841915
4.81724897188456 7.59655802568591 13.8836960692155 29.4664391584784 44.4515094834829 51.8051308233674
3.44588400458034 5.59609279313838 11.7230106433149 26.2100483898469 39.1139882951005 47.0730081126463
0.790930308348331 2.02677815583756 5.66765980021262 17.092502390059 28.4213104568725 34.883536930161
5.63972479148684 8.3467670760491 15.5788728449298 31.8212944328667 45.892815570111 54.390043797307
3.13257292506738 5.19051572464359 11.0886450025336 25.29132016408 38.034618670937 45.866852164937
3.85840418870556 6.40361150760133 12.1414507337043 27.0074075987409 41.6195436546539 48.6183357066246
8.77919629027881 12.0113567670608 20.8706922199878 38.9481302909751 53.8513206107544 63.3701158905596
7.08123885218217 10.1458704886771 17.9291065408714 35.1966381537111 50.0621518933333 58.7235023135746
0.29526504156677 1.144984231898 3.8703036580113 14.0707798273508 25.1010061531111 30.7840391880849
1.33091174684799 2.97750057978703 6.85295570148707 19.0543540201178 32.0454038592552 37.9907291817836
3.05118123372185 5.18869171291683 10.7668622393419 24.8910186475171 38.1635991519315 45.5485204752685
1.60307228866637 3.39445661001046 7.49394063559656 20.0678616465847 33.3590974509411 39.4018549665934
0.233019636523781 0.982666931610246 3.65535320871988 13.6317485235461 24.1461105598439 30.037598598151
2.06786852511465 3.86648532217734 8.66966133863194 21.7957968523285 34.5383675438066 41.412257250126
0.0634490154056731 0.0960415114661453 1.23361423465296 8.87243968164572 17.7999387976146 22.9731107253185
0.909807691244058 2.27146996275995 5.85963278137786 17.5180874441778 29.6237918907971 35.6767111942025
0.4625858676331 -0.12089654283938 0.000462809806260485 5.96713235592174 14.1523105847667 18.5673854627934
2.22628899692961 4.13894607525397 8.99876555650549 22.2792238249046 35.348356496148 42.1681315800663
4.91434703181837 7.68709677425216 13.9714138112938 29.6869835749002 44.5558927472779 51.9706034800534
0.16633012951864 -0.0451540763926047 0.649901133807197 7.61988441863483 16.2980246556314 21.1059411477975
0.819509320938398 -0.132672502166787 -0.532247325764532 4.54853611022566 12.3801857914834 16.3091278946226
0.056003284788012 0.394070065273657 2.11126462372399 10.6644698483907 20.1172333705816 25.6604258786348
1.35531570070391 2.9504356933736 6.94465180146004 19.2486049099145 31.9577651982397 38.1156249548572
0.534332762569697 1.66085775338357 4.79179720016638 15.7542303645042 27.2700697600442 33.1716127288877
0.0418765913580691 0.586770391502263 2.61576065936401 11.8902432188721 22.5761789218531 27.7223254398696
1.33316792989103 2.80300555426375 7.10582224927273 19.3426160394551 31.0508667552828 37.9341867842965
1.3169988894187 2.84790871928157 6.91002791692519 19.1412584453579 31.4894006878621 37.8674231106082
0.5523103540535 1.68514709098904 4.84747787622806 15.8383266239783 27.3438220488792 33.2793416044369
1.56452780609665 3.06862712825937 7.77965660821685 20.3180590444006 31.7874321677742 39.1437465065786
0.58743892883669 -0.166901470752211 -0.329595580269875 5.23090235995886 13.3348716814901 17.4306690116257
0.277563574522143 -0.101228797165074 0.420780842569909 7.00052413539864 15.3959548686915 20.148049789693
0.0765971668527045 0.532078680372124 2.43746466429602 11.3392681528593 21.1040995905307 26.683706042363
4.33621372430858 7.04576405124032 12.988130668644 28.2348732590693 43.2197667836931 50.2763368075393
7.72468263513393 11.1363757928935 18.7378620992616 36.2573968843912 52.3523128373 60.4804900712419
0.352110237585426 1.19472907139917 4.23822856365538 14.5577151846381 24.788138365715 31.1963430842317
0.0681724100633613 0.65618094027533 2.92530618837011 12.1960942394173 21.7817270644085 27.7848494509195
9.81120878828513 13.6931579564489 21.8758375547818 40.6711554006742 57.8023783726354 66.0887545205299
0.0134413580828681 0.192026793492968 1.77901868802567 9.94550587460452 18.8903303744645 24.5376589866368
0.407863316860014 1.38426334795885 4.55472099365854 15.1490748005922 25.5738499543386 32.0394214450614
4.12790230821175 6.83135742986074 12.4343824420779 27.5532049577635 42.6219776270497 49.3842700349092
1.27251145660421 2.63890102821415 7.04271162996268 19.149876606181 30.2985882106932 37.5235211253973
0.645376594176886 -0.146749880128935 -0.305363326043964 5.18669816850901 13.192147675022 17.3292674771815
0.227657706632014 -0.0064082391930693 0.722197964273509 7.57271726478918 15.9557286597971 20.9975896625624
0.0526086474171829 0.313792368829213 1.8877294945474 10.208431150578 19.5149094376014 24.9847889588406
6.96096972614693 9.97435542945979 17.8053558662096 34.7995671002568 49.5858198205788 58.3074676898335
0.010202647652592 -0.0145671420855971 1.06492204352163 8.72743290391569 18.0486170748925 22.9059350428314
10.5751047895567 14.2583130374819 23.4093236883523 42.5416218760908 58.6958659175205 68.056431290521
0.426286537896117 -0.134147045030634 0.0108934129257873 6.06260540851888 14.342472329425 18.725334727345
2.40632320749507 4.35538827011164 9.39605039529208 22.9082155914135 36.0154161433448 42.9522838079957
6.49291177589633 9.55043835626446 16.8059674234627 33.6956853284584 48.8201932719817 56.9539629815209
-0.0368085605135637 0.182689262162343 1.69819266825681 10.0695939716986 19.8783295958814 24.9466124707485
0.0649932648309489 0.260851503084426 1.71218244345101 9.8344758279278 19.032394741311 24.4315507924735
1.45469245650163 3.11072967273246 7.16848934361851 19.6114860614086 32.5053655802493 38.6428801932942
5.97525284322034 8.74006974853812 16.1624810338915 32.6428256955418 46.793496704127 55.4178919974925
4.97661712978389 7.71596780114622 14.1402315273917 29.8928318911316 44.5777065034556 52.1764223916858
1.09805259441495 2.57561933917835 6.32052570091652 18.2762356541764 30.7402917422263 36.7771493616225
1.67447470544292 3.32518062679335 7.80483205064505 20.4273300305998 32.8715919787705 39.5854998597202
0.0185595566350157 -0.0343701542119159 0.987861312724092 8.56858461954463 17.863072540839 22.6706148547031
0.000352044669083484 0.297692946440214 2.13091728705867 10.5707211577916 19.423678418228 25.3977400691979
7.66457577825741 10.6774360456991 19.10653532848 36.7266462742439 51.0959288665481 60.4592153109009
12.5315393091048 16.3820797349282 26.4979700469002 46.6451644223635 62.8739576156284 72.9606284137272
0.398992435267081 1.27508367545227 4.3984356377726 14.8311389964215 25.1384340698345 31.5822622718146
0.321173904312415 -0.14359512065445 0.210240400998112 6.58339456362199 15.012725916412 19.5394583564322
0.272203966796648 1.04934422728559 3.93383000182316 14.0323126522538 24.1328479650518 30.4565957036887
0.902965138737218 -0.1235185233065 -0.65273289816234 4.21056754558643 11.9458837996249 15.772695805237
0.41701728793468 -0.0927860704930444 0.156442072850171 6.30035045983409 14.5138904261835 19.0732619313217
0.590281974051556 1.73370047164606 4.82128102223747 15.7306166056639 27.6298997400186 33.2671630035928
5.77398679495518 8.88801294149599 15.45365965947 31.7430652020661 47.5325227691694 54.882009814617
0.930646416451016 -0.123124002548961 -0.678489035462538 4.14354973978684 11.8769767981503 15.6613327794267
1.63247754989659 3.45956535007118 7.5553479949113 20.1808207223596 33.5895242654237 39.5876732859835
1.03834179932381 2.40953258982144 6.28794828975704 18.1146207073107 29.8770219423614 36.3525833863587
0.267144680142362 -0.139987934516968 0.304956822086644 6.84659055890958 15.3884556372188 19.9583931472298
0.00369007094462066 0.355280896357093 2.29986086913638 11.0020062747282 20.2096642262804 26.0867788124656
0.573294039048775 1.67107746861578 5.1956750938435 16.1785932994887 26.6447576582748 33.4124342060681
0.153748060783578 0.0133959103300943 0.856832227820407 8.02145389657608 16.7450865190664 21.7158192151157
1.25827509354182 2.79934524247106 6.72395065129357 18.8944706591009 31.4438160800176 37.6077115092096
0.791939674231063 -0.130716535848529 -0.513962668087543 4.58990394476521 12.40637660562 16.3850704295095
0.867437800155569 2.1837490412513 5.62775300983251 17.0399660207928 29.2408480460925 35.0892906619944
0.448714398303559 -0.122379836763648 0.0801837815092112 6.13229927941494 14.3010136916805 18.7976387030579
0.0646148079356116 0.536297103106844 2.5295798668436 11.4954431846213 21.1438363515645 26.8650293336868
1.7340242353803 3.30485358094458 8.18516288108358 20.9411441868961 32.5287360544002 39.984585920193
0.270062292001044 1.13276715891953 3.7397848889604 13.8955073885841 25.1988086213253 30.6324278274392
12.3029673369239 16.1368145797436 26.136705985271 46.1693043003073 62.3986576702646 72.3962097752974
1.28761275431581 2.86940383658905 6.76983188090076 18.9956839180678 31.7446914015542 37.7997442654155
10.9684901718647 14.7845433052072 23.9056100849785 43.2709473113822 59.8271241205074 69.0391987961936
7.75201273947626 11.292601994311 18.6496644170275 36.2204632773267 52.7953470737807 60.5756442752152
0.105052824802223 0.0363981287659932 1.13579155523221 8.54348898148549 17.1195640726849 22.4445786949377
0.146277652966842 0.834629624066957 3.17292559113262 12.7967105046573 23.0976885261256 28.8372179920586
1.36489413999376 2.9839293828944 6.95288021566801 19.2815400527591 32.1139042464617 38.1961948491864
2.18484353894301 3.96596929930449 9.09637075968914 22.3556807095562 34.6591385944864 42.0235386974555
7.2610890812558 10.7679199463857 17.8115048449118 35.0971203996759 51.7280641590527 59.2303083235199
0.185542939842948 -0.129919769091476 0.459680710633094 7.26936262476893 15.9981238113415 20.6310521753473
0.548593333630454 1.64451051682163 4.7017108359853 15.5174717900763 27.2540938165595 32.9328683394516
2.86684718343365 4.97321305880558 10.375510378116 24.3546751967869 37.7213250193415 44.8766381869536
13.1368894313532 17.0594222959747 27.4035828053195 47.8519399108983 64.2003533688164 74.4240465313528
6.31967606167815 9.14963557481296 16.7368831305016 33.4539003305351 47.7301970891538 56.4434132905782
0.602018486970587 -0.138268837701742 -0.21095220995038 5.40266776523247 13.4226431629303 17.6630511716167
0.121006287409774 0.037294509056747 1.08180484674536 8.37003517577826 16.8124032829268 22.1703644660566
14.0976498031422 18.0758622686411 28.9145430839788 49.8130454660259 66.1179467071422 76.7297753813337
2.00083844827304 3.91566236444226 8.41268207336197 21.447886581632 34.8289577951238 41.2032088411946
6.82970261288112 10.144936964185 17.2235337785802 34.2028039027218 50.2868281768751 57.9826660136369
3.56278718177571 5.99502379323305 11.6169886565239 26.2366979603249 40.5646968928042 47.5588331816041
0.0205918335331559 0.130892864740691 1.56132840590361 9.57319810391758 18.6399275758417 24.0377684392537
7.42761608940799 10.767728921051 18.2838183940913 35.6165195058627 51.5490301219411 59.6556223672486
2.83904784913288 4.98113669568723 10.2729794383793 24.2387347962451 37.8260627298707 44.7992959275827
7.61147450143475 11.1883868486411 18.3660165873552 35.8716673602463 52.629500480941 60.2055662370086
1.16803743160251 2.56254267097672 6.78676781374148 18.8067489429932 30.1306348564359 37.1232734856455
3.38357239553832 5.4826013713708 11.6632055452115 26.0962868773327 38.7328418665126 46.8506963586747
14.1919561830993 18.1876806512666 29.0469206658085 49.9905074955324 66.3355733617661 76.9496116031105
4.35821586191413 6.8000106471594 13.3129566196185 28.5813605626916 42.2117422696997 50.2697840555685
4.70662496693957 7.51048727474137 13.6539980516846 29.1757528736694 44.3172729416038 51.4997434634891
11.8241553746557 15.6748096466488 25.3054311381892 45.1070728405186 61.5468384325096 71.193688124098
7.55892362303542 10.5672313612694 18.9077001513101 36.4611938613063 50.8671319305072 60.1466001546944
5.8945610741236 9.02475195272051 15.6671954101717 32.035557130365 47.8294864058407 55.2431223816834
0.658296540951711 1.70260303136709 5.26417583109928 16.2740616346284 26.8641035402939 33.5781097438439
3.21653415994627 5.48599327143174 11.0265494913466 25.3435930557823 39.1801084428808 46.2779845753733
0.167507794078114 0.00485205345719711 0.908110028893835 7.98780466589072 16.3749199667276 21.5998357325645
2.74250826762396 4.82656409106351 10.0802845273752 23.8984050870958 37.2455558113979 44.3152910778526
0.300603182540708 -0.0973283697718927 0.306184472458244 6.78222992982333 15.2358722212247 19.8353816101297
6.14944732792691 8.95128361633697 16.5188333993548 32.9797137600091 47.2332981431719 55.9025921716532
2.48534459659147 4.50287599702223 9.5230997488395 23.0769907562568 36.3816049748014 43.2583052453722
0.374434001745974 1.36664064302567 4.24638473192518 14.8051560619831 25.9628135856595 31.8000164658621
2.87364070508516 4.82614675848891 10.6240288334381 24.5875603618602 36.9624723348775 44.866470888906
2.67563334789442 4.65101986794003 10.0516096644763 23.8245772886073 36.7032691030213 44.0501071117737
1.74038101747015 3.38670768078652 8.02349701005397 20.7457190270139 33.0089102307892 39.9410353453604
8.49771472294973 12.1374684639006 19.8548146630691 37.8661607083356 54.548086083016 62.5927470081692
0.039710220370807 0.458157387580085 2.50529508139661 11.4700858531056 21.1166745555085 26.8432730017641
2.7694580456019 4.90090799912364 10.0827146926909 23.9283582849759 37.4926345221698 44.4197341591264
1.93930328292765 3.69682578264864 8.37275444539958 21.35537601886 34.0568178558546 40.8339669584355
0.0812737514490759 0.58261779785469 2.79661900147841 12.0256837162458 21.8794430404631 27.6603712469051
1.51607244040273 3.25037576263568 7.2982345470391 19.7502790179046 32.8951600963046 38.9429841824775
6.98205894486936 10.4218336272381 17.3750907824961 34.4796636645126 50.9710379641788 58.4392900984132
8.22565340786026 11.9200929327058 19.3297601341216 37.2144825884642 54.1820483680727 61.8875953819498
1.82706867384172 3.4627819179117 8.32732390263847 21.1857148435484 33.0546849109236 40.3654431405341
0.63040317637653 -0.14857308910161 -0.334743377735856 5.13395595275286 13.1342354177438 17.267098840645
7.23065010624948 10.184565996647 18.3965850593863 35.5418711478857 49.9087364843392 59.0753587492765
0.104897185219317 0.7434274093164 3.13177315899982 12.5926037192585 22.3175870877589 28.3775757336944
3.01182889387405 5.34297442481049 10.4423877648025 24.5591307761467 38.8191885379334 45.4284314977805
4.08151186945612 6.56509839649684 12.6076570914666 27.6380918817217 41.749787013834 49.2318628735672
0.448801511326833 1.44990696221056 4.40385265925507 15.0028055761962 26.4533156838921 32.1593781050729
0.230346574008096 -0.0110069220576535 0.675614195020982 7.53500458940837 16.0547756721449 20.9693556585925
7.29241755483691 10.8058555819556 17.8610406012903 35.1665468183479 51.8099503973644 59.3181621867188
3.06183359075168 5.10130688307186 10.938987287106 25.075768820942 37.8002426321247 45.5886947400098
0.0268487051805564 0.221252174641914 1.66689318085854 9.76534117656482 18.8768890233225 24.2834350605135
2.24705681332324 4.04566333592624 9.24675682204892 22.5799377420386 34.882209289034 42.3109038479876
0.142024532399713 0.748302212781485 3.20394545045387 12.7591776178187 22.7354646644234 28.6965518883182
3.50900254989397 5.8160331132541 11.5828024212037 26.1185205963972 39.8367519639391 47.2226009594595
7.40988155013683 10.3896329297044 18.6549254390041 36.1083011776028 50.4724343207355 59.7065313738679
4.18201347501788 6.63543967178523 12.8866894944835 28.004183445285 41.8689144652193 49.6197641533986
4.91257939569852 7.56673062671461 14.1269316981992 29.81942834776 44.1520693393377 51.9934121418047
2.60654191927872 4.48055533716777 10.0619403708146 23.7617825435579 35.9957757606809 43.7735450211374
9.75364502094278 13.4069612609073 22.0201973309199 40.7101946549093 57.0244151555265 65.90721655733
0.00966554508524489 0.314038797674175 2.15261236707943 10.7289702501231 19.959029405465 25.7076639083901
6.88952633918773 9.93292350329055 17.5776594360336 34.7161259787683 49.6024504942159 58.143560820717
5.15590677661765 7.98307318120166 14.3988463148724 30.3034414069479 45.2564310935977 52.7523774202646
0.0790804304709173 0.215314369986919 1.55611970983396 9.49716926591503 18.5939820395167 23.9300918433907
6.30518997574163 9.5646518036456 16.314583225306 32.9686365780244 49.0655256092017 56.480279345075
0.260205577177564 -0.0494625218789689 0.600746187126199 7.30125090976709 15.5839570752295 20.5666261658808
-0.0246043915648708 0.346634268844264 2.07126645911747 10.8572860539887 21.157071710708 26.1859639589358
7.37212514437831 10.4534056917864 18.4761620748438 35.9323435462977 50.7086352692514 59.5962392321728
6.86263487395253 10.2517222811941 17.2098168875095 34.2298187398195 50.5797110479514 58.0945113316486
-0.0138081605440278 0.143839252998664 1.59308217967337 9.78594062039037 19.3093483127643 24.4634054719366
1.15372062229593 2.46338355321888 6.72293214170456 18.64041133229 29.6823456776101 36.825255786368
0.438300124149482 -0.157856711964048 -0.0847205807786809 5.88696117129889 14.1778936132204 18.4594437283742
6.31644293922856 9.33954973376352 16.5664818298158 33.1667443770276 48.3330705161355 56.4312632159028
2.95865116199471 4.98549715893888 10.7557831608879 24.8243554796241 37.5059018968537 45.2849399530259
1.25325342032467 2.68312608859569 6.99197505147621 19.13271093698 30.5538901359186 37.5766056141776
6.60646587681522 9.84386366419516 16.8888911870975 33.7146646430352 49.5974897050896 57.3253881094819
4.00668793526808 6.4401659400884 12.5213530268256 27.4893150123916 41.4070302648659 48.9926034526659
3.8106842474572 6.32116319352702 12.0697103306297 26.8901411715153 41.3859713622193 48.4323249017123
0.0660873461003738 0.00565541619613548 1.09292033996848 8.61498261382875 17.52876046254 22.6311328282818
6.0210936375606 8.80772617351382 16.2111180594812 32.721944525085 46.9630634249274 55.5390403542601
3.58396918115508 6.03112720989393 11.6486130598224 26.2881182635043 40.6677220522395 47.6401703002809
0.6329400393596 1.75961719811066 5.33653205884813 16.4384937997681 27.0756970360888 33.8116012960038
0.151227002082349 -0.0849622648917867 0.665363458346237 7.69181893056008 16.4467839240653 21.2523529631622
0.199321113576538 0.898303693653483 3.58663676276597 13.4341165845816 23.4594326629533 29.6299227026153
4.02256975345915 6.40051030405075 12.6643980247197 27.6549701255198 41.2460271143255 49.1075485432759
11.2947404648889 15.3780406509339 24.1881195320435 43.8071241835782 61.1944471980196 69.8957592197255
4.31262524315622 7.04940333735254 12.7824634617711 28.0508166166787 43.1388857833974 50.0063270503524
6.00492765564632 8.82058784457812 16.120093265231 32.6167422452145 47.0230533618607 55.4529581848557
3.12531888171507 5.54854466781401 10.5915111883023 24.8292211542761 39.4106965948756 45.8569192794557
3.38507841310534 5.90446956877104 11.0535354849637 25.5331165858648 40.3369552170382 46.797961896424
9.79522439668055 13.5353066407489 21.9907383010811 40.7266389730362 57.3569313256812 66.0160272903631
5.25267666373926 8.17103389595346 14.5045322930424 30.5121023851672 45.7651940504369 53.0846362719399
0.536515695987587 -0.159190784614023 -0.22931228411183 5.48011003123044 13.6384573287247 17.8203659624288
4.13797965600466 6.53673032054929 12.8939350946702 27.9825422969023 41.576291334653 49.5162503004285
0.590473119150282 -0.163335088563128 -0.321992198370374 5.23472876972768 13.324347539377 17.435363073609
0.0979069701978789 0.0468272186343143 1.17931981776583 8.62855914753354 17.2007384600999 22.567139265187
0.762476739069508 -0.122465600963829 -0.434452294459728 4.76761002347017 12.5986788160032 16.6575218249344
1.06209485418788 2.32696363180421 6.46658545095544 18.2308743671789 29.2010146226505 36.2673441840793
2.58274189838424 4.53327947979534 9.89473257324111 23.5732235100333 36.3392607344013 43.7250419881554
2.48195051619908 4.3550774823493 9.70723997811887 23.2802131324851 35.7708606170047 43.2389934784752
0.729348322067184 -0.137332905925114 -0.406428693550685 4.88783033631419 12.7953593855087 16.849680401382
0.5355646580761 1.64511142531295 4.65266598814519 15.4566668338144 27.3096292129111 32.889934748619
3.47512774365996 6.0176832509262 11.2243539238728 25.784176699186 40.6211696173677 47.1210578626456
12.3125938351163 16.3355786658068 25.9255297402628 46.0096894902345 62.935737385788 72.3931748755631
-0.00161891136498198 0.340391241354768 2.27102475200501 10.8962319088462 19.9286649454058 25.8969617078743
0.707117232379696 1.78448817183488 5.44358709413858 16.567465466308 27.1690038135416 33.9705195246101
-0.00643908441583617 0.312143125840947 2.06400912728334 10.7354679784369 20.5847006273871 25.8827579418474
10.9929755305789 14.8980124082266 23.8479298052596 43.2520063550421 60.1242446149916 69.1018795483371
-0.0379717810103802 0.237923883586017 1.85202162660464 10.3857678967037 20.3196147611929 25.426641827506
0.548470792021546 -0.14827540872844 -0.159338876559028 5.57925417497516 13.6849914544221 17.9509092451319
11.1564207415921 14.811357171901 24.4629175897136 43.891264433906 59.7166849460873 69.5714714344044
6.03385219016549 9.02807768726378 16.0569804227054 32.4755744981703 47.6689344155317 55.5917000007103
3.32359235891331 5.61482304043053 11.1762498712718 25.5452704268849 39.3604556225631 46.531854020506
13.9759019157842 17.9990605777383 28.6631128852587 49.5166173710751 66.0125745042483 76.4296724621013
-0.0127988202221602 0.396245236806241 2.18482601030952 11.0765493311886 21.4660046377138 26.5151800637437
11.5378468289209 15.2966385180288 24.9502331798493 44.5899390532587 60.7449889494778 70.4990078153124
0.443481644286563 1.48704527393092 4.48395528841735 15.2070013250883 26.469812806302 32.3660831003956
0.0456687892328773 0.608497761654905 2.6534606139772 11.9690942423889 22.7207732173259 27.8509766661438
1.99414191851969 3.67154459694907 8.77473840937946 21.8485049920215 33.6900793297605 41.2325330618217
4.22524403655845 6.87243617047235 12.8096583864921 27.9598533825182 42.7607676623085 49.8708507345112
0.722428907591351 -0.148963537552604 -0.433377493828615 4.86108958443255 12.8060422029716 16.8161809088721
0.212320845527114 -0.0517244882804505 0.571283213966384 7.40321747545065 16.0047293153977 20.7790320892284
4.55811447211053 7.16433797121245 13.5361906883669 28.9054051066272 43.2989340693915 50.911511313556
0.428563254812895 -0.142726971967744 0.0465504837379069 6.11872032851757 14.3662452927074 18.7986421952932
5.87593678895303 8.63942079692376 16.0337910381624 32.3165676213127 46.5508772761518 55.0814213839939
12.6420664314642 16.7439954497844 26.4066450861827 46.6727515045314 63.7587205995158 73.2160143829233
3.96800227423466 6.56851056545627 12.2122274997022 27.1749079745608 41.9145344096012 48.8286253397509
0.0322688360918643 0.558120905385443 2.55404195602466 11.7758210394344 22.4202123545945 27.5532502734287
10.8352854075829 14.8762288008903 23.4567392193627 42.8336669598865 60.2096918027258 68.735331538853
0.579752736519561 -0.13322836575503 -0.16065190100159 5.51730775450553 13.5453413113377 17.839382093166
0.0136177523081182 0.196337448901043 1.7900180372129 9.88620452638829 18.6111690769095 24.4044269979904
3.04340922872487 5.41042548748066 10.4701007274155 24.6217960188301 39.0199234501342 45.5452546795199
0.175749530126902 -0.0536815334931513 0.60802041774328 7.52955173668725 16.1931734637966 20.9683101538676
2.63977626209352 4.76481512465509 9.78132025702779 23.5031331477638 37.17080722621 43.9135067664831
0.501456010655168 -0.167164285661024 -0.204271065695352 5.5826791636048 13.7978279782608 17.9860082397373
0.351665927166096 -0.143369052570553 0.0814402063256865 6.31250456317572 14.7165065725598 19.1179912820924
0.200097174965918 -0.0710602440761394 0.518733565861384 7.33002603523532 15.9544939515627 20.6664209034546
0.0906273627572933 0.0237279948916292 0.961168612004888 8.31044696848913 17.1364330261792 22.1336613121863
0.0236021847713068 0.170939088914835 1.50573586048324 9.44540593590301 18.4906810672389 23.8047205986306
0.0106947955811361 0.358177128726446 2.09618752707405 10.6150516212621 19.8797426255689 25.5021280591463
0.0490304769232068 0.582058750481385 2.72444165616856 11.8127546914166 21.3109957062022 27.2266022805789
0.129026409102076 0.824734759439834 3.34561005951801 12.951059824946 22.6662193791596 28.8467779734446
0.252788246784201 1.12031252274289 4.05814005955089 14.2249137626568 24.1867318221157 30.6478284361145
0.437827778805959 1.45037918400488 4.75672181577232 15.4327011299016 25.6946505465466 32.3574947857434
0.67340860361309 1.83011880702284 5.50806087790896 16.6989777136237 27.2926526779881 34.1397079588252
0.989357889371557 2.30520194467222 6.39006426180562 18.1393287389119 29.1086037952894 36.1430092246348
1.35929642891487 2.82725411415748 7.30375855196337 19.5888670083442 30.9412825449536 38.1433398129256
1.82530471329514 3.45691178899821 8.39488395197094 21.2652031707109 32.9607468347006 40.412544178114
2.35143815909994 4.14542578833406 9.55336736071879 23.0019158034047 35.0129456175789 42.7363810439353
2.89057870367848 4.84283760808977 10.6790905182954 24.6621830633396 36.9905693428525 44.9469973437632
3.43644609385305 5.54981278555632 11.7672980039055 26.2455961065279 38.9071730678756 47.0454991955337
4.0287618603977 6.30715704839716 12.8918098125438 27.8563669229296 40.8561296936437 49.1600495183326
4.71612682733109 7.16593388114652 14.1875068504001 29.6922218244977 42.9923298956966 51.5398901462881
5.40361709627817 8.00930973343104 15.3509769732468 31.3228258911544 44.9849180444882 53.6691833074298
6.20349893504472 8.96761422160301 16.7028993292442 33.2007782308364 47.1905770470906 56.0870054736015
7.11878320070209 10.0507689048379 18.2161626679094 35.2917158967102 49.6107082669063 58.7545280336924
8.14538856033939 11.2620427874795 19.8717745709035 37.5720404527211 52.2444116012484 61.6359485259795
9.23954157192389 12.5489407198474 21.5953518471776 39.9414871914644 54.9874364542764 64.6101174883206
10.3556779541767 13.8555740688105 23.3104880966924 42.2963269884075 57.7273389601381 67.5525167249334
11.3183219303881 14.9871268781383 24.7211754709162 44.2338776354896 60.0628830819945 69.9799239193183
12.4579992258865 16.2621381679827 26.4590382082429 46.5653971016553 62.604756867171 72.8113213329467
13.3576687060706 17.2506248931052 27.8323500393811 48.3828658039079 64.5281078630298 74.9930061046116
13.9871573211988 17.9302086019525 28.7952778415378 49.6421269418106 65.8239876975599 76.4923490843986
14.2096093717335 18.1842627048787 29.1043686870853 50.0526229808361 66.3133216474526 77.0002586728107
14.1955315397157 18.204664319285 29.0366554861292 49.9842162165772 66.3765036223541 76.9543517613058
13.8134240285646 17.8649080924235 28.3744695119254 49.1613396783216 65.7847297557655 76.0399332790576
13.2076789549169 17.3014113549356 27.3463678823822 47.8699773331833 64.7796661884641 74.5854969913232
12.5049012728099 16.6138019087676 26.1755197440466 46.3799313646478 63.5223048878572 72.8831504328496
11.6498443866773 15.751884670737 24.7637244350089 44.5608802643154 61.9111500352756 70.7805929640168
10.8419740026073 14.8923856148543 23.4606178364134 42.8456026944565 60.2500826579273 68.7572005576888
9.79082826289822 13.7201539918734 21.7971802055386 40.5999674340271 57.8968127696954 66.0461073487824
8.58900684030639 12.3506009660994 19.8961760735921 38.0017163105569 55.087394556561 62.8690733087945
7.4681913046821 11.0248244543872 18.1354850848525 35.5556404936841 52.289955277741 59.8175880274616
6.51311133575248 9.84492132384475 16.6331374044603 33.4336300389688 49.7101753748048 57.1039871170873
5.70837355931367 8.8163558525182 15.3365079749418 31.5842599674085 47.3803099192699 54.6891892614455
4.95002644835939 7.84486000408178 14.0545217017744 29.7600179046789 45.1244681495028 52.2963124803749
4.26463543062187 6.95439354961032 12.8609259220296 28.0541148407936 43.002562295837 50.0392972488047
3.68228301679395 6.1822450322171 11.8141445104104 26.5427008793527 41.0815399320299 48.0125593899921
3.12896409063513 5.44612281412637 10.7748386183734 25.0304606206328 39.1841083737674 45.9829650418493
2.63630218395453 4.77204206303699 9.79860555115897 23.585990920325 37.3575050873193 44.026783739997
2.12377391266991 4.06666625856468 8.69533141372384 21.9391014845291 35.3728516035783 41.8117515073742
1.62120866989707 3.36542108253978 7.54993838988061 20.2103915130748 33.3191529351573 39.4841072256565
1.21358256444846 2.76913532106627 6.58720842683397 18.7203358959278 31.4452088258023 37.4348733650612
0.86614822885685 2.23945317644215 5.72067254400488 17.3394347114045 29.6230242470736 35.497600829723
0.574699891327953 1.76241306316272 4.91608824937006 16.0095784675019 27.801063542766 33.5960513207006
0.351385511461596 1.34304811888359 4.16875889547058 14.6980201062518 25.9258587187174 31.6788874224578
0.179722019663756 0.944505429928003 3.37392826166981 13.2148544257308 23.8030931100564 29.4894370009742
0.0839951772035199 0.507536602641624 2.34939625200172 11.1496218508032 20.8628188890041 26.4033833096162
0.101708362982111 0.167642603969258 1.39019507506515 9.10183683880133 18.0161576247103 23.3261819589484
0.114904665328563 0.0675110613608473 1.13668631444291 8.50364096787392 17.0536032691771 22.390235694054
0.0416709482247429 0.131980603017524 1.51255225828859 9.28714397352762 17.8664182416956 23.5207320755472
-0.00090456155548678 0.265861068157434 2.03187280839316 10.3685178385874 19.163688566144 25.1017117634691
0.0203959384245744 0.462948258709146 2.61242404508658 11.5343406678932 20.6607633167817 26.8021039555783
0.0969625379976063 0.728754182026244 3.29782936827439 12.8482912723509 22.3464412870493 28.7002386302084
0.256814736003077 1.04437224603629 3.97676332961167 14.0743482704121 23.97935665623 30.4608374544884
0.498287068245975 1.4609586331521 4.8334373209534 15.5481205520797 25.8409507616712 32.5342748428444
0.814390933942102 1.95549516402871 5.79373161110553 17.1384933301726 27.8083105031572 34.7441033774178
1.18123910082452 2.50555507870989 6.81488866526051 18.7877279284572 29.8296427517583 37.0189290125062
1.57439358254827 3.07825942742172 7.81961446697892 20.3755476390578 31.7971222588489 39.2030270900153
1.98579450775965 3.65918090085656 8.76690118629221 21.8370610947167 33.6540977233782 41.2111576283603
2.44506428260613 4.2896001059374 9.75243976961907 23.3268657710361 35.539910377651 43.2399059350255
2.92929402612407 4.94290851382752 10.7072987393446 24.7501149111808 37.3806373899132 45.174925490188
3.5130097723765 5.70809699313345 11.8181663878265 26.3879207762921 39.4206742599812 47.357918846604
4.17892294560652 6.55872600475275 13.0411594674359 28.1747959571972 41.5933022113677 49.7037725766266
4.93599868317381 7.48918781441891 14.3758751348278 30.0953584517543 43.8508445837226 52.1753999159877
5.7336123754828 8.44786679441951 15.7643717372669 32.0749031410269 46.1120606310079 54.6903351621746
6.54049718433526 9.38493253470987 17.1672652867547 34.0388438168411 48.2369989921216 57.1368668238453
7.27056344696634 10.212356394089 18.4477564007518 35.8084808420921 50.0644164176693 59.3115021481025
7.64465945583836 10.6441242955143 19.0847597073671 36.6894544747465 51.0132897407536 60.4020151860771
7.73205025748277 10.769729376233 19.2108498853629 36.8790976669134 51.3091904002844 60.6593254716995
7.66103267349019 10.7329472462399 19.0423241495714 36.676103640497 51.2688283457652 60.4534287771873
7.38779566354722 10.4723834541365 18.5045404433572 35.9717734095276 50.7503545162281 59.6445341002422
7.0142321843967 10.0969490504861 17.79081937322 35.0245052597838 49.979306065944 58.5347588428223
6.53136761812653 9.59266893962448 16.8776944306963 33.7942215679863 48.9125462112892 57.072973405651
5.922655695788 8.92629844245621 15.742901117487 32.2338117178186 47.4507607720153 55.1861466935071
5.31235611876892 8.24298762673465 14.6119531417488 30.6651635932366 45.9311111339832 53.2755481095964
4.57590524611616 7.38169947423117 13.2519163067779 28.7375279787369 43.9399819174541 50.8841075848624
3.80876025334466 6.44740631526307 11.8360228164372 26.6911237651494 41.6999136694134 48.2980743914416
3.12516237100823 5.56900285784509 10.5698824913825 24.8148841450417 39.486234716847 45.8638574417789
2.52986300043929 4.76205803261404 9.42218540442163 23.0755490019778 37.3321345114741 43.5500521326576
1.96383876539296 3.97595602465746 8.27812165506717 21.3290399964986 35.1616183303642 41.2030182611396
1.56697777174269 3.36432783990485 7.4066217519715 19.9498930261559 33.3056809753274 39.2729552430003
1.20861787372283 2.79574007050013 6.53950995461809 18.5608195723633 31.4577495006121 37.3166276291236
0.876883942837504 2.25441552761811 5.66633557790084 17.1465407765906 29.5994759709053 35.3189088594426
0.588376691473326 1.75662440503965 4.82909272090401 15.76552820418 27.777135419689 33.3530082959564
0.338703144611479 1.2932572316662 3.99806152950249 14.3624453102372 25.9376731696207 31.3451446077221
0.159023792324573 0.899415860681914 3.2438339776552 13.0374253580193 24.167322851423 29.419236840413
0.0216555111839822 0.545623811014871 2.51402856413334 11.7182644973901 22.4054175116187 27.4888647800107
-0.0406455725642546 0.285661145887898 1.92057386249522 10.5766083162748 20.8072956719405 25.7770973234656
-0.0475556360241441 0.0896496303472897 1.41313955065713 9.53726967874784 19.3079178270825 24.1879841492467
0.0155613507444454 -0.035586378495712 0.981220273168982 8.56590857511237 17.8909336398673 22.6751953997994
0.13166579054093 -0.121257410469833 0.556441529550591 7.55278246988767 16.4644846027323 21.0944764452102
0.293137806390089 -0.163348108348459 0.18206933638173 6.59175712195812 15.1237288161202 19.5795084002843
0.491057859761709 -0.171692716500159 -0.152057482704347 5.687118419877 13.9084817416135 18.145454221903
0.677419872718047 -0.158082326510902 -0.394709554280096 4.99292606735714 12.9926277024802 17.0328054050457
0.81614798504293 -0.13905069914422 -0.547664816609527 4.53305108407138 12.3859176125701 16.288792290953
0.922459367752318 -0.12512124074 -0.670200092291762 4.17292613115145 11.9211574932634 15.7083606050571
0.946729029756841 -0.120861095482086 -0.703991663456235 4.07304886401185 11.7864862752847 15.5492971915996
0.92408722870391 -0.126884756385128 -0.703021148885367 4.09225956283753 11.8098821832733 15.5884323688543
0.858431140661481 -0.143660537020663 -0.668548397881588 4.23208724048907 12.0042407487832 15.8278535141853
0.752216816346831 -0.159473271586782 -0.559235454292437 4.57678639691563 12.4719976864469 16.3889240765911
0.632240852241742 -0.167800178928768 -0.400113259259495 5.0401466075036 13.0902751568293 17.1293298090358
