8.55095819562574 12.4239647050986 21.2168032563579 39.7034275738476 55.888257207819 64.6237977620758
7.96847509070422 11.7371992780837 20.3239261416828 38.4473161105205 54.4339280422139 63.0383781830699
3.64359079649511 6.39986202188457 12.9705011226335 28.0997603813027 41.9919152860996 49.6127030824824
2.40873973730247 4.75959905497391 10.5627426671239 24.4997853094766 37.6253199151811 44.8452183422316
6.94691924165872 10.5252242284683 18.6994213186564 36.2576403033249 51.7715368441085 60.1767720000345
10.5345085691883 14.7667762443698 24.2852606196754 43.8379288691125 60.7390261494195 69.8265881042633
0.0028298945537673 0.807015084124682 3.44143212388185 12.7088327550044 22.759842373806 28.4137971800446
3.78308017405731 6.57213428159443 13.2188144356914 28.4555002236364 42.4616746689652 50.1107693004842
2.74159238602192 5.23391538360134 11.2327805617942 25.5284510423222 38.8550997937089 46.2062344642984
0.124388311231051 0.317913420268268 1.73578936835786 9.17966155036768 18.0029777112466 23.0689883421848
10.2984533868451 14.5000379000228 23.9206597407072 43.3639020866638 60.1661535502849 69.2225264839241
0.518194639971631 0.33452165270077 0.945769796903819 7.21459853870082 15.2580048574898 19.9021266865621
1.44179926100931 3.38547533433616 8.34716776971537 21.0881749508796 33.4536246939665 40.2869779662461
8.11736033745972 11.9331110991516 20.5930388639991 38.8580085100961 54.8417413401123 63.4839610723021
0.866330343856012 0.434946793749241 0.631143794627696 6.2258246056134 13.8276791882965 18.284036153236
3.21919160438922 5.82952402007942 12.1120587289155 26.8374373286277 40.5113370181596 48.0011431114389
-0.0258770325875108 0.605411142626001 2.90428526236261 11.6306970966117 21.3347140412702 26.8228714928059
7.95831682253269 11.725985137539 20.2907910351493 38.4295587844191 54.4234897306351 63.0153294265284
0.0875333495553706 0.344163563774953 1.90388304046438 9.54130871638377 18.4799944801978 23.6083440399402
0.60895938022703 0.342981504360424 0.852597715494095 6.93691753325519 14.8367418802429 19.4264011078949
4.6673786553839 7.69633570661718 14.7876475814254 30.7279097250374 45.2033401298257 53.1065364709148
3.82428430925024 6.62007968841191 13.3057410136156 28.5818490238825 42.6108574026112 50.258409245345
0.801933587560756 2.45442454617489 6.74353175164488 18.5046513853903 30.2292755372685 36.7066286070838
6.01416496443752 9.3744413444484 17.1119950967962 34.038983337179 49.1721862303397 57.3677303237991
3.42040223312051 6.10246179315794 12.4820946908194 27.3998283243732 41.2156381742183 48.7618918883136
3.45359746462776 6.17345829852341 12.6027790152699 27.57339875051 41.4166043395108 48.9336430131763
9.96160181411311 14.1544595515866 23.4496826134574 42.7580062792372 59.4549935032391 68.3978472941699
7.27360773307625 10.8871982892904 19.1428248619306 36.8781677576236 52.5588120922068 61.044348978307
0.250824911669342 1.43053741728378 4.88595864622308 15.3249198256811 26.1632689316816 32.2120123973649
1.0668630390883 2.87809539549009 7.53875097918283 19.7987274523994 31.7965657405311 38.4289120517479
3.10242690213057 5.68164614543892 11.8936141391064 26.5170611182379 40.1065933852272 47.558046407361
1.33148345900558 3.24892271405516 8.0841987201201 20.669155659934 32.9432507118292 39.7247798190857
0.211674618622676 1.38680645341106 4.7687180091713 15.1513013274615 25.8986670543275 31.9355002687656
2.01035145738545 4.22457660597536 9.68190996957786 23.1757126106155 36.0145407651187 43.0817214348706
0.0124254386556679 0.418024196487653 2.28452589612719 10.3767377259445 19.616615421063 24.8974141724161
0.794575770379266 2.42937735797701 6.74890452474554 18.5201197535406 30.1888503088802 36.6887449999697
0.422700112789917 0.30241528038572 1.10365622519577 7.6192098131052 15.8265400325917 20.5581691526753
2.1805426050971 4.44691002927951 10.0310266657192 23.7123908558583 36.6865790323019 43.8013375275111
4.5953417204106 7.60250397840539 14.6582006826601 30.5625975101618 44.9998375352413 52.8687869874378
0.172562766156504 0.316987346664664 1.60574710790309 8.90070475233533 17.6141497688616 22.6211614663858
1.06333384348088 0.532015126980913 0.483460023771935 5.72624861342532 13.0711887500861 17.3722581443376
-0.0182226166214702 0.686529154921257 3.11645508277114 12.090209160835 21.9218249764652 27.4921481969998
1.14851672756281 2.96722791993204 7.63063884368326 19.9567100220247 32.0293642460931 38.7333124863384
0.402084565801991 1.76828309042675 5.61090989084271 16.5612039867836 27.6705955953558 33.8872355648995
0.00620316145346437 0.81255448132629 3.48525170954751 12.7919084168074 22.8422397319468 28.5315396679359
1.41192386222936 3.37310020778875 8.30082789094404 21.037077846218 33.3864474717214 40.1996385673634
1.24067825283723 3.11442185720974 7.90528380700997 20.3829840143658 32.5563788496657 39.293818369197
0.476232516332945 1.83767363225069 5.64390624247485 16.6596953876387 27.8897080933548 34.1615089732445
1.73547864476517 3.83107824281963 9.06566050139065 22.2287778764037 34.8582620538347 41.8265488455776
0.882945533725374 0.481304128561773 0.594657451477241 6.10267696421956 13.646050657059 17.9734693052526
0.221716651571538 0.298447709275288 1.47713571116045 8.5257542787058 17.1175433594655 22.0352061542544
-0.0218407985794768 0.748927842095039 3.35446242808061 12.5324347133886 22.4780263499668 28.095755392682
3.76394913388148 6.64086226814682 13.2032206893818 28.4350861247258 42.5562612466799 50.0956059804225
7.71066326460663 11.4297033083492 19.8914562735584 37.9163863563365 53.7647504687094 62.3303469233201
0.386240101230749 1.74132327603175 5.47537636950314 16.3898480716803 27.4875872930794 33.6895289905578
0.0899113098763148 1.11551245580682 4.22564322922194 14.1995379744038 24.5998794573426 30.493222040052
9.26467407147487 13.2746224460267 22.3558160709934 41.2707076666665 57.6865059434451 66.5526250909543
-0.0358999328035858 0.605824117323916 2.87175208857476 11.6284793084771 21.3050074549134 26.7887199092198
0.458579085921025 1.89029154040294 5.72726068749178 16.8225088567634 28.0614984204256 34.326929010978
3.50341167564113 6.2317935694311 12.7001527438895 27.7084072896173 41.5591891593072 49.0940744106505
1.44928996410012 3.46658229142528 8.46276813649618 21.2803538566862 33.6744711393177 40.4777455080444
0.787513855490426 0.405891228630949 0.692233481470589 6.42085721725765 14.0913559194869 18.5918655046704
0.0700326592969415 0.324153441462187 1.91959685387972 9.56192562283706 18.4685691240525 23.5861132034273
-0.0330490187481207 0.604560574760517 2.93192223202146 11.7061402545029 21.406910982031 26.8956181633694
7.31656324970187 10.9358060932581 19.2410023074597 37.0123433751618 52.6948961303534 61.1902612595972
0.074291890112063 0.362855601731252 1.97672864704571 9.71382858679051 18.7489471175374 23.9228093205549
10.7696307693469 15.045989286896 24.6042658323038 44.3080171299963 61.2657041507209 70.3929593938916
0.444578378745154 0.307125819962702 1.08398767877141 7.53466259350118 15.6950463656745 20.4149422859888
2.33973068955774 4.67153251586621 10.3800963849242 24.2615740990029 37.3505021150295 44.5340911421921
6.09400521932498 9.53543155009259 17.2738135917462 34.2974515392253 49.5062313308701 57.6700604349141
-0.0424831778495558 0.524539341145267 2.69767756711058 11.2640488431498 20.7511692137661 26.1753349896944
-0.0219942218997317 0.547316856997217 2.78048631711096 11.3779766596217 20.9924759705442 26.4258247020205
1.14791832418035 2.97291654863209 7.7076903826156 20.0507164840241 32.1232203458868 38.8053812694756
6.35375000312893 9.79969672364958 17.7632206259791 34.917933190936 50.1809846330089 58.4697943531635
4.74048397211207 7.79845131322149 14.9244979226063 30.9450866036251 45.471031230888 53.3710015341391
0.911742987746065 2.60699425580832 7.08279912418679 19.0697633693402 30.844008652405 37.41442460223
1.60773599303162 3.65779861949125 8.78058076993193 21.7751178218441 34.2794392009391 41.193150826812
0.0617683240027217 0.340812159611771 1.87710950945709 9.43140501497824 18.3254705628754 23.3710811959607
0.00652910615764215 0.972885041291539 3.78749547121789 13.3590542110751 23.6172369922023 29.3141912089537
8.88976768243525 12.8665942284184 21.7943232614993 40.5025045587778 56.8111239902173 65.5654734716926
13.113374298918 17.7677301401096 28.1480257359747 48.9790297393292 66.6480675831996 76.1681806205608
0.440771693711942 1.83235788830823 5.61516095651806 16.6335678048023 27.8231228599367 34.0729963417851
0.350046010921205 0.276688655406109 1.21887973492936 7.88045585900448 16.1347289270799 20.9399649539412
0.292294624950014 1.56681007856732 5.22358564917293 15.930802717015 26.8226608645358 32.9774138133685
1.31682706300476 0.65125835145188 0.364020395428723 5.22801000395341 12.2881507221192 16.4576751693398
0.313468154963524 0.285051416269559 1.27000504649308 8.04417654372194 16.4196961553075 21.2433135851075
0.411429384062212 1.74924104239068 5.48683127336184 16.4088939712901 27.5571004710456 33.7611374229569
5.34543128652913 8.60289709950087 16.0441058025277 32.5240870289351 47.3885581217946 55.3868458417477
1.37839401155582 0.685200587920213 0.328335236985435 5.09886970805808 12.1003750567837 16.236015984584
1.23612493016003 3.16348979906983 7.98589063142257 20.5096072806682 32.7209174295872 39.4009335953211
1.03539148002134 2.79571570565047 7.37476592993778 19.5364753452559 31.497854903786 38.1094570326928
0.314730267037835 0.292512994675569 1.26369740721231 8.03440431981115 16.3911257415322 21.2221981070068
-0.0104879984014619 0.799501377041863 3.47839868016672 12.7404538718542 22.7747142589498 28.4405265708765
0.924934779991511 2.69755798047982 7.17991151119475 19.2324219718605 31.0854813281025 37.6144548346005
0.0648079878352658 0.349599383050271 1.92785463088914 9.62580434183052 18.5954159973736 23.726345590429
1.09660743081463 2.90492007372741 7.52718905253218 19.8073094407678 31.8154590372525 38.4833828330834
0.941584884365379 0.463438739807877 0.555694934678636 6.02352409503686 13.4770184971824 17.8708465938254
0.683125467617113 2.24360458729513 6.41415376152142 17.9869269752897 29.5029638834504 35.9207628335632
0.397197521186487 0.298301008518191 1.1238627196176 7.69103382527129 15.9138491881444 20.6628892138998
0.00377838576285184 0.84344001732703 3.53834091927547 12.9068918499409 22.9810797529089 28.6765282183406
2.02926406857962 4.2954169768257 9.74904327568016 23.2881085934356 36.1675844918443 43.2007706605415
0.152063200309988 1.28178487071621 4.55708076041605 14.7570170286788 25.3887542608526 31.3502329238623
12.8157189164143 17.4242761444199 27.6663662517037 48.3464869095934 65.9806330011042 75.4335393916548
0.975426036530301 2.74123708955906 7.25879663349002 19.3475984084588 31.2796041225432 37.8376570006237
10.900304446158 15.1789081518848 24.8352817733436 44.5786907273044 61.5945723594327 70.744912843302
7.50742443518247 11.1726823045396 19.5616104816015 37.446665725178 53.1989514968134 61.744688430043
0.00993706744394874 0.407653130376839 2.22526130858039 10.2447224481353 19.4536553835446 24.6874704963438
0.0657808437515341 1.03477609816397 4.01819242924891 13.7951721153751 24.1468888587308 29.9768808127829
1.03662506867912 2.82713951236705 7.43784226305774 19.6304080519393 31.6027204018053 38.2102424138355
2.30684302138316 4.60838970509929 10.2720469241163 24.093001180798 37.1415473640385 44.3255531000111
6.60818867525633 10.1089109156834 18.1052629749869 35.4105652390302 50.8391554352611 59.1572359401716
0.249314053421575 0.287891583098982 1.37875929319375 8.32971401955213 16.7640084745391 21.6400646772192
0.434753648071568 1.78101183503366 5.55598638909989 16.4957505413254 27.667220639359 33.8967771305002
2.82441771069665 5.33654442467614 11.3480950097388 25.7023203608864 39.1378673953013 46.4992838267051
13.6035587803467 18.3285593711135 28.8170153543701 49.8501706223599 67.7361863413157 77.314002148782
6.53998816767323 10.0154539117119 18.0181751323502 35.2963353971087 50.6521034436084 58.9861822650632
0.635105671031234 0.35456605348504 0.832233103288642 6.87066903812979 14.7446513748175 19.3267355040208
-0.0106638195829268 0.403627377990834 2.31609588522912 10.4530067842139 19.6745311158438 24.9396397255113
15.6118254045469 20.6498322787098 31.7370419198319 53.6590550935023 72.0975380131294 81.9802992948491
1.84720996626826 3.98230186875316 9.29649201632517 22.5928876921496 35.2572347774296 42.2764981745763
6.71502575652607 10.2271945180911 18.2564707675092 35.6696869252695 51.0963837222227 59.4492703257548
3.27955319284032 5.9157894526845 12.2390863206058 27.0338140913176 40.7335666224272 48.2381035145441
-0.0176942795051096 0.518927585942679 2.6210831703989 11.0990057933113 20.5647081308673 25.9612417497322
7.43660427726622 11.0953823300221 19.4515046907972 37.3000248129936 53.044773249569 61.5491701302572
2.65669675741373 5.10567822070887 11.0807329629625 25.2901208918795 38.5665017673523 45.8754305162566
6.93780327908385 10.5135955238127 18.6397925198891 36.1460740371125 51.7210340302643 60.1015609015377
1.37257773946131 3.28956764405175 8.25261156884724 20.9370832279453 33.2110788136464 40.0248666048591
4.13178308009296 7.0784971562383 13.8522352599849 29.3923868409179 43.6487435712451 51.3297997854601
16.0841775521641 21.206181728773 32.4143268892651 54.5357838848566 73.1286614149266 83.0366122131863
4.71812707942802 7.77154320970902 14.9329987993763 30.977341690204 45.418955524786 53.3273209594434
4.39030655995635 7.36680514866131 14.3299470728032 30.0851278147625 44.4071346482018 52.2166492472253
11.9256181596154 16.3807225982069 26.3530460168357 46.5924750733714 63.9683593001948 73.2823042760882
8.27018041856839 12.1128230467301 20.7931897333295 39.1336751366826 55.2244549624346 63.8964977534796
5.62614570510939 8.85992272562756 16.4299664784237 33.0531189979324 48.0137457824896 56.1600005754977
0.743193942891684 2.33797931881999 6.51262900650914 18.1366919154503 29.7717455574355 36.2257410282983
3.10785023338275 5.68760905165934 11.9345980847664 26.5582421644958 40.1839101072427 47.6220467193053
0.0549299433843273 0.374754624147731 2.05269623213406 9.89699330393365 19.0176803520136 24.2076798972027
2.72133556255462 5.18459778608519 11.1543172752179 25.4085991682495 38.7640233321968 46.0918351377452
0.258627730581855 0.281195025258775 1.38884368335449 8.34675746453546 16.8158137230395 21.7063167387453
6.69163506985082 10.1865013662582 18.2533686771575 35.6134819769066 51.0319892907716 59.3890113158104
2.43835464732677 4.79874902493253 10.5671150433311 24.5190712736968 37.6899839718003 44.9186652978362
0.258105532054223 1.49737642243922 5.0152937209735 15.5864747831497 26.43284880018 32.520062464366
3.34031945224915 6.00524146877469 12.355026576359 27.2069888130226 40.9590619089952 48.4639416764108
2.71438020502665 5.18574650405613 11.1563396748403 25.4300704206699 38.7640899808295 46.0899251187327
1.71571398669524 3.81222461796913 9.02276903714819 22.1664104642599 34.7729314523694 41.7063427484461
8.26645054387331 12.0903184033333 20.7744929730671 39.100011991296 55.1699289006072 63.8523324781103
0.0124963069756633 0.862102722015662 3.58504150686664 12.975107174153 23.086172575455 28.7898918272839
2.72328025775285 5.18268747410276 11.1561833364986 25.4030735767139 38.7651295775723 46.0859140656067
1.87277220563941 4.03654313169895 9.37416963112222 22.6922309164779 35.4288977105068 42.4416747573691
0.053048860302593 0.978758343987822 3.86631968443945 13.5262816817675 23.8043289861803 29.584392765151
1.30291920663178 3.19810887068343 8.03400710551351 20.58584449759 32.8030251341835 39.5785944793218
6.36855642845588 9.8553651009936 17.7369278711369 34.9131562141681 50.2624116220858 58.4838348075694
7.45375334610586 11.1459683543942 19.5194514946652 37.3701358256997 53.1340907689082 61.6159426037094
2.01198777578701 4.21513305892756 9.68933719172247 23.1878751487361 36.0096564499555 43.0783210245915
0.690365598071209 0.359192948125478 0.775907029529346 6.64592859448585 14.4211562171753 18.9694921698385
8.40226651838744 12.2902947259508 21.0267127112862 39.4674309561519 55.6239184644452 64.2609053595578
0.11785861285203 1.15927766556201 4.28078380501693 14.3094526277092 24.8016060140506 30.7208557131133
2.8407771665547 5.3423304280052 11.3962197035048 25.7782133994716 39.20437135596 46.5720211621075
4.0191349654091 6.87032547285696 13.6536443730718 29.0909109386498 43.2218508544042 50.9563977404015
0.357511261857086 1.65159740820803 5.32953398873142 16.1025203322501 27.1550211754761 33.3239580609244
0.112577047568479 0.322250360262091 1.78822481028488 9.27519235009584 18.126285925087 23.1882319569109
6.63511410600289 10.1438239848935 18.1527977031169 35.4749136461241 50.9149404468022 59.2381981504957
3.30282357421058 5.97153221106039 12.3012702823226 27.1331265079825 40.8685591520401 48.3655538793001
-0.0254785785547851 0.53326959804327 2.74389852009088 11.2914192887259 20.8788729058827 26.3064627203486
2.38048271999148 4.73042003913328 10.4834286705518 24.4125408302353 37.4990173131975 44.6994161741372
0.130992154492311 1.17975181734234 4.2951361824548 14.3228998016976 24.8567063494504 30.74874835166
3.50397412487819 6.21567552958545 12.6923510095026 27.6728144544673 41.5241366450033 49.0855740570802
8.00075541070994 11.7574262758452 20.3107870134124 38.4724092205854 54.4558289796375 63.0974941178915
4.23488885207848 7.14438140179079 14.0229546733752 29.6317165014278 43.9094042473136 51.6834081214557
4.8203177896269 7.89464047983545 15.0733040575727 31.1265110130558 45.700750523783 53.627485313448
3.00095475077109 5.5664036141459 11.6989248355714 26.2577612546637 39.7914733527714 47.2055379300699
9.7679905932543 13.8606278636499 23.0942589520393 42.2743900534134 58.880165533488 67.8428729052096
-0.00558860649453335 0.738111410110081 3.26335606730833 12.3635515030284 22.2829203877269 27.8786362854111
6.84514514621586 10.3762545746229 18.4756796541722 35.958737968102 51.4445851560429 59.836982951707
4.78936775125626 7.84331291498489 15.0008731467191 31.0572109766079 45.5748975113507 53.5061095794958
-0.0319314307859959 0.493077026303914 2.66500708220698 11.1133807177926 20.6061606126327 25.9956891431064
5.91539541410684 9.2719127165251 16.9896112304993 33.837383874335 48.9622241488263 57.1255401749739
0.12992173741413 0.303865509532133 1.70276184827029 9.09512711023607 17.8773122268448 22.901999415156
-0.0552835590415973 0.607349865818046 2.90302899266361 11.6452037835637 21.3180612091982 26.7484926231822
8.05711375436864 11.864223869049 20.4941267885331 38.7446136455936 54.7038445294439 63.3114040239251
6.51097992627886 9.97376473301502 17.9485172712355 35.2157490285831 50.5410222270468 58.8810374871727
-0.0158218015198347 0.531135777264429 2.61232033361526 11.090613613399 20.5809515926792 25.9777194309609
1.3088789078386 3.25275933676199 8.1330847854992 20.75435802628 32.9895719239507 39.7395432274635
0.616006887490848 0.365627716009326 0.820394273867794 6.87757124140087 14.7368561465973 19.2740821253341
6.43095157135778 9.89654316857662 17.8194918493886 35.0145878259281 50.3426150646685 58.6455834211451
3.41008950491591 6.1227096290048 12.5372722418258 27.4907921869678 41.2627064315366 48.7774015916109
1.4407543460111 3.4123132065731 8.4066302434243 21.1897156929014 33.5570327752433 40.3853065106621
6.53899282664493 10.0031880209664 17.9771320931014 35.2525927851902 50.6044907373902 58.936075322286
4.01200464776876 6.84895329344588 13.6246181177706 29.0534185128756 43.1748462019508 50.8820898638954
3.53916947871445 6.24977568450132 12.6983516349032 27.7068168165368 41.5828362729368 49.1679081515248
0.0281108266235722 0.375537933630233 2.1439265771528 10.0497901313212 19.1902107488097 24.3925026180535
6.23566206512116 9.62873883860849 17.4702252227859 34.5176083845156 49.7802460011345 58.037740636385
3.22271124091838 5.87894708526116 12.2104915067548 26.9911217943867 40.6464093224298 48.1171955122661
0.82056172918861 2.47912049104677 6.77741311682332 18.5955729128447 30.3149107957351 36.8132683405016
0.165613289935934 0.306361859411525 1.64507196818989 8.9775552970537 17.7362714648999 22.7441307886405
0.224294943475094 1.38942077814883 4.72854341743338 15.0926479829175 25.870598443077 31.8977470023893
4.22836160099449 7.14142080740678 13.9863837789888 29.5913058344299 43.8504203184172 51.6189070735885
10.31395470694 14.5468180798733 23.953949867183 43.4351822828882 60.2656549154547 69.2766193170165
3.72746602921438 6.49764861110047 13.1071007725745 28.2918746370429 42.2538833377716 49.9016670235943
5.96673585980484 9.31498817893726 17.0544235826761 33.9491937707844 49.0594556786098 57.2609556932204
2.71894836972644 5.18949663649818 11.1925394962536 25.4465640782031 38.7961984737743 46.1287550073673
2.73187600101018 5.27916643187949 11.2500911493866 25.5511954485767 39.0064387858414 46.2451633028653
9.65153270422735 13.74603010646 22.9327552368214 42.0368148383703 58.6121013723915 67.5535823244264
4.45578793164887 7.4523173728573 14.4848510092044 30.2810121841498 44.641885801607 52.4732180334047
0.710462995797985 0.377360901075344 0.766304212060074 6.66536516790044 14.447118231303 18.9928329760836
4.40544129309624 7.35746415087226 14.3184354498934 30.0763109091324 44.4047909596466 52.22290476302
0.787856722585331 0.397497058074839 0.698294857404396 6.40340216049586 14.0459170529805 18.5340083943191
0.00539020399500193 0.421876317838985 2.27319056329553 10.3492902759799 19.6117196638219 24.8767252091749
0.813209454360683 0.418338664188591 0.671409236892397 6.33335055488404 13.9640189655213 18.4137709109262
1.1940905857553 3.03042071279455 7.7556111398095 20.1486439460608 32.2762046519413 38.9916023701811
2.66432935842163 5.10086250631041 11.0597915200498 25.2035281719203 38.5516607071631 45.8506802246886
2.60716829514334 5.02766028103163 10.8812547905135 25.0417921723376 38.3116491587878 45.5810397442646
0.867376271117252 0.445244990526731 0.625659224659663 6.21967241159269 13.7941044847721 18.2413258260412
0.305799725524277 1.62043298591512 5.27141283798485 16.0153483763241 27.0038586243923 33.1187412041076
2.92746353222644 5.43689981007439 11.5362452489474 25.9735762466473 39.460437978654 46.8610208655899
12.1207653418272 16.6386147543486 26.6494017949304 46.990018367106 64.4063719857683 73.7655974133951
-0.000661995109771385 0.850060028465324 3.62545602593287 13.0139313374638 23.1161107960267 28.8150611999318
0.794840943482139 2.47747080186157 6.86055507485747 18.7042953331446 30.3662373545723 36.8711246864958
-0.0268381728374964 0.682007206369431 3.11454683540482 12.069850330797 21.8856433605356 27.441821659327
10.7235819682255 14.9795231205979 24.5731177645322 44.2360979402712 61.1885556192464 70.2963550454634
-0.0148438299885021 0.601462687033897 2.87462223155124 11.6076917109732 21.2660431540415 26.7660870606954
0.590596501689246 0.339715494199318 0.859113157277389 6.95408962639661 14.8274765024074 19.4133035405557
12.2035110205867 16.7397781713064 26.8215249192667 47.2346903344288 64.6364386317809 73.9871426745773
6.11431433182479 9.49923864420733 17.2742473074347 34.2632591260436 49.4450128343994 57.6766959148019
3.27388650885718 5.91576241870444 12.2534245617497 27.0275954502249 40.7543164326955 48.2552617254607
15.0197821691507 19.9600334243896 30.8809012392631 52.5353301545067 70.8236419117039 80.6167882545303
-0.0216534530692361 0.643661669221309 3.01097860559621 11.8838373102894 21.6500954833593 27.1712746508517
11.9122054716057 16.3832559361872 26.3344385315813 46.552889513461 63.9486708564853 73.2493787391809
0.34911875622387 1.63778078858078 5.26044512265306 16.0200739034759 27.0331741181825 33.1973535102631
-0.0218621995791222 0.809425072888274 3.48909902824634 12.7786259143208 22.8214124184556 28.4505548736684
2.32327978993518 4.66680718571789 10.3593676025917 24.2001698121782 37.2962325758294 44.4709915217307
3.9489526424049 6.77716275116362 13.4998672235672 28.8737979185702 42.9585162261362 50.6681919089623
1.02741361160055 0.521103558974355 0.517089758732852 5.78254355125541 13.1352387957998 17.4174778224616
0.153718926409214 0.294294661943173 1.62055223523263 8.91635806925653 17.6378190248504 22.6374770769857
4.60266171971278 7.6187702726669 14.6740964145391 30.5776147738584 45.0259527353847 52.9025574915762
0.439659602504408 0.300990082550242 1.06015267155798 7.52378791321183 15.6675721913533 20.4017176228639
6.32798002072559 9.7447518101398 17.6435071239098 34.7747697107403 50.0410470446601 58.3161054644453
12.5057440697417 17.0821024493681 27.2644118268343 47.8318906047829 65.3215994776913 74.7300742510805
3.70469809444924 6.49068133854286 13.045669477131 28.2368889486141 42.1906982329788 49.8214884057893
0.000694884409969712 0.792251942381747 3.42740785894396 12.6907759353001 22.7067285660886 28.3769520677537
9.7881107821629 13.9348243213725 23.1834294625517 42.363338834452 59.006723658382 67.9353144182798
0.576508707103054 0.335277731736192 0.903923281430272 7.07226085240474 15.0282432691494 19.6409096430983
-0.0280135130921746 0.679007663523364 3.08382007065332 12.0422415386527 21.860577302189 27.4077229637083
2.77699556823534 5.25915339892538 11.2865162114278 25.5924081247645 38.9696095342279 46.312447771403
0.154670414969193 0.315571478588009 1.54947610534069 8.71244671348235 17.3337482967606 22.2194894128413
2.56575764567027 4.9849474181574 10.8693302585701 24.945060455398 38.1946909170693 45.4801487145829
0.700379473459695 0.570802597779029 0.597554029185573 6.35058882011368 14.2732458606913 18.4242835869094
0.027514887728048 0.436534574677084 1.28327715724756 7.63721449397742 15.4711308733019 19.4256043373674
0.0125029872938542 0.432029776471731 1.47410642496964 8.4689470157104 17.0749410155308 21.5099383926851
-1.3855849008897 0.235898753676988 3.44202094580649 11.1893646952158 18.4339676886202 22.0448532231366
-2.2690486688358 0.189674427923518 5.03085650699342 13.5429870408321 20.0834519697471 23.3102638551073
-2.0710160445686 0.471692377408377 5.48073383853148 14.6941979771028 22.0180751659187 25.6385348416255
-1.27118041257971 0.97174433881302 5.37678011553859 15.251567729742 24.1080233032201 28.5037554589429
-1.10423916824373 1.38955470290706 6.30791680624284 16.8740596118541 26.1331611320355 30.7364528339864
-1.49146099064666 1.78214303476262 8.17208459400823 19.5383098090751 28.3204664721459 32.6239595648435
0.0223672363352829 2.49360981125297 7.58963148186923 19.4499376166981 30.3724433249731 35.9438412913668
0.742740418907021 2.97202410777793 7.63310794274149 19.8954714941289 31.8402626506153 37.9587009044117
-0.340716505119802 3.11765227315182 9.88598905090056 22.6658391335743 33.0047685412155 38.0927000240663
-0.24581156737981 3.53345071165912 11.0257309035009 24.259655397358 34.4722165482056 39.5448435165396
0.098711196573452 4.17870764738501 12.2491002997486 26.0645222887617 36.4499813269435 41.5937393653968
1.444338125398 5.21949012525504 12.6776934704877 27.1201300488057 39.0448597722447 44.9711551895706
2.75928997903983 6.24323685547635 13.15806915228 28.1808997291419 41.5028920431922 48.1424815908767
4.06279713530202 7.20475199157344 14.0872047113476 29.6958900559541 43.9286478795246 51.4266883241111
3.15078847041349 7.65089113877177 16.5721580019063 32.7022605787994 45.4044042847718 51.7122930538401
2.74722759324427 8.27302053737365 19.2798098057021 36.050559326302 47.3856477871266 53.0272275535494
3.88411030327704 9.26352362562841 19.9581178528348 37.1731895808065 49.4535747316991 55.5602148571641
5.57089020420282 10.6647444210668 20.7295030792064 38.5321349152524 52.2991078147465 59.118342524482
8.11026695165898 12.2101230822154 21.0265945668253 39.4245837871457 55.4227242693361 63.7820788904479
9.11411200416257 13.5025222922204 22.4703991257734 41.433515181408 58.0325986627177 66.4653685649146
10.1612543643158 14.8582345845731 24.5426596508065 44.1537577212733 60.8515309005333 69.4055326714394
10.6917450884832 16.1661751439477 26.9505781612716 47.2028348941817 63.5534852065136 71.6454011214881
12.1057383663645 17.1434527164049 27.4268523951086 47.9859014525021 65.3677996364244 74.2085791782979
12.1646020525629 18.2020718452348 30.148365653657 51.2819898515218 67.6191116757356 75.7222549073793
12.4603102913257 19.107745546719 32.3335919246206 53.9241003456793 69.5119234880762 77.2741605549628
13.4733203094183 20.2197997740162 33.6002465410232 55.5946366856657 71.5871107360718 79.5229388832997
15.5618243947669 21.288554295879 32.8794234640911 55.0515733201451 73.2767913504987 82.4936217335918
15.8683529999149 21.3516019869682 32.5930456026475 54.7432286767446 73.3414201330737 82.8223390670661
13.4113590623163 19.5754867664186 31.7493202546594 53.3906300079551 70.2023791322386 78.523822156797
12.1978292391989 18.1580141411571 30.0024806570105 51.1148218779261 67.5272489356541 75.7004432544567
11.7592203050584 16.949916746857 27.2954811054529 47.7972576247617 64.9993755656916 73.5978180764204
10.4659799201968 15.2551338288925 24.9536113648309 44.7292253448369 61.6243582090702 70.162556485374
9.50625773588069 13.962193051132 23.1533493264741 42.3134394606436 58.9821425765974 67.5056393202257
7.80366857121202 12.8175993597387 22.6915728798013 41.4574760508985 56.7486028561864 64.3158766860231
7.26734694364024 11.578881155887 20.3375499958499 38.4094726759569 54.0123826036572 61.9042454424926
6.70810272707105 10.3553882724962 18.3305242463087 35.7233827873061 51.3153674458614 59.5241204142949
5.73295593267919 9.45161519636007 17.1630633740519 34.0890176395895 49.2689132831869 57.0196114417063
4.89217263392349 8.54214137582333 15.9651130961724 32.3752098434572 47.1332076319416 54.5952405784057
3.97807225430112 7.60409271148233 14.8682632740509 30.7525964125251 44.8908727671717 51.9844381396683
3.65031313735869 6.54192764321561 12.9958321333863 28.1386506119669 42.2687062167012 49.7247771105559
2.75018341517295 5.96164628259443 12.4419944727338 27.2430603862287 40.7425485804055 47.5360483422154
1.13093300668273 5.07008963955096 12.8582702390835 27.266973978811 38.7722485141251 44.4812959392002
0.188401299502918 4.30937498326319 12.4791001349503 26.4088888060564 36.8479502610734 42.0307073296029
-0.294847310733643 3.62077859187387 11.3431790412786 24.6810497918128 34.7659451632765 39.751549899909
0.125637392574474 3.11261297295668 9.07409392475448 21.6744620564504 32.6956349695812 38.201045951336
0.461130456265363 2.6878178199233 7.26144257938028 19.2177987891094 30.8698005911662 36.7687719008903
-0.808870096752376 2.1322606319056 7.88301051066016 19.535528153443 29.401723031413 34.2686729033935
-1.18761907401354 1.656023187473 7.26072907101859 18.3545694222338 27.6494353654382 32.2514107417009
-1.23187732704068 1.33021633477927 6.37091024634961 16.9332554905873 26.0809513122675 30.6135791926071
-1.47536213868434 0.985728986781028 5.77105340152199 15.783703141201 24.4221789250565 28.6710420765869
-0.749778671062188 0.790571125815253 3.90526603185929 13.0614819753037 22.3779686911525 27.0628709632445
-1.0722943913745 0.486411924249082 3.49858808821916 11.9333672050927 20.347736922663 24.4954791892786
-1.17281331219486 0.421943122013875 3.52514665983936 11.8600887824451 19.9853863532608 24.0059222052544
-1.38426186391986 0.55921304919861 4.28148143172244 13.1878505023115 21.4203340788809 25.4498586207936
-0.0932675680165302 1.01821883624437 3.7184794741154 13.2288523448364 23.5222907201627 28.9877874887203
-0.943353727309961 1.08258353731912 5.1948212808227 15.1682220463632 24.5684850856532 29.3143078061784
-1.98168720469021 1.10540509773072 7.17338629243792 17.7410564560025 25.8085836765885 29.7836546507621
-1.46316398322359 1.51867148234946 7.42241195035261 18.4812814363758 27.3792110145731 31.8007685050499
-0.84122714831506 2.09132176877284 7.86190669867303 19.5085583404188 29.344194253914 34.2200264595456
0.191459415769263 2.82992558676334 8.01429656647486 20.2468888949406 31.5290085710373 37.1357062441699
1.02618494364748 3.51375067131503 8.62020763682614 21.4325571753353 33.6381807873946 39.8521234943491
1.62012823823917 4.17745286121321 9.51333073232912 22.8924831530766 35.648573719434 42.1869707322314
2.17890490740102 4.84057451607352 10.5108373705775 24.4091088923882 37.605962472589 44.4369896186702
1.84001154104501 5.38144288819658 12.3361561080478 26.8236792809113 39.3247006335193 45.508888535434
3.11433716899522 6.26090744861468 12.7986643102835 27.8082222841237 41.4972038112499 48.5152557720044
3.08851630718809 6.91339752998394 14.4891390470725 30.0179889883443 43.2996646480856 49.9146385507971
3.36924384770979 7.6825430550993 16.178343892216 32.2900799866854 45.353323996821 51.8200354795716
4.35688049466135 8.70853619074643 17.2952235717762 33.973140127591 47.7101755704583 54.5298315095246
5.32233199054027 9.69862473429977 18.3760112101373 35.5406028714777 49.9409374402682 57.1063494089265
5.97966202348233 10.6832187208793 19.9802421581192 37.7109660548325 52.2212658028353 59.4215266057992
7.13840457906825 11.9052014052878 21.3591215320341 39.684398948936 54.8262107176979 62.3655594482646
8.85649413833052 13.1517912387262 21.9347285757556 40.7136399440747 57.2662633067203 65.6710162039055
8.24915250374515 13.0752506418698 22.7642923424547 41.6274374016988 57.2821930208749 65.1430129478447
7.73984101651943 12.7687577361196 22.7069266422464 41.481794032376 56.7020295738455 64.2531575749209
7.79414139780249 12.094893450917 20.8510697245199 39.1820383936548 55.1009142857641 63.1667658862942
6.35732488540431 10.8914156722056 19.8176416301892 37.6026261022808 52.5645531588334 59.9748978143192
6.04815586785669 9.66916657865292 17.4294155350445 34.5029979140787 49.7616717959906 57.7398699057609
4.64678653006435 8.5855873875407 16.3972060690537 32.8745778052468 47.2415115540605 54.4021616698814
3.94484271649671 7.61773829676079 14.9793093613394 30.8585223951889 44.9369655079236 51.997533274483
3.0725189520397 6.73114905018961 13.9645761965294 29.3215485776097 42.783388566097 49.4741698974286
2.8821659915668 5.86848006707604 12.0798336612706 26.7629252806244 40.432467390372 47.4057276197712
2.28701831717473 5.02485659033049 10.8809799894319 24.9565258766105 38.2299152952956 45.0827597940402
0.692488449240867 4.28691265473578 11.3350585334172 25.045367071266 36.3923370441083 41.989851659811
0.122780881753449 3.47347505073826 10.1496615496565 23.2015575651438 34.0276903352225 39.4309256643532
1.07602184593132 3.18709889220037 7.73234488733557 20.1472983577706 32.5127717078786 38.8847211436546
0.0767927711322873 2.70146339930484 7.88163663381358 19.9714651421489 31.1049178556864 36.6361779527298
-0.856413621414776 2.06934770134289 7.76353855478212 19.3676230411207 29.2069599460452 34.0452951220995
-0.35708380775412 1.72688888030257 5.90880322404842 16.7827899814821 27.3175133608995 32.6043676173341
-0.464777127289986 1.37885451176748 5.02618039912263 15.3034059445286 25.5871847405406 30.7235992171482
-0.703547347763512 1.09631641896512 4.61720196353122 14.4101755730442 24.1561858435362 28.9927363583623
-0.444742443800841 0.871961918926242 3.57377495015311 12.7567458391583 22.5805136287366 27.5358369334036
-0.461866995852856 0.623468841919186 2.96522849797484 11.5097203443842 20.8496227462403 25.6260816600381
-1.21002070021496 0.370990511283006 3.35954748610001 11.5041300754955 19.4866813519029 23.3878392006574
-0.404474371907331 0.421617639585587 2.17891638354392 9.70124371396309 18.2867300809646 22.6433965510272
-0.546704490161522 0.354798142969481 2.07384647544397 9.09303805767973 16.9297761221079 20.8117656388241
-1.00910226723778 0.21372343073905 2.55101855909921 9.15179434672929 15.7095304954131 18.9382673944324
-1.00656684687704 0.223107616338524 2.55102946649714 8.61703048462587 14.4290667039465 17.2654676407591
0.372881301338719 0.584154782781548 1.05633471077945 6.41234892057473 13.3300290410932 16.8233746328339
0.610342303722646 0.699595569744878 0.84358561581494 5.91293841650263 12.7666537999028 16.1789794395489
0.713183590736533 0.774372866809462 0.852013521885035 5.69090962117947 12.2721674976738 15.5485984330661
0.967404453242856 0.864775165297853 0.644119568604665 5.32132824865427 12.0044548385623 15.3480912853869
0.309563937702131 0.678964072802216 1.36799224360023 6.14808898942971 11.9751518883877 14.868521117742
-0.920001816563411 0.316534937680006 2.69635463311372 7.78257692768355 12.1890410609282 14.3451142785687
-0.828242128541564 0.318839432094316 2.50394504548501 7.78918934915505 12.7237374319714 15.1314594090881
0.550577581849996 0.570569740989498 0.884192072720217 6.23370999912632 13.3350509230001 17.0549679151958
