8.57813013976554 11.8391552194153 20.1767358865376 38.2983402993326 54.0335228305719 62.8617697017884
7.99913772247692 11.12517239242 19.3009015261048 37.0014548152147 52.6022419416252 61.2817663510709
3.67900182089564 5.81271866226509 11.9427993016392 26.6461302654619 40.1848846695183 47.8738742269836
2.4431318001751 4.18115483584233 9.49811418157519 23.0672972960869 35.8075620958868 43.0890676356527
6.99780816119846 9.92873926896533 17.6676527082997 34.800171344874 49.967778066195 58.4357226512421
10.5666095844204 14.1797265147999 23.2412454624694 42.4281006968815 58.9055567019458 68.0782073443299
0.0255265751640181 0.20773503322838 2.42004134849258 11.2966444446691 20.9173798464641 26.6597634684168
3.81485455473416 5.99068628302871 12.1794136240771 27.0219122407371 40.6342413586323 48.3555780506493
2.77907787508586 4.64452793899862 10.1714972461301 24.1051558319546 37.0277422090856 44.4582107988382
0.156236947416391 -0.271957000061029 0.688676925903747 7.78076815468665 16.1536769388225 21.2906389809557
10.3264294319251 13.9003156844223 22.9111368237015 41.9141390286937 58.3477975764072 67.4632255430677
0.545140794408249 -0.299077615078232 -0.0292527813868998 5.76085474123242 13.4398566682319 18.1480737722032
1.45961644793408 2.79305868874962 7.33371412454965 19.6754691128251 31.60070314253 38.5058306161804
8.16953650925455 11.3433362211285 19.5408373998012 37.4248448216925 52.988492841539 61.7385584663602
0.883031801977634 -0.189023224249395 -0.394642279462292 4.833201806113 11.9876549902429 16.5079629855104
3.24288868484173 5.22682098526285 11.0925383734825 25.4010447365698 38.6837558325606 46.2185364422366
0.00150539143013745 0.0124517303240988 1.8572404297968 10.2391447817599 19.4982253822045 25.0527859593228
7.98683407450357 11.131481315843 19.2525191658888 37.0047998624616 52.5428910021506 61.2544642031509
0.112410463531058 -0.265987457475156 0.890986618219516 8.1023027162487 16.6557329562722 21.8349028638205
0.639040413291953 -0.239076959253222 -0.180878454124557 5.53513655429308 12.9655231575967 17.6749456812844
4.68726530052181 7.09086339174249 13.7773046317514 29.2952936795206 43.3802209452036 51.344494620242
3.8557913326651 6.02720020656214 12.2789543035385 27.1324393996241 40.7825525016788 48.5144672802224
0.829068471146162 1.84744709709631 5.70311126439113 17.1079733940652 28.35906306827 34.9452552202197
6.03986713012732 8.78511082993381 16.0641699899247 32.6170743658358 47.3326708447981 55.6160866359677
3.4360753045679 5.50836742133419 11.4860288061945 25.9729470478501 39.365436362273 46.9874064065523
3.49095349741498 5.56808230726016 11.5743695210757 26.1287420682268 39.5571190276777 47.1845219486312
10.0189035243309 13.5353068717244 22.4087236402206 41.3205267150657 57.5835036849555 66.6722326099699
7.29276160448979 10.2712656687314 18.1352880866779 35.469146767148 50.7088937832217 59.2696354090559
0.265102943064572 0.835826787713003 3.86812108285187 13.8979284513285 24.3341969673173 30.4600983672826
1.11749348554746 2.26263111351019 6.51258483381305 18.3381690495018 29.9556402202458 36.6887728983822
3.12450076341956 5.08752910579633 10.8804436169938 25.0659467846339 38.3081241135621 45.8016006916636
1.34199458964199 2.64720551078903 7.07331648964358 19.2684775079702 31.1046261600787 37.9525609878529
0.245027447462276 0.795439768076289 3.7560215218353 13.6989624034174 24.0648074928026 30.1642727196218
2.04050967748566 3.61262985281046 8.67224984685304 21.7296486323664 34.1834442707433 41.3240835699654
0.0388576514876187 -0.186981196736609 1.27803836705815 8.92583996826026 17.812572374711 23.1372784230336
0.822316450935225 1.84619295112067 5.72581426325525 17.081881065811 28.3602858957686 34.9363071432641
0.431553235535071 -0.290680361567894 0.0759147734328608 6.20423486833761 13.9643374379996 18.7997189217459
2.20638349447459 3.86066464875268 8.99927359163872 22.2871045579617 34.831310893679 42.0439736022166
4.61878284375368 7.0031063836207 13.6478810444366 29.1195041800785 43.1612921922403 51.102650103752
0.193533612841666 -0.288429698827411 0.598562621794174 7.50055880183809 15.7763344916096 20.8612040721888
1.08826879572911 -0.0860052076789068 -0.54467342697285 4.29026180254357 11.2383170859823 15.6224376953751
0.00886771470948226 0.0943478715077157 2.09485007791982 10.6660146218653 20.0893183320414 25.729227057137
1.17118389671403 2.34473233291058 6.62474239412215 18.5359434647385 30.2212570204232 36.9491667105522
0.44542563771804 1.17845029888293 4.560122535878 15.071508554485 25.8808247212996 32.1574072760427
0.0269885436721296 0.21323042552412 2.46505672757896 11.375900778373 21.0067128597004 26.772730184496
1.43614413343593 2.76128873283542 7.30486459143893 19.6133962087885 31.5364393033703 38.4381401798624
1.26907256805355 2.52668987126578 6.86130382103866 18.9734754599017 30.7148160512569 37.5281296027701
0.473322549313463 1.23683083866584 4.6513330793043 15.2512457373984 26.0590279955431 32.3770468064431
1.76236759414866 3.23451823861301 8.03739243179134 20.8114742319834 33.0174321380312 40.0535798995943
0.943604627967859 -0.13897040980113 -0.428685844182996 4.6471935385626 11.7645321264696 16.2314740791432
0.237932079012843 -0.305989948162844 0.440448857851749 7.11271878270186 15.2933232732203 20.2760838317347
0.0129710595581164 0.16493019174621 2.31123766207145 11.0910043683638 20.6550494304114 26.3463279302274
3.81390117713412 5.98559298309951 12.1865927736054 27.0039293067643 40.6420917252829 48.3558502545091
7.74257391714225 10.7989015867699 18.9072044210152 36.4606230004363 51.9113258833239 60.5642939546471
0.419503654066468 1.1479992159525 4.44930109798221 14.9528733570226 25.6705669109854 31.9442015979584
0.12428505054663 0.558194699497152 3.16843061349374 12.7525487865187 22.7762442623913 28.7509581281968
9.30738841971824 12.6478640041001 21.3513517857552 39.7992931631247 55.8865487202843 64.8055256907415
0.00496347003621206 -0.00529683057671206 1.8693880593648 10.1757497651552 19.4857804079467 25.0247278077711
0.501504538229057 1.28688643148196 4.70889232881797 15.3884611752451 26.2369214888762 32.5665273182885
3.54630846250664 5.61785884526072 11.6879788540531 26.2452424050942 39.7223231398793 47.347866679929
1.50114702867392 2.86109336212105 7.41893527834394 19.8621962076632 31.8033505336649 38.7411690322715
0.807208881964978 -0.198050450196067 -0.344686442069426 5.02823877214249 12.2439746752716 16.816889676464
0.110880162890549 -0.256193979109816 0.875066167179247 8.11564032265252 16.6446374681772 21.8458963533189
0.00366600492292292 0.0242039605726153 1.89297896634322 10.2925253831284 19.5609506267949 25.1465549082903
7.34397414883194 10.3778719757578 18.1979157861967 35.5984399351998 50.8468515800134 59.4267113136407
0.0841431200773229 -0.25528571718291 0.978687786562757 8.27669411791395 16.9312424009328 22.1492789142467
10.7932018082397 14.450099752688 23.5907668959154 42.8689140238661 59.4388880649406 68.6393970528523
0.466991550301192 -0.276935879107142 0.0264598424156791 6.11918642001811 13.8500099724343 18.6464306305866
2.37188677314009 4.08285369284237 9.36039157133216 22.8305173822792 35.496527815576 42.7660754651894
6.14863176298075 8.89562948530506 16.2644734089952 32.8696522720334 47.6159094787967 55.9356480570952
0.00135925826583941 -0.0623867450972466 1.65024522294527 9.80452377549613 18.9460949949176 24.4211290537823
0.0105442252302039 -0.0493745163805705 1.74359053500313 9.96544680983077 19.1363384833501 24.6613676627358
1.18216464137174 2.39924176170338 6.65931487976569 18.6102702297842 30.2857856226038 37.0566479146802
6.41632023271337 9.23583298101437 16.6920111309257 33.4888794804784 48.3524653834091 56.7247925948533
4.76640984284094 7.19157258858767 13.9165552637632 29.4972074255918 43.6514163857554 51.6098286291297
0.947050514416902 2.00923874848397 6.06800825600428 17.5919573576413 29.0386655478998 35.6658459316202
1.63423224368808 3.07832489988382 7.73146134470262 20.3814702275957 32.4386297537852 39.4287631222303
0.119449450734513 -0.270767076372899 0.826139576287245 7.96937603812291 16.4839079877513 21.6389312704688
0.0677517115180978 0.341898270920023 2.76525168564386 11.9220262911913 21.7526550590434 27.583426195588
8.9479200118544 12.2587911921375 20.7565392590422 39.0809985737572 54.9525885079561 63.8483195747261
13.1548365668192 17.180408925606 27.092276941341 47.5269264455627 64.8502067102184 74.4224357564491
0.468195458306857 1.22899154775552 4.60663419943972 15.2181963156032 25.9987492327474 32.315970816791
0.385645618511636 -0.29768562183627 0.170893550050183 6.4400875628073 14.312401918357 19.1866353765433
0.344564197431719 0.995680267018042 4.16751856966555 14.4603090389988 25.0425846019485 31.2437033676169
1.35000052716833 0.0744406807602009 -0.708676051823289 3.80138114366689 10.4369192554126 14.7136373077165
0.344426899591946 -0.307874965312237 0.25227266896712 6.61489458948116 14.5916942184771 19.4759248259378
0.432155685004166 1.17024909707117 4.46382212336844 14.9956410191044 25.7328218718724 31.9967297472053
5.40358691271267 7.9859292579858 15.0001591039292 31.0751100261245 45.4933938269463 53.642414124533
1.42205877675715 0.0800766247433824 -0.678322618282304 3.61721221761372 10.2852284066131 14.5051370423253
1.29075132526492 2.58256511343273 6.92190953280476 19.0463282487826 30.8694517405418 37.6777210153784
1.05618751424366 2.21922074389856 6.32806946426958 18.1169801152731 29.6585173990686 36.3610133140553
0.344794090044462 -0.304161786849093 0.239512566779551 6.60629520766234 14.5650968704053 19.4647369678619
0.0184990223346226 0.205962633515325 2.44133820322517 11.3005332716354 20.9729683982468 26.6840776137288
0.978961462911729 2.10761146305729 6.12165308575498 17.7850796885383 29.2325251347441 35.900224118253
0.10213863258564 -0.257306799238307 0.911701025895776 8.19389141513639 16.7621774897039 21.9615021598501
1.12432681350384 2.30500414694522 6.49399636555475 18.3775699983212 29.9940617962253 36.7171339585909
0.978119021494725 -0.117477147128261 -0.470009290542059 4.59329712491166 11.6423129034194 16.1107258741108
0.711570117982227 1.66059353248493 5.39384522083054 16.5171115578834 27.6757033217449 34.164451315499
0.429108263211288 -0.302441742177774 0.109715369098304 6.26857240419231 14.0569653151109 18.9048429442423
0.0407231797492986 0.255744127039697 2.51222031785467 11.4895956163176 21.1507727467096 26.9199217810513
2.07608877276387 3.63688708508863 8.75662820209913 21.8382594533466 34.3354051453457 41.4699284177939
0.189487887250554 0.68441220734049 3.51659331523952 13.3278793982691 23.5493649154201 29.6082593152274
12.8338412298654 16.8415025994973 26.6199061789469 46.9310355503577 64.1343258109247 73.6679791982179
1.00670868517003 2.12148966769174 6.22146036085901 17.9125972377342 29.4316810912834 36.0824134129338
10.9294180640333 14.5923493641396 23.8240763991938 43.132151971008 59.7829287127486 68.9909789969095
7.52829616876576 10.5743316128207 18.5532864967393 36.0007995474744 51.3943763277162 59.9905390799134
0.0461406053100061 -0.186472131337697 1.20712047492759 8.81270469819043 17.63514856109 22.9412549438559
0.101702823995625 0.44906486498206 2.99542281597713 12.3494225268468 22.3241204214832 28.21064727431
1.07682360382158 2.24372553486431 6.39307786605034 18.1938177685812 29.7606385266337 36.4703193549358
2.31008882050419 4.01568982198783 9.24363978583159 22.668030089815 35.2995237133004 42.5617459135791
6.63984203773437 9.50580374673387 17.0721181683777 34.0003915000927 48.9888170425691 57.4012809316464
0.296571618010679 -0.295168168703642 0.322173476057628 6.89032977348149 14.9250191091626 19.8952665232647
0.445743618414509 1.18899897400872 4.53572648976671 15.0988251470747 25.8298079899429 32.1332747872863
2.8473985106014 4.70623988937272 10.348900004721 24.2861024279274 37.2961077496411 44.720079382974
13.6337547692673 17.7527084071029 27.7864868317889 48.4310960119203 65.8801586848377 75.5473761656845
6.57366736253163 9.41801128122899 16.986007076083 33.8609743651994 48.8220315066109 57.2174690108473
0.651430518972873 -0.237290164065486 -0.200704481632544 5.45974505732875 12.8700570164044 17.573545901786
0.0427585756503644 -0.184061028228651 1.29126449573842 8.99514876024496 17.8602281665729 23.2037182368022
15.658398264413 20.0505043705676 30.7130563794567 52.2153264386085 70.2726216572697 80.2329051222142
1.87168953744544 3.38370670035426 8.26008371214264 21.1776805797899 33.4421369912984 40.520858324132
6.74313084122546 9.6115409737403 17.269642366105 34.2149406014713 49.2722547412658 57.7026455465472
3.30844055692393 5.33667006745658 11.1931379112179 25.6286521156469 38.9008590926068 46.4871229283192
0.0128415075457745 -0.0879572868735353 1.58451360942437 9.66844259416661 18.7330623079569 24.2115307041711
7.4614009876972 10.5083894822039 18.450179291181 35.8548318867945 51.2225811897926 59.7964329623164
2.69879319419579 4.51166042196119 10.0217604331964 23.8407897918026 36.7607650685763 44.1353436761687
6.96686968346276 9.9237418866724 17.6048006136131 34.7452427124265 49.8625020519179 58.361567658777
1.40704518471422 2.7336163636109 7.2188578059573 19.500669067381 31.38956575946 38.2538816507908
4.16620044211225 6.45615619331437 12.8151180211912 27.9984622310173 41.756572513821 49.5872705184946
16.145504319996 20.6019579239605 31.3767143587887 53.1310681263893 71.2652514295181 81.3176806956822
4.76864484844349 7.19757339028101 13.8791637477654 29.523627314366 43.6100780139684 51.5997890315707
4.42742225965576 6.76339332433013 13.3125879493343 28.6321616442333 42.5784594538648 50.478219800644
11.9460981852581 15.8051921285977 25.3238242214223 45.1861702617608 62.1160541862047 71.5171293483616
8.30416585006016 11.4971698511676 19.7777474845995 37.6776388885453 53.3469784373521 62.1161574609562
5.64773387977935 8.28424741474354 15.4143587473847 31.672968449874 46.1819021354702 54.3989554874447
0.752055059175808 1.71383016901979 5.51843353397027 16.7177387720494 27.9310250558389 34.4415752480479
3.13880076334301 5.09794978223962 10.9095196964149 25.1240597236166 38.3441715828792 45.8504797304005
0.0740789812824391 -0.22896361845187 1.03448067638024 8.49172887217302 17.1647877794626 22.4214346244755
2.7562335743001 4.59410204128547 10.1245469711339 23.9852500430259 36.9339433971146 44.3238170204013
0.286042113021249 -0.337052001068902 0.371861079478898 6.89401503434551 15.0086368103142 19.9536429250928
6.72460742012058 9.60260551948842 17.1922820136157 34.2011184182826 49.1824514411986 57.6341478684674
2.46452244388181 4.19825478143121 9.54444429695931 23.1097361543935 35.8407077603548 43.1536208638789
0.294430894649363 0.901606739945158 3.98227198709291 14.1285938184246 24.6097907153036 30.7769533134588
3.36808956037489 5.41385571833754 11.3335471435427 25.7702260780952 39.1393832514186 46.7068367079669
2.75065645910284 4.58508438464158 10.1348726829804 23.9871395331698 36.9450893997378 44.3235812307867
1.74988859699545 3.20085282902504 7.99866023710515 20.7265366218213 32.9128161364789 39.9456996239303
8.29892076105795 11.4996107833337 19.7288461406426 37.6873436761925 53.3270491647475 62.0940827893315
0.035619845549148 0.271789496007986 2.54171083542668 11.5647256709327 21.2401009146946 27.0301619980649
2.74619911127681 4.60279394293136 10.1248096929788 23.9756751955379 36.9462585312375 44.3281145578658
1.89435821931727 3.41699787804402 8.36374286586872 21.2498221688436 33.605490409303 40.6784579179361
0.0798852201870846 0.368624616260071 2.85149946353942 12.0963395835949 21.9614764298366 27.8360383994817
1.31373900661787 2.5923641300539 7.00417159714075 19.1660382284191 30.9714388610054 37.8076369055142
6.41837221014888 9.21685358075433 16.7158117064512 33.470153527618 48.3743465267525 56.7311487493898
7.50004686239028 10.5557867501524 18.4590977595333 35.96946253072 51.259232228808 59.867363376927
2.03729814548097 3.64886103760579 8.6356043021502 21.7684814084405 34.1703547215797 41.3204819703302
0.728118682312148 -0.209567131401738 -0.282831947391389 5.25051403171664 12.5769730979323 17.2071867079741
8.4600207924333 11.6749145358585 19.9866203064499 38.0400397942734 53.7425083724721 62.5401649841288
0.144252727102401 0.574575003103605 3.26268823484668 12.8684307232391 22.9892309868555 28.9495039456919
2.86573005624002 4.72494100481012 10.4024087670745 24.3165044854974 37.3824958139757 44.8075669544911
4.05447386579842 6.30564862803295 12.608259814528 27.6814753287516 41.3886400011329 49.2025090266921
0.377847166880043 1.08056610563218 4.29510998931314 14.6819911483448 25.3204493917006 31.562550759855
0.137413565702909 -0.258499012217627 0.751697629848938 7.86057967989069 16.2782270881396 21.4373289350339
6.66683670523341 9.54176758655387 17.1187719757247 34.0649248895849 49.0631070357228 57.4845792302839
3.34744593288844 5.37932752747352 11.2922553697696 25.6950176101587 39.0366988036198 46.6205747153367
-0.00959615396314874 -0.0625724612601591 1.71974704597561 9.86713632965099 19.0446942431641 24.5393066151029
2.40359306275925 4.13390850187632 9.44307227572294 22.9582844295925 35.6797518084012 42.9561590736961
0.146730126835801 0.550886556728114 3.29233917820635 12.8936593844065 23.0139072281171 28.9873549918618
3.53253124047785 5.62399959751998 11.6653688086522 26.2406241618031 39.6955429453418 47.3344030684868
8.01482188681449 11.1420092924287 19.3061841758127 37.0617765971826 52.608822274351 61.3140695998952
4.26756200609999 6.55256873847566 13.0121510948237 28.202997794709 42.0819911485919 49.9133331044272
4.8502028810838 7.31330252874365 14.011480305592 29.747909295866 43.8405838683351 51.866422444637
3.03194972595414 4.97565037493453 10.6895629738901 24.8267214517116 37.951752516555 45.4389461604609
9.79102836386835 13.2682568826483 22.0814972352907 40.8290069508269 57.0489988417416 66.0801565806669
0.0113213539254666 0.13096917593856 2.23731799450004 10.9246434624665 20.4543084502766 26.1133656217677
6.865183704936 9.78669525568902 17.4649717068202 34.5309028696766 49.6089586796547 58.0807528337247
4.82366105128173 7.23213675080063 13.9940660900779 29.5995296870916 43.7712514451086 51.7431481719848
-0.00392439694068571 -0.0991056084882982 1.61737669636349 9.66991530266864 18.785883438647 24.2541142894473
5.96284539148433 8.66672697961822 15.9665336889752 32.3870470220695 47.1286510832317 55.369730500809
0.16237646882823 -0.267800678892143 0.669050734738706 7.65390470669413 16.0505838368517 21.1347225997411
0.00314011322191439 0.0106457759284949 1.83133290725269 10.2082015740709 19.4593190570342 25.0111078715785
8.11140851768955 11.3120154839602 19.4203980440601 37.3020937251847 52.843076948362 61.5813808904024
6.55523150517435 9.38454355854276 16.9389824543387 33.7826677620677 48.7218187007877 57.1307680199055
0.00261924087914981 -0.0821006274161324 1.59657974090013 9.66949644085706 18.7426317461916 24.2167225314098
1.36256642516577 2.66736632852813 7.08174442728274 19.3434274868222 31.1400127660517 38.0102219371681
0.660921233736296 -0.243902794185541 -0.192936342958383 5.43631472099293 12.8661392979268 17.5356760317179
6.45038997925617 9.31160719931226 16.7604900131938 33.6284338867605 48.5103616330187 56.8920298792406
3.46530647215226 5.52168424641995 11.511673585627 26.0422965331435 39.4472936070361 47.0620624733478
1.4748482546382 2.84852837251319 7.37306231854132 19.7709212770469 31.7200911400908 38.6244091959466
6.55533358112959 9.40104087509924 16.9417907280947 33.8307218931107 48.7614813472529 57.1668290627698
4.03476082131853 6.27827360265231 12.5853362296991 27.6197986939319 41.3433146624908 49.1303482412941
3.5498387657359 5.65109768187208 11.6834500221018 26.2905594908706 39.7765747932524 47.3928271301318
0.0693163173283047 -0.231488524216778 1.12092160973943 8.61692429073384 17.3530618133013 22.642877884798
6.24863920666199 9.04140322162472 16.4231067310834 33.1243249004793 47.9205765858741 56.2486315530996
3.27623954496733 5.30124569345678 11.1522894164175 25.5261729852946 38.8233281421214 46.3690083927346
0.852423409913127 1.87089914800337 5.75938227434143 17.1827787241516 28.4531448360812 35.0418370648609
0.173224620376985 -0.300377520579187 0.634201027974984 7.55705490592242 15.886617825749 20.9777185361992
0.242349868709676 0.777664267295848 3.73661791287042 13.6513728877793 24.0444734037699 30.1261386422511
4.24200591759102 6.52802015074898 12.985908259646 28.1475486845529 42.0352622078655 49.8567061084429
10.3598483715919 13.9237520450223 22.9446594140823 41.9821665819013 58.4196066834825 67.5369160464849
3.76065807775584 5.88946395098074 12.084197783182 26.8589494580847 40.4482454877673 48.1473562637948
6.00859104946404 8.72935178502001 16.0271479263608 32.5078413343241 47.2277192460895 55.5037518512278
2.76286935743484 4.60305264732668 10.1449415698183 24.0281788272584 36.978116978215 44.3765405531219
2.78532377895558 4.65423554107404 10.2125098409698 24.1108759209957 37.1041831267868 44.4925543586257
9.68285991478623 13.1296900793908 21.9195305949036 40.5881329784462 56.7856131932191 65.7963214043823
4.50417202083375 6.85844169156184 13.4364828686308 28.8361366677143 42.7932390902316 50.7171463602043
0.721931280424712 -0.241443387165817 -0.253366810809012 5.22894374156209 12.6404456460302 17.2400809670579
4.43587486370874 6.76212158247487 13.2866812677687 28.6339346315209 42.5862344438158 50.4655114056245
0.812700329666796 -0.188246477507306 -0.341405969827424 4.96704509794875 12.2332368723416 16.7863785077845
0.0318131363618125 -0.189810693311348 1.26528877694564 8.93355927254386 17.7824074668276 23.1160701895197
0.847234721867936 -0.181208205509611 -0.370922944462864 4.9160425413776 12.1068274059871 16.6499001449874
1.21507147942544 2.44507348499632 6.69990203128878 18.7397638751755 30.4340304541217 37.2023018354984
2.68775026563552 4.49904781562924 10.0184326881826 23.7999743771892 36.7051605773143 44.0813115606717
2.6270204585214 4.41984659856014 9.861862580907 23.6186481943085 36.4585165698705 43.8250720551345
0.878944563356414 -0.172356409585809 -0.36700345437208 4.76990550426467 11.9745630682431 16.4872399487464
0.359372217695216 1.02615940756412 4.22308900370328 14.5542533904611 25.1606824562984 31.3783055262417
2.93785046431706 4.85422407310929 10.5118875914439 24.5772265116127 37.6272452417859 45.1046479696431
12.1564274760525 16.0210695192548 25.6250690043104 45.5741290027143 62.580000182835 72.0006073981654
0.0413629510952443 0.265028317919395 2.57082815156555 11.5765784864546 21.2852813400494 27.0722404917198
0.86843488345706 1.89860910912742 5.80624145905536 17.255879273209 28.5489582082145 35.1400322488056
0.00922157008605898 0.0884358306058907 2.08314495370093 10.6325702078101 20.0612680069879 25.6882870904856
10.7541938085525 14.4153623658072 23.5272295600297 42.8040358307004 59.3370266550909 68.5427807615468
0.000746961632699433 -6.12782259083814e-05 1.850021844343 10.1977742429619 19.4236887391264 25.0120034395974
0.633778946108917 -0.246086668948231 -0.181081423133456 5.52710568031468 12.9778656428818 17.673490875916
12.2557335837015 16.1326191927504 25.7812916782443 45.7898330392186 62.8140711426847 72.261955065991
6.1342802730032 8.92440985881838 16.2227593068803 32.8764386306923 47.6096138916853 55.9277820277252
3.30063602378714 5.30112763657113 11.229487295807 25.5974034963372 38.9391376805115 46.4943194350966
15.0540562014233 19.3714857332456 29.823404158728 51.1017302393992 68.9782769113207 78.8438948212322
0.00107026069740908 0.0611419958225108 1.98726188588423 10.4626513004625 19.8073790972057 25.4179733572463
11.9326018138079 15.7567844028253 25.307235394464 45.1473390102187 62.0778195734669 71.4812548541685
0.37552168825605 1.0321237059824 4.24702237151326 14.5880564765643 25.2195367360621 31.425541717879
0.0305659583459507 0.203296164904827 2.43972830411813 11.3416393308413 20.9853177017136 26.7077055314574
2.35634087595678 4.06487091685505 9.35073867863861 22.7871271205044 35.4491316490265 42.7243814251197
3.97417755521272 6.19132694865009 12.4795990772233 27.4454325304173 41.140813748107 48.9152217870723
1.08323203634608 -0.0674033952106558 -0.539324851766877 4.34016797350214 11.2865624402148 15.6776308828865
0.184338990180937 -0.282957838016079 0.602036192309537 7.48323016181584 15.7912697299496 20.8746835908617
4.62429129356836 7.0129577777972 13.6574347191645 29.1468937191354 43.1888828943804 51.1469446083078
0.463489362233182 -0.282862934427541 0.0276323565028695 6.12254504425321 13.8243638409636 18.6409942250928
6.35042594517911 9.17545176104087 16.5989321786943 33.3503813774573 48.2001195706348 56.5604035469471
12.5465825427972 16.4975803504617 26.2231118399876 46.3658800590511 63.5123059868753 72.9957023354188
3.73345806866911 5.90108929764719 12.0051674382836 26.8238109557102 40.354493359328 48.0717522562407
0.0335103485269274 0.20166379144953 2.42143017369568 11.2754610426573 20.8763988604604 26.6176311658545
9.83582402556878 13.2983886813316 22.1545231774304 40.905332941565 57.1699244866128 66.1939787971813
0.598992234055637 -0.258713386248854 -0.123892691745692 5.62769813875077 13.1861951373519 17.8825025261105
0.00224369415325439 0.053835992153522 2.10374786839471 10.5609832757611 20.069022571458 25.6387955331442
2.80851981869615 4.68469030048145 10.2303802498888 24.1653212193162 37.1456270518645 44.559889843959
0.212953105153219 -0.297573818082783 0.499647056264954 7.26613697070116 15.4730985158008 20.4909312254527
2.59675315790964 4.40021084058933 9.8068502385384 23.5235821988485 36.3813989978742 43.714851089033
0.826287825457835 -0.198898019620472 -0.333395938601546 4.97113248787342 12.212839884725 16.7797031362956
0.518369490356477 -0.267514967499799 -0.0595652046699696 5.84641735386086 13.4439094750493 18.1842504547849
0.257536785538791 -0.306398645218737 0.365509451554419 6.94876480984736 15.0426430712743 19.9910908249176
-0.0228342779049893 -0.164858985098694 0.900520823487417 8.11459182554588 16.7685891545866 21.7058940333085
-0.201956661941083 0.046348818326883 1.55298423041852 9.47408530292716 18.6596778002087 23.6986577833817
-0.179134798733607 0.27886725569013 2.23336961919827 10.9157561327312 20.4963588531018 25.8507721909312
0.00202172307068614 0.55207195690476 2.97376511518733 12.3799561493735 22.3451633964938 28.0878707388824
0.211675485247361 0.985628354858516 3.85143380807515 13.9502815736531 24.3920753715991 30.3679230785052
0.442110606339082 1.57722122018942 4.91454820572533 15.7539380836335 26.7947926599487 32.8946407047618
0.8076065441866 1.96162608102503 5.76673185594929 17.1892276565618 28.5387919188507 35.0232139223438
1.07632824098355 2.27536579279424 6.41529237402637 18.2669310153212 29.8352892422024 36.5540347686913
1.25286386912262 2.76121713597632 7.14371760223271 19.3835864639653 31.322590896814 37.9656090193002
1.56625562235957 3.31761175287104 7.93455389006877 20.653100829697 32.9242552409222 39.6450188938056
2.03134420224575 4.01774981601083 8.95775645077839 22.3025515034316 34.9397893322327 41.840191090866
2.7336011570075 4.78206499291818 10.264266739993 24.2645769600177 37.2864483359333 44.5718659139581
3.45956472862828 5.59201379288139 11.5599658663977 26.1039602929102 39.5681096791107 47.1126865646226
4.23093565963259 6.55560854014923 12.948319173051 28.1955169985055 41.997767604415 49.8321120810261
4.60841093273029 7.2965477470687 13.9274289483509 29.5566702210977 43.7720007708955 51.4800580756176
5.17948819078096 8.33875898098214 15.2878372246402 31.4606439554603 46.1801035798712 53.791205204193
5.96878227656893 9.17636539283449 16.4422873273635 33.1120536714527 48.0752394173923 55.9674052133557
7.08702046792494 10.2926894614567 18.0191443002543 35.3629702648109 50.6303661931923 58.9332015521319
8.3522283073749 11.5696802092035 19.8345417660302 37.835072991154 53.5056913787394 62.2606206117457
9.34997789290396 12.7509427283584 21.3922903837942 39.9355823958517 55.9822360510015 64.9503514565196
10.5496820447895 14.1823774911451 23.2353178338895 42.4362117153928 58.8949086059647 68.0511502066226
11.6852057511183 15.5714145617939 24.9913779443371 44.7745330033058 61.6610208333212 70.9475741150246
12.4968919597353 16.4410665807307 26.1582565090809 46.2907785707445 63.4073350006662 72.867186379137
13.4858504820475 17.7316528853622 27.7265522539415 48.3613798774669 65.8885670655834 75.3607152181082
14.3776984083629 18.8615428221213 29.1412118551666 50.1475180323766 68.0528146795424 77.5279439043283
15.3220458832619 19.9684635644138 30.4984749456047 51.903365000547 70.0616773836681 79.7033473248549
16.1256965326541 20.6322271882504 31.4240940942156 53.1405750427262 71.3459850364603 81.3340911916016
16.1745112097643 20.6513728259375 31.4081127762699 53.2035051661645 71.3277828659944 81.3791193540828
14.6810907316825 19.0974265724934 29.391840104695 50.5510822970821 68.3959992459505 78.0823128115866
13.4534243872036 17.7019271600158 27.6470708422292 48.2563266249841 65.7604948636262 75.258255108711
12.3051068892842 16.2517247722736 25.8889314002195 45.9237718253472 63.0117039674707 72.4306174998767
10.8616996508741 14.5396050578253 23.714176889766 43.0175797277513 59.631703835886 68.8180311280613
9.7558716921082 13.2153932756205 22.0423591428866 40.7515567046106 56.9971563160374 65.997428189504
8.83918031406911 12.1903132086007 20.70502733478 38.9163520902934 54.8870204049756 63.634300985011
7.7691960531996 10.8973600707414 18.92778961972 36.6009358417118 52.0214468268269 60.6454749057922
6.78560312989159 9.70151710189655 17.3050956951597 34.3424455841322 49.3829521995812 57.8402357115771
5.99564850012567 8.69382442586324 16.0447259595152 32.4760913251344 47.2449686421256 55.4765571185325
5.24000284327322 7.8037441995502 14.738991151149 30.6917790247297 45.0726802100492 53.1561551277231
4.49652795416078 6.88936261734429 13.4591545498913 28.849509221104 42.8670418962153 50.7524093145774
3.71153899464781 5.85368295713111 11.9970504274217 26.7306104300025 40.3123531286543 47.998746217785
3.22554269550434 5.25967525276234 11.1040548152507 25.4200294482185 38.7281206198607 46.2407325567586
2.65550039573988 4.73280513079439 10.1478249137242 24.0578202128524 37.1000386960463 44.2810278723187
2.13351977374676 4.12577459278573 9.17896987664459 22.6024880272742 35.3601030980495 42.290632391376
1.63821662045395 3.4346215102175 8.07375304738819 20.918716631229 33.2402596757803 40.0128105762292
1.22017673878137 2.65384524767396 6.91655751678555 19.065697114271 30.8701275188384 37.5903444257681
0.880249685381333 1.97455401274713 5.94146152055478 17.465533787641 28.882786272003 35.4497737474827
0.605618203817613 1.68034950038378 5.40294805670488 16.42887446897 27.6962409798699 34.0115545913049
0.343150607969936 1.24838522249773 4.59720046339551 15.0527151479775 26.0432773377153 32.1293662929992
0.162579167157589 0.893976721316957 3.85898271592455 13.8419939407404 24.3860326710452 30.3517520526592
0.0190248836420169 0.590688553703294 3.13717113447367 12.5980900252149 22.7138976369261 28.4824972646963
-0.0211143207460639 0.166321867879719 2.23828023879177 10.9291351471444 20.4695277898506 26.071482854657
-0.059023226710738 -0.0939526169940104 1.52284406068561 9.41832552540223 18.5114699283057 23.8502859420258
-0.0291582232295249 -0.109325667961781 1.42400930014197 9.18533827012121 18.1976367645083 23.4748102992168
-0.0524007500025263 0.0760591765529668 1.94878660069147 10.2519060334494 19.6877213538055 25.0840664481528
0.0592155960145872 0.308484679085956 2.68975801884839 11.7667756855111 21.5655077243684 27.3661370778707
0.0556183554268484 0.573196361376587 3.15607847667544 12.6861294445487 22.7520958357081 28.5913578739461
0.069949411165746 0.943698359012661 3.81290559397092 13.8460559087741 24.3643298426383 30.1593654350439
0.281216494234996 1.25318460097545 4.46222564132276 15.0468626788815 25.8261949402041 31.8645392803156
0.607373853482935 1.71552457911066 5.3255880104901 16.5308043446237 27.6424729923872 33.9675326210704
1.03219783296064 2.23389206931611 6.28058962658393 18.118288631396 29.5846598227706 36.2440340968539
1.45258479528805 2.83916514585224 7.33093859731259 19.7863974859467 31.6314185251004 38.5677255582759
1.90376140609436 3.38390590103661 8.37525557386046 21.2803544375025 33.6921231123647 40.7213191774343
2.39186481027076 4.12356371534585 9.47081940332131 22.9189983780862 35.6133192183603 42.9104768999163
2.83768040428702 4.78401358150749 10.3545981323098 24.3732319169613 37.4955739021011 44.7936856435123
3.48643875041402 5.57125587275641 11.5630021663732 26.1335018694723 39.5638828648058 47.1679384404367
4.01116686213947 6.33736149136879 12.615784304859 27.6758474271476 41.4205177677009 49.1552357718804
4.67722957282913 7.22455567304297 13.7965470744449 29.4728060480582 43.5555127944589 51.4310380337281
5.45629442195986 8.19139401265685 15.166702762128 31.394125671094 45.8687714810108 53.9577119195827
6.25365986554823 9.12875639025349 16.4806393562432 33.2021071538751 48.050452624169 56.3224123849735
7.08959961222575 10.1527184145563 17.9021469962223 35.1509703608096 50.3600170900573 58.7959192437894
8.07492920674312 11.3320617906641 19.4632033930819 37.3382644580837 52.8957885967779 61.5679706919323
9.06210949692667 12.3873216537674 20.9153018785807 39.3366473998968 55.2156973623663 64.1443977472311
9.05747731413819 12.4888800679703 20.9933745366019 39.3971780694404 55.3739288420018 64.2248387224485
8.80801307712256 12.2727921859141 20.6138802336523 38.9239422521124 54.8081038843615 63.6000777734272
8.19161155605952 11.4410749059508 19.5564704632131 37.5075611246884 53.0884819432639 61.8254108317222
7.21300648791576 10.2738288815917 18.0585910352811 35.3503282616068 50.6799041859566 59.1157639300572
6.20940796517612 8.97581701012161 16.3712386335205 33.0208663284459 47.8010090478525 56.1288476601146
5.30166439792042 7.89955059270886 14.853672339296 30.8691740042529 45.2317484405724 53.3198129140565
4.5279745326034 6.93230822990393 13.5109499942225 28.9418557202241 42.9343751495377 50.8327789697205
3.84410397083373 6.06451444638352 12.3017293447825 27.1519587019631 40.8440486373393 48.5105813313999
3.15339294696428 5.14205079912687 10.9554011780205 25.1673416679774 38.4147654947177 45.9121641053109
2.53259440418407 4.33017613851088 9.71735034574993 23.3715679799013 36.2343648757414 43.5023582075115
2.06786689343174 3.87042472060634 8.81769359516773 22.0452574031615 34.6421052877575 41.6341039375001
1.50517286289749 3.09895828223251 7.58099109379664 20.1420100955598 32.3276921151988 39.0851705017552
1.21812370122419 2.46068265101877 6.73847470646209 18.7377254923306 30.4888479050718 37.2701655476153
0.934119914964028 2.05862718732219 6.12115358302514 17.6738609025446 29.1837949070943 35.7574928787851
0.577180359957386 1.61547049014195 5.2667027206108 16.2534735028322 27.4541285066272 33.760469645403
0.342838883412371 1.09108405811436 4.29519269343259 14.6797029718807 25.3880602294472 31.5515992974371
0.151609963431251 0.672403698503589 3.53015868539564 13.3294764887641 23.564207247525 29.6129069394812
0.0620828451099554 0.438492080808603 2.92175992043742 12.263971303352 22.2127660616564 28.0214080565427
0.000971631838081459 0.161761446726829 2.2850331169458 11.0159633109841 20.5950948573447 26.2334096651943
-0.0061593492779416 -0.0604153962601037 1.56151061892509 9.75808670590542 18.8670889337491 24.2847459921555
-0.0189072422332428 -0.161018324222763 1.12250423757519 8.80507528153608 17.6676416392306 22.8078780442863
0.115536278082554 -0.262092147392522 0.7558714548397 7.84759293003 16.3165344123401 21.4051842894043
0.261068826801175 -0.261006154206609 0.321764958843815 6.91726849423293 14.9739829387592 19.885201269018
0.387972085805805 -0.196955079153616 0.0526380941669348 6.14804369771834 13.9721147888922 18.6235985887579
0.628659163281554 -0.0985859981876638 -0.24075695862677 5.29130676230652 12.7631356114118 17.1880618777511
1.03841782619029 -0.0409266337988123 -0.526034608634147 4.39244534573917 11.3908007341779 15.7298728194473
1.21347489985147 0.00975892164375386 -0.655814829985252 3.97765258188651 10.7788086310885 15.0457206924399
1.38335908865591 0.0965686281265513 -0.684934564178524 3.6254584074761 10.3281489582818 14.4969440983043
1.50221086042602 0.178804914291928 -0.752897695941748 3.4510568556266 9.9976402883092 14.1600422649313
1.3803430203562 0.204101175460835 -0.796015760125614 3.57859659421424 10.1243441291003 14.2173728035964
1.11345076629886 0.188969802815989 -0.702594103704818 3.89091589082969 10.6741409268425 14.6465774717646
0.992778058903201 0.100258398854527 -0.596240534266899 4.19268942329668 11.1296779268542 15.2189002426707
1.02446073582872 -0.0628165917954499 -0.508731209677395 4.3833143466092 11.3844285085951 15.7409636405149
