-2.24863610639238 -2.42004738445395 0.46111734925888 3.44934481890729 0.561661338406313 -0.637565198881196
3.98478630074804 4.28710932104477 -0.825435317812904 -6.09385885877308 -1.01568176661573 1.13028527683402
0.0932797463574195 0.0946112417117969 -0.0205489788134599 -0.135825223840678 -0.0296347650286177 0.0263739127759821
2.03135978105529 2.19173868133342 -0.417219979311685 -3.11946663087258 -0.504424753910484 0.576017384583349
-0.382139949719633 -0.408591600029289 0.0795490593811681 0.582378758641343 0.0981983727359056 -0.108263415386729
1.0442280424941 1.10999846472108 -0.217773771161657 -1.58532629499537 -0.273486104314249 0.295751886833028
3.68563066977912 3.98178712299044 -0.758611327012821 -5.65922113138192 -0.918644399336835 1.0455289838086
3.3180892234825 3.58539601179051 -0.67990402813287 -5.10203107311738 -0.819035294675797 0.941088690574343
-2.2142755744113 -2.39535281485279 0.453079456360928 3.40439868453365 0.551530909883781 -0.628518581503186
0.869347820960263 0.940856750461677 -0.179423961982647 -1.33317729956168 -0.220947221273218 0.246939309744653
2.07310003488333 2.24322406146894 -0.424638011813387 -3.18855000184069 -0.513493537810544 0.588284791468356
4.00201937037465 4.2967436298028 -0.830428172865428 -6.11339327747253 -1.02215044787159 1.13464039611913
2.53743061213898 2.7512067970099 -0.518606511247228 -3.90562258680913 -0.630622495114287 0.720581350978705
-1.24590667356275 -1.33688683441378 0.259254438144796 1.90097462842515 0.320708438568568 -0.353287108899195
-1.41814976937947 -1.52420075652454 0.294144862248681 2.16840052015843 0.359890519158324 -0.402042183947526
-3.58611539121531 -3.89029934688469 0.737291997467125 5.5168161382053 0.890420099828767 -1.01808599301157
1.0024354923313 1.07065178508957 -0.20846924758815 -1.52589139476157 -0.260608593478842 0.2841431610119
-0.678705937671865 -0.75865604638521 0.136101477118049 1.06576964791481 0.153315234035135 -0.193355452687388
-1.7877955968234 -1.92484210667004 0.367878188649519 2.74129469437991 0.447069593389075 -0.506886512338514
-2.08608936769583 -2.26529181815645 0.425078468405542 3.21622996215557 0.513486255543592 -0.592418403199442
0.134255576370349 0.157187643624524 -0.0259857606761378 -0.215857994235272 -0.0290206735100979 0.0386771993557147
0.205822318280756 0.212063979799676 -0.0446559052153154 -0.305408357100819 -0.0582447964705847 0.0580028973557773
2.59407781138621 2.79624550024995 -0.532418555970431 -3.97972579799584 -0.650536716625167 0.735886899156642
2.83442133263916 3.0401376680476 -0.58353421659382 -4.33756847809112 -0.714173559432147 0.803229164528064
-2.33245677964454 -2.52207311091602 0.476028465841256 3.58860442600022 0.57709225741711 -0.661873108604884
-1.78774037224663 -1.92878457019096 0.367183094347042 2.74466038705253 0.445367419232191 -0.507057479918745
-3.78746321816413 -4.07961181217899 0.78399212513539 5.7960986947087 0.96292388870185 -1.07445463497938
0.763469176040635 0.828628930481463 -0.157381322947255 -1.17274404454382 -0.192821105021645 0.216943509343291
2.6220317994527 2.83451572780163 -0.537011547099361 -4.02901332522096 -0.654925593605212 0.744219596674111
1.80936843118481 1.96181696429675 -0.370216427963676 -2.78635685743068 -0.445862496801397 0.513569351419726
0.0852780881853736 0.105049509172747 -0.0156555862046552 -0.142654103246505 -0.0139449820655114 0.0246691198353183
-0.920132859408443 -0.961729466460765 0.195695913743492 1.37763610538606 0.256726730338879 -0.260273207209648
-1.75004101579908 -1.87574310808826 0.362288100776013 2.67459311629668 0.442876150104295 -0.495823054845042
3.14485064033377 3.39512393098822 -0.643989833903685 -4.8333758620326 -0.778775565969112 0.891973310076512
-1.98881231968826 -2.12324830629785 0.411744960790481 3.03429060819664 0.505488053484162 -0.563116970418608
0.439896767154375 0.467232931007674 -0.0927233279765688 -0.667079513270525 -0.114390623473479 0.12442501317777
-1.55441980442893 -1.67382246120141 0.321700695571021 2.3796164896677 0.393203651560788 -0.440838716360519
3.8857276619072 4.19893539422939 -0.801530483485156 -5.96019333273728 -0.979180181028515 1.10287620431655
-3.37144169949112 -3.64923081291882 0.691934203413194 5.18593449010553 0.832410171561785 -0.956495509645607
-1.46659539538163 -1.57787379569245 0.30392071611527 2.24368967279089 0.371855788579225 -0.41587161476385
-3.16149428135539 -3.40550752126073 0.648958337333527 4.85345126650331 0.783242258981316 -0.896142568416548
1.15038731340541 1.24118539023809 -0.237877928641612 -1.76270537232199 -0.290556733664109 0.326380511769962
3.90705726913896 4.19186896350161 -0.810331360831256 -5.97038676345956 -0.991357015841849 1.10716598368717
-0.562510742017802 -0.566800941038527 0.122903236975906 0.822898631127519 0.168845965789305 -0.15832487324577
-1.76446911334345 -1.90422182199515 0.363712859728288 2.7063374715227 0.442881929508279 -0.500565591660252
-0.430354993883958 -0.439153995353748 0.0926952824884115 0.636881151918742 0.122230031827949 -0.121157937939118
-0.309869539586863 -0.30824642694981 0.0680105805906339 0.450600242655696 0.0938926528830025 -0.087025965449192
2.81324721701674 3.0226250936473 -0.578424093360393 -4.30918879069937 -0.707361823436446 0.797510954935673
-0.674861437432339 -0.712507790560766 0.141810376761356 1.02133405800136 0.176303199141646 -0.190734534483515
-3.19953723696962 -3.46752475207807 0.6537480482786 4.92814377902974 0.786456765877498 -0.908008746518645
3.41978671729032 3.71495056564607 -0.698666154217539 -5.27331546960683 -0.837630978629047 0.970877994786509
-2.13978875528527 -2.31686986367441 0.437927434407591 3.29105770016162 0.532489232472364 -0.607459424393354
-3.53018133003101 -3.84005298031683 0.723837161508392 5.44072577361035 0.870331257788979 -1.00259212093502
0.157471090872635 0.158169781783655 -0.0342139733379377 -0.235302489222792 -0.0367958060600222 0.0436581363650886
2.77366140027028 2.96949045193526 -0.572124824759721 -4.23862373229514 -0.70340651856127 0.785869110084327
3.10477349655901 3.35102895584699 -0.635805572577352 -4.77092445264696 -0.769759982476359 0.88061186651832
-1.65608915598682 -1.78016585124136 0.341825259275025 2.53619937084631 0.415582809769839 -0.469379237601957
-1.18453198934315 -1.27412933029507 0.24636830743342 1.80687066692035 0.309279958847816 -0.336336903617973
4.08171965077607 4.36366519290319 -0.850156803451905 -6.21665933816467 -1.05542393376479 1.15667589760747
0.619175017216168 0.66955824918134 -0.128686372102398 -0.948909752162727 -0.156231018704605 0.175682785355597
-2.65910043256136 -2.88034154098153 0.541291070545014 4.09716501566416 0.653395504218334 -0.754711901425995
3.44876042796806 3.72887733730709 -0.707101723696583 -5.30380710704491 -0.850945312998819 0.978226248747831
-0.704689693119489 -0.799931993731336 0.139403677506273 1.11747190076463 0.15290481108474 -0.201252681435411
-2.15569805078555 -2.29964066165251 0.445880882653559 3.28840577719021 0.547994625573899 -0.610300521452898
3.1789667124432 3.44247182060419 -0.649397487880829 -4.89411886949971 -0.783952288879677 0.902216414062543
3.60387474392894 3.90161145569801 -0.739931637017476 -5.54242878945212 -0.892238579404969 1.02260877805997
3.1045488761208 3.32008446917524 -0.640171650390747 -4.74391729964732 -0.784560917645354 0.87928383234531
-2.06322338689308 -2.20797813278511 0.42630469094928 3.15208725205438 0.522684512407778 -0.584451021159978
0.192447429376093 0.205179472675529 -0.0406168954273968 -0.291290595695739 -0.0518971818003356 0.054586865199154
-0.769130851668599 -0.855814645731047 0.154871826687158 1.20455970019503 0.175105760554397 -0.218915666162261
-0.699587832548129 -0.788056517600821 0.139350579307098 1.10400159069565 0.154823114680993 -0.199542555967925
3.50477730415742 3.80893003095008 -0.716617221000492 -5.40400827996079 -0.859717918660164 0.995126559652786
1.08878154593468 1.17175628377537 -0.226054260619827 -1.66572334315969 -0.275495192020061 0.308658611696628
1.80802942435042 1.95918072419493 -0.370146071763152 -2.78330253944929 -0.445936129983074 0.513116687930227
1.58040957495585 1.71071848874539 -0.324216864382067 -2.43040333428579 -0.391781323969331 0.448484925429127
-2.02837537824549 -2.2052804783535 0.413085184479084 3.12920170164302 0.498415133390267 -0.576152498170501
-0.0908517530024891 -0.114107947612759 0.0164024514377284 0.154080286696317 0.0133413891151257 -0.0263247020218394
1.55260419237891 1.68348398652174 -0.317950935468753 -2.3894218505397 -0.385241415358278 0.440829367091849
3.67851587124418 3.98856118602364 -0.755063520337544 -5.66041679190826 -0.910802259602488 1.04417656045018
2.08759902317399 2.24893475062389 -0.428996957244414 -3.20273634361038 -0.520815282514867 0.591918998299759
-2.58918339255536 -2.7979093108923 0.528397865513175 3.98153022167072 0.643051584547203 -0.73477839692635
-2.05775848521977 -2.21802934561049 0.423044636067115 3.15626024091571 0.51589513002247 -0.583667259301231
-4.07783207420462 -4.32476563701295 0.856025359035877 6.17746425647143 1.07412798292475 -1.15413576918185
0.125212296150566 0.129917238339204 -0.0270754881800753 -0.185605274904668 -0.0369568065153576 0.0354437175288933
-2.68588203996143 -2.89897497688566 0.548583433903452 4.12812176129956 0.666957782324757 -0.761976875621023
-1.09168114470762 -1.19536741154476 0.222641703232825 1.69180026159792 0.260213055141266 -0.310072416292208
-0.285757710151437 -0.293046312505012 0.0614274497411716 0.424139201622266 0.080322620683948 -0.0804863161251615
-3.89300235965165 -4.17852371375125 0.809067359525266 5.94240428925971 0.999790632591589 -1.10388067576325
-1.70390659335786 -1.84461128890323 0.349097804249045 2.62121438720052 0.421697581870904 -0.483551628869364
0.31461918252839 0.337926998493835 -0.0653274402875896 -0.481953732024799 -0.0775640610728239 0.0890448680242639
-0.692919819311981 -0.702057796656291 0.150442181366661 1.01905913708335 0.202588613825545 -0.19502599130177
-1.84129342909231 -2.01127456354354 0.375694497831014 2.84404424654512 0.453404297709606 -0.52354539560239
3.08530613562181 3.32960321691918 -0.63183643632365 -4.74057464511548 -0.765390587356988 0.875092646831388
0.979480853420205 1.01946743779533 -0.207513119960929 -1.47009101334823 -0.262897252580426 0.276238146462615
-3.12827001025347 -3.38434628079982 0.639474219685513 4.81503573454436 0.769318939680546 -0.887451059613381
-2.59889738172035 -2.80954739705386 0.529820448604858 3.99968074492797 0.641148289092059 -0.73738669049389
-2.73287776758131 -2.92724410542835 0.5613867874448 4.18341797044312 0.684460005785694 -0.774095625846751
0.380363217687625 0.412918845391329 -0.0786624385352585 -0.584147279569253 -0.0958170871364401 0.10806297979891
4.09558386344897 4.37182469708482 -0.854099159318532 -6.23214849420746 -1.06171916432893 1.16028270403103
-0.649879645380652 -0.655018243858178 0.141573475413036 0.952731836274975 0.191818842161787 -0.182784511589627
3.94293019863959 4.22909784056199 -0.818138376380067 -6.02121912309175 -1.00680662932974 1.117636920409
3.18614105600507 3.44457356249577 -0.651831901369777 -4.90091829511104 -0.786758432806325 0.903890680150832
3.67872561205829 3.99411533192433 -0.754429312242456 -5.66439824493694 -0.910149269817875 1.04456905959368
3.4111070750939 3.69087053571256 -0.698687336708184 -5.24853313103313 -0.840402323341013 0.967694451803015
-3.05960870471579 -3.31510150707418 0.624185209953631 4.71411985911263 0.750209345651252 -0.868234175385268
-0.229658241798354 -0.268563091268059 0.0445163772964148 0.3698497181234 0.0480179199040146 -0.0660043780558536
0.608605421616331 0.658777242656837 -0.126356039938321 -0.933218412388247 -0.153446512851742 0.17272983410884
1.40397877679695 1.51631869624755 -0.288980630632977 -2.15474613764579 -0.351630690624793 0.398363434480336
2.48129497516131 2.65891332031905 -0.511738031489008 -3.7940703975652 -0.627234521208686 0.703056642624364
-3.91707094041057 -4.20755760682209 0.814110468506911 5.9809650095103 1.00535420038928 -1.11083553752938
-3.45267994004237 -3.73453035104593 0.709578866987194 5.30683584274978 0.856309799869894 -0.979536489237401
-0.0191065678240608 -0.0284100748623276 0.00267684262488899 0.0376699458632974 -0.00207593860841434 -0.0055586443887543
0.920558761130301 1.0032365386985 -0.18920897856713 -1.41746863120565 -0.230717717253977 0.26174888728834
-1.41249471052276 -1.5208396521345 0.292757943514086 2.1610844275871 0.35891093199461 -0.400639606361477
1.46475932410318 1.57368710326804 -0.30277371959427 -2.24208048946909 -0.368099984420283 0.415072711430994
-0.182256840703912 -0.220803605626421 0.0342121586450278 0.300300527432574 0.0341235512861826 -0.0526779009712799
-0.448958553800386 -0.474932575778236 0.0941400910965971 0.679995742878377 0.117500555839969 -0.126973094775823
2.80260717596058 3.03190048071265 -0.573097626000092 -4.30955781218754 -0.697719430997655 0.795558150844499
3.76323742457599 4.07289441515506 -0.774313202827828 -5.78227569383346 -0.937972468379838 1.06800271674936
2.83857151550407 3.0746385940373 -0.579775093129711 -4.36806878793228 -0.705307970664926 0.805969830499738
-2.42550806851858 -2.59099811198047 0.499950759222131 3.70488944013594 0.613559882899176 -0.686844238203702
0.644465034116625 0.691563332678993 -0.133991773482758 -0.98403996634867 -0.164611946490631 0.182684660425527
-1.54029607114619 -1.67792989536143 0.314181205167276 2.37840273668105 0.376196659680753 -0.437549194157531
1.85858284754015 2.0130869587847 -0.380526790897729 -2.86052880734998 -0.458700923704162 0.527438622855152
-1.15523101447048 -1.24961774163558 0.238277431647794 1.77542420025127 0.2852083372401 -0.327600104066004
-1.526199923343 -1.64028188328157 0.315649360673331 2.33621014958351 0.383654769108219 -0.432535276557854
-1.16789272519088 -1.24942700498972 0.243548519122592 1.77924557018135 0.301312398280221 -0.330946232560929
-0.324591379483137 -0.352314016196356 0.0668540498496338 0.499098995120151 0.0810632646332237 -0.0921794520196959
-1.85827984531389 -2.01272210475229 0.380168717062307 2.85980492297077 0.459794301641247 -0.52744930003749
-1.46229879143908 -1.58504133400355 0.29992907340595 2.25111673742353 0.359910406924078 -0.414956947254797
0.834602573935938 0.886547919474569 -0.174524173119139 -1.26662552367329 -0.217967467434626 0.2362598710051
2.77584274091022 2.97367929704382 -0.572285194128457 -4.24346987504766 -0.703318991222059 0.786583505038411
-1.44055976802729 -1.55729685248657 0.297797310390899 2.20830947541953 0.365089538982896 -0.408965302322353
0.108322062672912 0.108990878025543 -0.0240030267325303 -0.157274870466117 -0.0341765003235731 0.0305460287692178
0.195360020884261 0.199863322296955 -0.0426381955633713 -0.288560758524619 -0.0560781769058056 0.0549962127525836
0.278287933009543 0.28911633376262 -0.0598673161372203 -0.41567783590838 -0.0764911884736313 0.0784752329864908
0.364226723438993 0.3825986835858 -0.0775217667741239 -0.548351655335996 -0.0971118625326555 0.102850775777764
0.442619411365227 0.468606989035381 -0.0935504440127307 -0.669948392548186 -0.115651535015686 0.125116084479212
0.532762750866915 0.568373543287563 -0.111962883881306 -0.810127519131427 -0.137181194998312 0.150774929691114
0.616097655171012 0.66460698777261 -0.128333442258629 -0.942889837250789 -0.155917217947014 0.174715380518611
0.705852424030708 0.767743834339179 -0.146018525419935 -1.08538644792583 -0.176482772028834 0.20048529759765
0.808185589130708 0.884565730030578 -0.166256967964192 -1.24722772756434 -0.20029715319218 0.229838981982163
0.920470860055701 1.00081395459375 -0.190040457148738 -1.41561913111582 -0.230127450168429 0.26145083546425
1.05895732739404 1.14074970350316 -0.219808693121402 -1.62082017417322 -0.26766665988224 0.3002514824996
1.2073005073306 1.29579354882087 -0.250704943940509 -1.84507535956536 -0.305855924031348 0.342079825407965
1.36417530419116 1.46179555637885 -0.283024252699436 -2.08426110026009 -0.344811941125934 0.386369575706437
1.51308735479855 1.6245459563516 -0.312805520026015 -2.31558966987632 -0.380002328181198 0.4286805665437
1.66280625792017 1.7906482658593 -0.342444839517359 -2.55011741151926 -0.414454052827441 0.471327401286713
1.81859155100958 1.96134037351992 -0.373684364957723 -2.7920662061545 -0.451653234466413 0.515629220748377
1.98959673997617 2.14179292045451 -0.409143207325004 -3.0513369456097 -0.496213851038057 0.56398810457091
2.17027621746715 2.32971998988554 -0.447137317487899 -3.32261149037031 -0.545020626344478 0.61498343762693
2.35420397510808 2.52090475925879 -0.485867882805144 -3.59856486336089 -0.594896164993422 0.666891558722504
2.53049501232144 2.70906471647494 -0.522205439970922 -3.86726918449189 -0.640598227823578 0.716872720436901
2.70379878307041 2.89427115384998 -0.557761162406352 -4.1321550930887 -0.684514650929689 0.765969538670537
2.86494312967617 3.07156435439213 -0.589976596390595 -4.38349303062653 -0.721797687991403 0.811782025548167
3.02062671115409 3.24468704047106 -0.620899606257489 -4.62831979389039 -0.755843302019302 0.856041591317295
3.17545756409359 3.41958818496816 -0.651641218927308 -4.87354705612321 -0.788885420154252 0.900165793863826
3.33946779046858 3.60332367395564 -0.685215487615569 -5.13029095966418 -0.826599749134698 0.946892230861278
3.51358751784442 3.79394416468253 -0.721955796019283 -5.39748472371323 -0.871054868914712 0.996411262310373
3.69191601088324 3.98170440143997 -0.760891706723216 -5.66309069797953 -0.923088334508966 1.04698930936974
3.86740408004588 4.1534349241633 -0.801059168270992 -5.91273698245769 -0.981527314157749 1.09628375132033
3.98594570452035 4.26664111470108 -0.828627287210262 -6.07865426068112 -1.02294756734373 1.12950323035616
4.0781191461352 4.35156080601597 -0.850524809114016 -6.20501513641285 -1.05653960017563 1.15519228390623
4.10638393575143 4.38355208089873 -0.85641885714645 -6.24832249678957 -1.06512200895871 1.16338413133752
4.10461948374155 4.38988799457129 -0.854868186604691 -6.25222353811352 -1.06167612310917 1.16326994044494
4.06976963529063 4.35980823812948 -0.846353482450782 -6.20654193740563 -1.04713696240588 1.15357491415959
4.01893511067128 4.30656098009073 -0.835239441399378 -6.13247172995755 -1.0292310045503 1.13898746380227
3.95298377581232 4.23382295145402 -0.82128884968075 -6.03330280653204 -1.00766799575926 1.11990759608322
3.841804376516 4.12523334067679 -0.795695579103823 -5.87570965951148 -0.969952908774188 1.08866187198006
3.67982406651422 3.96780280140076 -0.758265986687253 -5.64560766886344 -0.917133784999557 1.04333119922291
3.51103513239539 3.78811544090127 -0.721574673579834 -5.3918500688957 -0.870513978677433 0.995509952727074
3.35763229451856 3.61355936895697 -0.690108394344928 -5.15037327352258 -0.835349721286784 0.95166954679743
3.21425138251235 3.44392318332395 -0.661995027255468 -4.9178349373397 -0.807428727405597 0.910502605694308
3.06107184036668 3.27175259370954 -0.631528311709379 -4.67559022404339 -0.774995760413917 0.866919911542652
2.89902036331665 3.09516757351715 -0.59893597508465 -4.42386149966867 -0.737629266805555 0.820967510172573
2.71187056474961 2.90508117955588 -0.559277045627603 -4.14538480703656 -0.687250013285158 0.768432770499744
2.5150606377494 2.70746408235193 -0.517044100816794 -3.85534620948521 -0.631706894257684 0.713204271217087
2.3317661617934 2.51342125920099 -0.479092466732006 -3.57757395418574 -0.582828541396459 0.661251931445365
2.15580191951838 2.32281071717743 -0.443186272629794 -3.30748173872044 -0.537575901653821 0.61120015641904
1.98089364424791 2.13449564029401 -0.407285668251309 -3.0396258214866 -0.492913400315602 0.561550885746666
1.80835135925197 1.95010963843385 -0.371629699915374 -2.77596937021442 -0.449547268231926 0.512711612429782
1.64149525899901 1.76986092725355 -0.337460978318168 -2.51876612568547 -0.409668098588566 0.465470997406719
1.48267057675537 1.58970544894486 -0.30627421485306 -2.26653974706865 -0.375639170249924 0.420136303826481
1.32230462626442 1.40284545822928 -0.275533409836485 -2.0078571826464 -0.343025706851895 0.374115762748372
1.13862415250014 1.19051069881352 -0.240124228022964 -1.71394252379406 -0.302913501744129 0.321349948211099
0.880993458856288 0.907712211019749 -0.188018910149896 -1.31544783060464 -0.238377706829025 0.247912996140438
0.485271918914454 0.491072081870926 -0.104964222615175 -0.71933621550288 -0.130227626596835 0.135842771354488
-0.0323475960833652 -0.0321429028775743 0.00738912283968806 0.0424346060849553 0.0188261129287517 -0.00961726222608974
-0.431365063146389 -0.434476830564866 0.0943666237579454 0.629704146044199 0.131871568377191 -0.121538283484736
-0.852937024008516 -0.885779158825992 0.182395428966508 1.27140064506879 0.241839119004189 -0.241073834478486
-1.08120642682829 -1.15446766665244 0.226346356979808 1.6398694081017 0.290113217802797 -0.306849448469403
-1.2619159650258 -1.36728156830088 0.261003909604357 1.9330497196847 0.32562967593332 -0.358764455833874
-1.42769850288975 -1.55221297483508 0.294031561157536 2.19441251836917 0.360958619035842 -0.405854661070095
-1.58251429421328 -1.72543677919987 0.324638571726307 2.43870014010617 0.394529593273693 -0.449916337613955
-1.72749455092209 -1.88731946396447 0.35301693732794 2.66730064259895 0.426610232320087 -0.491231781221412
-1.87659474780767 -2.0500246502111 0.382678821752853 2.89903467592179 0.461774196667118 -0.533592126240771
-2.03736001541526 -2.21785618471472 0.41575896622275 3.14238635715516 0.503177223301506 -0.578936364145628
-2.20389978503419 -2.38952345349208 0.450201148365213 3.39273716310103 0.547070596782685 -0.625833193516915
-2.36427622645626 -2.56267785883863 0.482137343533678 3.64028991357903 0.586377715071845 -0.671374559029472
-2.53269657522298 -2.74054059259147 0.516486326930777 3.89720818273857 0.628286264237669 -0.718945686698106
-2.70642598010348 -2.92427478881023 0.552338053507841 4.16220340096028 0.670899372657576 -0.767951481068815
-2.88785108024168 -3.11657289099504 0.590372209875478 4.43863944463777 0.715180682983181 -0.819081656854238
-3.06614201765676 -3.31061279738989 0.627727296330671 4.71344785562838 0.757509518255182 -0.869556635161928
-3.23756075774092 -3.50454953910738 0.663091478690179 4.98248710141406 0.796904860343421 -0.918476979611194
-3.39944510898727 -3.69473702233196 0.696026541718825 5.2402327731351 0.834738818839024 -0.965162867302781
-3.56282970188862 -3.87611946508316 0.730801709471074 5.49038455220109 0.879714376344844 -1.0119453994854
-3.72082249549192 -4.03675978010184 0.766357527202196 5.71961363558528 0.930356184939267 -1.05658238486472
-3.85344196320034 -4.15643249312902 0.798092743967166 5.89959835356084 0.979361624605692 -1.09341775493689
-3.95003184226017 -4.23698885924261 0.822063037859609 6.02550051492198 1.01735259953326 -1.11993401045384
-4.02966836968366 -4.29541053943303 0.84284387874573 6.12312378932076 1.05125872880017 -1.14140419924708
-4.07050428904983 -4.32077281994794 0.853994572993056 6.16957948425382 1.07040823853513 -1.15221515399791
-4.08516826116061 -4.32922976324336 0.857934258021197 6.18571740935043 1.07774395145751 -1.15607757729879
-4.02232076054303 -4.2791835935301 0.841723583956837 6.10547293914266 1.05299419647244 -1.13898711540631
-3.90842274785875 -4.18188544215105 0.813513640742838 5.95494788631745 1.00990752646478 -1.10767432405905
-3.77394266243356 -4.0602485815982 0.781204074887692 5.77184168078557 0.961424292902049 -1.0703915783979
-3.60952493963084 -3.90013321074418 0.74326571006439 5.53883029006167 0.906353931775512 -1.02427588945866
-3.41423433655809 -3.69809684326772 0.699926803567804 5.25176897962773 0.846765041181392 -0.969029571323303
-3.21581415760089 -3.48749981284829 0.65683697067123 4.9546242377755 0.790323158415714 -0.912766675940033
-3.0246603788554 -3.28031969405886 0.616399685192736 4.66295041385533 0.74053598347582 -0.858480787772185
-2.83793410589738 -3.079609895596 0.577175609550646 4.37751866817837 0.694019677502719 -0.805636996311123
-2.66998076189821 -2.89279627080329 0.54341048660817 4.11450740211908 0.65574123759279 -0.75782741766236
-2.50284535568931 -2.70973936729414 0.509771508150874 3.8547366407447 0.616538692754345 -0.710348144830976
-2.34118812750942 -2.53313631774474 0.477522220897022 3.60346436013341 0.578525930479221 -0.664424692437412
-2.17129413714221 -2.35609236053927 0.442399749849118 3.3466386293802 0.534756339282446 -0.616532326607648
-2.00800301830127 -2.18417204420238 0.408835167251693 3.09856678823541 0.493026316084088 -0.570411549845446
-1.85794594745544 -2.01887623636761 0.379022885800348 2.8648400788486 0.457027372872202 -0.527657455821853
-1.70015152936572 -1.8495392722566 0.346788470665542 2.62315515911224 0.417033590244217 -0.482908739936343
-1.53746705814797 -1.67680353378747 0.313264301856144 2.37574096374784 0.37463978152886 -0.436834831228137
-1.37425852219882 -1.50021094288686 0.280140408806679 2.12528575873446 0.332365803291456 -0.390379500755156
-1.20248502394274 -1.31751881045592 0.244675596695748 1.86455675793713 0.286396949338674 -0.341629805595122
-1.03122994315664 -1.13720303084212 0.209007459604246 1.60561467467289 0.241057325497832 -0.293191642085765
-0.851604447925255 -0.953941366429831 0.170381746655553 1.33944534608444 0.190674291181112 -0.242660587872095
-0.699752165361898 -0.795532806980091 0.138237433616303 1.1106941485152 0.151263261693882 -0.199894469611575
-0.609102903613924 -0.688848309751393 0.120875543859177 0.963575958848521 0.133559264975619 -0.173852518172711
-0.524585286220693 -0.587585648458509 0.104935212807107 0.824743924869667 0.118162104080496 -0.149516475018413
-0.447889781352008 -0.4949716747494 0.0906829513316761 0.697599152365114 0.105467927536203 -0.127452529589632
-0.357565114828525 -0.398570108126861 0.0720237649846225 0.559298057020268 0.0835355011240807 -0.101935695314231
-0.251036381885886 -0.294151680235322 0.0485644470283751 0.404749533256201 0.0523001823154761 -0.0721787621817638
-0.153440749307347 -0.191506031974817 0.0279807363040767 0.257829244597224 0.0257358588988218 -0.044562144140419
-0.0672978366549388 -0.0901912164669053 0.0112838013866442 0.119498291584625 0.0062848417315632 -0.0196831569694709
0.0191899320695451 0.0106833305082139 -0.00567583405927396 -0.018870277454709 -0.0130538982015345 0.00521575860825406
