-2.24794479698068 -2.44054757256483 0.449427717127595 3.48258191618243 0.533895417711415 -0.637665359915879
3.9496710467479 4.18535937081137 -0.818910486797667 -5.99278553984838 -1.03535007827876 1.11767145230093
0.0790472457810573 0.0723462832593145 -0.0183439508239414 -0.109448217307333 -0.0269110510351465 0.0219076019077926
2.03940036898386 2.20094082162177 -0.406586033601151 -3.14979302928633 -0.492856178633016 0.578260330842457
-0.376118861808011 -0.398173389719507 0.0789765137543606 0.568248085910857 0.101326812203722 -0.106486600657007
1.01518744673499 1.06971978369978 -0.209145859027884 -1.53873131154539 -0.266193410095412 0.287023122095294
3.69840388383113 3.97045503006391 -0.757634090744145 -5.66002343279718 -0.940294685115488 1.04861447931129
3.3438245408013 3.62751062888491 -0.676439821815018 -5.15855709646365 -0.820774675156793 0.94925916230411
-2.22320422363459 -2.40376587880519 0.445663007471348 3.43545486946386 0.533572097740657 -0.630303944033886
0.866183328906052 0.913606318193991 -0.179011943862396 -1.31145816105345 -0.229902016331395 0.245081361973539
2.08737520186207 2.25378691055597 -0.416126587092608 -3.22489029295074 -0.503724181816531 0.591918998052648
3.95798782492404 4.19368281034062 -0.820768776334936 -6.00475200987305 -1.03799302930913 1.11998918086437
2.55364086753012 2.75678143945353 -0.511213295323831 -3.94392634455835 -0.614344409689847 0.723877630700031
-1.22717659711233 -1.29191045311592 0.25381008509533 1.8573996944679 0.324175797175361 -0.347016537395736
-1.40716187553702 -1.4945865286099 0.288138697921662 2.14326794640206 0.363162079399999 -0.398415236243753
-3.61405657769105 -3.85870227050914 0.741944369724912 5.51066819248575 0.935189629831869 -1.02414159559455
0.980744455521332 1.03361503888706 -0.202205337179297 -1.48610703312711 -0.257927866193978 0.277334335832134
-0.723624649300063 -0.791725016605066 0.146980437052655 1.11556800581303 0.185000660129714 -0.206186511731518
-1.78746985056457 -1.92780894536511 0.359607937534514 2.7544766572033 0.437785925203555 -0.506925988910071
-2.11021234309991 -2.29253050691715 0.421349923877558 3.2700603324025 0.502096189888019 -0.598798430240744
0.149749824668718 0.160880663882878 -0.0309258085116687 -0.227582864945706 -0.0410622544991696 0.0426197933719329
0.188504321313947 0.188709115977656 -0.0412717951787287 -0.274934344635765 -0.0567665404851592 0.0529496244391963
2.59130275856278 2.79630733251978 -0.519262025073392 -4.00097387833162 -0.62361264041428 0.734456299956467
2.8171530171814 3.04570516980088 -0.565976338409529 -4.35082313112093 -0.678615622915772 0.798710169281014
-2.3482117726135 -2.55703387764529 0.468701759286077 3.64384623533585 0.554654743447114 -0.666414707901792
-1.79265088993342 -1.93515410822203 0.360353573427267 2.76403006382442 0.438175496431092 -0.508468618270481
-3.76195628808579 -3.97766578508528 0.778621964794133 5.70133067877774 0.992588542610437 -1.06429948069923
0.764154626833393 0.806101402041172 -0.158278727272994 -1.15607526159921 -0.204125776753689 0.216270138340517
2.62838960078334 2.83673018540134 -0.526954823387779 -4.05783035300725 -0.633194282412672 0.7450031838682
1.82853774312593 1.97374693341135 -0.364834659880498 -2.82256232228575 -0.445165100974202 0.518674474469134
0.105943323843878 0.120059102414815 -0.0208215262883694 -0.166186296688275 -0.0268403028980888 0.0304690579230335
-0.857264916992402 -0.873330291548648 0.182528065997094 1.27200009869437 0.238998725921418 -0.241024087887071
-1.7355067931681 -1.85967895808432 0.351152584900384 2.66314774558597 0.432027313256156 -0.491743180312276
3.16296148313919 3.43501135251778 -0.637391166782438 -4.88806905619039 -0.767476785779022 0.897821283955003
-1.96345078683906 -2.11375147780444 0.395123490710073 3.02503636484073 0.477920880118421 -0.556427422041306
0.428774916324893 0.447230262504578 -0.0907197359884238 -0.641538236044167 -0.120295703107296 0.121225160956502
-1.54619231826114 -1.64515601484291 0.315371398962726 2.35971170804054 0.394711902894204 -0.437799036832563
3.88149269059836 4.13117016427856 -0.801720257944699 -5.90562645699706 -1.00853218102753 1.09918256617141
-3.40137611723541 -3.6639977085448 0.692577862849595 5.21850300082881 0.858364385376228 -0.964956314744668
-1.45663915605536 -1.54732530978445 0.297956806451415 2.21954130496104 0.374831159997619 -0.412398312155722
-3.17570166760108 -3.44260225998274 0.642234849122078 4.89640491977673 0.782528537370882 -0.901450471374899
1.14668730126716 1.21623462260142 -0.234737897317557 -1.74468245394192 -0.298014594518272 0.324644639427705
3.87358323914148 4.12507288998347 -0.799723676829504 -5.89577535771741 -1.0047970872719 1.09694845732272
-0.491280593430392 -0.486248830063787 0.107271885702248 0.716652976919612 0.142554032236564 -0.137406144391893
-1.7632824138048 -1.8873228236417 0.356813225665669 2.70430349469889 0.439605309669564 -0.499529086067234
-0.391449523471958 -0.402366843865763 0.0839058817804421 0.582051526864692 0.10915061758988 -0.110205372922619
-0.267026322372118 -0.266234622174035 0.0585080398171888 0.390510585009067 0.0770120852217206 -0.0747473488178163
2.80162331510047 3.02891263462468 -0.562675504310625 -4.32712580307415 -0.674657340654691 0.794316050716567
-0.654090976094425 -0.691272234169606 0.13672048091952 0.988571979394273 0.175621502757075 -0.185136858542763
-3.2369728698827 -3.50789204021342 0.65515220570669 4.98835744288241 0.800403962470172 -0.918863308771072
3.46904879950599 3.75906226067766 -0.703708380929528 -5.34388303926991 -0.859609711073178 0.984897651472303
-2.15038824794377 -2.32206368659173 0.431383313049872 3.32012612453866 0.518291514724716 -0.609601875374681
-3.57447983670667 -3.8257611624647 0.732206695376557 5.45874796927249 0.920189577247174 -1.01331465258223
0.155405257437635 0.177132807776916 -0.0302121379372618 -0.245730627327649 -0.0370314778377136 0.0446297627790383
2.74575133851462 2.95965249604786 -0.552217700518771 -4.23422785051375 -0.664035211831631 0.778029445441224
3.12050609072177 3.38849402059822 -0.628407839001732 -4.82339337564851 -0.755676258384346 0.885696632165762
-1.65179021509617 -1.77521484056117 0.333829638334613 2.53777489350658 0.410970816260922 -0.468337792894256
-1.16089616480054 -1.20937017217538 0.242101625562415 1.74618096476575 0.312109481850256 -0.327690618873963
4.00375260574238 4.2234429140482 -0.83327278715173 -6.05824495327235 -1.0578288439398 1.13206763142656
0.618362037243761 0.649210093373001 -0.129487549376015 -0.930347036453168 -0.16981493847949 0.174974914821385
-2.68873982399714 -2.93593391130355 0.537608785787788 4.17400756322872 0.637695884273197 -0.763539667922365
3.47780918513595 3.765514911934 -0.705987765840903 -5.35477005149228 -0.862840334411065 0.987185239706266
-0.769285377270682 -0.84751945163992 0.155166700172456 1.19100283170225 0.194368217481642 -0.21949164371242
-2.12680827645339 -2.29582032815257 0.426992834359174 3.28355232500166 0.511742058007307 -0.602799626480305
3.20935278548792 3.48557129079294 -0.647212263490465 -4.95839559876175 -0.780808059530413 0.911084848335215
3.63146714405552 3.91112389807464 -0.741578236561904 -5.56964449816234 -0.915918311011128 1.03013737709096
3.07730704364948 3.32878178791457 -0.620985229112022 -4.74757656060137 -0.747958206497719 0.872690500357908
-2.04266692459462 -2.2003774275747 0.410694734191351 3.14897892081594 0.495271936532767 -0.578866992861838
0.184820464197517 0.187470025245925 -0.0400548085236633 -0.271582771956352 -0.0547988700743702 0.0520424227960571
-0.815316703948737 -0.891298760488073 0.165307802905968 1.25715013331531 0.207826451486459 -0.232261965613795
-0.754940836644856 -0.829038270683974 0.15274333126187 1.1665393344242 0.19174341586132 -0.215263097768304
3.55395408155872 3.84153481143307 -0.723099026690564 -5.46417014041756 -0.888273938070664 1.00872012568119
1.08237442326441 1.14572440566662 -0.222331327581508 -1.64379136108714 -0.283708581229448 0.306380436122164
1.82576584629998 1.97026899483367 -0.364295526484724 -2.81797267959458 -0.444530551633763 0.517850276222677
1.59167586943531 1.71136570933438 -0.319432165247723 -2.44859242337456 -0.394294590273636 0.451337957495758
-2.05492927406886 -2.23139423509603 0.410423875716669 3.18315478647134 0.490223149044436 -0.583120890985054
-0.116276992830955 -0.134354806380615 0.0227114802731435 0.184979511380565 0.0269367843061824 -0.0334637667375894
1.56491987424402 1.68088551401653 -0.314346606716483 -2.40590424272972 -0.38845570440622 0.443665299254528
3.710198891991 3.98672621505563 -0.759655852305906 -5.68028107367526 -0.943267439683024 1.05221321014487
2.08992218501131 2.25493073872774 -0.417007390480764 -3.2273518768104 -0.504961283205216 0.592541003539745
-2.60234577285011 -2.8295687248349 0.521346650639516 4.03149688654597 0.620134936597389 -0.738398450249788
-2.05557088511129 -2.21474260014311 0.413071352095084 3.16917662037486 0.498562445778537 -0.582577652638905
-3.94695854459297 -4.11893750012402 0.825671798099385 5.93357533066498 1.06751307912489 -1.11420947929696
0.112643607224263 0.108685442683464 -0.0252794789983871 -0.16075211527151 -0.0358601246326327 0.0314683365539631
-2.69802905795765 -2.93524777981015 0.540954471653606 4.17931954530548 0.644564607836908 -0.765685649306818
-1.12575008569015 -1.21933237476878 0.228279315708797 1.73047337950057 0.28636766319642 -0.320013075483601
-0.262041480071262 -0.270034724205576 0.0561485499807923 0.390149320382667 0.0727171124060541 -0.0737969449830366
-3.84080332628214 -4.04126286244605 0.79818333573528 5.80279594182565 1.02399044739443 -1.0858122669531
-1.71729331294783 -1.85475936116866 0.345328142255728 2.64739576889678 0.421422442356175 -0.487233729376524
0.31637413031778 0.339234547667969 -0.0651183382256551 -0.48195469719931 -0.0841376273506673 0.0898633776681099
-0.617072859561251 -0.622225905535709 0.133174297954589 0.909140881060737 0.175334459388647 -0.173156477367218
-1.86883640305186 -2.00688391655884 0.376664976288092 2.87320858600842 0.460906877272967 -0.529637199065513
3.09986004009385 3.36581974963996 -0.624046789422808 -4.79189282128279 -0.749968974153532 0.879798561692302
0.928595485550584 0.977126892260403 -0.191551197036623 -1.40656525813246 -0.243494204108835 0.262425062764531
-3.16064791191381 -3.43314429112781 0.638137989300048 4.87939783321214 0.775061010267748 -0.897434060213858
-2.62002062103571 -2.8601132096921 0.523509439551808 4.06822462040207 0.619498073453033 -0.743908964001663
-2.72203340668814 -2.9641818943938 0.545704589415304 4.21887124844599 0.648657742063745 -0.772584416121471
0.381473512709218 0.400446055319022 -0.0802908785763202 -0.572855364564736 -0.106178331333179 0.107990312859693
4.00878642124097 4.22633825881852 -0.834702228545752 -6.06385648683221 -1.06004071361588 1.13336297674145
-0.573672479070283 -0.576642351563896 0.124194406101078 0.843581338333006 0.163717787837555 -0.160881100743103
3.89750335946227 4.13775980064508 -0.806652270176955 -5.92158688040206 -1.01599238269497 1.10313438113086
3.21131907596921 3.48826056514928 -0.647586269824565 -4.96187758065114 -0.780998663224826 0.911660723982746
3.71461117435898 3.98959420893537 -0.760856634271147 -5.68543545447537 -0.945270337168451 1.05340053385147
3.44355949799244 3.73178020909311 -0.698226918937424 -5.30585343325408 -0.851543134796336 0.977569207996985
-3.09799986003343 -3.37065252640297 0.624258978997727 4.78889392270839 0.754951413192544 -0.879791161506997
-0.258087133132796 -0.282407616590157 0.0528267267211675 0.397199011473187 0.0665465887392151 -0.0735489163646549
0.608435104483807 0.638897549109437 -0.127411687397269 -0.915464934829614 -0.167096513577579 0.17217397379792
1.40586234213217 1.5032599661292 -0.284323557084977 -2.15338814226643 -0.354862559276286 0.398380186763035
2.46109475016457 2.65237482856676 -0.492969683209151 -3.79795327923106 -0.593160091068221 0.69739185193789
-3.86727123198691 -4.06486721260202 0.804369946120666 5.83848912029608 1.03416700826575 -1.0931726956327
-3.47520793191468 -3.7328023165333 0.709612090684827 5.32123317451459 0.883785487211412 -0.985499012163644
-0.0353190995346497 -0.0482288379925877 0.00576844482366206 0.0625991976448977 0.00472732589800347 -0.0104862027149696
0.926557458806637 0.978632302969459 -0.191198410186969 -1.40396107899437 -0.245582372883871 0.262247757207121
-1.40223237040143 -1.48576063791235 0.287642612712056 2.13271389131935 0.36346718523394 -0.396863814736322
1.45958248390502 1.56243462745241 -0.294696879608922 -2.23773338915142 -0.366843978470263 0.413640191469373
-0.216049939098818 -0.239842117280515 0.0436977676385022 0.335302922660616 0.0544581092563143 -0.0617412998642146
-0.435364881816017 -0.459666691883443 0.0915234048355941 0.656913169457947 0.117588409714603 -0.123195043953363
2.81506487136981 3.04649165622228 -0.5650209934093 -4.34997383931143 -0.677457481250685 0.798326070248052
3.78059118846777 4.04854898115121 -0.776611374491087 -5.77481034201449 -0.969261894101278 1.07163076577174
2.85592251000201 3.09196458301209 -0.573458579373776 -4.41328579841114 -0.687740448401121 0.80999185366181
-2.4004768558923 -2.60351104313202 0.480929239373995 3.71615459611315 0.571003827289349 -0.680724239499317
0.637388211715054 0.672968098290468 -0.132173976192218 -0.96428164833867 -0.170626498306856 0.180432861571742
-1.56755426745759 -1.69489719554043 0.315584261460076 2.41552612927123 0.387999763275616 -0.445013161614951
1.87579620263203 2.02517101333733 -0.374126008076857 -2.89628860456117 -0.455743825462801 0.532061641478932
-1.16511647012295 -1.2490433771877 0.238049033112301 1.78083970969216 0.30065048276704 -0.330570754832317
-1.52098680501594 -1.62890193980299 0.308893592615334 2.32968518244074 0.384359717717833 -0.431143317776198
-1.1471312671261 -1.20821531604592 0.237623233595153 1.73566821346371 0.304097929597885 -0.324440359584884
-0.326465806572858 -0.347227188034784 0.0683280527618321 0.494490635128706 0.0874295117642803 -0.0925137519749009
-1.87313624536043 -2.02682672832706 0.375491965546263 2.89348353744048 0.453649146658777 -0.531412228602414
-1.4787829053169 -1.59432791917181 0.298902019575764 2.27327612754283 0.370308413731746 -0.419699164813741
0.811953525157364 0.85486006073052 -0.168038761736279 -1.22840727112492 -0.215439500969521 0.22961535287913
2.75008126241198 2.9647784866961 -0.553041616168248 -4.24126507483896 -0.664922250779536 0.779281609284854
-1.43520769245646 -1.51832573160344 0.294530313108868 2.18129446131644 0.372533611638756 -0.406081003475014
0.0916323683638286 0.0848377598231379 -0.0211250461327799 -0.127740440724066 -0.0306683830606099 0.0254324006134251
0.176693387867698 0.175706315345196 -0.0388750019767728 -0.256703548617852 -0.0537091521486765 0.0495772912290969
0.260257053900536 0.265003287181714 -0.0562701810998768 -0.383470493385769 -0.0762946235359944 0.0732982046433157
0.348369072848779 0.36001967727757 -0.0743708704754876 -0.518092370011395 -0.0995004292304383 0.098345411984233
0.429565965377086 0.447579848501023 -0.0909718473708917 -0.642312460971909 -0.120705524508874 0.121424208039672
0.522900031666201 0.546827191262824 -0.110154666725502 -0.784177211457888 -0.145346755359988 0.147880045122575
0.613519807399574 0.643755737200963 -0.128568755115085 -0.922657495680457 -0.168743381750864 0.17358851768534
0.710131090161681 0.746751483776852 -0.148135625093821 -1.07029601074346 -0.193447364414968 0.200966023902054
0.819216120093182 0.8630121592309 -0.170178401713734 -1.23713501530718 -0.221129178930845 0.231868772500067
0.925695313686415 0.976919989991137 -0.191391152948892 -1.40115674090938 -0.246812825780755 0.262003192810281
1.05380646798943 1.1147569528846 -0.216730810869541 -1.59936641513859 -0.277089253452495 0.298280901295386
1.19770139942269 1.27189685974148 -0.244712853941146 -1.82417906788962 -0.30985691478531 0.339123782970046
1.35351262027588 1.44399051269799 -0.274625268907012 -2.06942263247684 -0.34430196668186 0.383428802617094
1.50752276045682 1.61556452607636 -0.303864197724628 -2.31341183923229 -0.377202692709942 0.427268669057557
1.66529111320619 1.79142553109763 -0.333833859813795 -2.56342972477748 -0.41077785477262 0.472175553177269
1.8257798877066 1.96881248631307 -0.364681385738663 -2.81644836717173 -0.445404352509945 0.517774247437472
1.99138617291945 2.14824567353832 -0.397403596406684 -3.074195990605 -0.482621532136873 0.564639526558212
2.16166472223965 2.33066689271437 -0.43182179874163 -3.3368139001763 -0.522262644467147 0.612733335995313
2.3345619422528 2.51561093421208 -0.467156570507378 -3.60262460676115 -0.563233823713804 0.661563943149736
2.50679629589539 2.70190851838889 -0.502405603545789 -3.86834904417397 -0.604173232987222 0.710334912411947
2.67818938758838 2.88973996605609 -0.537578813584012 -4.13376561973642 -0.645164753053188 0.759007476865295
2.846927033007 3.07890926415435 -0.572150620362841 -4.39695205270066 -0.686135089330242 0.807210853473621
3.01466089722259 3.26829096648067 -0.606660711018025 -4.65835730154456 -0.728329864895253 0.855265257989063
3.18442958105344 3.45681060039429 -0.642156112444137 -4.91943278853656 -0.773872147223909 0.903836008680637
3.35842503431468 3.64012781418052 -0.679964239502499 -5.17803532693245 -0.826100596932367 0.953253490096066
3.53279136163247 3.81417369835524 -0.719160496744746 -5.42905332239042 -0.882721164450884 1.00235732357393
3.6958063287277 3.96559100559549 -0.75734426620799 -5.65455366627586 -0.940017009985598 1.0477419804414
3.83626851251552 4.08633042035845 -0.791564548219265 -5.84120591126306 -0.992554753545154 1.0863466989636
3.92616112748788 4.16018586779111 -0.813932126194145 -5.95795748056949 -1.02735548908612 1.11088727613524
3.99185535210019 4.21201429174119 -0.830564463421197 -6.04159530169867 -1.0534802627368 1.1287088610915
4.0184451887303 4.23440433685379 -0.837075603143459 -6.07647914937848 -1.06379622360801 1.13600928595138
4.02672537812621 4.24387110292427 -0.838703145748727 -6.0892124136431 -1.06637057510309 1.13840769019503
4.00622502036835 4.23075205564446 -0.833070799256609 -6.0654230251479 -1.05738557272673 1.13300226090827
3.96513091857178 4.19931521724417 -0.822564497886197 -6.01386995618774 -1.04068911071055 1.12189693118962
3.90684513755987 4.15236904933178 -0.807989106918992 -5.93895465253723 -1.01764147884036 1.10601501461769
3.81924948877228 4.07933230329331 -0.786361273807595 -5.82438275753581 -0.983991015413417 1.08204308930538
3.68850087071397 3.96497579608652 -0.754778874773705 -5.649161788975 -0.935579336089061 1.04599906336878
3.52868258101318 3.81255498011094 -0.717911973338508 -5.42498577073139 -0.88067632969857 1.0013094353884
3.36443874248688 3.64381996654456 -0.681644250309437 -5.18476003822233 -0.828910537838714 0.954808713814204
3.19850983251889 3.46408740300585 -0.646250594250474 -4.93436175969207 -0.780527281072938 0.907415178421907
3.03053462208938 3.27620567879839 -0.611320525984054 -4.67494849155071 -0.735966268613188 0.859294584626107
2.86116714516223 3.08591583774353 -0.57635632953864 -4.41166106594464 -0.693175131100992 0.810828085914501
2.68625720964841 2.89429395997149 -0.53987756030491 -4.14235811881072 -0.649334298579258 0.761108891444937
2.50848664502286 2.70354974007481 -0.502708045641425 -3.87049629699052 -0.605188046989783 0.710822072678124
2.33250403458572 2.51479961145365 -0.466368633483625 -3.6004961861829 -0.562506682309926 0.661059585547041
2.15839177927159 2.32791620007137 -0.430906219211483 -3.33241715872273 -0.521232696644887 0.611840292843697
1.98548231691857 2.14146655831706 -0.396131063651347 -3.06495839742864 -0.481042023492485 0.562922591004716
1.81454597636398 1.95549503733369 -0.362423668318602 -2.79851621218236 -0.442499314586009 0.514483119975335
1.64452468439588 1.76786826190701 -0.329591959370379 -2.53101813489127 -0.405241657400935 0.466163694897478
1.47083323235515 1.57359342073889 -0.296609198103741 -2.25570432043406 -0.367686563299758 0.416643657985765
1.28949594426541 1.37045831236142 -0.262192989678631 -1.96832601231563 -0.328009283939838 0.364898314671949
1.08727640386158 1.14831777042092 -0.222916420476042 -1.65211430579785 -0.281234956287733 0.30738181771188
0.826530032914557 0.870758921355822 -0.17036083754179 -1.25284952491565 -0.216223231443389 0.233613539561266
0.451911635971275 0.482421079327795 -0.0924657331884647 -0.689463179927802 -0.116898076982608 0.12807034148779
-0.0121984599955247 0.00801492463945418 0.00595509061988715 0.00114155491429048 0.01085574319321 -0.00242270879056583
-0.37246790705953 -0.363278047993274 0.0821834075916028 0.538920250425905 0.110002981252421 -0.103910968347582
-0.784583738051654 -0.793457434859744 0.167989252699077 1.15932499911739 0.220887547876829 -0.220299360356348
-1.04122914005587 -1.07194037872625 0.219331315480153 1.55516028167911 0.285287279806326 -0.293301232726955
-1.24898586099767 -1.30363521635597 0.259599106475574 1.88172445209655 0.333698805577298 -0.3526475679786
-1.42887825524429 -1.50715157863125 0.293761333550943 2.16806942621629 0.372582342765038 -0.404079881191765
-1.59613943093868 -1.69626962917713 0.325366986018242 2.43497555172938 0.407516984291524 -0.451835112818484
-1.75149099338878 -1.87358747752319 0.354469650262696 2.68492220410844 0.437943771720457 -0.496190506070381
-1.90531129320543 -2.04803454648727 0.383644833656688 2.93143006159155 0.468202859675842 -0.540016914077324
-2.0608048506823 -2.22228899457392 0.413710603667557 3.17859227355484 0.499663599033918 -0.584190657716296
-2.21913300911847 -2.3996717465625 0.444763594985513 3.42931745586359 0.532718020157744 -0.629179927910356
-2.38153623655848 -2.5824413628032 0.476901932797535 3.68575861126863 0.568362420373666 -0.675441117115937
-2.54881187084743 -2.76992085131219 0.510506341536363 3.94795581870924 0.607386518894356 -0.723142962548134
-2.72258094082268 -2.96190303051388 0.546024484747848 4.21674537288509 0.651279748992833 -0.772680054372098
-2.90459249307491 -3.1580616430307 0.584110591039414 4.49282647895988 0.701739656927105 -0.824473247507452
-3.08814719510337 -3.35067782618637 0.623372093502046 4.76593853484924 0.756687542089604 -0.87659230308729
-3.27092727941937 -3.53743646881953 0.663146922164907 5.03325614792389 0.814463089343109 -0.928328186836449
-3.446311301516 -3.70779945770266 0.702506705851488 5.28212999195443 0.87421384812687 -0.977617780945089
-3.60556227231199 -3.85308610783828 0.739554735603941 5.50052902684098 0.931818739233217 -1.02190013011029
-3.73887437982747 -3.96655135428438 0.771695786137669 5.67692355937096 0.982570999784681 -1.05851936742372
-3.83097578563747 -4.03861525748037 0.794855119857961 5.79394870427152 1.01926785214128 -1.08345828303268
-3.89030100724673 -4.08284319655251 0.810120821444535 5.86767592939299 1.04340662892495 -1.09939337853046
-3.93019364948611 -4.11008590379117 0.820782474904532 5.91539108400293 1.06013743099344 -1.10995208860812
-3.94506143219054 -4.1182878820344 0.825066928074203 5.93176301957653 1.06665554654382 -1.11375569371916
-3.94937517370649 -4.12010785893777 0.826364835874732 5.93615450265601 1.06846992629668 -1.11479356536308
-3.91245733414869 -4.09268833018034 0.816789505065964 5.89047531663694 1.0530558593114 -1.10482859710799
-3.83841910124388 -4.03550905612473 0.798012211345824 5.7970767857808 1.02308990593279 -1.08478784915482
-3.74289028030756 -3.95897556538185 0.77424797567996 5.67441098177587 0.985297577817203 -1.05880307571312
-3.61223614166165 -3.8496625798815 0.742458902735768 5.50303725853586 0.934936178439341 -1.02301177713689
-3.44015114401531 -3.69716049335753 0.701819869139949 5.27048689749242 0.871566934217809 -0.975443926519274
-3.25510069434815 -3.52520325922062 0.659235112904657 5.01388339823727 0.806556200204585 -0.923923056162126
-3.06628223378875 -3.33810842174304 0.61735434768673 4.74224354135116 0.745293405360525 -0.870824705855115
-2.87905724842666 -3.14300771718089 0.577130381863249 4.46448525575559 0.689365520219471 -0.817775634958598
-2.70073141994293 -2.9491451755722 0.540069587442317 4.19247220700556 0.640840461037366 -0.766962309630385
-2.52687132878266 -2.75755485592791 0.504485204668876 3.92401345065284 0.596532418519346 -0.717401827266943
-2.35922393179728 -2.56979120326136 0.470840399849675 3.66144674741877 0.55708015876621 -0.669576189102309
-2.19484120135496 -2.38703747570202 0.437995137412659 3.40368162848734 0.520146336111038 -0.622847534354583
-2.03558310577353 -2.21010285584733 0.406605412089469 3.1527784198977 0.486083285704312 -0.577639897676114
-1.88119067046271 -2.03799717802144 0.376685831352289 2.90811016596714 0.454386327343622 -0.5338001592541
-1.72522497218543 -1.86701364837568 0.346279029843808 2.66289654586868 0.421595486215568 -0.48964175463977
-1.56732458103671 -1.69556166896995 0.315388835929428 2.41595593771389 0.387537295766945 -0.444987678343582
-1.40628087757677 -1.52234743686463 0.283627418493538 2.16588984826163 0.351242912933383 -0.399465676038165
-1.24104938615018 -1.34706155119393 0.250595277059446 1.91181578721391 0.312195205066549 -0.352832436065133
-1.07635974410297 -1.17122896546459 0.217652173495408 1.65843104874391 0.272484679559417 -0.306253067124897
-0.912023481428106 -1.00050521155041 0.183896801892634 1.4101068894503 0.230091578688403 -0.259956363211919
-0.76558688894021 -0.843918013348684 0.154363887121245 1.18562214773146 0.19331361909666 -0.218461286217337
-0.66107326317747 -0.727060492897428 0.133943007407375 1.02168743439592 0.168211434430593 -0.188557923813104
-0.560695218643551 -0.613844813250811 0.114399562236319 0.863643192284505 0.144189634741395 -0.159780305895187
-0.466871446681162 -0.505560273037167 0.0962617780374504 0.714402494204792 0.122124381723511 -0.132759814277524
-0.375683024704246 -0.405642288849623 0.0777148215172888 0.573784562853572 0.0987899831070203 -0.106776652213924
-0.282802653629405 -0.309467871098602 0.0578895265519939 0.435183770665662 0.0730334087963583 -0.0805978216014876
-0.190246401329239 -0.213758744760927 0.0380856671321679 0.297353821745176 0.0470085704266186 -0.0544947377130549
-0.0955673119508798 -0.113927301312287 0.0181295325175613 0.154941333988041 0.0207622851706194 -0.0276713764641724
-0.000742961699299606 -0.013520181675089 -0.00179534400379017 0.0119941565942754 -0.00542685456243956 -0.000782148052236066
