9.09172256039865 13.1202056787966 21.3012621875093 39.7460554873938 56.2537039858705 64.4300267689572
7.55291947796825 11.2682262936055 18.8012166944678 36.3639315876998 52.3107288235988 60.2197560008531
2.86501039786214 5.39970303084553 10.7189178326291 24.792633095858 38.2260141284093 45.146266178824
1.62796853824163 3.7088054690217 8.12695434628449 20.7911758702856 33.1905048636781 39.7462307480318
6.10098519059735 9.50074035940167 16.9837556216758 33.6683090079825 48.400032483005 56.4034163132903
10.838711787515 15.1375130449047 24.2901953773909 43.6333607652987 60.3046270784775 69.0677134533827
-0.0893341527240124 0.445149755219081 1.76766199063648 9.78255158811719 19.0521437012529 24.0628749335582
3.64236447127293 6.42063739105566 12.1906668681445 26.9929532685535 40.9988747643833 48.0536082075869
1.73398133796953 3.89147190478965 8.58344025979859 21.4485321121899 33.8417047843261 40.5430256326039
0.0784647506115826 0.119207262152821 0.516722537147527 7.28694894867534 15.942204587646 20.2687379505952
10.1509577814533 14.3218746500066 23.1341222072085 42.1148757502346 58.6455732360632 67.2445020111447
0.17185029004615 -0.0267597718192596 -0.0519220319826615 6.17446748366133 14.5945711975285 18.5780604184914
0.843384579729342 2.52545967184308 6.1662386026297 17.5873197308043 29.0670602046302 35.291168053875
5.95770318176695 9.27731647141658 16.7460705241217 33.2884454553231 47.7932430373774 55.8982817633433
0.221880565470433 -0.0890994205286488 -0.303191261846141 5.6811071697967 13.9960363286378 17.8261496864679
2.45372747793084 4.85291068053822 9.8857909444314 23.5400181489768 36.6899276490244 43.4825399413463
0.012698353816134 0.559322347906633 1.86319954591575 9.83228149679173 19.1203218024875 24.0211471805008
6.46596090000842 9.93894480799894 17.0657211425902 33.9500358930702 49.3549585876619 57.1273419756686
0.0422749202732166 0.23609225600942 0.886837998210765 7.99329343007457 16.8356521411854 21.3071904748665
0.18433431164176 -0.0678403155471848 -0.171776339476951 5.95449551454268 14.3281674133892 18.2573616078432
5.23953381813816 8.51071764569466 14.8415327030161 30.9900673885615 46.3155468600224 53.4963296742811
2.77743831210943 5.32520056318502 10.7122741188457 24.8132153273786 38.1978411783209 45.1713253693356
0.632032918925049 2.21736627977487 5.63294554728253 16.6261648038085 27.8155771534256 33.8450618743357
4.85973645052151 7.93289869302455 14.6144853249041 30.3725588359123 44.6716855155195 52.3019154937241
2.49361089327189 4.94323519855823 10.1548182245588 23.954823424659 37.108081880062 44.0062901034522
4.29942182552702 7.34248524030062 13.2372809222277 28.7157371244822 43.579270087228 50.5416037592449
7.68340493674804 11.3795669218122 19.1197396770908 36.7166091361453 52.4351851219311 60.5609507603846
6.13584757316363 9.53656594028403 17.0562191382817 33.7590364361022 48.4689381287509 56.5092974168517
0.300337491147764 1.62642254267732 4.3909856470822 14.7683741161727 25.8455561884757 31.4237885872434
1.75709455851693 3.93617113701625 8.20075673607037 21.1321454174209 34.2254768121926 40.3731796182244
2.91556206052802 5.47758347536884 10.7594516009051 24.9004219900556 38.5057212131216 45.3280167094253
2.09124665034211 4.40590086470144 8.92865054647703 22.2632432942717 35.6456553876004 41.9081054439964
0.143678506684355 1.29119152332437 3.76274777291179 13.5887733623651 24.1742332107882 29.6899225548392
1.8780764105907 4.11339616187479 8.80612338412187 21.9244956567826 34.7314005818386 41.296272459857
-0.0301301961970312 0.334656269572372 1.26918013359947 8.71908615198799 17.7064599566429 22.3680984628864
0.969705105343858 2.77799869607007 6.57516184482219 18.3169788687308 30.1876873346295 36.2970098607
0.123787020037145 0.0306627804631434 0.171992443335887 6.61625987711591 15.1441117837163 19.242443917352
2.31876931340662 4.693801718694 9.49303507985976 23.0443352803333 36.3745383005459 42.8989485833345
4.95068773030155 8.09849729399264 14.7020122437082 30.5802353051835 45.2037090802274 52.6287728189939
0.00104191593794024 0.195976070612737 0.816103271979182 7.86579374480958 16.6679567608002 21.1049280022477
0.220605411341081 -0.105631597113375 -0.335078943312954 5.63816903998094 13.9597330463743 17.7716357544617
0.0463978375040831 0.679238165886699 2.15555868218186 10.3758699201702 19.8232711215824 24.8203397165272
1.46233715774262 3.53373205578981 7.82444087209091 20.4118866255701 32.9461143249569 39.2494688791278
0.599707417008995 2.14201872400183 5.40787586331788 16.301193136482 27.5498620167453 33.4271028737527
0.083562441252853 1.16634417821514 3.43576306532824 13.1172714654791 23.7895867162296 29.065924480401
1.0055853800784 2.82907788320051 6.77483707538155 18.5421621245448 30.2311119715533 36.5353572747825
1.27335553755953 3.24456331798528 7.3941014054387 19.6624625431903 31.8796447210297 38.1732301981295
0.603774527440002 2.14882210987933 5.42455181278081 16.3256586776911 27.5723422902027 33.4592006666946
1.10702619092784 2.94172485912107 6.88159465853011 18.7779374315159 30.6049636080322 36.9610358531782
0.14478595971434 -0.0254995520634591 -0.033083489906269 6.22184364602826 14.6708442437523 18.6400622310582
0.0242847934862657 0.062270497366954 0.466210143345204 7.27942357649621 15.9893663712747 20.311712500995
0.102129601025231 0.867015743855358 2.59967153979483 11.2038087723576 20.9085095359907 26.0358536857197
4.92049288952773 8.12699756201794 14.279674156498 30.2190108876547 45.4570713286448 52.5213598987622
8.00198926930257 11.8316857508994 19.4853249299419 37.3266466490796 53.5649799986043 61.4638988181805
0.14736866747765 1.27338811420744 3.76379456622465 13.4857583178904 23.8522140252133 29.4829150520049
-0.0191892073627558 0.785824261987566 2.57180507885911 11.1181919383434 20.6510694996036 25.8670855945959
10.048818490655 14.2392986169726 22.9221158741128 41.8739553043215 58.534477170414 66.993801282485
-0.0828034322549947 0.349113325663851 1.47530958011386 9.23743010873613 18.3913399874393 23.2589433068421
0.237235632319397 1.46654615291301 4.15143960194728 13.981866674209 24.3146122536 30.0288450544824
4.63522099725071 7.73233978887674 14.0508624323463 29.7160086639772 44.3922576976964 51.5779084481287
0.830435220643335 2.50492524902939 6.1344560786715 17.5307937488909 28.9855278167156 35.2094256760065
0.157710014151693 -0.0667182681778695 -0.12017794405704 6.08988042561081 14.5254126520072 18.4782100699617
0.0639579217915099 0.14844436270948 0.624477238165598 7.49712064329932 16.1988527342078 20.586413786278
0.0322960047091033 0.590822525218018 1.92367422214898 9.94459487574786 19.2747931612502 24.1881342745354
6.46411346261334 9.95316645349163 17.0227981924423 33.9235566366478 49.4333691487912 57.1336913257925
-0.0992493634185749 0.353283919583857 1.48125404560324 9.37933240971213 18.7924207910419 23.521793738301
9.75782782399767 13.8348552328337 22.5190236308382 41.2758544487959 57.6077341649756 66.1969814839359
0.0993127814867762 0.0461945348904145 0.245191657501354 6.7637174161984 15.329900288257 19.460956304722
2.28730821692334 4.68765626440776 9.65120421889236 23.2763907541231 36.5079974920337 43.169335172892
5.97030797631418 9.35828320167953 16.7163617489109 33.3251706205581 48.1081311358724 55.996808523072
-0.0879530840481816 0.609183966331376 2.18490637338914 10.7496558545161 20.5948025703454 25.5717207502121
0.0364701296574893 0.534425131569102 1.75557333911384 9.63030914384288 18.8843780034914 23.7276900581248
1.61013097772901 3.75268856570478 8.15992084296999 20.9697230806812 33.6956991159955 40.0345059089856
5.09305776725996 8.22050636129747 15.0660819026585 30.9964354281584 45.3523404596609 53.0783457151421
4.87273495878329 7.98960607126643 14.5641549709964 30.3729841916767 44.9188624994212 52.3589042975935
1.21207932791969 3.16003794273568 7.2126070191356 19.4049030437047 31.6423138891359 37.8414305765888
1.63949450650688 3.74786295721226 8.04887410925125 20.7937764587242 33.5136528640802 39.8411223228817
-0.0973432959715887 0.33551603409144 1.4257073660652 9.27373882891001 18.6624552627227 23.3637979766964
-0.0809062533847963 0.375092421900178 1.54836029825609 9.32866067790212 18.429524545806 23.3704643957385
6.15042653469006 9.51605251984029 17.1191962008009 33.7970121798712 48.3415256429662 56.5208134995456
10.9588282163272 15.2020239924824 24.5786775234123 43.9337797956939 60.3169127028221 69.3452381130918
0.182168728021989 1.34783526129153 3.91815864806566 13.7605604880812 24.2089190914351 29.8784885977065
0.0296314890266851 0.0454061144849958 0.404732893363504 7.18125999958256 15.9072342388062 20.1686095650194
0.092203139179555 1.1466147700831 3.49078845588823 12.9990376238603 23.2276390317572 28.7818265574038
0.254613261189417 -0.118829448098702 -0.443823678666013 5.39956915983783 13.6555536830877 17.3894130660004
0.118257748360647 0.0567621789746234 0.261907338478428 6.78792392315142 15.349283825869 19.5041114124845
0.781762018839225 2.4610430318918 5.82571279843024 17.2682146436984 29.2276072719049 35.0012407849831
6.53441783583341 10.1104259261772 16.9756422466266 33.9795077752273 49.9400904921077 57.3459648281187
0.25795088413183 -0.126910418146725 -0.461480724215313 5.37239053362385 13.6289959300882 17.3535176927337
2.17965233674697 4.5313938336341 9.11052244572279 22.5504763133755 36.0253745424861 42.3005472193587
0.8934461721256 2.65268571362961 6.4158650027355 17.9845747525034 29.6159357271546 35.7842175263671
0.00488495556735359 0.0757815501062786 0.530241490790469 7.44346123750627 16.249353379756 20.5726256421583
-0.0882920598291058 0.499442235684694 1.92245954817168 10.0934121570718 19.4738151980368 24.5313827648998
0.292601314987394 1.60870488757768 4.48511049809139 14.5417986864985 24.9706243705232 30.805192958891
0.0234097087383538 0.253827151264088 0.961753956756883 8.13751441477394 17.0108036062727 21.5172491352366
1.33419260998234 3.34217618765382 7.52305333001412 19.9089592827551 32.2745784932297 38.5412966311197
0.224844973870352 -0.0919038321690935 -0.324949903712834 5.63586287600856 13.9421651898227 17.7523964140897
1.07387114703994 2.9170240071679 6.59656297151758 18.5311230292548 30.8369257176407 36.7630425932293
0.0936005007504907 -0.00609842718640944 0.157866677847194 6.64762248915988 15.1997483385665 19.3377956080819
0.0491906441203891 0.801542296811969 2.50699793360367 11.024007373336 20.6229957825478 25.7642840311468
1.25200993718916 3.15606147093192 7.23786476004295 19.3497546302959 31.3252658342382 37.7490072475137
0.371663975402785 1.76619699789138 4.61442375811654 15.2078886314613 26.5283546034233 32.0798347504871
10.8263248995898 15.0514165053797 24.3508373096342 43.64092859213 60.0206151447374 69.0002425302977
1.44424037129085 3.51079859093414 7.7756158151725 20.3453719317196 32.88940414645 39.165600402903
10.2965504651346 14.4727431473912 23.4029888829361 42.4476172056406 58.922191777752 67.6234088713309
8.39659460609743 12.3212393340452 20.1081433371101 38.1863806098497 54.6312234702544 62.5528757879682
-0.0336730887274896 0.181278776677821 0.906008837117108 8.11708197435395 16.9754511521377 21.570974713045
0.18870245819583 1.20667264853994 3.43142502665536 12.737937804228 22.8823193844685 28.2733729684727
1.52855037802665 3.63465413053056 7.97114600606285 20.6655233012502 33.3075135701892 39.612752378749
1.85048031436671 4.03041937965847 8.58892863652897 21.5619046771204 34.2735812558926 40.8303344403031
8.13991060444654 12.0332491569145 19.6560597538985 37.6017511080215 54.0546913718273 61.8552728167437
-0.0321567456741304 0.129216273830315 0.73994406613854 7.87973664711821 16.8213983858891 21.2430384662029
0.687673555188596 2.30737044134996 5.57871944766085 16.8429358964785 28.6437604731619 34.3955763346469
2.73918037248513 5.29737037975962 10.5343787688219 24.6344024317931 38.2326140646097 45.0159709621491
11.4026498943256 15.7145658260211 25.3272053666153 44.904215678928 61.3380002526223 70.4979063533477
5.36006256985299 8.55098379938473 15.5759586148918 31.7030481508698 46.1362556861512 53.9590269653235
0.147713660388661 -0.0551633320552483 -0.0703826277203763 6.18507378063466 14.6340023980414 18.6242376821513
-0.00303743093656718 0.161319171713694 0.788253445604265 7.84814495990054 16.6063682826271 21.1443266321382
11.9286865278067 16.3142979495546 26.2322594339704 46.0620604121551 62.5068674761258 71.8511726919145
2.37696035800675 4.7882896407309 9.55820077168227 23.1960946404656 36.7181647409424 43.1405916439922
7.44212835575375 11.1885477695035 18.5129104148868 36.0505685076099 52.2454802058558 59.9195606295079
3.88109763354844 6.80636749464603 12.5300263305953 27.6767292891804 42.252362238586 49.1564052419593
-0.0864637040034883 0.352138369232133 1.48360651327638 9.29416369002563 18.5319343952486 23.3603569407538
7.6905142624344 11.4623024233599 18.9672714584307 36.6322027516826 52.78583233148 60.6061775794875
2.86972421906086 5.48066039420186 10.7561845702424 25.0021222414009 38.7784360102579 45.5397388465609
8.45244728053531 12.4002219389697 20.1849094519631 38.302842106323 54.8163307382075 62.7107266804868
0.785164026833663 2.48221079359182 6.18322203348907 17.5095176366013 28.8292258393624 35.0529506071026
2.57660077701074 5.04836983606196 10.3471625594549 24.2183066999586 37.360270163755 44.3344943316619
12.0136746607954 16.4149767492989 26.3747727315281 46.2475192257386 62.7081659646224 72.0709661302988
3.87399921766885 6.70142512776812 12.6984344638913 27.6800123042695 41.6546838719031 48.9004974125575
5.29800645199018 8.59413659101678 14.9182516544889 31.1185402442859 46.5353273264455 53.6850370698921
10.7085120948205 14.931001753007 24.1249578425524 43.3672295951392 59.8107633990259 68.6984121111345
6.11597948163415 9.47632405126672 17.0484377348196 33.7051627264871 48.2580290730339 56.4122702173474
6.61572739828163 10.2062406159366 17.1167129745603 34.1692444083602 50.1459630361701 57.5815863184127
0.360468904068871 1.69886609676691 4.63101489887996 14.9946133886825 25.7703279452273 31.6352830296042
3.28458746417563 6.0281883158033 11.5170009136864 26.1535932382664 40.248804351769 47.0967442313713
0.013367983372779 0.130234324553842 0.673162236170127 7.62771176165872 16.3443817404663 20.8135055996941
2.78515647889591 5.31459201373301 10.462435437947 24.4894981290846 38.1026621400583 44.8103629967142
0.0590813607444949 0.115402715579586 0.504383325464672 7.26570061674067 15.9418578113717 20.2150743811271
5.5026868083433 8.77841967374662 15.4455623045088 31.720270303927 46.7793429629934 54.3015827718394
2.61155134985555 5.08773962955451 10.09084887236 23.9482956459234 37.4912492810365 44.1046470862853
0.440295515597281 1.82522220704996 4.77642185591406 15.1818430024418 26.0833769112854 31.8186722556671
2.13053561477928 4.44287166528636 9.44444977623765 22.8139762619999 35.5756858828209 42.4201375810814
2.30744624748504 4.70283255750383 9.73801818619285 23.3613843297474 36.4855593915943 43.2434651625822
1.57503270050896 3.65316896745855 7.94451240051577 20.600523155876 33.1830212358843 39.5561038003463
8.92914377273402 12.9348081615186 21.0206389529824 39.3810179911084 55.8801687540772 63.9928127826945
-0.0541395123329993 0.692747400948783 2.40938849132934 11.0625157371857 20.8169106466135 25.984153250059
2.93569613075961 5.51939432900515 10.7435931412159 24.9247345467279 38.6859591257589 45.397491611898
1.78129606510671 3.9787650800661 8.59287061665119 21.5918987082333 34.3203980363585 40.8427373346577
-0.0197221301269643 0.826056489032781 2.73211157997643 11.6703987713397 21.6174330322943 26.8786961047835
1.95312868543444 4.2117990373142 8.63650040445046 21.8074571235946 35.0620581278686 41.2888282956143
7.85850213816377 11.6996198152932 19.1837806016238 36.9704607767054 53.3534395057188 61.0783288583205
8.984470721802 13.022079157827 21.0879196087702 39.4932855663737 56.0945282481462 64.153769077073
1.31210710993311 3.28955166971278 7.59586111189421 19.8686179232704 31.8586305090575 38.3663259947977
0.171437079887646 -0.041956445247939 -0.111094468602572 6.06269992293301 14.4690993287028 18.4022027834164
6.28701378605337 9.71558429780134 16.7904737710262 33.5543162017633 48.8362827302668 56.6049700296177
0.021126583898569 0.887607477226907 2.80894778438798 11.5565878727904 21.21997361 26.5148171832733
3.5092487984816 6.29001772354923 11.8459646812659 26.5831370359172 40.7958378455966 47.5935626818878
4.0211925924193 6.90996362784123 12.9172910785451 28.0466899933443 42.2608778129502 49.4152046840321
0.514375667169237 2.02079165106324 5.10405453317062 16.0269716618234 27.5388561645606 33.2337922542136
0.0665422024235399 0.19215109077927 0.729321476084667 7.68927786252563 16.4582130583902 20.8567044998075
8.16884932360899 12.0673405172073 19.7048978520586 37.6667002380462 54.1258069816853 61.934795533815
2.44100687931312 4.87254486481548 10.0475100924832 23.791065299167 36.9062676526941 43.7855603348724
-0.042209909323402 0.444940159428127 1.60897468845291 9.35220499943569 18.4802811486215 23.297181741752
1.88505274872256 4.07741769977561 8.67087153082138 21.6826871720487 34.4068567893466 40.9891678704953
0.021265831154739 0.953146767888237 3.03449080637488 12.2106168252419 22.2874014146467 27.6591521432899
3.45315450335839 6.18089627298849 11.8085649764555 26.4498472262973 40.3925005556619 47.3597150153387
6.00961413060954 9.34361798858067 16.842660903997 33.4239493303708 47.95205873399 56.0677036927325
3.92363495572363 6.77485769717336 12.7578663876022 27.7945454482193 41.8848417270201 49.0732215755886
4.62093927251681 7.65766420079954 14.099341845306 29.6981418728794 44.0772279857774 51.492992859991
1.90602121956825 4.13235084338334 8.96458390385278 22.0553586539491 34.6111681182699 41.3784518850232
9.39415332427648 13.4327977528258 21.869835560206 40.4482457398757 56.824587363385 65.2272223347281
-0.0842758993535247 0.4888233969252 1.88098180772269 10.0287817235753 19.4226970975101 24.4415933772504
6.04471816693644 9.42649077286885 16.8738074824893 33.5163202359291 48.2265541636925 56.2176632879929
5.13538706148528 8.32913479908798 15.0638697541493 31.080193290666 45.7492604796677 53.2498222610661
0.0409934901076396 0.483310104769507 1.60227125417052 9.34303753854267 18.5271471833219 23.3061846654551
7.12340186089532 10.8212219610124 17.9564942241736 35.3170545061587 51.4840946905809 59.0267858583396
0.0411077060244071 0.070657302924306 0.461071318982777 7.2243928843406 15.8648156691032 20.2097752248553
-0.0174518195055236 0.881119424015895 2.8109738152953 11.9599309788566 22.2537656527229 27.370151114157
6.23905113454623 9.65635121063451 17.2668368239841 34.0334491117999 48.7223042478741 56.8346879682044
7.67387986171446 11.4765411717176 18.8801597203517 36.5595190402051 52.8773419595276 60.5669747399958
-0.0946531706284698 0.495757280219613 1.88802544064113 10.1455957523444 19.7487711364384 24.6592453430394
0.73267191298372 2.34605878616724 5.85113521619172 17.0579932702588 28.3825644234106 34.5459105606523
0.0917311486519076 0.0319802270221104 0.20804259122307 6.69658138660266 15.2504181002202 19.356956784768
6.36799510315733 9.867941114508 16.7873785824096 33.6576463124441 49.3259991709765 56.8657907524345
2.50239296014946 4.91708423879652 9.99260680064021 23.695399455108 36.8635244154816 43.6845063713159
0.857261138767983 2.59851760215108 6.39440569649584 17.8703368049186 29.2979802481693 35.5646620862575
7.13935009440807 10.8221448128121 18.0153945588806 35.3719157004921 51.452312586943 59.0669327677007
3.85829495287174 6.69679610195228 12.6140662341359 27.6009392524051 41.7040362506306 48.8348768656534
4.17526448591175 7.18150025126521 13.0339098646851 28.4129542365373 43.1777416297863 50.1335785400484
-0.0719959066378343 0.248053922599376 1.15561793126858 8.67388282451688 17.7751898888508 22.437107756302
5.17486910343306 8.32465606759836 15.2154382029568 31.20992923599 45.6103137494284 53.3504600439318
3.9349345474121 6.87673349795697 12.6190604973847 27.8107412000445 42.4316337866987 49.3380290348286
0.362572060843943 1.73593267100816 4.73676911838843 14.9985374272087 25.5830063051228 31.472864844968
-0.0412912294784324 0.159850985407712 0.847740608363902 8.07870584905229 17.0478481853988 21.5405872956861
0.0496057047090361 1.04218992624909 3.25507212841286 12.5905614910888 22.7301669319802 28.2002440388916
3.66244890925572 6.4362531459538 12.2695770216353 27.0777680417631 40.9985230450109 48.1388566512393
11.0948709092508 15.4468714728467 24.7246010611358 44.2036600207364 60.9328322776143 69.7482980797081
4.75004374604872 7.87343491655143 14.2806562203213 30.0313183763031 44.7240595061591 51.9692309321381
5.26847544562083 8.44812172882114 15.3795100856059 31.4510175015413 45.9252611482844 53.6624311286023
3.772359229847 6.63870072903582 12.3465065309337 27.3179025414837 41.7061043625733 48.5477802448514
4.0558961592327 7.00397594062397 12.9014474959729 28.1100257971502 42.6238932791702 49.5585730774873
9.66163961007172 13.7600237497043 22.2970382560788 41.0273089751128 57.518906331907 65.9468037438963
5.36942219002912 8.63954413943007 15.5116621598286 31.7156981798417 46.5081846760818 54.0469803447769
0.130147680608351 -0.0045754541275 0.0502962589017501 6.38485326060592 14.8693454419151 18.8875555670379
3.72852481212173 6.51899670489256 12.4062344104067 27.2690711322723 41.2030995403767 48.3803827569854
0.148544144190335 -0.0267002653143035 -0.0401756052274716 6.20687207358408 14.6514273406759 18.6183251161074
-0.0346767656990882 0.186119011799393 0.921410563328762 8.14222626782355 16.9990951074678 21.6067598398707
0.217784577434314 -0.0844120395519415 -0.284127943960526 5.71854084336186 14.041363700188 17.8832349004068
0.662561350613022 2.23060448574374 5.64077606492583 16.7080886618089 27.9420322176359 34.0557479614639
2.34001161001369 4.70792034392067 9.61296872532327 23.1636309723669 36.3308683570029 43.0103306156995
1.9728750289657 4.23421617336309 9.07542470237695 22.2819654270837 35.0135225531588 41.7318764128211
0.190994301625981 -0.0863250139376968 -0.230457308489726 5.85524845414006 14.2278830361517 18.1110023251954
0.731323374455579 2.38095898543548 5.68551636869189 17.0391056391573 28.9411665799034 34.6817657275002
4.12722013607569 7.09400706131223 13.0434999098678 28.3099448189297 42.845992401683 49.8117945277718
11.3522007533214 15.7006296549196 25.1955057535813 44.7762457358179 61.3780893485106 70.3912025870158
-0.089036414883317 0.441816112421282 1.75822923511109 9.75279084854624 18.9951144589331 24.0128028090768
0.386000759675503 1.74649558133366 4.73081519593828 15.1564257977006 25.9560157485161 31.8588905776677
-0.0677471176797372 0.687732732532206 2.38820981746378 11.103048229543 21.0029176295549 26.08040349867
10.5468162969452 14.7808209592562 23.8072364392044 42.9912098418881 59.5677489173316 68.2903728179827
-0.0765453130942912 0.680527507040412 2.36608544750814 11.0986500512995 21.0581652450577 26.090992720775
0.12245355572568 -0.0403948356553859 0.0120177104757599 6.36413418286985 14.8674483344933 18.9045119637223
9.84126312173436 13.9091445322704 22.7095345592354 41.4908118569746 57.7047563791524 66.4106698752625
6.20872192014402 9.68224134540251 16.5046840636287 33.2811571924751 48.9324450905696 56.4031245663713
3.40861024299811 6.13130219210745 11.6986952026081 26.3103568103336 40.2925201084786 47.1948687335038
11.9998071877035 16.409978334239 26.340796285815 46.2141787736431 62.7153297124 72.0427266660964
0.00323593573144477 0.943316749630166 2.94900755990806 12.2179773746423 22.5983455727656 27.7494977560513
10.3231885306408 14.4755512938806 23.4940843810056 42.5325475837137 58.8755046080258 67.6844947416032
0.493780799372611 1.933340292708 4.99827342987615 15.5706629968435 26.5817831403507 32.3744170643183
0.100659321233131 1.20827600885813 3.51885563009967 13.2740696112813 24.0084841208946 29.2968465405601
1.51113840750597 3.53803127575069 7.8553142446906 20.3509986610289 32.6181318327597 39.1364096974325
4.69550593975456 7.83987810716002 13.9117025952444 29.6831603360793 44.7664582603589 51.8098932718753
0.181903524455149 -0.0862572943399834 -0.216208767952406 5.89453815360417 14.2870351663553 18.1747849158811
0.0283054304419448 0.178604694136069 0.731762287975312 7.70164470868486 16.4722739422851 20.8646856562022
4.58023763044353 7.67438211086268 13.787340073117 29.4596125070644 44.3266029729728 51.4660703292478
0.0769124855023761 8.66864285450325e-05 0.201044954790345 6.75358219984516 15.3546927121326 19.5069532181494
5.31009201029321 8.54770108526549 15.1128704706334 31.2654277923189 46.2697895216657 53.7288893554117
11.6547099252794 16.0625485989088 25.7136213447486 45.4495927056574 62.1014861708951 71.1854451657005
4.34568180730874 7.35323860381011 13.4973047034524 28.924099358106 43.4471370793822 50.5720078958263
0.0698660058568338 1.13274957110487 3.36559330275147 12.989159978762 23.6197667216534 28.8792524538484
10.8220821072188 15.1354362660119 24.2503184111845 43.5957121403234 60.322888848923 69.035937146739
0.142416708130154 -0.0487650330256655 -0.0434936134515242 6.23629546769713 14.6923327831608 18.7024662163243
-0.0706485945844961 0.295417781244753 1.29827938841589 8.85328151461729 17.8426394519835 22.6650338324009
3.61252603265111 6.42762877407012 12.0402489345094 26.8700987816391 41.1573676011117 47.96745865392
0.00222160123805027 0.18652159121433 0.785569318662973 7.80783350617177 16.5971006963351 21.0175661591266
2.92545685115898 5.51324384580585 10.7035367880709 24.8848373987468 38.6972009752999 45.3597706239121
0.113059576456089 0.00566975666578928 0.101251459409477 6.48793547226269 14.9970135371728 19.0425144954095
0.0597251409632757 0.0697604404863259 0.361668513507333 6.99614227677581 15.6137384212193 19.806123393377
0.0093741573689753 0.166642118455365 0.716501039635371 7.67637799055074 16.4375952527078 20.8214315017003
-0.030730080886202 0.265067533593338 1.06055965565231 8.32809116332106 17.2254722814933 21.7856150697401
-0.0548336705072092 0.393605295308881 1.47181328781414 9.09632614912174 18.1586663467958 22.9147197273704
-0.0581671355419264 0.542371148080531 1.91335062563722 9.91130842288503 19.1543196100459 24.1052777715578
-0.0349836172272576 0.719316222543084 2.39896345629619 10.8004387261641 20.2523955779934 25.4008208416566
0.00703202581028631 0.903590507069376 2.87679767556523 11.6663107385315 21.3266637176861 26.6558622314276
0.0724494932121378 1.1271205877252 3.4325893285047 12.6668667430499 22.5740207114648 28.1014657345091
0.195415641078984 1.4101929764048 4.06382570434931 13.7944009664616 24.0110209330072 29.728761977232
0.361198739568197 1.74409131390845 4.76763659810123 15.0378194755172 25.6041628177385 31.5154690299157
0.592413333694597 2.16208403863658 5.59670165033592 16.4777673520766 27.4526228389646 33.5680538897273
0.881151964607821 2.63574331102784 6.47551356475781 17.9784714204779 29.3866405769191 35.6941586181775
1.2343602359641 3.17606627163183 7.42757797789028 19.5628608289697 31.4081129859481 37.9149568228729
1.65032479482017 3.77524898247002 8.41696397851134 21.1694830935418 33.4532441364556 40.1459295194621
2.11250988810457 4.41784886050553 9.41689143708711 22.7632787441248 35.4914001698891 42.3437165395716
2.62369444057055 5.11097840897332 10.4378841511424 24.3566904805766 37.5349627683755 44.5213576535523
3.20025674057125 5.87201136413708 11.5140236869105 25.9917261853912 39.6165032583102 46.7277396602309
3.83170202287835 6.69076583629782 12.6632553254711 27.7035997489212 41.7591131047038 49.0138069625875
4.55321980468417 7.59374383535355 13.8825565087288 29.4640237153835 43.9415932167525 51.3286643113705
5.32494017337005 8.5476294441565 15.1837303748814 31.3165723453008 46.1920486617842 53.7402255674037
6.17716233618261 9.58259039064895 16.608068133842 33.3013016726765 48.53780483935 56.2821304033653
7.10665841953367 10.6949453013988 18.1589893813975 35.419056803 50.9687827365803 58.9458583030124
8.07830005126329 11.8448959599204 19.7805908462276 37.6015401245247 53.4178688318464 61.6528803231355
9.0567954015027 12.9918956535149 21.4136606552513 39.774913472537 55.8119351504798 64.3180669278776
9.93864136776026 14.0203505398428 22.8769834968851 41.70731315174 57.9260330811598 66.6675571058804
10.7680670798277 14.9755720718289 24.2761290930151 43.5295965674499 59.8468093713404 68.848259984195
11.3720937577832 15.6694778883393 25.2991235731148 44.8528833566442 61.2251223617124 70.4174569985461
11.7675648706826 16.1229358932569 25.9703319833083 45.7172312758624 62.1183640358834 71.4361216412971
11.9601135550849 16.347671715632 26.2898762866324 46.1328644567648 62.5671238845625 71.9304517064524
12.0508991016184 16.4613245175812 26.4352186698533 46.3281816716766 62.8039618481877 72.16854098608
11.9965820456015 16.418103113037 26.3296565778192 46.207956186273 62.7446222859943 72.0418989418474
11.852769109971 16.2767546815832 26.0668685337071 45.8900259922683 62.4998009983255 71.6876490048731
11.6157573037561 16.0229713618366 25.6436313610608 45.3636169780896 62.0302837077182 71.0880434319165
11.2725422543256 15.646939384012 25.0360347380238 44.5997634209069 61.3193488937879 70.2088249992325
10.8463128332893 15.1652998749222 24.2910947765574 43.6498339464332 60.3844811610391 69.1011293173324
10.1573677754958 14.3768429967807 23.0997282976083 42.1137660772728 58.8238936520735 67.286837034134
9.29130758582596 13.3797859274174 21.6103345348334 40.1789222257192 56.8240569666479 64.98021853034
8.34853003550328 12.280525230096 20.0063519956373 38.0698115826118 54.5741234667321 62.4310716378071
7.39953752560378 11.1558079530636 18.4123330180645 35.9388902242848 52.2090224601395 59.8078435269342
6.49811615195449 10.0685366975586 16.9113644398948 33.8942644248195 49.8517675019831 57.2415128952244
5.64372720973661 9.02327829131786 15.4875678222951 31.9198340848223 47.514660873492 54.7208985973046
4.84249762356944 8.03030677967014 14.1484325123982 30.0339314351576 45.2339178041367 52.2817177787715
4.12392649553217 7.12213951416757 12.9353468101353 28.2824492468946 43.0507842012127 49.9734848166868
3.46496247767469 6.27527744603359 11.7924126628629 26.5984407977381 40.9228134976896 47.7261294390985
2.87060400845633 5.49349367541009 10.7210024045177 24.982092304303 38.8507380978857 45.5413469731856
2.32228940319138 4.75397798368646 9.66284643526562 23.3552972169668 36.7739246656307 43.3255847209391
1.82421177776111 4.0617091100848 8.62516150702773 21.7256216188211 34.6940303907191 41.088136312089
1.3903306711082 3.43375642942873 7.64846688536141 20.1441941696373 32.6415277860079 38.8891053940522
1.02015825424589 2.86388720673128 6.6991972025898 18.5548410998594 30.5589888514035 36.6506291500838
0.705513959310425 2.33710449748 5.75959571061594 16.9368367491867 28.4272991118233 34.3483772564527
0.452820413569255 1.84935375555735 4.81210176232539 15.2566019025116 26.2073980311943 31.9324544257843
0.258662807463983 1.38207178652791 3.80742637089542 13.4344772134783 23.8175010098538 29.2913910900913
0.106989577505079 0.841712061924001 2.5188647294619 11.0531103976925 20.7242965346141 25.8152736533727
0.0485167218836882 0.405206679743208 1.37292041758398 8.91378174187853 17.9860824678884 22.6797515862416
0.0178351921347937 0.224768819184196 0.922288958065552 8.08094481125451 16.9067107161378 21.4703635724544
-0.0406698036340623 0.23769903439087 1.07160183022902 8.39464351422381 17.2627714719924 21.9646086154163
-0.0792452341262611 0.345207420026208 1.45744939931964 9.15259035107324 18.204728461648 23.1076673473141
-0.0778138935246506 0.52719679751484 1.98960454372903 10.1737157676115 19.5081951364049 24.6247693461715
-0.0389551870799046 0.765688819817163 2.62196047664719 11.3615818234542 21.0285614513576 26.3721313202604
0.064473082792734 1.06722673282822 3.32069825395939 12.6495236985158 22.7080120045294 28.2508541184404
0.22503866699556 1.43394150419841 4.11136189308595 14.0627020608381 24.5273132275359 30.2881685470358
0.453452030682938 1.86942687629703 4.9756272224731 15.5659536232512 26.4567489692512 32.4330742192234
0.744411906129362 2.36707692151404 5.89629521198599 17.1295357710395 28.4613075038234 34.6435238978979
1.09168242645228 2.91660499621349 6.84780833567972 18.7118758169301 30.4970521328052 36.861422528147
1.49253620393594 3.51249768027127 7.81978851405771 20.2936282198325 32.538639870761 39.056912115175
1.94669386091084 4.15863035202891 8.83948832109193 21.9121712760554 34.6055923159657 41.2749562161336
2.45626023914271 4.85400231753279 9.90059197102249 23.5507856121716 36.6731298242548 43.487116856262
3.02699235123876 5.60884803898997 11.0506654438213 25.2718239501263 38.7736326221627 45.7649799644998
3.64012361977881 6.40098932156858 12.2596252718682 27.0371936639206 40.8677670852467 48.0623663115616
4.27190191385928 7.19806605323812 13.4854721012549 28.7823632211958 42.8692605488953 50.2899679249207
4.88886007009446 7.96666524661566 14.6778896011144 30.4537735480948 44.7404526490339 52.3965821925126
5.43113880560234 8.63339737404055 15.7272405023644 31.8993411419758 46.3098303543625 54.1911324993759
5.86566124014092 9.16276294254374 16.5725321901433 33.048866531893 47.5250726582781 55.6016229013174
6.1116731298865 9.46557033744926 17.0466942250327 33.695113350292 48.220544433907 56.3938196990647
6.22339889436158 9.61032839821602 17.2590797508879 33.9908104689183 48.563054521847 56.759472489179
6.28333927309085 9.69674672705971 17.3670016702797 34.150908170231 48.7830061997268 56.9639411717117
6.24870208254909 9.66864295652074 17.2862069387362 34.0595677708246 48.7499686880773 56.8660979014828
6.15216183175996 9.56528113240993 17.0860087887549 33.8063672195472 48.5456975559833 56.5701099385084
5.98754355679473 9.37874943852482 16.7510746974185 33.371239382563 48.1530927416881 56.0523065574501
5.71410707216701 9.05552353052012 16.2017515620046 32.6414111653328 47.4410227775533 55.1708757520951
5.40982306655653 8.69004352904881 15.5919925859055 31.8252918652728 46.6247421215726 54.1812173554461
4.96527956750789 8.14502410701363 14.7051640537251 30.6193371363076 45.3692559378119 52.7000016894858
4.42022035952087 7.46592109174158 13.6220653642404 29.1240891224729 43.7591117710782 50.8402013579827
3.82764163547644 6.71369593119204 12.4494908913077 27.471377583205 41.9044566178702 48.7483459287166
3.22909257826846 5.93769452111704 11.2559072784396 25.7496078263704 39.9024488092652 46.5272454451341
2.63595858927018 5.15696160601702 10.056590873351 23.9915285939368 37.8201363289317 44.230889478343
2.10878048960971 4.43464871995829 8.96005671405017 22.322746735762 35.7481326524218 41.996244641088
1.63642368678275 3.76197659000867 7.91743672868257 20.686762240005 33.6730388109387 39.7641373773465
1.20842736024144 3.12996575696633 6.91350824072295 19.075310060783 31.6052166060736 37.53786274579
0.829883120097557 2.54427571465512 5.95584082668356 17.5013052985173 29.5627936100878 35.3384925195031
0.509302730213032 2.0122842675826 5.04016647613313 15.9569045555331 27.5482412525758 33.1557905636189
0.262063736383493 1.55099299817496 4.19124820897308 14.477015232255 25.6002666350827 31.0362968589159
0.0729267093162265 1.14505434711597 3.38777517747992 13.0403863233309 23.7064646485837 28.9590048892877
-0.0381324138116372 0.821000150157305 2.67500345706455 11.7122922539332 21.9351773537047 27.008696088529
-0.0985198425750217 0.550208199116932 2.02367138018771 10.4635042207113 20.261078798958 25.1546503857179
-0.0974791577512898 0.344711669953005 1.44943196949402 9.32469240442522 18.7380664840354 23.4414350999829
-0.0566178957716783 0.183115758179333 0.927780480258796 8.27249549825014 17.3522110885851 21.8444352787937
0.0101389371648429 0.0593860051834297 0.470739442387686 7.33438285124298 16.1272662873796 20.4082865733387
0.091287745753053 -0.0260752051938083 0.0983583934215185 6.56068664351154 15.1350295518546 19.2136154669907
0.163483101080995 -0.0773671585843808 -0.161974117293129 6.01250548355502 14.4390700351755 18.3601586515314
0.215342565333302 -0.1059624314161 -0.327459389438817 5.65977824922471 13.9922156494209 17.8069520781824
0.253429231948943 -0.125691741974838 -0.448851879564693 5.40124419896222 13.6668692843549 17.3998623100149
0.264576944986017 -0.128777034026923 -0.483227621336966 5.32363205583557 13.5659580229257 17.2741384902517
0.259871633072493 -0.125424447194162 -0.476248416136757 5.33435416138234 13.5754685575134 17.2871383443053
0.239060633594709 -0.113658710287499 -0.420353370313958 5.44797814281574 13.7148833674994 17.4606614611384
0.202466803387023 -0.0832989147016465 -0.283450354741076 5.72349093323803 14.0561338001335 17.8816765906035
0.159847905117663 -0.0418485930127175 -0.102494866319939 6.0845564621109 14.5025013110333 18.4315224016875
