9.35495347155001 13.1961475259364 22.2648929465538 41.4504173524013 57.2768298211044 66.4967805635282
7.78542878916514 11.4763478146644 19.7216872171653 37.9532298144464 53.5965508477307 62.2144402453457
3.09096044497424 5.63281252751663 11.6346226015405 26.4107679034372 39.448443643387 47.1669596381541
1.84419457819317 3.98057442807307 9.07603007267627 22.2995340428414 34.5408135426019 41.7707507680311
6.4398461423519 9.45712907002772 17.9086438625179 35.583959025794 48.9923899471552 58.6298479139105
11.1673217697579 15.0426884694298 25.3030193236371 45.4683245150392 60.9761714452513 71.2712524381399
0.142841803206989 0.561948548779102 2.93570260642315 11.0301718545855 20.6502290933754 26.0882921484774
3.88134595140533 6.60365296396125 13.0998773512081 28.6856588807204 42.1059934676239 50.0891227349553
1.97529825471287 4.15561725174011 9.54232763862644 22.936650376742 35.1348182692772 42.6360848859637
0.333673575496043 0.146423307696405 1.73531738766466 8.47437280444922 17.6376849160609 22.2517752311503
10.4509087942934 14.301880712257 24.1263813368303 43.8935779862202 59.469141815708 69.3902010303382
0.436825507802819 -0.0244227339072338 1.18270164657157 7.31885433143965 16.376337107643 20.5284590294606
1.06063134486714 2.78386954741867 7.16477812416097 19.021942323219 30.4695334564464 37.3365922931504
6.2828145251839 9.26076460584731 17.6732047726328 35.1826834651575 48.4370965836427 58.1083452844424
0.490740185814946 -0.0941232656169356 0.938840362169677 6.7999057155806 15.8315009733739 19.7579229323274
2.67444258403078 5.10547313580748 10.8078017122193 25.1214761439267 37.9644250118339 45.4979365488226
0.2733796984845 0.611651287534722 3.02972818700851 11.1337582876287 20.569616268646 26.0950907403981
6.69311524265147 10.2132364213396 17.962602128052 35.4750000268171 50.7624099770783 59.104811621911
0.303564706424906 0.262144603489175 2.08800920569079 9.22382840251199 18.4307541661048 23.3264789308814
0.446153986611887 -0.0601316107456675 1.06832116312766 7.0809067677886 16.1521990246231 20.1939831664532
5.44052699152085 8.85253728274566 15.7216550834426 32.4615782223402 47.8605717862916 55.4185496031168
3.00710733689764 5.65142246141513 11.6207511591296 26.2770637370007 39.6281756254718 47.1981855778993
0.881688022224917 2.39354587052139 6.67018435649653 18.0956393391864 29.0372603232365 35.977950366274
5.1377079220386 8.01958913995768 15.5310533979074 32.1706242817625 45.5494044690032 54.4185867938495
2.72483641464264 5.25736392503902 11.0745013824715 25.4250287696226 38.5081093405778 46.0468639472583
4.50059096436214 7.71010240364883 14.1125045534641 30.1601104635193 45.1607696142933 52.4671364685209
7.93189431634556 11.5740491667298 20.0406280702937 38.3089445014611 53.6878131664525 62.5848623854623
6.47530468569811 9.49122370072579 17.9820793142542 35.6766731359335 49.0560982058415 58.7384374829352
0.515249527882661 1.87282919059094 5.4216401670361 16.1415678330669 27.3358556166012 33.4443786114596
1.9678368499629 4.21893651989428 9.12200449193154 22.6536426362955 35.617578398982 42.3458625471277
3.1395487312854 5.70867294185532 11.671782999108 26.526232961234 39.7288068638847 47.3382841141656
2.30412673846291 4.67825366426355 9.84080457040907 23.816036892723 37.0001652293843 43.8806285479583
0.361741868282606 1.50956401952926 4.82833365494827 14.9357900256702 25.6712333276621 31.7241327860594
2.10713488166515 4.40736548279165 9.74874277882084 23.4004287975753 36.0966381912986 43.3469482786349
0.241243500706264 0.362061788086801 2.45168644093805 9.9849021560435 19.2007676061765 24.434843030504
1.20829424938553 3.00369577398881 7.57506236288941 19.7936861772202 31.4653365112522 38.3912684426925
0.390381778659418 0.0348445481159722 1.39647259365785 7.78759350385133 16.8629557588335 21.215958437836
2.53379317120045 4.95542055607899 10.4095478408676 24.6174338976363 37.6852062113982 44.8897608495934
5.23526504384262 8.16586578167456 15.6142398694931 32.3978760077521 46.0504415459627 54.7452549333497
0.273427418980504 0.211358825304916 2.01321233013 9.09755967445506 18.2356545060279 23.1426376628668
0.486844575414221 -0.102483169945781 0.90809838879177 6.74693312925657 15.8198163486857 19.6964634839295
0.304212367215991 0.743476116719595 3.3124227126109 11.6919630942084 21.2549482279491 26.8975669102662
1.69303562278332 3.8078156849887 8.78515257117448 21.8879932797915 34.2868783650579 41.3096275677397
0.844718722996383 2.32319845048834 6.44641366621818 17.7597649974769 28.8091156637965 35.5389779614453
0.301242624333006 1.38822740478182 4.49806962745335 14.4529828068257 25.3198165084545 31.0816550271194
1.25152483544598 3.04167193783595 7.77908447693539 20.028667729444 31.462903437643 38.6577238562979
1.50839611079584 3.49610115846407 8.37200793291276 21.1442221810553 33.1790617697317 40.2549900807937
0.848891180766189 2.32989999019053 6.46300921615906 17.7848377809651 28.8299528162518 35.571923319941
1.32308381069869 3.20982855331663 7.85938506210463 20.2390172843389 31.9909560647612 38.9982988538638
0.418716691596563 -0.0319199665633972 1.19411826030729 7.37805191852506 16.4139276494444 20.6066221109048
0.269726981096959 0.117410401596986 1.68267184944388 8.44833622235283 17.735532857619 22.2795806469691
0.356917105828282 0.948926636137248 3.74030031529717 12.5419586079006 22.3129326558963 28.1184298688207
5.11878289414832 8.48240225978132 15.155951892396 31.6776655504206 47.0281584184604 54.4369308979596
8.23772925832427 12.0031605631818 20.4189292199217 38.9511238918644 54.7815174709447 63.4688957810861
0.369120671209821 1.4773713501987 4.84269973074357 14.8292456147832 25.3318574904588 31.534006971639
0.255897538940249 0.844748998923448 3.70974175057941 12.4687920022883 21.9658045193487 28.0068199320966
10.3449244854438 14.2225367203127 23.9129271963212 43.6510643236492 59.3678427321119 69.130028992963
0.150512945202366 0.454191771952322 2.65425711022925 10.4695495423389 20.019312483522 25.2718721098316
0.499397972528505 1.58157662249605 5.23961800429748 15.4087772845571 25.5394929337748 32.1825666583164
4.91060264828395 7.82297489778046 14.9571672895846 31.5091012388423 45.2992711960458 53.6682373574444
1.04793198846908 2.7624911007957 7.13435272509346 18.9641049216339 30.3877785900076 37.2561613478953
0.416819704413156 -0.0468917554626871 1.11602403725232 7.21467151530538 16.3558764886184 20.4146138542215
0.317720951136908 0.180778309187548 1.83963259296805 8.69149897285671 17.8806069760025 22.5749639570834
0.290704073136915 0.647769672264042 3.08879550354089 11.2466250901874 20.730848073143 26.2574063981728
6.68558388580999 10.2309087286642 17.9199521139674 35.4487540778506 50.8509769883776 59.1004768831179
0.132414384749509 0.478757179560494 2.64256577332113 10.6152733866878 20.4340902776132 25.5225253660453
10.0469601087239 13.8589359864962 23.4971765096875 43.0169579382061 58.5193623333 68.3182977137773
0.368997989376543 0.0493507617117144 1.46454107371938 7.94529970712819 17.0199740054924 21.4468341577252
2.51095993620309 5.009083817257 10.5719771661791 24.7407471816163 37.9332690816752 45.1915317160885
6.30567051915033 9.32334042268384 17.6381927884382 35.2319920591496 48.7235392294232 58.2122183950557
0.136891225226078 0.772299324483867 3.31164350205063 12.0258840370918 22.1814045345317 27.5858088438803
0.293954237135089 0.588070430275991 2.92713938597941 10.919340103753 20.368829152846 25.7859744394829
1.83856988400333 4.04039580934362 9.1097547962882 22.4419960138235 35.0613929342645 42.0825328351488
5.37998589201312 8.28621040740076 15.9846309441387 32.8152477797469 46.1822730066214 55.2128394363817
5.15266614638639 8.06700658526342 15.4769680160006 32.1815004278954 45.7856669342903 54.4693158756635
1.44622459978151 3.41238121565418 8.1909797769194 20.8827108256474 32.9521464061228 39.9172686450849
1.85080926339 4.02932539315559 8.98485905892539 22.3046701871396 34.8938570907957 41.8366904615417
0.135207317017226 0.458357691881925 2.58891494070159 10.5062043116681 20.3097862373736 25.3627893993819
0.155777124984988 0.473873524296265 2.72876476544851 10.5632926302546 20.0410153343149 25.3942517572803
6.48593529689761 9.4789624897179 18.0480845044396 35.7085390244135 48.9400517885089 58.7502781584883
11.2932932802557 15.1111894042974 25.5901426369123 45.7617145191276 60.9914282993215 71.5619638322671
0.403385090098443 1.55702986279613 4.99073689172104 15.1104430683191 25.6828530788452 31.9295533580484
0.276726470521921 0.101336110286237 1.6198625835106 8.34494652457425 17.6656550646101 22.1319610753259
0.314847643907045 1.34129308468261 4.58068678792702 14.3309682458327 24.7193159040631 30.8315756159572
0.528816109343339 -0.131496934390537 0.80084069921572 6.50483782351948 15.5167250548354 19.3125676006018
0.381384466042523 0.0665985753444979 1.48541887748422 7.96374228208885 17.0629355920643 21.4789529897105
0.99322007312948 2.74011632414122 6.8006344223286 18.6957628408948 30.6959417629315 36.9966721488387
6.74062654452668 10.38867130169 17.8748777561137 35.5121274309468 51.3739248779183 59.2812472379648
0.529856055225997 -0.134826303614183 0.784678430525636 6.47202632458403 15.5048711881329 19.2721464912361
2.39353644346345 4.80026455833397 10.0197873279655 24.1115686989524 37.3702673005241 44.2722970554547
1.13715994913852 2.86115054320242 7.42689923361071 19.4647644295742 30.8596641408285 37.8991589504492
0.249797074461403 0.140597315730726 1.73922744883555 8.61600839456749 17.9923905161677 22.5414540526999
0.141818071123261 0.626708954409887 3.08202324377911 11.3500502336597 21.0613699002755 26.5586646104131
0.560209250580112 1.72761433829741 5.56261450120751 15.9810778073751 26.1632180917489 32.976833660591
0.287756611515213 0.27895950087866 2.15841280509366 9.37666934703314 18.5804366213942 23.5482611626203
1.56690282665301 3.60413406131369 8.49344182128611 21.3873360885416 33.5952438934277 40.6115527068872
0.496848572106902 -0.101626665243312 0.91613413419431 6.75545908352665 15.7728562710834 19.6857734993947
1.28438705951987 3.20177945070437 7.55268672370492 19.9877283418075 32.2827525393438 38.7521438662055
0.345627746470434 0.0290035746569332 1.3860852948049 7.794560836951 16.9871023297205 21.2900154161055
0.308796141736264 0.87311564117623 3.65105633609037 12.3646781903249 22.0018909186744 27.8623532856231
1.46838758993794 3.42508689286228 8.20784078088785 20.8239920785463 32.6999449524478 39.7840686701752
0.585648154507403 2.02413089596492 5.62899101322774 16.5900353221628 28.0238435535467 34.0895079761289
11.1553348543404 14.9736759210226 25.3586339332367 45.4592487823983 60.7220985385455 71.2057009903822
1.67481545675139 3.78533404410653 8.73609121675379 21.8204066347413 34.2329857964113 41.2242083144131
10.6020732177128 14.4423078616705 24.3982772876999 44.2335528940515 59.7229344839446 69.7810944602212
8.63931226209687 12.4572578899279 21.0531117254695 39.8421338088149 55.7787679344431 64.5740910290189
0.20628331774279 0.253776721867521 2.10949241250099 9.31559556113652 18.66094813492 23.5627409232581
0.442216330784374 1.31474420948172 4.54133596864189 14.1226984368537 24.2112528554522 30.3787798636886
1.75798524493398 3.91624811567343 8.92592460525442 22.1390232319045 34.6630568422714 41.665581478631
2.06552263852012 4.30274942100387 9.52528414341707 23.090743023691 35.615348498065 42.8419048174742
8.37538334897802 12.1894544489004 20.594435519554 39.2409610047133 55.2450964915041 63.8597177527227
0.209471310732989 0.208494970940795 1.93834762923792 9.0669867141166 18.5393040678495 23.2205906954578
0.899378507546293 2.58247182815279 6.5628122241514 18.2612178465428 30.1151469359445 36.396325557654
2.95880957960878 5.63760020402228 11.4387751746718 26.0893274038888 39.7051571344552 47.015683700396
11.7548944607698 15.577438330451 26.3519186136768 46.7670667239695 61.9177846129935 72.7516453638141
5.65751547300592 8.59171677796969 16.4967795123913 33.5463147202153 46.910160431942 56.1139046846529
0.405206988286715 -0.0336339640563744 1.16513641842482 7.31477448062048 16.4548127686423 20.5637535686637
0.2424227934987 0.216049765353592 1.99883957276997 9.04314593643919 18.2902665819804 23.1368788198309
12.306084559991 16.121149549428 27.2715965461487 47.9640869280739 62.9720038640722 74.1550256772035
2.59230733950545 5.04830781441913 10.4681402977737 24.7753284407688 38.0315404207825 45.1210945757023
7.66356756495718 11.4032875767509 19.4328485417795 37.6392851406928 53.5518753338026 61.8919296278823
4.0857524596925 7.17560568529624 13.4078781383512 29.1170528012271 43.8249338945739 51.094552404546
0.145471113546266 0.4646638191451 2.6572116322819 10.527833987922 20.1649459670061 25.3686605981169
7.91979679994061 11.6590343468253 19.8926771513859 38.2348925309381 54.0531869547714 62.5960311525622
3.08597396549519 5.83038011448351 11.6538677105378 26.4508675459021 40.2780785899467 47.5250079666583
8.69618826390271 12.529530873817 21.1316609514512 39.9643246811739 55.9517747728186 64.7336486365147
1.03863319731751 2.66661499629425 7.20742454443985 18.9911275120711 30.0281736522456 37.1987640082696
2.8111310383393 5.35995264831632 11.2656610028524 25.6898683226837 38.7525818509492 46.3813375692532
12.3953755367729 16.2116511698413 27.416726819855 48.1567833220271 63.1527433381627 74.3831954026479
4.12084009791634 6.86866193393844 13.6097943158558 29.3896108703915 42.7188509112597 50.9558852778815
5.4966915333508 8.93623673534116 15.797976988971 32.5907153731248 48.0849400151793 55.6013602270132
11.0305760910719 14.8627936408858 25.1308828055947 45.1806657997401 60.5327333235762 70.89055610626
6.44969178492784 9.4422758580457 17.9768242663805 35.6143295059507 48.8637929216833 58.6378348591145
6.82314270709847 10.4795633058908 18.0175805116776 35.706298020189 51.5697962183511 59.5199296030918
0.580247689579565 1.92721506004895 5.67819542545303 16.3723621391584 27.217114615859 33.6880703280735
3.49655116754925 6.3892737565619 12.4042891638459 27.5968249173935 41.7829866892367 49.0628749733228
0.259640344046862 0.180749428504774 1.88749050918597 8.8149219413784 18.0452128391742 22.7989873635055
3.00623366369032 5.55321747645468 11.3735969313528 26.1048683317283 39.3490546705368 46.811127883628
0.327406607346868 0.125781758636375 1.71498303978059 8.47020994640232 17.5810099022429 22.2207137843696
5.72174150998756 9.09895360864125 16.3290742075537 33.2036068045554 48.2689890216941 56.2621836284212
2.83001494502788 5.33535470310828 11.0028187852245 25.5483536319829 38.7638384960248 46.0990349735257
0.688091543737986 1.98271570155285 5.8372037526982 16.6224857790185 27.3516301157808 33.9331667881073
2.36805827718499 4.73228998714056 10.3825096791474 24.2951433050934 36.9172260168893 44.4902925764413
2.53488636731447 5.01718568728146 10.6618572175332 24.8307480278575 37.8895504149358 45.2784145928202
1.78700324625622 3.93437979541482 8.88557635621007 22.105625022341 34.5612411366321 41.5596921331698
9.18741395320928 13.0247600033807 21.9799237264311 41.0741421316367 56.9324468724591 66.0485763442591
0.170803203505969 0.850942585701276 3.54054026684066 12.3462822171382 22.3781125139517 28.0126452340622
3.15899447565168 5.749009642015 11.651971940775 26.554954947338 39.9122962405516 47.3985222457089
2.01093752856365 4.26746483035883 9.54011837803541 23.0693665761145 35.675962307819 42.8975221695277
0.203470175258792 0.999370896792902 3.84768245332352 12.9700844082373 23.1596648338087 28.9108454219514
2.16478053627189 4.48910826068293 9.55258540319896 23.3473706490124 36.4320126269174 43.2617638778407
8.08742719053563 11.8792954053054 20.1147252510939 38.5897852181789 54.5914246424727 63.0678195332153
9.24406781550647 13.1034529573803 22.0492395617149 41.193535599619 57.1317304306443 66.21125827116
1.55676935771106 3.52459122403406 8.57946037961435 21.3600983326824 33.1071910028675 40.4803986079277
0.442510244637427 -0.0479079703826907 1.12150516203403 7.20836008179918 16.2409894589474 20.3565893914811
6.51579198049874 9.99721886853649 17.6842590638217 35.0706694134724 50.2548264545224 58.584930602782
0.290717752065499 0.957353376034809 3.94074597030458 12.9198184176996 22.5263575452378 28.6511285318258
3.74536287760229 6.47925178033205 12.74800940556 28.2696240866115 41.9300388303682 49.6094802180224
4.27038073782553 7.06314793197542 13.8262443968871 29.7756152633725 43.299775518773 51.4681247462966
0.727056601901571 2.28746453380982 6.1051848441678 17.4272610023993 29.0173413725369 35.2435844277816
0.325876086724299 0.217021733600333 1.93762440139832 8.90282680287388 18.0941994087845 22.8600630498555
8.40504525482281 12.2210981089206 20.6440429499734 39.3079587075445 55.3112231155608 63.9408743356276
2.6723173246114 5.18462270402924 10.9692463190587 25.2622359128054 38.3015668457945 45.8280808207092
0.23007891568801 0.480492193855137 2.77971677750729 10.6418838675658 19.9221125890609 25.3855029793628
2.10059574825551 4.34851665569961 9.60673830028596 23.2144255527776 35.7437370966013 43.0021040374484
0.243697477675024 1.13646660483314 4.13878520605612 13.5237280871827 23.8103228233536 29.6971199804588
3.68736763903524 6.37724578177128 12.7173537329218 28.1258641753486 41.5325877610672 49.3852043159912
6.33735569365942 9.32120925399464 17.7701503772895 35.3234442455012 48.5833574404731 58.2823096828015
4.1701028126574 6.93755734528974 13.668051905495 29.5118637269425 42.9420371132714 51.1246461855664
4.88984570888717 7.76127991459526 15.0122701232086 31.4805313611262 44.9997241350074 53.5863800625135
2.14566255451709 4.4079192139123 9.91408012483222 23.5408238792256 35.9250569494035 43.4616237725352
9.66967213823778 13.4868039849952 22.8397118959836 42.1676574030339 57.7990649201586 67.320225431189
0.145410070685545 0.616633214800023 3.04036317071896 11.2836031239979 21.0175111080718 26.4644587672805
6.37896133325822 9.39060295906371 17.7985752503454 35.4265298992325 48.8351286301431 58.4364717695999
5.42813178107335 8.37864210563557 15.9776171611831 32.9145988618089 46.5554791778314 55.3821918080745
0.297741747758942 0.53402146504832 2.77968193227276 10.6198167188735 20.0381705667734 25.3543974574148
7.33771531100392 11.0589760644064 18.8688773703491 36.8861409516264 52.8385549181821 60.982154684908
0.288524357110801 0.115247541877795 1.6821281497513 8.3953932321913 17.6008822929656 22.1815022664954
0.203491724768852 1.07685008878656 3.90274203730447 13.2673835630215 23.810643370013 29.3851376429303
6.58380119942828 9.60153522155483 18.1943265998113 35.9586123835137 49.287068653096 59.0753825676517
7.89881166108329 11.6719561922094 19.8062196710991 38.1654261379605 54.1466149360618 62.5475063062799
0.132687886328882 0.639447832542903 3.03371952087748 11.4046029282711 21.3543710445075 26.6708885062066
0.950575590805658 2.59917070993264 6.85941495095614 18.4809559696884 29.7921452769728 36.5948340749824
0.365106801788553 0.0316895645229933 1.42614535941175 7.87671453522942 16.9371176669509 21.3461618338934
6.5797445867218 10.1557939459003 17.683026146574 35.1783417746406 50.769868158959 58.8126988991299
2.72416083526293 5.16718598321714 10.9141054865429 25.2808373432048 38.1307740097655 45.702017961079
1.10914776667378 2.79102151006837 7.41214526023262 19.3548503389014 30.502429995181 37.7058918913671
7.35626994859444 11.05932278878 18.9280348510609 36.9405853620052 52.8026372051099 61.0282930031145
4.10290049699437 6.86360050466642 13.5234623338771 29.3135607937593 42.7728580037037 50.8809835843624
4.37791830978443 7.54939348117962 13.9099646489244 29.8562354787449 44.7554147395632 52.0640178129916
0.162977081741952 0.346327341202359 2.34111751088895 9.88835629776141 19.4429429834291 24.4325816725926
5.46463204043667 8.38243266215649 16.1344613736308 33.0370969650163 46.4230615595113 55.489889554513
4.13889610564824 7.24644441407363 13.4961953564963 29.2509720420273 44.0073118368012 51.2736031040669
0.625164903805459 1.86718828435126 5.80649696375011 16.4462340835085 26.7797041983884 33.6357520770047
0.198157695279543 0.243110228409028 2.04403877670106 9.27324572682305 18.7518553205687 23.5230574629112
0.272100693922702 1.23077489633029 4.35298799457391 13.9129862309238 24.2360101743377 30.2452857967807
3.90293382561149 6.61899019277089 13.1803040274603 28.7694871672442 42.100549678956 50.1811430912568
11.4370668273054 15.320953831162 25.7450215515936 46.0604189865365 61.5416863052379 71.977651973085
5.02964228098783 7.95406644997769 15.1882598403997 31.8345264203103 45.6072426367866 54.0688724101999
5.56192909278065 8.49567989192366 16.2987183694109 33.2887069881517 46.7168172388491 55.8073253823437
4.01734640604306 6.80483201772011 13.2474433923764 29.0305541353439 42.7894294236856 50.5770440071063
4.31060913739286 7.145349632254 13.8032319102401 29.8498025997457 43.6502051274514 51.6060262134591
9.94429123057584 13.7863837423273 23.275617410338 42.7700886988924 58.4381254882536 68.0556932867559
5.67707603321177 8.66077034264021 16.4253334253226 33.5734404315672 47.2548059763985 56.2031828175814
0.402688936683384 -0.00808062197234633 1.27516208472899 7.54897219659825 16.5958445012857 20.8601296823894
3.97099300687374 6.69707872690435 13.3171456522202 28.9662205388498 42.2934257075808 50.4269059526268
0.421677564325096 -0.0327481740508547 1.18788824674125 7.36202326318473 16.3981949690382 20.5830802693325
0.205405083087727 0.258263303334708 2.12480600240362 9.34183245198238 18.6814961210545 23.5999376590543
0.486386060788801 -0.089020393515231 0.957316404578952 6.83948371282323 15.8722497727996 19.8165619853787
0.880656072737056 2.48044425123414 6.6551325082735 18.1234402570819 29.3577718737008 36.1055540626136
2.55717557045303 4.96721624865631 10.5344421367009 24.7366166366121 37.6268361255778 45.0155790351951
2.20681559006114 4.52289232405296 10.018064231356 23.7626509745593 36.3581132288799 43.7967154854616
0.453425671120788 -0.0755865778396845 1.0098616582367 6.97241197192741 16.0724131429419 20.0416069163847
0.943072676258703 2.65880231210953 6.66366025146784 18.4613626070535 30.4140163182173 36.6778997065303
4.38411060400639 7.22950248288902 13.9458199106048 30.0563731102147 43.8581726463955 51.8639822414918
11.7024569528195 15.5584610762809 26.2216441590765 46.6450397709396 61.9503811106051 72.6399044402579
0.144119672191485 0.555900111103063 2.92783055558348 10.9993944164341 20.5918099847102 26.0400621423406
0.606176606801072 1.97593035304436 5.77569112250062 16.537610866092 27.3970701528472 33.9139155488829
0.155873151772483 0.856232279979118 3.50981392212809 12.388801830609 22.573121234732 28.1004001127099
10.8619467403651 14.7209887020828 24.8109135472285 44.8002873283964 60.3095567477389 70.4676724865771
0.146812305943993 0.852934043347614 3.48370788485665 12.3845734120587 22.6329547077481 28.1072650308611
0.377946948102197 -0.0114989806933721 1.24362249916531 7.49905082888279 16.6788191377196 20.8481183512439
10.1394255332546 13.9261842122804 23.6875651410737 43.2325949494628 58.6002125187151 68.5478317677853
6.41734702258404 9.97963293279648 17.3975904164891 34.793929793307 50.395724976783 58.3430200844659
3.64157219676063 6.33018696356701 12.6060622177024 27.9836638943937 41.4415751044803 49.2149294170755
12.3809580450538 16.2055849007718 27.3830678142327 48.1248255740557 63.1583420386682 74.3535857136338
0.223396967225686 1.14513394093551 4.03403794718942 13.5318309493587 24.1491496052708 29.7646682804034
10.6331936243075 14.4470654562715 24.4875246683798 44.3134492380871 59.6782984102544 69.8498967059304
0.74095157575775 2.09823689149739 6.05169775899744 17.0181258411693 27.8441112150396 34.4895970458004
0.318026602498532 1.43390755814241 4.57652849154683 14.6133008015018 25.5369018913037 31.3114909878184
1.72741684813566 3.80922423688676 8.81070592095838 21.8487895302454 33.9759173495195 41.1643683331381
4.89536318906817 8.19980238540149 14.787573449744 31.1365148193577 46.3404879301655 53.7304563814203
0.444176393571662 -0.0723641450602619 1.02256394033903 7.01116918303726 16.1328161233838 20.105822132878
0.296823823107484 0.194554815775507 1.93415823206389 8.92503186657178 18.0676973539266 22.8882769274166
4.78644063940208 8.03300850794226 14.6634814548646 30.9117113028879 45.8876850375584 53.4021690666975
0.327948109539026 0.04135057369614 1.42562637741962 7.90271772268039 17.1393631364356 21.4605064220348
5.52699043849378 8.8770876954432 15.9941290858099 32.7411864810736 47.7754580963067 55.6852270863006
12.0226370741742 15.8829382542033 26.748494831753 47.343502243736 62.5983283006406 73.4672819222199
4.60743279030248 7.47380546483605 14.4033858083864 30.6885638206823 44.4191561283853 52.6397579517669
0.287839648815517 1.35195554261083 4.43110045878886 14.3218912881204 25.1524842757368 30.895145786572
11.1514679095845 15.0380861358628 25.2631583439715 45.4322018699446 60.9906670851562 71.2395974631113
0.399194736640231 -0.0264193641705944 1.19158285202148 7.36855638622059 16.5079562041266 20.6437245909942
0.167328409217128 0.3824122687798 2.48884837737992 10.0747542483944 19.478721915485 24.678463388549
3.85218686333863 6.60768925095634 12.9416739292914 28.5669304174278 42.2717223906567 49.9883372255575
0.275425911669265 0.200637838084805 1.98325620263785 9.03720054488736 18.1686397487569 23.054298552972
3.14854353537802 5.74327034383177 11.610192466611 26.5149403358179 39.9273913383469 47.3569866372357
0.386800081496383 0.00255257491600823 1.32314975313602 7.65805664952534 16.7070669048257 21.022308720809
0.333739526215746 0.0728149492528228 1.57367179976183 8.19046167261122 17.2653958903103 21.8101859838375
0.283023395082492 0.178767790516296 1.91629768199287 8.90019612793558 18.0210421973954 22.853555236808
0.244490495620663 0.284799422524612 2.24792301478205 9.5788431414035 18.7442430615049 23.8457379241524
0.221770091190137 0.422841980508907 2.64499144266612 10.3767823546406 19.6097729039526 25.0034815224047
0.219566893989914 0.58216717325831 3.071691590708 11.221359251969 20.5415531730835 26.2203401000626
0.242129553352351 0.7722596310991 3.54177135042963 12.1405772840678 21.5822579768554 27.5370957577268
0.283518057497634 0.969688088186929 4.00442370334811 13.0336333921866 22.607826531252 28.8094277183954
0.348034877895467 1.20893990940918 4.54255715971227 14.0636036362147 23.8059424366542 30.2715402618511
0.466599874373498 1.51374775416732 5.15424743700404 15.218105748216 25.2145162933982 31.9021493068713
0.627124536770237 1.87273580490857 5.83642782522529 16.4865528219225 26.7899694483339 33.6866219893161
0.853495425291945 2.32002247851423 6.63986195630579 17.9483256124646 28.6328860797283 35.7324687355239
1.13647451089002 2.82578120606516 7.49220562993866 19.4635587341033 30.5819954179128 37.8432675220585
1.48432691793599 3.39905577922655 8.41742488847353 21.0551663901931 32.6340393145491 40.0443532629282
1.89466864900973 4.03109834773048 9.3808299102622 22.6600536743622 34.7280835979405 42.2494895074058
2.35129664709631 4.70482934369052 10.3560909138891 24.2455335328948 36.8265576320337 44.4177057090909
2.85801731085928 5.42418142418418 11.3547627229955 25.8274423641801 38.9315577754699 46.5661673668137
3.43131362076198 6.20292985570916 12.4130353894933 27.4528049404268 41.0645737037995 48.7467922543563
4.06042786909197 7.03266261945124 13.548037225054 29.1586996612518 43.2468937380408 51.0111954487639
4.77887097686655 7.9283542518547 14.7649153122077 30.9287104362532 45.4340580294982 53.3108151472941
5.54965335854294 8.86695485041635 16.0672017839771 32.7973427011363 47.6714850134462 55.7137192537027
6.40532815325146 9.86913904003509 17.5003946660009 34.8130530551378 49.9647251967918 58.2608718724101
7.34576511943185 10.9284998019005 19.0675178441617 36.9776027093462 52.2972406804071 60.9485097973032
8.33471087297858 12.0102979676906 20.7105835058902 39.2184154819834 54.6129712516069 63.6945008081138
9.33522601145212 13.078943229099 22.3687024216852 41.457711933817 56.8496422291771 66.4096525088108
10.2404895224796 14.0282676299606 23.8575984810343 43.4559009647201 58.8027499159914 68.8123731958135
11.0980517430174 14.9044426826983 25.2807330944596 45.3401650947812 60.561430476357 71.0538265156091
11.7259719933839 15.5369072241318 26.3214687205819 46.7097113005514 61.8137911115574 72.6730634003853
12.1385777100826 15.9485480830989 27.0042542667243 47.604647645541 62.6214653492631 73.7268012614042
12.3393005024942 16.1516233416814 27.3298616905657 48.036558958023 63.0262058763626 74.2377955189866
12.4345845692639 16.2529476140934 27.4784607523478 48.2411193989225 63.2384611172536 74.4845456123729
12.3792819755022 16.2104836361465 27.372271598708 48.1204663541948 63.1819026554376 74.354765285625
12.2303752212104 16.0785137035772 27.1065252782953 47.7961632638639 62.9577900361192 73.9889663162919
11.9823844972273 15.8461525206774 26.6775815489911 47.2554622560096 62.5332317104242 73.3668697652946
11.6232857210402 15.5028339546512 26.0612095954278 46.469128537422 61.8905969063877 72.4552757432965
11.1769943711197 15.0648974868368 25.3046719598511 45.4884862281395 61.0461323356423 71.3072223914702
10.45921776515 14.3459174372946 24.093806711837 43.9008863177275 59.6293895942526 69.4334809297159
9.56107030592722 13.4323909874338 22.5801431404951 41.9018708095955 57.8022452307447 67.059334372886
8.58891112990541 12.4192747654691 20.9502357305397 39.7237781055073 55.7291337804071 64.4466855034985
7.61812876440174 11.3731006908212 19.3312708173929 37.5261533089935 53.5233274764141 61.7734794736869
6.70366180291837 10.349030360442 17.8098245846984 35.424883810271 51.2903475944526 59.1751095146056
5.84340128220211 9.34950238844017 16.3718134605386 33.4073495365947 49.0374566346923 56.6393984352498
5.04070479319506 8.38855458577971 15.0239688347269 31.4897161335057 46.8095881045126 54.1971428616592
4.32574714378021 7.49266404229627 13.8104546926512 29.7231702061511 44.6347823204089 51.9012974366677
3.67258512432508 6.64394630396884 12.6737611704398 28.0357569877488 42.4853279844583 49.6747840503129
3.08500708676209 5.84853298717244 11.6151171206275 26.4251914551833 40.3685528762751 47.5170115367026
2.54282635129899 5.08680482303416 10.5755882636143 24.8092342670637 38.2347028078772 45.3297429370856
2.04998358991223 4.36603776339944 9.56143388915943 23.1915760163357 36.0931632317356 43.1205957017708
1.62152476266419 3.70479923829476 8.6117545447717 21.6195417554753 33.9800629276441 40.9500957673485
1.25725866153873 3.09881304339094 7.69182020978162 20.0297964041948 31.8524698057167 38.7361314423547
0.948201869358216 2.53501972024079 6.78363811660337 18.4010819293149 29.6961241859326 36.4519391353995
0.700267358912186 2.01009365272219 5.87016407916907 16.6970807761308 27.4804228709278 34.0440568952019
0.510068588721228 1.5058562846521 4.90246198364456 14.8346843049746 25.1330307541398 31.3969543506851
0.361159090368754 0.922946908969503 3.66248244932385 12.3835625544766 22.1461845517933 27.8913180175461
0.302347988505254 0.455844608286344 2.55999037828828 10.1664049506274 19.5511702540312 24.7089424507699
0.26749286898056 0.2733610928934 2.12749330605791 9.29219033432522 18.5546419126592 23.4739696482789
0.202550371848044 0.305852784054412 2.2719672861285 9.60590597277351 18.9124549638734 23.9725158994051
0.158365171751628 0.438733804322197 2.641916503886 10.3825017243883 19.8234156934653 25.1289295126914
0.15551414270866 0.649316016673161 3.15028881461152 11.43121470459 21.0842780574322 26.6609227626795
0.191043928194284 0.917374774987575 3.75457117466353 12.6508634998548 22.5580612197204 28.42296518336
0.290812745991271 1.24883176644082 4.42197759946468 13.971540259813 24.2010186770081 30.3073165061151
0.448266479424941 1.64338867271585 5.18063443120213 15.4186093933134 25.9860451182385 32.3476849063658
0.673832648279034 2.10333697348147 6.01322371863889 16.9559796789984 27.8875613609279 34.4900441025943
0.9625671895297 2.62055125027143 6.90368312634354 18.5539451684738 29.8681763224589 36.6936947141863
1.30837971794504 3.183166482409 7.82767826561234 20.1713172051115 31.8813124509092 38.9015874203351
1.70887061492192 3.78401964746166 8.77589229233302 21.7897797520892 33.897397060947 41.0857563299461
2.16458353940759 4.42601900828821 9.77599309286458 23.4483603191849 35.9285528282554 43.2958417529909
2.67793125606306 5.10546203608076 10.8234046781539 25.1319725356549 37.9445072555283 45.5055887839503
3.2569010196376 5.83172733824119 11.9655240216477 26.903851129168 39.9701884018245 47.7928989962398
3.88249707071964 6.58482655329962 13.1713590417559 28.7243626368264 41.9697102011608 50.1107744008758
4.53162637697172 7.33369696265421 14.3986776413248 30.5265637867564 43.8590336707092 52.3710860696991
5.16867152040916 8.05065107274781 15.5948659689072 32.2536244846733 45.6115859515919 54.5172414706407
5.73235154984384 8.66807286813713 16.6490405598295 33.7472276579595 47.0688626282941 56.3543685397255
6.18641347340562 9.15589159490283 17.4988320793709 34.9343732684434 48.1900849320042 57.8036733121082
6.44479618262422 9.4332940755597 17.9753872949566 35.6026300290803 48.8292377189179 58.6193150543987
6.56380382099323 9.56415607618193 18.1883740191416 35.9094892866593 49.1422047734878 58.9973221945448
6.62904000095109 9.64069580309768 18.2959914618062 36.077150432537 49.3424621467569 59.209307451441
6.59421449646492 9.61259500152965 18.2137637790073 35.9855842959024 49.3120654787296 59.1081491640595
6.49467897403893 9.51549371460841 18.0112832796283 35.7264984519308 49.124569878638 58.803149996003
6.32372590576278 9.34219144543499 17.6731548038246 35.2794380766666 48.7647148290321 58.269482993716
6.0383430254729 9.04367168083826 17.1197108411204 34.5277013959768 48.1111171635141 57.3615180446429
5.71974668547479 8.70700917619958 16.5059567482757 33.6865415802017 47.3618787059724 56.3416431123005
5.25520729290154 8.20415899035109 15.614211320564 32.4421147096711 46.2040552671445 54.8191112166165
4.6876891608659 7.57547103625745 14.5261711435232 30.8978932315821 44.7109144770726 52.9134504619009
4.07486037823353 6.87450395936115 13.3499201434379 29.1896870318578 42.9766338537818 50.7804748835946
3.46089380334725 6.14426893318171 12.1552990262966 27.410493235355 41.0855868440895 48.5282357914995
2.8557567715062 5.40328837940654 10.9578706942079 25.5958196225965 39.1032060848501 46.2087382339745
2.3219284328865 4.70677974175784 9.87036555035766 23.8771155375801 37.1027438798203 43.9668260238876
1.84714297946076 4.04643355851471 8.84276460271599 22.1966244988309 35.0777305557316 41.7373315898545
1.4189981610663 3.41736144032509 7.85823615820151 20.5444466793745 33.0469370292479 39.5187046013104
1.04130246477566 2.82638256408167 6.92455140334447 18.9336075203829 31.0311742972133 37.3299348773129
0.722476039711381 2.28080767337356 6.03708536602421 17.3549600159642 29.0378392602059 35.1578520899044
0.477430326300372 1.79842253657273 5.22014622419469 15.8428031412014 27.1099420151344 33.0466420819999
0.290857931530792 1.36639579517726 4.45064889738654 14.3742113456013 25.2397417734895 30.973687404891
0.183715747115904 1.0115417166618 3.77232986486462 13.0134928813878 23.4988882039045 29.0228474585587
0.12827810972436 0.708115717116219 3.15436495856966 11.7311973237204 21.8615905844926 27.1643357003148
0.135085755363705 0.469385219278827 2.61061855947098 10.5584842990511 20.3840587479965 25.4405805427112
0.182870222654495 0.275644993781172 2.11518683103572 9.47228487824356 19.0504535858553 23.8282245766902
0.257013672290376 0.122042954703167 1.68030179201814 8.50209228939209 17.8790636847428 22.3744757154225
0.345724635835745 0.0113142288144197 1.32424416199484 7.70070406009215 16.9368037249285 21.1618308627281
0.424311372683995 -0.0587689818318763 1.0744354546803 7.13283224807108 16.277836569674 20.2942379950872
0.48143843419828 -0.100787145288622 0.914923063129167 6.76783924308226 15.8538620429259 19.7318539219975
0.524507806967198 -0.131451387510635 0.796998227630444 6.5008653109848 15.5434207393762 19.3185915580774
0.538853684036783 -0.140831522363401 0.762838181624122 6.42290584742125 15.4406045202339 19.1929764017236
0.536420689549475 -0.141275655430234 0.768396227642728 6.43727257921222 15.4396567263002 19.2094217166611
0.516595708112959 -0.13046595742402 0.82114950824245 6.55977362354862 15.5575144438947 19.3905592408818
0.478988854579212 -0.0970349686036509 0.952657367728296 6.85212091106346 15.8608440336208 19.8252457453264
0.434519353704623 -0.0503797942872203 1.12705871994395 7.23355013799145 16.2616919619316 20.3919812849604
