8.54782898315867 11.9609075544192 20.1388166799555 38.2440064428209 54.1700325117992 62.8301554889612
7.96492417790503 11.2642264850155 19.24849819909 36.9755849258011 52.7236324107147 61.2500551399633
3.63667612049741 5.9341125916893 11.9107525983762 26.6185352839921 40.3045799380197 47.8315714085421
2.40201588868543 4.30362987031347 9.47584929379045 23.0361476064706 35.9344253433657 43.0540577032268
6.94909706247806 10.0505775944607 17.6361484212019 34.787222418664 50.0734520504805 58.3874120000901
10.537393490639 14.2998955467819 23.1977696136171 42.3771865196446 59.0259363084328 68.0458353572175
0.000862953315218844 0.339347578928799 2.36939104879736 11.2388670094786 21.0535424280605 26.6339056268703
3.77989376129222 6.11709830660032 12.1425534914311 26.9810657521831 40.7609326290114 48.3204686923783
2.73502531465906 4.75072120863342 10.1554140661536 24.0638619865063 37.1468189619874 44.4097322523722
0.133520233464517 -0.145916089553633 0.646468276696127 7.71505064268542 16.2965905612235 21.269818481421
10.2954544672003 14.0322292520361 22.860342695524 41.8773380300696 58.4709789868737 67.4322516290629
0.512775522582614 -0.151832009111535 -0.094874924601105 5.73538133795294 13.5575217670112 18.1169451847099
1.44268274913203 2.91893203643482 7.2793209008238 19.6301982355647 31.7340693732576 38.4942319879618
8.11194736420547 11.4633793546197 19.5265369438527 37.3921817389472 53.1206555029285 61.678905255134
0.86362676320945 -0.0450022443890732 -0.454984192665354 4.77550998597509 12.1133794368743 16.483896091375
3.22320133239375 5.3632342121203 11.0370426693329 25.3624643524896 38.8181341861334 46.2066632444332
-0.0298186639376844 0.141207697813403 1.81522991739769 10.1900871666735 19.6308121907245 25.0214343367503
7.96052502373056 11.2736944840114 19.2062453550079 36.9558108384409 52.6981797318053 61.2318329209611
0.0792766946366832 -0.13018419276051 0.838297226298336 8.06819523303628 16.7774799274665 21.8025548256966
0.604939234772117 -0.119101114288293 -0.210248954959381 5.47833653507168 13.1084454849876 17.6398743002978
4.65507498080119 7.22335654568057 13.729552121722 29.2587704544666 43.505981032348 51.312748570253
3.80997527760587 6.14805620616712 12.2478429299066 27.115322092527 40.8913580450144 48.4693678836855
0.799713719669883 1.97790763992916 5.66093457835317 17.0497983671915 28.5020469355863 34.9148149685808
6.00452927469267 8.90698158328033 16.0318431111425 32.575932166628 47.4638549078426 55.5815718908517
3.41886629657763 5.64163507181769 11.4315793734152 25.9235932945542 39.5080431653796 46.9724320374938
3.44203852263213 5.71683307916823 11.533826451151 26.0942228296172 39.7046552725714 47.1370691209677
9.95365505348203 13.6931264979645 22.3801116439415 41.2761053621777 57.750844499228 66.6054413866305
7.27649715264961 10.4169774846757 18.075550148464 35.4105719429891 50.8583199904461 59.2584531346962
0.234741698604071 0.969933392296776 3.81510624465585 13.8587624131766 24.4561067018454 30.4292512241852
1.06561719562118 2.39603726442786 6.47826818712482 18.3239652028022 30.0763260872801 36.6395818495367
3.09384438374397 5.2229600478326 10.8269767675211 25.0323253829546 38.428471589879 45.7720578366677
1.32148375117231 2.78493479698263 7.00998568144998 19.2014746505972 31.2402227091214 37.9264962496073
0.211475203030766 0.926376114473213 3.71053071411317 13.6578440554562 24.1936953102821 30.1311775252384
2.00366563834251 3.74888844319014 8.62453680446381 21.6995123359703 34.3090284764293 41.2881643897416
0.00194469069851395 -0.0541326329505262 1.22827274962543 8.90232225015153 17.9240987746304 23.1009648247067
0.786280688262131 1.96587430352413 5.69155447456369 17.0431806878488 28.4832802128851 34.8992175385519
0.398977683788442 -0.163355808184707 0.0370534983913191 6.15390115427815 14.103036757843 18.7658815981455
2.17131473700138 3.98576265498869 8.9613044096761 22.2442534241264 34.9623056148625 42.0090657205123
4.58502661346672 7.13461421125536 13.6016395513524 29.0802491520564 43.2914771624684 51.0692982648511
0.172844917489587 -0.165978736361339 0.550152567081336 7.44230089494864 15.8983621431256 20.8360530616117
1.04754720356154 0.0460802108741773 -0.581664575894411 4.25687926784254 11.3590886492017 15.5802590744628
-0.0169224950815186 0.222649288417107 2.04566343767462 10.6171642978051 20.217635003099 25.7020104368581
1.14953396106879 2.48498581837584 6.55497943989987 18.4895327546637 30.3322003968709 36.9248567220592
0.381589260501661 1.29769202511204 4.54346887708139 15.0889103270619 25.9797356723735 32.098344381657
0.00242885992674866 0.344676744494817 2.41893455551318 11.3291756870123 21.1340762743189 26.7395767693618
1.40715503486397 2.90361421125797 7.24915337357171 19.5669338747627 31.6750760869154 38.4095593506871
1.23788212677979 2.65386278550983 6.82125084353393 18.9208901297626 30.851541316379 37.4968017075292
0.460273439519384 1.37860884145291 4.57654025781633 15.1858331258307 26.1931269284972 32.3605206416436
1.73596451177235 3.35727768576146 8.00036019511141 20.7653828155803 33.1551018299298 40.0320790363148
0.875303267394928 0.0255187318382498 -0.466960646399927 4.61890911986167 11.940720154549 16.1748172595507
0.206981553206216 -0.174069383807024 0.392079937166162 7.07139859298847 15.4182610076888 20.2451455531809
-0.036613785237502 0.291316056447162 2.28423829484388 11.0650226514482 20.7825653575619 26.2988812381493
3.75531303999199 6.18840782814477 12.1276252265774 26.958630684469 40.8446512476415 48.3036741569367
7.70697272066823 10.946157548515 18.8508675589395 36.4269983332286 52.0421406451654 60.5305255235295
0.384520406910823 1.27516796745977 4.40957954010242 14.9141542295615 25.7984337894037 31.9103029698877
0.0716791329412142 0.651343794243338 3.17102351344184 12.7245032692062 22.8930599513666 28.6965465215095
9.26520858981295 12.7875822832418 21.2954176289689 39.7870481029991 55.9881345036449 64.7639755000393
-0.0282777136003309 0.131258013585056 1.81619091126984 10.1428833977629 19.605804182558 24.9920911657703
0.469930513219 1.41792877853241 4.66222301813864 15.3480608187115 26.3642185690148 32.5358085996161
3.49512538609499 5.76540630032647 11.641996646689 26.2300292472684 39.8516612574608 47.3004618454172
1.44723854973086 3.0026381878932 7.39305364111778 19.8174926198906 31.9544500988885 38.6855744303272
0.782972566763318 -0.0631389318288053 -0.390675374815577 4.96393212374649 12.3810457195031 16.7888702243066
0.0577162073658589 -0.136685591438343 0.850969364223986 8.09995631198463 16.758247380078 21.7900712562526
-0.0323232100716248 0.148239248152151 1.85906673847167 10.2461832584213 19.6969843673846 25.1093983314759
7.31480061990817 10.4922072346247 18.1657630596242 35.5392069962337 50.9820389504868 59.3964383741166
0.0696710721750287 -0.118892757318899 0.906778551916928 8.23054180558712 17.0375382591936 22.1277912264833
10.7624421463582 14.5765312925663 23.5516747138047 42.8267942558003 59.5713744367238 68.6105533750426
0.437775341009081 -0.159035148675582 -0.00969207223088048 6.06694394473661 13.9830812797771 18.618895358359
2.3361321922731 4.20590504933863 9.32234271090766 22.7885936466737 35.6190147680057 42.7285684475158
6.0852318190081 9.07347015961346 16.2221118974252 32.8226212642036 47.7973513535469 55.8722286717698
-0.0466356663733495 0.0509598969234841 1.6305717841751 9.78510562719024 19.0594228265844 24.3767870071795
-0.0218008319641085 0.0846058597322748 1.69699638404017 9.91816368733672 19.2713245494835 24.6336893585272
1.14010548006172 2.5116786416845 6.63611369281209 18.5832753122415 30.4046643725399 37.0148886586223
6.35845210174847 9.33962402261431 16.6805040437052 33.4664458009041 48.457528653671 56.6626061629583
4.73242644636716 7.32580949088796 13.86587183328 29.4682047245078 43.7679690440331 51.5762511613091
0.902535659576333 2.13804752077124 6.02507747742105 17.5777774789652 29.1479458983018 35.6216307556966
1.60531568351645 3.19707506902415 7.69933819648856 20.3190512767915 32.5772236220659 39.3976750180236
0.0482638616353511 -0.133109978807156 0.80810617082898 7.964338701899 16.6223686866713 21.5760611976907
0.00391479567454745 0.517477817204016 2.71784521919889 11.883363629692 21.911322999037 27.5142597703856
8.87850406111596 12.398422462356 20.7277627515843 39.038948794117 55.0842165676585 63.7699700903061
13.1015726402816 17.2911000229275 27.0699383728997 47.5101658482412 64.9468255788069 74.3668473837866
0.441144348851685 1.36317707620012 4.55640576856829 15.1672945943391 26.1361698939406 32.2902338094911
0.342761121339584 -0.182313065382595 0.145252610267284 6.40945967707244 14.4314133697267 19.1425786051167
0.286753014567658 1.09800203466056 4.15837984150046 14.4536621653419 25.1328031627899 31.1821933058654
1.2966097776329 0.1818446303826 -0.713863808041834 3.76546945232972 10.5729920388143 14.6623299111219
0.311359610743084 -0.176632161559905 0.205433839789399 6.57686972999479 14.7142964009393 19.4436025369798
0.4063386912715 1.29349370749563 4.41745752516156 14.9447210633214 25.8498531730093 31.9684275614837
5.34100121998519 8.14129444421172 14.9795449268402 31.0537334316158 45.6637885158076 53.5875434172449
1.37119916124431 0.218521612131609 -0.722323087768045 3.60503236183436 10.4047097802304 14.4567779047098
1.2222117414468 2.72182420684879 6.91095390134277 19.0301034099675 31.0239862352378 37.6151935507441
1.0229930040999 2.3408703694643 6.29374143909552 18.0680902960402 29.7900157932896 36.3271310459508
0.310462842192969 -0.179713083710333 0.198878419494908 6.56923897412726 14.6894907451126 19.4315894251115
-0.0216812625266292 0.33051500594751 2.40164288521627 11.2797796821218 21.0814890606844 26.6442034097928
0.910308931020724 2.23989187493771 6.110871179559 17.7525660024626 29.3767058354096 35.8266271327501
0.0683338163824379 -0.123874175184856 0.866164627600885 8.15280239073626 16.8908127049971 21.9284938259818
1.09203655731582 2.42946570981167 6.45616843910171 18.332048297387 30.1222292903245 36.684625336422
0.939307059852154 -0.0021498507879998 -0.49840005403031 4.55794266335494 11.7617429718757 16.0708213068902
0.672041690563117 1.77868506375806 5.35957415837821 16.492236378111 27.7877065331988 34.1240445005194
0.397773927089168 -0.168644880512986 0.0637913784523591 6.21976149997602 14.1945157871337 18.8733251182689
0.00799174305865976 0.383213289099451 2.47189313655519 11.4414000067378 21.2827250774268 26.8862222833979
2.01254661670567 3.82247904423406 8.69169823063101 21.8155853484855 34.4726531874458 41.4032234025233
0.143209667944043 0.805727366450822 3.49116562958348 13.2950424579147 23.6761872931029 29.5608276233058
12.8043259945861 16.9562421300828 26.5886053687132 46.8814481653843 64.2680395004877 73.6389087079314
0.963581479303935 2.2726068562602 6.17841142370067 17.8786182735391 29.5791970135032 36.045487611668
10.8940860357456 14.7277186310946 23.77123722212 43.1030013995249 59.8973587578686 68.9557154978295
7.49568888387492 10.7014290465844 18.5014474154394 35.9703709697751 51.5007347086974 59.9555880935057
0.00845442321815293 -0.0602629576669763 1.16557687717985 8.78198695041871 17.7539711709491 22.9043519455009
0.0649413799295281 0.57259827923125 2.95550929553496 12.3187039721999 22.4397516162837 28.173719413285
1.02887314341244 2.36897042565446 6.36380347335943 18.1582997552399 29.8943923694554 36.4214588951113
2.28715714982023 4.13979031748445 9.19920848803514 22.6131727473638 35.4374076545351 42.5380546576045
6.6051564649195 9.64819263025603 17.025419884 33.9471649798609 49.1327515617673 57.3664311778102
0.248937886537528 -0.185940255009734 0.308925923658295 6.8549997820225 15.0519869387295 19.8478696016193
0.42234699348049 1.32208101795424 4.48091034993916 15.0417701910179 25.9581398557064 32.1063494283688
2.82417539202414 4.85796641679363 10.2798423009847 24.2320764245504 37.4367938498987 44.6973113891638
13.6031161144028 17.8762010844489 27.7525358993367 48.3834367725124 66.0196767003282 75.5181151930292
6.53468894722407 9.54421994475942 16.9491713693128 33.8332438592483 48.9422297357092 57.1794717278631
0.621546493540467 -0.114542915837942 -0.235610942644534 5.39833336135487 13.020822126951 17.542194272202
-0.0102578830009024 -0.0659696608408035 1.26526051387857 8.98645185123074 17.9609195298698 23.1493334157576
15.6192116759871 20.1779538075728 30.6802018427694 52.1904337948839 70.4001900486999 80.1961883494141
1.83620907749773 3.50283708734561 8.22661071289842 21.1350325675033 33.5626769290032 40.4835736714351
6.71042694885098 9.74777399324792 17.2164188384449 34.18338673711 49.3926604330873 57.6709956503793
3.28065180060981 5.45227850922174 11.1568647555408 25.5676291852918 39.0293978519471 46.4553180725989
-0.0214305912035229 0.0405105012992501 1.5457247131514 9.62213691107948 18.8662291959453 24.177181175193
7.42851170164545 10.634284343099 18.4029269834496 35.8193332726772 51.3391076929178 59.7624980396772
2.65009342526499 4.62006271145832 10.0047999680327 23.8275330534891 36.866658257929 44.08849972621
6.92839473297602 10.0649397421798 17.5607684543344 34.6882103203213 50.0188338621171 58.3210467195461
1.36353776096983 2.84624851100541 7.19193705855002 19.4756287917419 31.4984129589908 38.2088900336862
4.10528202325828 6.62232347458684 12.778636228606 27.9367157285737 41.9362677278408 49.5223980075135
16.0769715079972 20.7494941731125 31.3412099071635 53.0735795239767 71.4145277273074 81.2398661187569
4.71266695949196 7.29619283799158 13.8732921582121 29.5013098508142 43.7146650706677 51.5393656976716
4.38479769607993 6.88837464495969 13.2735935778665 28.5999896088298 42.6932575564991 50.4323860829445
11.916680801985 15.9352320940876 25.2808795729016 45.1323395103395 62.25570084371 71.4872660867392
8.27502937052461 11.6320933609858 19.7393922452903 37.6507686224374 53.4935995978148 62.0953943036394
5.62673297739957 8.396971033982 15.3632686718158 31.6104045335825 46.292606225256 54.3705512386351
0.736954190523269 1.86002914593234 5.44811333243967 16.6683650489491 28.0701704952927 34.4299644790601
3.1069034383894 5.23339211376913 10.8554889892542 25.0871328716539 38.464718244143 45.8184332144552
0.0528910093611728 -0.0916949349721895 0.978463131433775 8.43494585179893 17.304096319674 22.4028709987133
2.72075159014378 4.72066800624247 10.0853993008686 23.9432632230638 37.0602308172787 44.2889880774027
0.248977192203984 -0.197322304562151 0.3185207191463 6.87010224818179 15.1196564772071 19.9161495568389
6.68601333033826 9.71929637304027 17.1698255433097 34.1583635590018 49.3137313241508 57.5967328955677
2.43329426412606 4.33375174411501 9.49761599402289 23.0630565760268 35.9781152417796 43.1224424322933
0.249793162368447 1.02137440289133 3.95172043462693 14.1054224652723 24.7323388963546 30.7310271294508
3.32992077321874 5.54206035047994 11.2934171544474 25.7394148695419 39.258855047678 46.66914540127
2.71619579301741 4.71717841169543 10.0887273734753 23.950061775309 37.0678725310385 44.2896992067448
1.71489037190505 3.33554034834494 7.95215109236983 20.6866750215381 33.0449346855399 39.9120463759828
8.26500583587623 11.6231974026577 19.6944128212844 37.6378730981581 53.4584151004563 62.0599625119216
0.00351374961074037 0.394438401048974 2.50610355279092 11.5105576926511 21.3777313212044 26.9973312650798
2.71386516718287 4.72793356789007 10.0813043879412 23.9377627886981 37.0688703183043 44.2955246687946
1.86433136499711 3.55475795001956 8.30667030729896 21.212656824617 33.7264770756993 40.648317350419
0.0440489243803575 0.500740737992471 2.80699069437335 12.0573447375568 22.091812646312 27.8002137558646
1.28569883235689 2.71947977639141 6.9583677277938 19.1193190630562 31.0964202837015 37.7781604225143
6.36015104013597 9.39530861478748 16.6743990070588 33.448090125743 48.5509904596476 56.6835887640648
7.44722906586736 10.6906784764347 18.4412916992586 35.9237372190636 51.4171515733281 59.8159598857679
2.00165252524777 3.76121584268523 8.61148110031519 21.7218429399666 34.3019434651397 41.2850940272282
0.69181495660746 -0.0962828331926141 -0.307648814995043 5.20310887964998 12.7065955656163 17.1701083138487
8.39392295742528 11.8483729001871 19.9415029057973 37.989537562224 53.9106165792557 62.4701107941173
0.114191655630192 0.704541548565854 3.21601837094468 12.8256649970963 23.1176513357981 28.9208545656373
2.83123427051979 4.86705666287452 10.3391523054915 24.290318582971 37.4938585039454 44.7713933211309
4.02065042029733 6.42758403694197 12.5750342487384 27.6305451025862 41.525108259082 49.1677777234715
0.34486520697629 1.20408146059879 4.25619660848399 14.6397317725103 25.4484481686457 31.5296495682988
0.103624965771934 -0.137151286149635 0.718210455051262 7.81170292091842 16.4139039435269 21.4033130501956
6.63185531588674 9.68391116191155 17.0722257156561 34.0117060117843 49.2090880886189 57.44830945659
3.30699459064469 5.51002887737338 11.2517526690665 25.6546197819143 39.1629442314948 46.58010042888
-0.0460685461708512 0.0635067343790274 1.67759810881671 9.83791432295011 19.1615734577091 24.5033087978623
2.35829648013824 4.25769523136937 9.41275732309443 22.929306027695 35.7991720941414 42.911211307908
0.116010842478887 0.695868439746002 3.23979401373259 12.8499130889218 23.1441052940483 28.9569232834982
3.49716385585136 5.75205075783582 11.6200522210438 26.2031022739613 39.8203570187772 47.2990574107694
7.99692456835782 11.2822862192643 19.2465491150993 37.0052611186472 52.7471627605002 61.2985326861906
4.2421046632647 6.69550372884863 12.9506954043125 28.1617840743409 42.2116679551896 49.8901817160035
4.81695698591307 7.43085834613673 13.9851756947494 29.6882494496244 43.9838742993284 51.8323786877027
2.99336611249751 5.10034833755351 10.6542012712085 24.792727805684 38.0808987214952 45.4022017717663
9.75722862429283 13.3968678757127 22.0369060347518 40.7862056299663 57.1739268110399 66.0451397064084
-0.0191877554533147 0.265730008535043 2.18553936784183 10.8855275004135 20.5799430699999 26.0842290243943
6.8344966399641 9.91269405373404 17.4204252081533 34.4820364878095 49.7374328003677 58.047853398309
4.79182895843221 7.37030319429386 13.9366507909951 29.5659357900532 43.8856578851684 51.7115613770258
-0.0464059752243961 0.0294825516121592 1.57733375721158 9.64955800862042 18.8957560820509 24.2080973027319
5.92046909067366 8.81373594908285 15.9107894454554 32.3616973442398 47.2498657928792 55.3269495134102
0.128267394605372 -0.141768217619293 0.626613270235996 7.61701979053598 16.1730901597122 21.1006615409666
-0.0636597627794142 0.149593544582909 1.8215368115404 10.1805365338056 19.6162754804499 24.9562333982157
8.04522012329483 11.4192459125499 19.4246073577645 37.2635673246691 52.9791275503866 61.5098228419925
6.52341722143235 9.50326489661441 16.8914075887696 33.7366939808922 48.8314095496863 57.0934824115049
-0.0280085993214661 0.0486616739036716 1.55145039124476 9.62074230672042 18.8763182612244 24.1855346648125
1.30354872148929 2.79550424193532 7.05871543664716 19.289318540787 31.2765567535544 37.9381817484771
0.602693697028698 -0.0882313843569619 -0.227517541717927 5.39461110196684 13.0294453199134 17.4774250500875
6.41585316738772 9.42957180225576 16.73238269576 33.5758915350069 48.6445483364374 56.8554794289274
3.39719093892384 5.66749196293438 11.4790567982975 26.0146055366277 39.5747681072306 46.986778118889
1.43977111782261 2.96178769055548 7.34528227827238 19.7281383200841 31.8461952162446 38.5893854955834
6.52186276879915 9.52630152203003 16.9052552721018 33.7845460361404 48.8924579925955 57.1335392191525
3.99945012392092 6.40140744038517 12.5477918285511 27.5772175622771 41.4715291596071 49.0944643279461
3.52863647094537 5.77859028214259 11.6251254702356 26.2462221456365 39.8868437201294 47.3700311225413
0.0331725184422483 -0.0937839459012516 1.06978190344325 8.58445630759763 17.4766126107136 22.6078332302626
6.22888598150284 9.17216788956651 16.3757889841614 33.0623171049425 48.0651344368846 56.2310292211553
3.21909529957078 5.41921923916269 11.1405124119181 25.5187958954963 38.9476711178275 46.3178209971816
0.822183660257122 2.00141786541023 5.71914753035623 17.1305259656826 28.5976390150927 35.0143392282173
0.147674044866155 -0.160215172493501 0.577571545499134 7.50674078215381 16.0193072374077 20.950732531817
0.217596209489173 0.916800024868789 3.6714521792047 13.6126440817787 24.1731915694381 30.1048360213692
4.21793832385406 6.67216367368046 12.918898998552 28.10863635339 42.1606407802074 49.8316575089235
10.3085807965706 14.0849783348941 22.8962959648874 41.9497584432402 58.5693466742047 67.4872748708031
3.72750391016198 6.02033955222915 12.0350117175613 26.8245559388132 40.5602278786628 48.1123415990379
5.97494520071039 8.86149385466192 15.9809098311346 32.4668930974658 47.3574923799925 55.4703151531105
2.72305123590496 4.73412517812084 10.1004335301829 23.9868694602395 37.0972968626419 44.3324080316484
2.71910224454678 4.83696453247454 10.1797108730891 24.090149539777 37.2994731046321 44.4421443603598
9.64865933016083 13.2661252699105 21.8709003883883 40.5529540363068 56.9131227164722 65.7632379324987
4.4496640262717 6.98622912682613 13.4149468257843 28.8116477550959 42.9267235228716 50.6637408489288
0.701046422502323 -0.0991299365651439 -0.317245962772787 5.18711990680631 12.7486298324615 17.2123213051929
4.3995331021592 6.889693783241 13.249682227653 28.5992218116464 42.7125014416846 50.4346801714515
0.777159335775326 -0.0653136092973498 -0.380655684622412 4.93457199530545 12.3461156063144 16.7463115463843
0.00381695501975142 -0.0503827763563586 1.21008847386952 8.8884506072576 17.9128843884401 23.0880560826334
0.807859226020019 -0.053065898233954 -0.409091509999595 4.87619024760054 12.2441757934873 16.6126905117756
1.19269827240306 2.56564036221789 6.66546221851942 18.6917288456779 30.5738082467641 37.188630359263
2.65542002245271 4.63436027295091 9.96902876007178 23.757592498378 36.834745001846 44.0491722634942
2.5986121638286 4.55225606517591 9.81713836858942 23.5640673213096 36.5995688007498 43.7977057583786
0.852903647426167 -0.0337372362916133 -0.430969743031378 4.73578930958167 12.0920749126218 16.4590352428997
0.291196753068862 1.15841121327003 4.20933488609289 14.5503626988587 25.3000849865086 31.3172215221589
2.9151679962673 4.97273835763904 10.4597820512776 24.511127044426 37.741929205628 45.0701310907217
12.1287053421201 16.1575566231619 25.5722885499543 45.5275231610342 62.7118009523001 71.9737081606253
-0.00312716830085956 0.383519436750097 2.54562676303579 11.5495810398552 21.4104871465877 27.0306852767663
0.80306617807759 2.00230820333827 5.80499980337957 17.2392534164992 28.6532714781692 35.0699661421679
-0.0219459615755431 0.218103857637583 2.03722630371935 10.5919428701891 20.1883558809503 25.6580021517317
10.7191180492164 14.5364541331311 23.496181324818 42.7566177656891 59.4724485563739 68.5080355495565
-0.0224349172549594 0.127195872873835 1.79976588442444 10.1365780234877 19.5533700899485 24.9815472174502
0.588728027334363 -0.13184930742452 -0.201619108096765 5.4931087947495 13.102759276541 17.6270588987392
12.1904889301794 16.2686003545641 25.7562397606772 45.7675488179856 62.9425687801571 72.1947194162369
6.10373009293578 9.0386043175541 16.1933157426906 32.8189925615725 47.7472718690421 55.8966386350976
3.2701376534843 5.44347255533524 11.1723192300219 25.5630839856305 39.0610621787912 46.4653099611468
15.0195302829631 19.4968649070224 29.7974885889415 51.0656368892329 69.1199649599705 78.8140100570509
-0.0268328909158229 0.189135446693768 1.93795192796156 10.4113675712565 19.9387840344724 25.3815147176916
11.9072042575084 15.8996062624478 25.2534528058779 45.0986722830837 62.22084787084 71.4581398805247
0.348264995388455 1.16815342746631 4.19404627430624 14.5419643665165 25.3369720155769 31.4013267643488
-0.0277601259996353 0.339716878856758 2.41340726614789 11.3224960679674 21.1205305068123 26.6576215933383
2.31440983234599 4.21327640223001 9.29354941232242 22.7372156628674 35.5975255827262 42.6756894967135
3.94386564238754 6.31335046453865 12.4318129584216 27.3986541314693 41.253974375969 48.8800445728386
1.01938389325355 0.0550029395822625 -0.553342732465607 4.32249669074104 11.4233023615124 15.6202831227253
0.156069580726338 -0.155134441784803 0.555848741457397 7.43476594248598 15.9260260642053 20.8464423401928
4.59292294031554 7.14689256628229 13.6108417383816 29.1009501562076 43.3236599304878 51.1156997737112
0.434521442340494 -0.161497059967745 -0.00816866438074271 6.06474471475354 13.9622564309587 18.611189387287
6.31271338477999 9.28815753540893 16.5700168059187 33.3115126089907 48.3226885462483 56.5210944095967
12.4888620562149 16.6121170331117 26.2065579839157 46.3510464181678 63.6238739388005 72.9366687745853
3.70432357828739 6.01967109774782 11.9702038543562 26.7675375577258 40.4879872119021 48.0412499511715
0.00390022001595656 0.329977398690396 2.36874193850606 11.2267665415945 20.9983655550956 26.5894725565484
9.78320780255769 13.4543297391936 22.1098168374899 40.8869876441657 57.3095867709907 66.1451163855565
0.56203563596005 -0.131486570283838 -0.163418886295403 5.59111147946362 13.3076450338197 17.8466890798036
-0.0310625961024686 0.198833952389558 2.03904506183809 10.5459473721843 20.1814050396112 25.6110214306375
2.76926243596445 4.79432614744066 10.2123144328109 24.1310451722451 37.2719463360933 44.5236977796722
0.140115500241923 -0.153179775733335 0.483791412744715 7.25010821883877 15.624838222539 20.4226166119267
2.56181403522447 4.52278083904086 9.76973911168267 23.4822557829575 36.5057298526242 43.6797068323556
0.665435698992922 0.154001343604 -0.457993629922529 4.85324543903434 12.5694999185516 16.6260350967125
-0.0516743016197898 0.0302380528484884 0.273188382495989 6.16027160789233 13.7653510185066 17.6102140638104
-0.0437656006587295 0.0104159746420333 0.408513771850704 6.99486053087719 15.3729015544805 19.7018408683101
-1.55157979012304 -0.192705885322675 2.50531712258814 9.75478485392163 16.7193726139366 20.1905537303627
-2.49573637655716 -0.243260310123222 4.176051875521 12.1391031450409 18.3514191511239 21.4122179616022
-2.28068261033886 0.0430648355062675 4.60931034637292 13.2824646358091 20.2833777150412 23.7437291132823
-1.42574024915277 0.554298469002466 4.4398179797762 13.8045479949624 22.3894965818951 26.6496931857752
-1.25785042383147 0.973441607071102 5.37543792152557 15.4292315094845 24.41746590635 28.8866390495884
-1.69192329357255 1.36675469397877 7.30322869337403 18.1166697463572 26.6005660413201 30.7494214726625
-0.0752649021777311 2.07254953316177 6.58577151506297 17.9853400210289 28.6662174019059 34.1266308007004
0.684714784720518 2.55339442054254 6.58344388264763 18.4104480106131 30.1326989051527 36.1546326469591
-0.505837688053555 2.71537534870842 8.99040821438197 21.2282073667766 31.2690344854738 36.2041855374088
-0.419812590998829 3.12717589209441 10.1506577351368 22.842000188435 32.7419556161942 37.6568906192597
-0.0907711741104174 3.76586736002696 11.3781929197928 24.6518241872625 34.7276134088699 39.7160396369586
1.29344765602616 4.79839280001491 11.7267808579758 25.675472018442 37.3286725519948 43.1198236521707
2.65961512515511 5.83816360443593 12.1625570979071 26.7170636585415 39.7969897501406 46.3176460421575
4.01794799741938 6.76168248989853 13.0215879694899 28.2403592605473 42.2170600205107 49.613187053518
2.97937084500298 7.22773368343129 15.6476420949884 31.2713993113438 43.6789639363159 49.8434177602273
2.49738177735527 7.83825818123121 18.4683599008359 34.6628851228307 45.6377315802774 51.0971483517677
3.66373284236096 8.8358582417067 19.107312467885 35.7693026611266 47.7154606461429 53.6539186253841
5.4027154598783 10.2459996195243 19.8027177523499 37.1015312770635 50.578110759213 57.2523840958691
8.0774284544943 11.7831020146018 19.9564498842712 37.9476775207063 53.7121141526151 61.9817315603515
9.07096192370805 13.0878250390755 21.4019551429086 39.940577131437 56.3279709489515 64.6670557723227
10.1026555683173 14.4288519686376 23.4983103859307 42.6774303696226 59.1510213794877 67.6029535013022
10.5632435189733 15.7602813426887 25.9805970408658 45.7417212587863 61.8566755189266 69.8275062664272
12.0375526642225 16.7181774250134 26.3823845280127 46.5155127020609 63.6741305764055 72.4060267359408
11.9977257503952 17.7760997330989 29.1982877200782 49.8335491866805 65.9040593676967 73.8732220630091
12.2517155080448 18.6758903543094 31.4528240266507 52.5076325861917 67.7902954837486 75.3956305172207
13.2827910482445 19.8056937030742 32.7312397502828 54.1804761488632 69.8730688097673 77.6575421379976
15.4891576600595 20.8737236651514 31.8603314995538 53.5905822827944 71.5792171921331 80.6895043809259
15.8190049589514 20.9319001916234 31.5266450007473 53.2744675042823 71.6258521178434 81.0057560747075
13.2651071904532 19.1656700193943 30.796920789544 51.9346304591951 68.4817499048833 76.6688033137327
12.0465737063074 17.7403978013162 29.0587303656851 49.6582592525332 65.8094166013804 73.8514212857322
11.6680748641742 16.5398176701085 26.2768218806148 46.3132949026061 63.2984358210575 71.789650680715
10.4043594260776 14.8447647463048 23.9244883095507 43.2391439578364 59.9262209989104 68.3621037255444
9.45820267410057 13.5286763309831 22.0893814659094 40.8297430581762 57.2869176115243 65.7095758178545
7.66718948531768 12.4013449797062 21.7202980250656 39.9866305861058 55.0395847490312 62.4831956082647
7.19586303057876 11.1633138328502 19.3013789944355 36.9535620797053 52.298315215997 60.0788432901716
6.69044742095191 9.91691808026623 17.2452611708917 34.2622861547208 49.6166869181605 57.7399050575409
5.68475073636367 9.03005589071813 16.1184159402193 32.6163465731266 47.5538318285609 55.197051902263
4.83757972046603 8.12643729469257 14.9134383007322 30.8816000752644 45.4133847666652 52.7756942001919
3.89643073275415 7.18602600842896 13.8405097928685 29.2489827853162 43.1727264691722 50.166193760798
3.6373838086904 6.09969869267298 11.9158508081406 26.6626216136741 40.5584831890448 47.9321356895693
2.68169006076035 5.55720851171182 11.4115860433509 25.7511860440281 39.0291984952391 45.71400184343
0.976504462917585 4.66260001909181 11.9411639931075 25.8297879810348 37.0558402485223 42.623693309798
-0.0175807346948642 3.88174192463341 11.6059954292479 25.0026849717134 35.1349279324329 40.1628801942728
-0.499497114409098 3.19722436975608 10.4731466067582 23.2703065174983 33.048694708209 37.8788885486541
0.00324191435060701 2.70675248472481 8.11233519638002 20.2222524275602 30.9792672185122 36.3626048477548
0.388052210059465 2.26792964126457 6.20821279877597 17.7414980834862 29.1739249402279 34.9716506419137
-0.975923459647694 1.71550669595691 6.96061087213708 18.0809157992873 27.6940485224418 32.4307225773395
-1.37899920133012 1.21867627326181 6.33402175189587 16.9229032858951 25.9567366514629 30.4275646419485
-1.41041270353872 0.896417488820386 5.43159207555155 15.4891670032725 24.3810451687922 28.7853897940388
-1.64687961631302 0.56879863491573 4.85473385888441 14.3396293376259 22.7028242506868 26.8126132171306
-0.851916173728356 0.377705979217622 2.90065862384641 11.6014075429939 20.6769328177145 25.2425011013973
-1.21544556939934 0.0716380105534985 2.5305456828916 10.480648971729 18.6466704534555 22.6732155508298
-1.31131791509607 0.0142546975608759 2.58627521164746 10.4100843143732 18.2783762871141 22.1740326311819
-1.52829346994031 0.158845899399578 3.36073791874127 11.7333861581548 19.7107380928142 23.6084783276793
-0.11613998155408 0.587253312985928 2.65287744631506 11.7476584287147 21.818672370382 27.1848605312322
-1.05253229933352 0.666927220523686 4.20762052764004 13.7199805261444 22.8548903706911 27.4770778647774
-2.18797882006833 0.686733001805124 6.31428605364496 16.3381194942692 24.0823917808627 27.8919308946652
-1.63733214995565 1.10444386022249 6.52251817354107 17.0530087878499 25.6580018843977 29.9293805789998
-0.977334536903297 1.69197595413911 6.94490725920767 18.070619690363 27.6281622626031 32.3676774132739
0.106836397368995 2.43540087776271 7.02085168679766 18.7727146668039 29.8087315539605 35.2956631947316
0.969084778417278 3.1063224587381 7.57907678761519 19.9518253697708 31.9229395569005 38.0349112857491
1.55332388365174 3.73592609663069 8.4551154900677 21.4107216227136 33.9548617315716 40.3901359110344
2.13685480416681 4.42139269731775 9.46621073265222 22.9424852030059 35.906568379755 42.6322101569562
1.71245050171787 4.96866088869258 11.3470333439778 25.3558657761571 37.6282412339896 43.6947509322514
3.04998515933551 5.84384650606918 11.7652995026945 26.3322076763434 39.8082007331675 46.7190458403831
2.9707497557058 6.50585193098582 13.5174469500723 28.5524594253636 41.6002033897007 48.0975601844266
3.22197194752798 7.27260349031961 15.2400591529062 30.8399798703789 43.6414251979798 49.9775184270059
4.21519288350597 8.29119568199679 16.3352453873711 32.5081969538498 45.9999509931188 52.69790007817
5.21385453050433 9.29285062223795 17.3855849376547 34.0796997901505 48.2275154160896 55.2724912987389
5.86088892825653 10.2821166124335 19.0184394627497 36.2544432001635 50.4910962801633 57.5574418750808
7.0276099900386 11.4991560765865 20.3772803410303 38.214340793878 53.0971432701807 60.5119603219031
8.80607214960333 12.7315510410355 20.8615568731151 39.2440135451766 55.5579268882943 63.8701527617148
8.14841635324033 12.6591950098301 21.7681483831033 40.1567691309544 55.5540423233991 63.300391904723
7.61773512632722 12.3682628084659 21.7411772514526 39.9985314181829 54.9617644979632 62.3860543149018
7.73185725180798 11.6902341150401 19.804355967306 37.694648134846 53.381954720314 61.3478880840856
6.25093822999424 10.4876943522582 18.8224482946183 36.1299506712063 50.8608207525416 58.1544606660791
6.01907482531839 9.22847580278044 16.3809185096987 33.0260139456447 48.0556296478876 55.9387851678628
4.5551604349618 8.18031941441044 15.3916819076104 31.3979291242585 45.5274685597887 52.5733381643885
3.86193024915105 7.20817900886913 13.95471804609 29.383810173458 43.220841595681 50.1673659981822
2.9720559321239 6.32493470995444 12.9634127738543 27.8501198987669 41.076611083239 47.6505165979113
2.82431721132561 5.45210648234781 11.0380061342382 25.281544805969 38.7228923848263 45.5944258521196
2.25908283968439 4.61543492194763 9.81792665655637 23.4995047649725 36.5319090119587 43.2697729566277
0.545409785817653 3.88327780319313 10.4056716599239 23.6105043794831 34.6887695304653 40.1516082325665
-0.0226890287211345 3.0626736705722 9.21515583474629 21.7553281786024 32.3241905612378 37.5976805527937
1.04319033964244 2.77837853745879 6.6536938662395 18.6563030432695 30.8177875241677 37.0982818048816
-0.0270969914612866 2.29089799275431 6.89080774227579 18.4930338222519 29.3878362391233 34.8084937993019
-1.01577265802277 1.66061384226979 6.84499205028096 17.8983527991705 27.4756186597374 32.1790180987215
-0.449088698512361 1.31821744016136 4.90431912565753 15.31263907792 25.6079016869503 30.7759619316238
-0.570157372389626 0.96003617002088 4.0155920601229 13.8319510595737 23.8805430948663 28.901176109214
-0.813307181970358 0.67968409026643 3.60758145312984 12.9470294065333 22.4528082926968 27.1729290689389
-0.510026287277612 0.464084952699479 2.52968454438617 11.2843899666737 20.8803149025 25.7302706047018
-0.526075538242557 0.201883026911054 1.90111359436569 10.0528765828339 19.1585961181715 23.8215004547268
-1.35333535349497 -0.0395132324695821 2.40078857913389 10.0541173687565 17.7869861474739 21.556762909934
-0.4880316199773 0.00013997845150827 1.14586803478325 8.24383786220482 16.591032972437 20.8353890100996
-0.649910149561975 -0.0537861138681179 1.0702587822693 7.62764539269191 15.2256518407868 18.9911901848526
-1.15224790094699 -0.192522500429439 1.62265223775329 7.70342357757713 13.9929934830815 17.0865352758952
-1.1669706779549 -0.177808831806204 1.65490344967719 7.17711877201944 12.703394701293 15.3956830988825
0.292642166350414 0.175481209463473 0.0393796350096735 4.9526534091197 11.6188191230315 14.9973633239668
0.512952901416376 0.282725100011552 -0.180850400299295 4.44433270568657 11.0579441799256 14.3600490948426
0.618148163793812 0.366130845434914 -0.150525756272505 4.20080411511267 10.5717194917208 13.7417605320908
0.882053355608642 0.456247325084731 -0.379727432276223 3.82994850301444 10.3037610487156 13.546403747704
0.174254827260735 0.262371645889945 0.397473160694066 4.69552502808144 10.2546550062145 13.0201535911582
-1.11028894713871 -0.0903504771525042 1.8499201527149 6.3723411251303 10.4515896405654 12.441767521451
-1.00108747627862 -0.0836186121412941 1.62672910646448 6.37394726581887 10.9935900467503 13.2433261837404
0.493692955639231 0.153421080639575 -0.141064432304892 4.75615151842516 11.6249711283987 15.2344288847676
