9.41675397569688 11.4430543486223 28.2505845480495 48.2261387208301 133.210705508877 210.086555020942
8.82687152437343 10.8557331763771 27.2438087625793 46.9656257622068 132.299297364213 208.327914636177
4.44750308689278 5.75132488415211 19.644268437005 36.4206314441146 121.085746598587 194.466014551955
3.2211298508591 4.08270612112795 17.5537400583386 32.2723801021602 117.188448129202 189.758838020935
7.73558743375226 9.83832012407541 25.5358990434858 44.2511090873867 131.32002601661 204.891061291914
11.4050510078811 13.6982362632085 31.5435187979628 51.9986334825723 138.203127130843 215.376933250475
0.882150463377907 -0.0359584674556605 10.317103202605 21.1829308000748 100.369610146861 173.905169603609
4.65200752504273 5.60196180230271 20.2257401204917 37.0104943458942 119.916563319905 195.457836029191
3.51519080426173 4.57277365946987 17.6635777226487 34.3146951912075 117.570642660353 190.927784035115
1.01468904514293 -0.546886667811154 8.70246140369952 17.5752429598858 95.5306311577114 168.658605980216
11.1670691471769 13.540045456445 30.8954364031446 51.9150163606917 137.629116431973 214.629418356033
1.4021170040998 -0.699833310197802 8.0826474477038 15.6608517869244 92.4908150729798 165.399371656339
2.33367967067787 2.43141074482525 15.6372796926952 29.128888865174 111.266410985555 185.992591533568
8.85746014650986 11.3892855223796 27.0928713633039 46.9881475432733 134.974565861186 207.807835387642
1.76607272245171 -0.543691027691422 7.77656248670314 14.576445355622 90.9363423230269 163.962773622739
4.10105427120555 5.0792492637935 19.187868909731 34.7834871414808 118.950081482845 193.518860950503
0.858702142899396 -0.453521223062123 10.0629432061758 20.039634948109 98.5470462210332 172.33676280393
8.87282284000618 10.8692789058585 27.7164502259682 45.9569129577592 132.97025585587 208.575499080525
0.94143740212927 -0.631323356289603 8.89660002965116 18.1180427319703 95.8694746195053 169.006735561777
1.46812332084117 -0.767565442880179 7.95117123397348 15.5833944303658 91.9859570487706 164.815825956233
5.52419054761935 6.65340746641585 21.9940128776795 38.9864226328067 122.910640319274 198.497991408867
4.53624347596195 5.90741281564979 19.5883020202867 38.0256546141113 120.913153761249 194.86837247411
1.7101142948265 1.27059445266996 14.1471298684652 26.7377639127509 107.111530862734 182.416462248036
6.84532593470683 8.75360338554603 23.8139291215728 42.3280786366674 127.906742854084 202.446299860299
4.32845968833181 5.16523023945935 19.5783261241336 35.7125379147732 118.689384782818 194.371757841094
4.24905444960912 5.50835898923385 19.5173369320948 35.3931516934006 121.150374720071 193.65077950437
10.673925983 13.8951237663375 30.2327738556225 49.479232000791 142.110640242774 212.411068632176
8.17303998198063 9.99830067340993 26.3320750743888 44.9733161737524 130.299461059511 206.788923977794
1.12435485996916 0.302258405462283 12.0494552296416 23.9384480968699 103.030585320655 177.785955525193
1.84641954092682 2.24222525917458 14.1742393317025 28.1178259952963 111.299727215923 182.984786041504
3.97397266315768 4.67901416949301 18.9965364094468 35.0086314197423 117.363893153659 193.068904993245
2.20963107823696 2.52532657580676 15.1175967101827 28.4152779177969 111.562837377107 185.16242425698
1.09500031271765 0.231706950223494 12.0245863024043 23.6142478770542 102.847220560553 177.469249331852
2.86903326810767 3.19042937954462 16.770519234264 31.7069998542666 113.441072406242 188.4146053928
0.848371882013302 -0.338122405340755 8.8467258045972 19.4061168234749 97.0697435753485 170.097648228615
1.63547804362067 1.69824391024265 13.321154666366 27.3328813213203 108.174802121277 181.792105514708
1.28668972358093 -0.64837638520943 8.05869417174186 16.2301310574027 93.1767155337716 165.9434832261
3.03312973761422 3.43055299844678 17.0468656502848 32.3301132194049 113.996822316265 189.163019672365
5.45477412447378 6.60889256779887 21.6762589162385 39.1492185884573 122.322038056624 198.268009401567
1.0466752046102 -0.358009916682789 8.53806446083548 16.8034916834516 96.2018460246863 168.052689062767
1.87667272893548 -0.224042408130136 7.4798257644945 13.6051566883516 92.2417568766741 162.312210453891
0.864708348218873 -0.27733636708584 10.2147753570219 20.4509120704721 99.3227004564189 173.055629256451
2.05894661577767 2.00520440171711 14.8127318448656 28.111751551727 109.266345780545 184.496323781785
1.15424786156926 1.12688625108765 11.9394837848454 25.7293793497504 106.261809440467 178.431097191677
0.86490510938901 -0.103711856612866 10.6735338102405 20.8030899228121 100.979093945623 173.92415543817
2.31709874193788 2.43362244874376 15.374605412456 29.4582193245773 110.574086578302 185.80914760193
2.12045731692749 2.03398774571216 15.065984168521 28.8435062176483 109.719390740198 184.788970796349
1.3666658779184 1.09277450532088 12.3810378783125 25.2201687489171 105.293608856419 179.787563179448
2.62250772744749 2.837048710397 16.4246683209655 30.2217439604041 112.836478241163 187.409082726311
1.57695149161001 0.0318896923543816 7.12328826218961 13.9804090674072 94.783455367116 162.097480654862
1.10159373685041 -0.734676511639828 8.57956711765024 17.0208113950963 94.2761426149907 167.535472001618
0.74533388252842 0.297720019855157 9.80148467538943 20.7841109679835 102.381054170547 172.610051847841
4.5363482230911 6.14463917738406 20.2502854696595 35.5405607066801 123.849869336409 194.572817313099
8.56970999848376 10.4853800916887 26.8122534717618 46.5662651989411 131.163741369716 207.674357139614
1.24685497120964 1.01840616440679 12.0360011692604 25.2215504854336 105.272240322478 178.891495805727
0.803754236640208 0.946324102709295 9.71271014813293 23.736290264594 104.394365228013 174.569004750493
10.0775127933817 12.5980943419091 29.0742955643721 49.5390096804465 136.529437745365 211.491424526837
0.852465775562841 -0.417256156416108 10.0024270131987 20.048534157547 98.6001739734983 172.274062213351
1.33598356261604 0.735314912904339 12.9988434083848 25.244101123782 105.271633905077 179.827727955904
4.28455928238332 5.5178498857331 19.6957354797439 35.4396199660914 121.225105792941 193.849994156599
2.21961947085474 2.7547993917522 15.3264002709743 29.1696770530514 113.356202649246 185.037379848748
1.67315765116409 -0.380709585778485 7.6477012746486 14.6026551202146 92.0442044583662 164.073717052474
0.842340058373048 -0.340226130506367 8.4415235620846 18.1966438217427 97.410863268505 168.202050524894
0.836064700527943 -0.368645991085193 9.99456175369145 20.1651000353789 98.8881390103289 172.30591797785
8.20361297176414 9.8248879937528 26.556619570246 45.3194527204447 129.755758644889 206.81869577701
0.96865675216571 -0.407214706499513 9.00038185930171 17.709736887171 96.8075729614018 169.525425098485
11.6463503922225 14.0953825144425 31.7257189134942 52.650171752707 138.921949085275 215.856472670199
1.33330612002385 -0.826744336033633 8.39876831448061 15.8423787994623 92.7552267247509 166.048584143836
3.17774986883201 3.82438371410589 17.147841606274 32.9700505568193 115.020232595131 189.727577977228
6.81832109645581 9.27833206620814 24.0434591112669 41.1710497215989 131.856412286165 201.790439793619
0.767847973592902 -0.265260557399499 9.38883536420742 19.937239486387 99.2180901040141 171.006118902957
0.833301484982253 -0.321366628831258 9.70650844633137 19.8312887094422 98.7659672587361 171.776459187994
1.91597862861478 2.27320311807919 14.3025479345733 28.708827734999 110.950515070813 183.578013815999
7.09476417266676 9.28155911006247 24.0998829242573 43.4124900382076 129.899759714743 202.769903441348
5.59972407800735 6.84113632315738 21.8715361696568 39.574889287748 122.96290300714 198.67057527733
1.69780152862308 1.89613893062037 13.7128342731834 27.6408332347236 109.576143539466 182.224574408351
2.48655114958645 2.63579514900639 15.8150563338718 30.39111888852 111.297710473897 186.70978749227
0.789916176366929 -0.114647748223795 8.27931234300776 17.6154086349331 99.0024867270954 167.474819185199
0.725989179736269 0.669531048251077 10.2939809313459 20.816089809884 105.195889693468 173.351072375927
9.56834835520678 12.522747884368 28.1672527668348 48.0335376689026 138.365318650373 209.446255990897
13.856122865035 17.1426994075502 34.3506111608555 58.2052262676001 145.109987689509 220.748149919471
1.34928323425766 1.05876634575318 12.3975728980872 25.2034236407953 105.279514714885 179.619570407634
1.16178324875425 -0.42693761451814 7.7349188839614 16.7473551493 94.3003225106426 165.878576377089
0.992187989069772 0.878929715781453 11.3821370114738 25.5212734621496 105.286192152183 177.303193400809
2.04032616475135 0.321469982638435 6.58756718144663 13.5623159241966 92.7866940581357 160.739915976028
1.18637639667555 -0.707256742578375 8.36571061020843 16.5225610118058 93.7654292554307 166.692466236094
1.24656714737422 1.1387241007401 12.2437539808147 24.5214490248085 106.435861380491 178.919143065916
6.10772470125533 8.05084501946722 22.8401700398453 40.2822818535545 127.958340310644 199.73225547419
2.15431200232573 0.243747839430927 7.15216903207308 12.4460033675299 93.066721637654 160.739057454978
1.94443458885697 2.81119132340747 14.3882572797908 28.5373909344832 114.001969533428 183.386130148826
1.90529368394326 1.7117631737035 14.5805187929626 27.9286868529487 108.714733948095 183.599467209389
1.15312003043879 -0.40141084474691 7.85835699573136 16.7058191853382 94.5663290446136 166.349892381396
0.811332710411301 -0.0731843396562271 10.2270771135765 21.6381245021152 100.364154185671 173.597388824
1.59082311567994 2.6080087378985 13.0792749759811 27.3002213513339 113.263361842619 181.234418116955
0.941887820620816 -0.641430713820398 8.95136009489435 18.1700932937299 95.9918978974577 169.113682493519
1.9721254552464 1.89928898140838 14.6546076613182 28.1841716785035 109.150747720831 183.985508622526
1.73852552964277 -0.190960634893345 6.88837121650515 15.2382893734916 91.4377330125628 162.793280723665
1.49814624338047 1.49819956915845 13.0493348705286 26.6706803699343 107.68299054707 180.936899229965
1.28044326145808 -0.692821367134935 8.17615183643112 16.2290747503205 93.129086841115 166.136358320858
0.882452990341089 -0.254026994856805 10.725090370522 21.3876084915875 100.118969260592 174.160214634126
2.75993922983568 3.6726021694509 16.676274525487 30.7160720719399 116.64865457491 187.576391537771
0.929222891699881 0.812046603832018 11.0971150828672 22.7554300576393 105.564061172037 175.91381025897
13.6546420079762 16.7278837577273 34.1894944681094 57.15724206321 143.947413626502 220.569493168175
1.80143815700446 2.16261026382819 14.0520519787 27.2495789573505 110.770791746198 182.731268163687
11.7536427570166 14.1802817028204 31.8742607618303 53.1138108347977 139.000942085533 216.098934873794
8.36534587755565 10.0967421674322 26.7166541726009 45.8706486592617 130.4704733362 207.186335458771
0.871104046703582 -0.611493068679045 9.26790937836849 18.8070616558014 96.9143050950885 170.007897929198
0.902347782928327 0.348152836813903 10.6937209306193 22.3036581228139 102.5121917067 175.040397593194
1.82137212325969 2.23998858696675 14.0814663478988 27.8430012083001 111.099629874034 182.901289085699
3.16831880823774 3.66489612162248 17.3067340630895 32.5138670820956 114.774143706348 189.755442502032
7.43720093490886 9.23811843044778 25.3643382538444 43.07719483459 129.808876619356 204.343551372554
1.02104698239684 -0.239807456562722 7.7951535779241 16.8046064037655 96.2543719177106 166.233699700593
1.33360148305245 0.782045206940093 12.7226362691055 24.8531365052008 104.568344403979 179.674859864146
3.79950261707264 4.51392701248781 18.3619091732331 33.9015630342113 116.09464161877 192.408608863806
14.4761276329431 17.5504324248745 35.4801584190216 58.8623088067957 145.008499603153 222.691077845922
7.37068758744679 9.27573220278109 24.7188853841396 43.8693030106213 129.024786516614 204.01570891251
1.50663196970247 -0.647345925875893 7.89811838967712 15.3763727490049 91.9922134763738 164.823135182345
0.751282040112159 -0.166629175937771 8.68888727750761 19.2080502103536 98.7769238059268 169.469474098908
16.3992796714416 20.0992979044164 38.3525043665334 61.981513241099 151.643037534715 226.749689013717
2.68322776118307 3.03327473067697 16.2437183507706 31.1660999398379 112.87022505704 187.571374164144
7.58077730459627 9.19640781064143 25.346096798465 44.1698932179292 128.415766785606 204.901047574983
4.13037422876306 5.13621558529788 19.0079804244288 35.5467155429095 118.690512138595 193.533844074655
0.833916088378094 -0.479557792953403 9.63730894504014 19.6323902689375 98.073711411952 171.305537133665
8.29645652321459 10.163762277022 26.3682332633666 45.9390324715029 130.477783930359 206.902318317996
3.3851171637572 4.49945030939592 17.0511369305446 35.0843575526651 116.911509459243 190.338949812031
7.7630573931455 9.66678945343898 25.8721295940949 43.7870609044607 130.704986731916 205.305046266248
2.15883405882854 2.70575577426114 14.5038109214293 30.1199392808826 111.40349005358 184.817943090871
4.85251796015897 6.65064816032619 20.5665375369565 36.7134982010207 124.92427686539 195.573852581193
16.7631458749742 20.8081973027858 38.9607435089291 61.8358297044771 154.419779308304 227.110160635418
5.45279145853901 7.29850627162066 21.0680068866131 39.7600961273406 125.146334533145 197.542996857492
5.17971387448175 6.59280128827694 21.3517755580839 37.8384444104384 123.814825440078 197.088990839898
12.8285796151698 15.4029247550126 33.4850456289074 54.989589004543 141.080483285462 218.896261119093
9.160732943122 11.282568306634 27.909584157044 47.373002510653 133.450922653654 209.306401993566
6.48042340119202 8.00139852722591 23.5879740651715 40.9151106886073 126.285519339406 201.669795073684
1.67673627355805 1.4741361158769 13.5995433302916 26.3517228291343 107.057344126327 182.117220196175
3.99124277174935 4.86777280723057 18.7064936918004 35.3608305348793 117.208545783511 193.088987084109
0.941086739099073 -0.435454439663236 8.94532137699552 18.3405765845983 96.5335104301067 169.799386826857
3.58045173315246 4.22738733706866 18.1361936337225 33.9674949096201 116.281175173396 191.414788950874
1.09814864558635 -0.782568880738013 8.5152759490153 16.8588551065034 94.3169136316755 166.98095891693
7.50376850859277 9.54082484547254 24.6311817129381 44.6671602742316 129.102567370438 204.376693569185
3.31386070732533 3.84035687507413 17.5651334867773 33.0679889321923 115.098876992704 190.335414742731
1.06818531414088 0.79871477042178 11.5680240473221 24.3903656710246 104.610328897131 177.478774695329
4.16839831210016 5.25835094467317 19.4682155518739 34.883901165295 120.10874952733 193.55021801167
3.59245571635472 4.1607349377601 18.3140662844286 33.7804771469925 116.228052228204 191.504704687022
2.58709977842676 2.76093410323566 16.0519150295473 30.858783253438 111.832595710356 187.153119514354
9.12509438480459 11.1123377929412 27.8114791243972 47.5782902164431 132.646933715859 209.24799429429
0.889405836835215 -0.14023471563184 10.6960547692861 21.3553227640042 100.451780112542 174.259928681846
3.58684356089177 4.25936882249312 18.0971496440168 33.9666059807548 116.291497152531 191.444305183945
2.7588415875297 2.96840304537747 16.5201682714759 31.1289083353426 112.62215697669 187.96006043271
0.905539767354996 -0.011076495639514 10.9403008445679 22.0068539209477 101.30861767426 174.939284382445
2.19155509996356 2.252952144027 15.2493776557729 28.6574303909371 110.348084683351 185.213959715063
7.15238769678358 9.10032575275753 24.8111615522708 42.6780809842167 130.045017946146 203.159835640287
8.20522689612508 10.666091950652 26.2685361969786 44.9869616204716 133.881519130493 206.053218982818
2.84080511038406 3.49241562552636 16.2027294874051 32.2259522273156 113.661445962286 188.221118839119
1.52766976518594 -0.387317821939924 7.25694610272102 15.8106660703141 91.8935916116033 164.096474548419
9.09300676241461 11.8554802431378 27.7715523698185 46.7100833504716 137.092833783993 208.385501461994
1.00688558972163 0.344369923901839 11.166335472065 22.8558990729034 102.121345479102 176.240965280029
3.69162604706238 4.51740356430175 18.1521031799633 34.428223442785 116.887268529315 191.838859792263
4.88442796167623 5.92696058597974 20.6198399666941 37.6594059074771 120.733109727856 196.279467432753
1.23239599037233 0.516459512893855 12.478542994833 24.8201853773356 103.891780684569 178.851390375807
0.966771190231917 -0.568544408205643 8.72649212076332 17.7733156594814 95.8435116618507 168.508308808708
7.46718453185385 9.2676889675161 25.4176592954136 43.1368909435147 129.850255122553 204.442954622371
4.20483938392584 4.99037023854675 19.4513728691838 35.451968844656 118.322176993371 193.897133525237
0.776723599602283 -0.0949893365644661 8.99251681821166 20.7194618423737 98.3973999792431 171.362058107727
3.2205994809649 3.83032016708836 17.4514664580345 32.8221025486317 115.51552257443 189.882246728279
1.01458054209062 0.250442672500372 11.31596991517 22.7860759332478 102.195812475882 176.258101017746
4.36330623513258 5.23668536753948 19.6903477201199 36.2225655928864 118.991993076648 194.427270828142
8.91566352943181 10.7843716001413 27.5906435694002 46.6685140616905 131.691946709476 208.956445507534
5.15257895909321 6.16060862285677 21.1556294341673 38.0772311060174 120.938402251955 197.386842107011
5.68919400136402 6.91219480981663 22.0873820882496 39.7059389447699 123.052257439984 199.040434658883
3.81355887825014 4.88364753482432 18.4601007361599 34.5296963038967 118.686030203206 192.154714593751
10.6169879072375 12.8650915159446 30.0992167340391 50.8122525960799 136.251529654584 213.221767425965
0.858879930947388 -0.184656930032642 10.2014086949212 20.9273246226023 99.6963207970907 173.310342412222
7.73405591711921 9.11730420984457 25.8535608363813 44.5207305439699 127.851801707497 205.569818708194
5.65311074539433 6.83568789589427 22.0326257793273 39.5887711389067 122.819779536775 198.972680365435
0.77684919270747 -0.212026594631004 9.31624465509786 19.6069020862967 99.2296407081246 170.877756499384
6.72271799177397 8.56372827427629 23.9527256697278 41.609912197149 128.442482881431 202.007791399976
1.00690713653294 -0.719715193811032 8.79674258142317 17.6378713735695 95.0358005147276 168.370858177002
0.706900874418251 0.0501931250862202 9.56566733146828 19.6251044954711 101.565719217095 171.160702494751
8.75425589758589 11.6290386229952 26.7066174208916 46.58513544744 136.321203962862 207.194919401256
7.35186244725872 9.0143730805482 25.0953034369503 43.246446885444 128.680835756602 204.192486737274
0.857736206527088 -0.5269646655179 9.76147761055759 19.5698383503372 97.6762356112083 171.532034022545
2.08804765808207 2.49282027854124 14.9869290901718 28.7721924708683 112.274077296631 184.37333789497
1.3619059767653 -0.00793415488478564 7.84379536253807 13.5407801525767 96.7669156634124 163.588441034761
7.29367479961864 8.8798441470892 24.824070459956 43.6467244466169 127.719836067687 203.962575199194
4.11707548374796 5.64798010324389 19.0965954411681 35.2718940448332 121.992487219657 192.897684234085
2.26341295037386 2.78327336661346 14.7553516811557 30.3378922188372 111.397815714056 185.445221499333
7.39604407297842 8.97667372461916 25.0519648866272 43.8203708779911 127.860304831645 204.371542075935
4.87250382236246 5.88431014091681 20.625987350697 37.6005771794829 120.617778344383 196.241589008382
4.44147627000902 5.3241247342792 19.8535412874893 35.8011099220406 119.144194866014 194.852658256526
0.882358433993952 -0.672386517963801 9.21835977267558 18.6279900430588 96.4715592655672 169.767497161726
7.14132385789894 8.78086859108967 24.4939154080553 42.8647239922142 127.152155904462 203.751449003723
3.98122529509644 5.21327099766858 18.7589741088786 35.6852627971821 119.825753415151 192.616369019495
1.70751026170765 1.6567333090178 13.8871685775864 26.5979450002992 108.526467906187 182.256224427038
1.0729050827233 -0.684581370909454 8.85008343581915 17.3108506230075 94.6784820408526 168.507968632959
1.11864020584032 0.578484855273248 11.5162308271042 23.7441218883003 103.149035365549 177.475256976335
5.12522446984203 6.25715822523826 21.0084179678799 38.0230054534733 121.106522527028 197.282753021588
11.0768223277468 14.1101350196328 30.9992694261034 50.3463002441243 141.621992555054 213.811736060772
4.55759749274116 5.70845310319427 20.1354401408129 36.2036004140707 121.144672305554 195.035479617862
6.85431073163833 8.25265366352857 24.138915240192 42.6343257668251 125.917439873989 202.784759888979
3.53878538356326 4.46353538303009 18.0377878266732 33.5441033809312 117.704922104729 191.112265875174
3.4979914725193 4.72181123700482 18.1966551452446 33.1123900174933 119.761120988534 190.628934407162
10.5144384863095 12.7852051110426 29.9079359744486 50.624694915203 136.047713172039 212.923133293097
5.20008100257349 7.18422358729326 21.0568706172841 37.6971286292072 126.241370419766 196.70638490663
1.60916496200793 -0.499191430253208 8.00985509060529 14.4729860173715 92.4570962193097 164.589844343404
5.2485784980355 6.62192646846132 21.0502607147774 38.6514987662815 122.454783320544 197.437674096727
1.62251969761888 -0.379805153391079 7.5672415554651 14.7305314928258 92.4189591380624 163.651122063819
0.891673555494025 -0.598667329096253 9.37437963250466 18.8304011090256 96.8837760673326 170.397529391173
1.69570632318777 -0.558945655062321 7.74829041272082 14.7911638783756 91.2072063445312 163.892819512633
2.07900448912949 2.10419928723388 14.9356189310271 28.3185102604343 110.06318407391 184.593754387697
3.54279356404051 4.0575624725094 18.1612342221877 33.7638225965026 115.648820718425 191.386175703339
3.50089942507353 3.92978425617586 18.1420738436956 33.4263220010264 115.342658938454 191.231477330035
1.75925214305219 -0.585210768703014 7.87844851357422 14.4245304055482 91.0957476221171 163.905114654857
1.03994094473296 1.25055144674064 11.6301295939017 24.1657136552854 107.858299674397 177.209914732252
3.75828428350597 4.66774540597667 18.7650245368579 33.3817164318456 118.577004592549 192.165912044854
13.0253093809461 15.4746959018681 33.9657181752983 55.3862319917468 141.23217420434 219.492889285674
0.780359383942934 0.136037883848384 10.2506568959298 21.6850844406679 101.748622907532 173.684193844793
1.51059825635878 1.89172675057598 13.1414539126796 27.4651193851175 110.095044092045 180.962894392967
0.852886649495483 -0.339668537277322 10.1968432872175 20.5818892065333 99.1466842672946 172.918358028796
11.5744125063141 13.9773606179394 31.5720943830755 52.8396619723963 138.624763579088 215.625111184183
0.86923055338647 -0.338603970594797 9.89960926721485 19.9914536774024 98.6151554662874 172.343401374587
1.41228744789675 -0.447195631876451 7.52850332713272 15.7188076468468 92.9839223579825 164.339905609758
12.8945764708639 16.5290191971902 33.0404758660645 54.9606843018845 146.500379090703 217.86279887491
7.00538201159399 8.46350961889707 24.3492352200353 42.803339956202 126.593360333615 203.202012212643
4.16120662135561 4.97276300862227 19.2605607384642 35.5263825229936 118.131470309151 193.725774165421
15.8726187459157 19.3559807140599 37.771709975087 60.5430296537196 150.109379972459 225.691416692281
0.793681643412366 -0.0187251436286638 9.91461040041553 19.7212942952364 100.999247570972 172.145061013432
12.8353772963727 15.458190623878 33.5437375148963 54.7645190615667 141.276730518109 218.981848458396
1.20950657823976 0.895505652182548 11.9644151102754 24.652343750631 104.758741887784 178.544379430478
0.74152861349827 0.144968586730823 10.3162056613332 20.7320344933507 102.675304802544 172.985197757875
3.12050049759459 4.00255532953911 17.3863842707804 31.7215995525156 117.104868679637 189.323332515162
4.81294609180638 5.70289943614288 20.9041495653058 36.7298307899996 120.690846639416 196.210655851149
1.72307650776074 0.206227929507829 6.80825664569433 13.7690856873789 94.4493371329556 161.447232902486
1.07257850805288 -0.716583976962166 8.81898756726332 17.2598244637815 94.7589619770774 168.283815482657
5.50392948657368 6.5798982057259 21.7317284778864 39.2664237895676 121.816313182283 198.468814603041
1.31794287967012 -0.538049421560291 7.87722018959246 16.1820872439676 93.0874876325419 165.824132565025
7.11328651543435 9.07281398845534 23.9152374303895 44.1788902767641 127.715150959913 203.281573504892
13.2150017174368 16.865125041517 33.4940431066171 55.6702779010383 146.888533527207 218.744869925028
4.60252460131188 5.36844409617725 20.2723884713048 36.7060318980331 119.088253895476 195.436294932071
0.885631213539816 -0.15657275822959 10.6878167011318 20.6548663748109 100.552910187048 173.953298187606
10.5570182353237 13.4191146052706 30.0637968492777 49.8161808128653 139.904477772506 212.398570450597
1.42061542921325 -0.697267877408159 7.93132658062025 15.6788807780811 92.3505416748631 164.968493742684
0.838653321897563 -0.158818906523939 10.2196435920323 19.9734735784097 100.3127389126 172.769352475414
3.59229322538539 4.48233729617756 18.0096163597117 34.2045923791436 117.232934709925 191.349448834106
0.846008748489724 -0.0695188441396902 7.91917450208927 16.8078176580286 98.5462449288439 166.127731378358
3.43198232260178 4.07941238336338 17.7236699205152 33.6018857187738 115.722314555677 190.779399152995
1.52557187068017 0.258542689787829 7.55711062481256 12.5295845656209 96.935271492656 162.69200797428
0.867231196724599 0.466176484966279 7.08565615510288 14.2026060665995 101.637670892017 161.026027987326
0.745424958413631 0.302301631796719 7.30012713513138 16.0603004195978 101.145212954611 163.98372254192
-1.77010111953123 -0.171168439994538 6.4927359883794 26.3871160447906 107.515042295882 155.222314045212
-3.41077528384215 -0.437205498974676 6.1642525013227 34.29645420238 112.166870310739 150.397480669193
-2.83969929862667 0.0297880321408593 6.68397198636403 34.0074387894618 113.424482204977 154.360054912113
-1.13820367494186 0.890618938377239 7.87367150379544 29.3642594720207 112.703957329461 162.966180313177
-0.756662619122682 1.42004356804449 8.62447711711777 30.3355865292617 115.279916491022 165.579448119027
-1.55521696470677 1.70630260701299 9.18738749606462 35.9197580941275 121.344194527157 162.948033394031
0.444852594454603 2.44229794095979 11.5757210459236 30.4259129798679 117.184555765698 174.535554920069
1.52263124048426 2.95628277297793 13.1285728994468 27.7082774924937 115.695364341539 180.214224017519
-0.110425954802516 3.12861863917859 12.1118839093684 36.1715840095975 123.583213382079 170.949974356205
-0.484599590553922 3.28878587659552 12.5079752586817 41.0369437483115 125.253681307377 170.015410431512
-0.308032501276522 3.87189850928186 13.4878168957019 43.7335237452738 127.808474093026 170.942996178857
1.67717111181524 5.04816958673551 15.7093385854574 39.8387652778124 127.324626784375 179.883822822268
3.53344619615165 6.04762597437074 18.556013537844 36.0783052431514 126.747351300203 188.511437873679
4.69275318949325 6.76679251288399 20.5417347440318 37.5452005121043 126.010280955191 194.725177535402
1.95862202838258 6.85277860877098 19.7165108370968 50.8178420477363 134.03047026916 183.055850819994
-0.631509317546073 6.74367273943679 20.3944982994816 65.0537938157411 140.217786197577 173.890014753906
1.62486159510563 8.16694046231989 21.6702562268066 61.1266717413977 140.802105644511 180.839048311231
4.90029275044372 10.2104895797762 23.5814709483777 54.5856155661391 141.892583040232 191.08207284211
8.70013967217873 11.7770148472197 27.3440770528165 47.3835195061736 137.975867024493 206.609241482565
9.93219252913483 13.214605716497 29.2570544515238 47.6788425578647 141.281414645679 209.977588327772
10.9309538770172 14.7746424841475 30.395642934329 51.3380890774287 145.930452603977 211.558670927773
11.523627701369 16.4907683082941 30.822944206541 55.6006356374117 153.013564291363 209.923763845704
12.7983613299919 17.0422500502317 32.8679743221431 56.1211053867152 149.667538502103 216.023538760062
12.3998716989805 18.1365215894371 32.8823243869871 63.9469267288795 156.914794075553 210.287925773273
11.8998480212736 18.7396462921962 33.4463217658725 72.0135915662756 161.077185377201 206.445524802332
13.0607513899768 19.8772372876176 35.3609803329461 72.6210475465315 162.67559809743 209.746534119445
16.1527168005417 20.9515991343609 38.2701973186024 64.0550915966953 157.291048451964 223.374298080088
16.5969354155204 21.0357483375688 38.7604883975534 61.6783883706076 156.504859007432 225.632982670728
14.0252639362359 19.6309629642325 35.2789834947283 63.8602565884879 159.259775431406 214.716859006019
12.7703131932685 18.3521724817816 33.1306042053068 61.9785909775306 157.246059622426 211.578274242338
12.5636309529608 16.9946831185012 32.4807438270058 55.4785174184526 150.523818547837 214.696933216873
11.2900815090377 15.072588551574 31.18354898295 51.5337497462862 145.79835093343 212.695128546457
10.3103432971313 13.5376049231981 29.7652087479357 49.5720866906647 141.46576853936 210.967743724875
8.53635312641761 12.9662998122296 26.7562773979935 50.4338664831889 145.242699813548 202.077853174249
8.0361220182073 11.4340463870271 25.9188856977586 46.3110888829133 138.638812591316 203.410394954744
7.57050630034073 9.44417926974467 25.6492590865128 43.2452724735519 130.325124422051 204.73278514439
6.49128249745944 8.97503038943172 23.6277628411567 41.8556507090465 131.662648690843 200.009548030107
5.6414821640495 8.29096915811394 22.0399933285724 40.0713206357612 131.016443578337 196.775342036678
4.71548070422479 7.44272641798284 20.5126228859928 38.4733161802544 130.081779647756 193.03964575941
4.43692853582103 6.0603470318809 20.0775104120832 35.1295159297471 123.748083066736 194.221726896491
3.44995698641353 5.73123713380574 18.0209897528428 35.6183546629038 125.18326702766 188.744247349067
0.971921408975394 4.75873368876557 15.3020825352241 42.4738246081234 128.458311458619 177.147711260582
-0.521217312147284 3.86339605413152 13.3290098254611 45.8040627699711 128.743316981453 170.677177692124
-0.953374816941295 3.2172570526628 12.2435521850055 43.5257546199064 126.821574480804 168.566507019747
0.302724554829863 2.71313560735066 12.7472969569891 34.4176840130106 119.443091687539 174.552448459245
1.29302093712148 2.44017235861459 13.1342956558662 27.0530739567008 114.219338987747 179.018563286433
-0.45432644636757 2.12795211888125 10.5318482775569 32.0693548933561 119.215684035357 168.54297920084
-1.09237505626778 1.58649822203423 9.22908896295913 32.8743649864384 118.298506526301 164.758145205992
-0.997760804764663 1.22297831712043 8.97994720205575 30.1680710450061 115.453231506269 164.528225436387
-1.09771107533946 0.99253495088612 8.40911948408061 28.1965525075851 114.236231381172 162.556592754441
-0.0428436813110039 0.681360851744835 8.61252973824809 22.2964725171787 107.763325913399 166.786968365155
-0.443862281409819 0.538083201277985 7.15327189247492 21.9631860489584 108.420635488952 161.642770737899
-0.615213498392927 0.508500387944354 6.6972482169517 22.6718040950132 108.800938863115 160.157322541001
-0.807675521302024 0.670493014889157 7.37834271246055 23.9363852587241 111.142413456086 160.89797804018
0.730489189631658 0.758557819934696 10.1663874938434 20.2243877424192 105.768127856308 172.825202277016
-0.802583556813776 0.73989789227296 9.18044066729463 27.402752151246 111.270675026158 166.228364045921
-2.91646814359097 0.553822218333548 7.95400659665862 37.7119766678981 118.182457630337 157.450618256925
-2.03304082419932 1.06565661726833 8.67600993463377 36.4514357714295 118.34883716791 161.839182057543
-0.832584216738514 1.8961743029275 10.1155561914984 33.7527512999513 119.210844701729 167.447279441507
0.756206466696111 2.78025261326842 12.00656718329 29.8663020597254 118.709625261908 175.236393455091
1.68667212713802 3.15015289743735 14.2672086512408 29.4081483721502 117.435171023111 181.188345175089
2.31241841899297 3.75080558693768 15.8181552414629 30.2838570547125 118.619762129719 184.780227775952
2.99044876013352 4.2745670178642 17.2449428206243 31.6366007477202 118.962497491006 188.287496243517
2.52496238039896 5.36578902020743 16.7520771789335 35.6906281974596 126.859499546901 183.571233469402
3.78912579161094 5.98262211007859 18.5737918323516 35.6534473790885 125.166210374849 190.401529634679
3.73649363510562 6.85869651845423 18.5629721298496 39.5966002941146 130.437435312613 188.064733085588
3.95000008744371 7.83360375895343 18.8703444173318 43.4721923459995 135.07104871558 187.164569180335
5.00062637263751 8.83281779929705 20.5158304148404 44.3342517181741 136.317291437548 191.215236004344
6.01271128044783 9.67125708752645 22.4628493107629 45.0374903731598 136.829918785342 195.376974109151
6.60106686365595 10.7670343134223 23.3549694047751 47.8755550329348 140.883846272618 196.182732331495
7.77853521855377 11.9702164185714 25.2295579272895 49.1531465201436 142.862311252599 200.250650173115
9.56464957110422 12.9614703030038 27.9455246229057 47.595879860474 140.715568684042 208.647715247882
8.92186040156581 13.0530876632681 27.2568496162733 50.5045711525848 144.225740100737 204.248469386261
8.39203054465461 12.9960479501257 26.2449944118025 51.0953305233711 146.118713804636 201.347051268302
8.53157970937319 12.0413152964988 26.27027166081 47.0046781269381 139.585763816562 204.964245845584
7.07658492131465 10.9720620897677 24.2817216965223 45.9614460210145 140.230157631669 198.779424194248
6.80216338835953 9.42351215019008 24.0339142950661 41.3864606033658 132.718432775021 201.391765951796
5.45259268742487 8.71459223563223 21.7043363991564 40.1031107260609 134.139780561053 194.958442575888
4.75363799865654 7.63715360964142 20.3852427512194 38.4198335010421 130.656647848193 193.067033074656
3.83973384643557 6.66399272139993 19.0124398727737 37.4215571876425 129.015637565445 189.269361326888
3.66763887576263 5.36478745200499 18.7219624720284 34.0278231832529 122.649623067384 190.659305426186
3.03342310758623 4.61495039916791 17.2740821714495 33.0351703100974 120.757726128995 188.059759392729
1.043568279784 4.25679878518026 14.2690139335305 37.4414560890558 126.104273589455 176.785706922986
0.339290057475641 3.47653687604746 12.7645065153025 36.4229263113553 124.462398448427 173.674005825501
1.89863092993154 2.91991462152578 14.1180789608136 27.4269460841568 114.698407230812 182.701433464658
0.7650980368358 2.60654065323524 12.3339845742802 29.3513798874745 117.627283104848 175.441688385505
-0.345104681260733 2.22620518140747 10.3671278493076 30.9218693572156 119.769499442256 168.453431913941
0.337412398142877 1.71655540462609 10.6191795945521 25.8065040016626 113.421609308832 172.350223887387
0.312251812456715 1.54690732290354 9.82393906285017 23.4084038827193 112.527212588387 170.896109634966
0.0457956660752116 1.16423414592988 9.29614270345003 22.7788043242672 111.159312970817 168.484883133733
0.355529304159414 0.463520453388438 9.62898461210213 20.4730224427385 105.628621139065 169.737298617292
0.233027686213624 0.416436192410093 8.48446891471561 19.8949962676673 105.316604140423 167.059207997789
-0.63855139940708 0.559871817170736 6.52310247202849 22.1033261832504 109.523200670524 159.371029713113
0.250756661954785 0.303647634756095 7.25151925893462 18.4371244617358 103.664440388876 163.238382436101
0.101777524886214 0.440638602973663 6.23543301779186 18.3563870017321 104.44245618706 159.494923491433
-0.560024099562267 0.228542126130061 5.20296245221287 21.4026737426577 105.138759490101 153.748514624979
-0.742344602644154 0.248432073244877 4.45611103647904 22.3235232813325 105.554575047769 149.973106999816
0.992198499615823 0.514935917378141 5.75206968260726 15.7241996311077 99.2105758645343 156.765103113221
1.38022988380086 0.705873960309474 6.01331760707634 13.5796353306874 98.7318386339597 156.817859334338
1.49909314846698 0.653238835192714 6.29138000854353 13.3566860385411 97.9710559795271 156.119971316729
1.80360805805713 0.840198974568313 6.04153150648111 12.8542584436609 97.2294242953109 156.69774839416
0.62937963511739 0.615379435587394 4.84042296026289 18.0548925796539 99.8720747240717 151.419748697013
-1.52717166537891 -0.0165600039475577 3.62527125881241 26.6306481568498 104.417743514906 142.889682005054
-1.27140750408304 -0.0383628320619541 4.20126438714731 25.0106856246728 103.829132887659 145.453755632335
1.0649642780442 0.22298085467373 6.25091176297027 15.6676684584992 97.3988077310115 158.117640936727
