425.519069702449 387.010320006039 444.424186055221 502.808314769653 472.77267700687 478.943234053695 417.717719924524 479.25974857965 427.525004037833 502.053852594402 418.144090381161 239.941483074585 558.691575071629 114.231266454443 326.827578204658
266.901299143546 434.217387353864 282.325529993908 318.445561713726 318.271591799996 343.873555787573 328.57451512676 364.766797876276 383.407350394347 424.317510855631 373.726904714959 463.090653057741 297.32478490776 612.05845772909 418.040342984617
270.813125217527 307.09883987381 237.28667333851 316.669986924497 309.094110099551 379.77494716239 325.240287213457 326.326473971772 378.902230359222 396.995081513799 336.703610546215 446.51008215935 259.634116136689 577.814772454731 378.795671837698
346.768508709761 309.184485143608 241.630056161862 363.207115286986 298.771210357193 408.925745457072 299.864276026389 393.638610902555 362.916344759086 357.333376138762 323.740361113849 420.237648107201 222.456157255975 555.924027863449 350.029238088039
425.007749136086 -602.222963941691 1314.46410355922 28.6469544786089 952.572798292863 377.106804214191 661.090425488208 558.7742499078 632.162884387311 529.181877638552 633.645973189889 674.528939937272 17.8478995896173 1235.65168864907 472.868808490521
291.196022786913 173.089515473124 192.918336437374 219.731101146718 256.911879583973 250.189483813911 273.312992994146 296.826125780593 296.649205214216 331.829605300509 335.46222519191 402.097739458838 320.51452941487 407.351700201898 337.247901027434
409.500075481601 243.170468137247 539.604807444527 399.161862824089 515.329097412111 382.549165642623 392.73111399766 440.269543221456 297.312699703277 284.836620685232 335.479708938182 362.199519048827 270.523081774249 461.30336495437 301.582954655186
407.653944941262 160.058573293711 579.943926813573 423.692204881676 476.478639849977 468.44940414335 469.793400527959 474.342525884474 512.501485912442 514.36115385315 295.444945467376 538.417324312649 203.757706941032 710.118461134395 376.868980244859
421.218594326268 391.629410185399 356.008125780687 555.941559655729 460.202452917707 572.042794094663 475.521325705584 595.366087256345 554.258868802612 595.586925031113 550.986283418848 611.630730677172 471.510002083248 691.438054446526 525.781042721379
433.224155490017 465.816306304948 324.937651052369 561.356712163209 696.002726842748 366.640933389978 432.128220106105 509.144303709755 387.671362517963 450.233084748995 394.264550493063 389.612043025341 332.234614877967 639.73655913395 402.809989168802
324.876975094761 481.379161371356 291.563306300069 430.058823035178 275.829753525639 460.40430335398 312.57339344317 400.402390779318 388.128946815916 381.467343068083 386.252945855865 426.896498383233 274.602343924459 519.642225341596 370.540792402502
395.444847360604 455.33737788869 360.863517311175 484.328080071716 331.348344800459 316.156985777656 352.78466373913 385.571729007057 402.325933936785 429.336997619524 447.497480546444 449.106760378939 384.6249560074 605.399218645036 443.067571090345
415.218834299113 387.348725038474 442.098574355339 443.381220030575 504.335655502731 471.013167873958 428.412785694245 545.894513448172 529.126419042431 554.863752116825 588.263659388507 426.962759799326 679.984215265439 318.458185567363 476.065135854184
429.221536328174 348.237143572149 287.885906451941 398.494556026215 359.363455672503 523.288983939308 316.996286192286 427.70548679602 466.12859478168 427.836893745099 427.382375073332 498.264447284907 331.858777614132 617.339999709779 424.698733240535
411.839882873003 204.287379977809 578.812761146233 372.29841912835 510.032986773622 462.575363323632 495.903770356884 565.215822694699 554.778608337039 488.747678508318 335.94622773258 513.663645679224 325.432958385292 576.260617434723 412.205168698385
278.741194426738 245.829895317549 -61.0957540014395 466.945654646156 110.333018950962 416.126671455153 183.789914360403 411.794471707452 -125.304972634562 305.596577464824 631.217777451627 54.6679049766065 388.511224360921 262.898285343038 309.770267180247
438.871883862936 502.979091909362 423.321838484172 518.479700452494 496.921627615063 654.09594068584 433.678411902621 645.099142745921 692.486369578805 701.284874572131 634.283106051148 674.79265274669 366.002344641791 901.635281377985 536.652615506755
410.532791340235 555.911722760669 258.600056243722 483.244797173548 435.454177298004 546.137894108664 450.750197393016 557.665719948645 508.624323927606 560.462438160177 457.829630926142 583.11344949666 380.377594784636 702.676564121182 502.475827834784
294.261310637214 -120.429432516978 617.759546332908 145.477759576484 561.10747040244 119.9773698459 733.422193727475 398.62710567899 485.24216745828 479.635982097861 505.961142149812 574.386613675639 470.652379638773 671.919403190012 505.586028168105
402.846336661478 419.926163892323 371.850145558284 528.874475695206 494.206202327619 602.96378677461 483.019757806051 563.277177068499 527.512432393203 595.328785079798 494.58450514476 569.794465872717 429.391895577964 692.952878879127 492.484712037975
412.350480109035 544.764988840871 284.111570529653 561.523500900133 465.191190985306 572.872551159324 475.798311808975 586.480432476568 561.606469687125 593.51623415696 547.551603962462 609.424496526591 538.075893767311 672.295411109035 534.938988795445
464.869069560932 678.392315329079 236.905638556541 434.875507245054 378.437085566872 443.57417208547 372.140382981605 461.14703615989 414.480707097585 448.490169324404 420.949852904306 439.446545721866 369.892537238943 552.219982650949 420.880161030829
411.226696446254 533.431598406925 272.157789384948 521.175727554992 420.192242262148 549.406156742481 462.335179511711 495.210565803946 522.477536528828 568.805262695878 503.556890441336 581.803427181228 466.327919556203 675.928406420423 497.018180665918
384.039910417817 441.218326882699 378.71270568204 502.086259135003 283.778208040416 504.099121233539 365.45694214518 534.981517250321 440.167616916971 508.77831860895 520.281928763341 540.287432159068 426.317361532295 632.524359076694 467.577918612689
374.802702203667 497.283512795154 271.453347180193 514.019785160103 326.963726005981 485.997810250865 358.947288307106 448.238828606655 371.329963288388 403.022896902254 375.732416539184 432.919234722934 347.830218676479 536.982641451224 399.821992434761
408.032274002642 229.213912105222 540.490560086327 415.305553840059 473.009199521442 477.889429618921 481.960364100503 518.43657300072 514.482298321012 540.87304041432 508.97765805848 537.472243304844 255.355050956463 679.810045358198 421.186179436314
411.778812052292 308.026009237573 493.62720397682 430.996736756429 462.73208362394 486.768793828448 316.234429980842 443.597006391678 458.729817656904 322.854583351815 421.218934004239 311.117245413666 458.865907301328 269.681129757731 347.343972850718
368.666448633879 330.323585194142 554.473148348061 637.784228679603 705.97710165747 627.997490856542 540.893017203878 641.773977166434 619.024048641458 647.281725182425 630.550990913213 772.990723549344 36.0614084348035 938.213921606711 448.74299924719
361.141091170207 606.919490725543 220.095434921432 488.048508384385 337.651308682685 291.141372330198 251.960942094621 304.473103380707 335.861350902954 309.106089469936 297.066400831389 382.133573681288 246.280724052266 499.879117282045 324.604021907691
498.124641414189 668.597039574322 348.152369185668 561.894953309066 469.840490444567 598.953136346411 456.519758880618 539.47344537231 465.481101965469 502.263725868044 486.253993666828 517.712839972156 426.745586311935 587.683657497864 471.131560156741
395.583430427519 573.45443410502 343.043249208851 538.368992363809 846.726738910728 672.120376105847 851.01212595292 354.399996746117 565.558863305328 490.503326002176 860.138395562545 63.1795655129025 977.957535843923 -227.218238288951 283.240639238795
425.246971534218 496.912033460261 247.003930406306 654.66686650669 377.574857978688 580.162847005967 463.309264706505 544.878308993441 544.421161584792 576.242410487558 545.671373604917 607.262575038657 475.03134403612 603.84627026183 487.393927262991
404.835326344463 57.3219178853086 653.822103988428 368.488207444299 445.519843378432 621.091363095287 429.920774769372 466.31645626448 517.130836157479 451.429592187653 395.613535336714 307.310545168595 512.541297968457 235.254596610121 336.424543556915
366.616148277605 471.239578255788 268.579969014768 540.971576550817 377.360193515626 544.866087419569 423.440772167762 494.195953081893 503.458886601163 527.678484074136 516.978667371404 550.194135158183 458.323160404864 687.098247322191 516.228406602678
401.489057438373 450.08860793791 311.989537743315 565.220517372229 448.721988221234 510.445649977711 445.210048594122 523.672772174101 493.928981995981 534.34235720712 447.400701273215 529.396715213779 337.452746034359 670.846329255569 445.355417192287
449.3462102112 669.394881543518 441.775078458281 557.168736614506 282.639146962371 385.901402918105 297.624607086423 401.267670051002 375.383046563794 390.018435631267 346.697508948314 435.936113216986 286.562594244478 504.894318068472 345.891648558696
428.585803891938 282.344881227759 518.018547069444 402.818407645798 507.649099121107 452.947980711222 634.586859804902 636.720790680672 554.496540199961 261.036839441934 361.066946433589 334.62858712487 331.091170577753 322.091725599978 309.776801608174
338.181814346509 -591.092670100983 1153.65676605319 -141.468183365275 561.592295512616 722.919279942882 496.881972456462 553.221720872618 775.707520953743 174.432665271956 504.744680740309 337.033083747016 496.087025489467 322.070410449929 348.760515498721
-715.361095283006 1629.73390975144 -2556.00911215573 520.563216795423 -1639.06625040938 469.646437866943 178.589977355805 269.374907944822 246.986907720508 263.811007765198 144.877348942285 -13.4853880459251 176.867175591526 -65.5173246152806 17.8433590127418
438.213713598171 551.112799182725 240.949705730242 318.056422405214 314.884878934279 452.54275766795 396.506369374456 425.932947204419 426.745082587785 471.392733335138 400.244661302569 487.917310047794 335.76231681753 568.283800170485 422.171852823866
-715.47834430664 637.156352320736 -1764.74644021292 40.6606068561427 -1230.77777039303 9.03170059845418 153.826646429654 122.858341780762 98.1221118827576 658.632065202529 143.523668467573 437.307878960711 75.1848892002038 311.629405517411 315.240254192922
-715.223000035745 1594.57328518021 -2530.10717596075 507.581705691239 -1631.92522372407 465.643458674097 180.700673256587 268.299843776298 247.513631644367 263.521581496439 144.995232607184 -13.5280860068237 176.78938490141 -65.4391146765223 17.8139116830714
-715.365130231612 1632.41241038805 -2558.2966713877 521.816911019864 -1639.91104993343 470.107961614382 178.34816063457 269.469908277909 246.949190178335 263.755927739157 144.990052983322 -13.7576185898775 177.391713976601 -66.3138436008342 17.8193583770811
-715.286945203036 1615.37178338346 -2545.70860201995 515.537623407552 -1636.44056716734 468.186523342409 179.357809074243 268.965707849517 247.193980952714 263.648055346234 145.005970131102 -13.685877813481 177.179547507224 -65.9974208787867 17.815218852632
-715.335777958711 1632.36701869973 -2558.7053257366 522.24293598682 -1640.36503775293 470.38029190651 178.208269455746 269.499845281529 246.970575265248 263.624626287775 145.227596870712 -14.2431287492901 178.325389005198 -67.6385217969942 17.7973121597396
408.92566830332 231.874684864868 549.939460157288 392.992486925176 521.689778783632 380.784774639918 410.35988995559 452.638042650355 305.741746624569 326.716563515106 338.137958081425 394.054470246554 263.6028151642 505.756504961161 317.105484496804
414.013114964604 187.184227159478 594.084072613105 361.060272103603 508.953963677325 481.177085286759 531.132700623894 602.182734790981 623.909643696745 491.10891113341 295.709397375504 525.399893748412 328.119416593453 569.378027077885 418.338962860055
429.87462336543 328.240275896996 485.591483966738 419.027149445436 514.444418941866 455.871546471626 632.747769069365 630.041286239231 539.553470336076 240.557206550799 397.926086566897 287.301548877512 413.320588942655 224.720346885199 303.358894004013
421.197202254233 511.396393280367 366.738460702935 495.060526411237 605.021158973254 548.85841780791 664.142333162543 537.594748348633 539.97361513118 323.487863272933 584.206262202269 166.486057307408 758.839207491152 -75.1386483524602 308.151276488304
413.797775526789 564.074150676858 335.306304232828 523.761034532791 676.671304788629 599.372756988794 720.975363434459 477.213534770455 549.165606368303 373.331420064316 670.466892138905 117.836652684819 864.104910840797 -168.256165569368 297.230902578952
406.549454429525 594.693359283761 318.618998895115 541.222137786306 734.797824788179 636.255179387506 754.915973412871 425.657265250882 556.984167771565 434.804891513528 750.147702039948 96.2795404448122 947.275832639447 -215.381420429534 301.466353887969
392.519194081255 572.328082565756 347.339601000647 539.491170618155 885.390170655591 686.297381300447 889.981518922278 332.36631341433 568.528892267189 497.864412069371 894.659993434637 41.789735807326 992.063082279269 -248.175710355324 270.795192140863
384.624982873569 430.403652558874 462.884909253904 478.9003312559 1019.51848746934 676.437721896541 1021.44850786341 288.696280104744 568.389433132765 495.421647339011 987.094936762523 24.6836637831234 881.945667441544 -145.014628327114 228.150140070695
378.65248631283 353.672204834648 524.323121133625 443.532857809716 1097.56927186911 670.143795576143 1103.18078120387 263.937447074041 566.27005301656 490.296808150858 1049.48270152511 8.5738709557325 819.736100370746 -93.2430795227629 199.378019847728
381.465342409788 146.994985731536 681.792171031339 342.547975552221 1086.31262433669 583.119390930922 1010.36714045108 303.426655661521 559.119667385295 550.979166156281 1056.2600406327 157.335110521007 673.872768654672 211.450781908947 277.427444484055
389.633765363791 -53.8338284475734 834.246852151032 246.026551345087 1025.89500820165 485.852330814328 847.416265181489 364.114316739116 553.880523527033 628.596334506382 1018.22896140368 347.056983907755 538.381362511648 545.81748850924 388.735624273005
412.901053957045 -425.632321970798 1119.77867194976 108.359732677025 913.292885137384 329.93427289119 638.89138630649 480.571328939748 551.393890583734 634.625068548883 742.350634112117 645.736265550256 115.327106347342 1155.02453595154 483.594156362606
443.050571446124 -884.928409354491 1635.36770894701 -107.313555068375 1032.49343709304 470.60652584786 703.998918579175 686.219670482073 774.157339965855 361.101919579977 492.128283214156 707.029504735576 -93.2150828242747 1328.0663287067 460.792285255355
507.270323500296 -363.657944885451 1384.7925042999 218.541938626936 1180.47214814545 566.969693760372 727.99743928003 764.427824148 813.092297864786 420.58466971513 533.979611988794 655.803034273686 162.273875092829 1132.59568016155 514.342040627695
474.745061679263 237.071508991689 625.620625764719 590.5575775336 863.735477040388 491.419996724268 530.915573788162 625.936726362823 429.944637085129 470.691138198958 513.823274954801 447.367495574248 299.830537517715 796.023988637373 456.503187719373
187.985882774775 128.627835709744 -220.6378892593 450.178119407195 -131.78228084997 459.179990965251 96.4323254117901 377.535093442642 -337.864836885392 253.590395160115 741.588511616466 -68.348711331275 418.129701520877 110.842651086192 277.224603574224
-528.07658036289 445.210705264925 -1388.16217350032 156.297617879839 -1057.59724082226 193.155040173521 50.8051351047551 172.704671422955 -237.996127592603 463.78179445627 434.371913060973 147.859572365099 211.107085293197 117.405577897956 255.880521991754
-875.146987785885 807.927585065692 -2103.57290934758 -67.8029443161473 -1378.32201215328 -167.126528242974 256.732247956655 78.7982888692224 428.992616015398 845.743774645688 -136.364852580948 718.096944309462 -53.3115712015765 502.152393164735 375.624728554944
-865.379093103286 797.307365436863 -2141.23328376751 -91.7216681399955 -1387.52121528319 -207.334146541215 284.409466140332 74.1873991424037 514.745082897195 887.357113762027 -199.289472663319 784.298017158975 -77.8307558200318 546.273063236031 396.275159637585
-865.460663816318 798.084173243707 -2141.66871031324 -91.9635477487978 -1387.14732311636 -207.992334414893 285.058247593787 74.1920978526883 516.513415570899 888.142107427742 -200.497886126139 785.623952479332 -78.3026001847194 547.372950087432 396.629245672208
-865.810938820944 800.779276533167 -2101.05271577854 -70.7186998369757 -1372.86481332665 -173.348783658986 262.633548440956 79.4619285422828 445.741005320047 852.405416028567 -146.663349921288 729.754500258956 -56.4826819178539 510.685205948915 380.195576282704
-796.334851088968 725.724600918862 -1930.27428137227 -11.2609717871855 -1301.98361314524 -75.9301082605358 203.75265495973 101.482315545086 258.081386325395 749.243543541726 7.94292015336081 573.291462642916 12.664169907566 404.630569486193 343.917600763285
-653.13171522351 564.370203367017 -1630.30364827875 84.6005871027063 -1177.25174156978 82.7303629948349 108.474424957752 139.78234746547 -44.9424290840457 579.623856288506 262.028434880589 317.460153142045 128.870969735682 228.513781373163 288.863900954953
-276.149621049052 316.626033994767 -970.752529030785 256.178048829382 -749.981756639094 298.302909467145 47.9629214902647 240.555684395479 -315.894973882748 368.151734039164 569.521332818551 38.1688502635486 294.377966360388 85.0094563396469 253.040209543572
46.7492536567148 191.210050397768 -450.430258150321 372.015416609639 -330.738717783432 400.050401900492 77.623838776668 328.559435896438 -324.891689388102 284.079529853009 681.978460775272 -35.775924606301 377.871330145911 100.097027330867 267.313379214298
218.589094123749 257.316189192381 -165.070269615155 371.511175973753 -45.2766751042533 374.678468908964 148.462428535568 364.291438176804 -143.366270081498 290.407527894138 616.585442705419 43.7077302796728 374.190344737249 219.538184220407 294.880342957082
320.678239146215 408.386539577601 12.2076195515851 226.706080560946 85.7194288775983 265.673158823203 209.924741777443 337.577638017979 114.422433216886 305.195101795316 475.928879169249 176.63192823821 332.707244534307 345.734379499791 317.80180474888
343.429557918666 308.535722996944 280.76719887285 180.817760143708 328.695978152658 108.774082456361 396.221999101224 296.302946887645 336.886846587767 347.956349087377 396.472333237001 347.642714225783 308.837887116657 522.221923029491 377.202308863633
293.551760658239 -13.4200264609997 537.155047162152 174.541268922374 562.084766532973 166.597441452878 661.447588427724 413.766330049408 458.645764796287 460.981687839052 491.829368288878 561.681912357 299.436598822623 670.935605501913 443.421316026547
316.252309134458 101.300017800475 623.943773071266 496.626200793047 748.483395814085 474.602812854504 667.477060841872 589.352886355278 568.905796660675 594.20180641785 598.004281059424 763.656981026927 55.8026353028692 875.462161073322 442.48774718791
424.502881063688 467.097794869929 457.732719365236 556.582686989253 542.375327175783 656.891455491036 446.701928551056 644.593402476303 683.095401687565 692.14696008149 640.132888711714 697.310757860281 283.34456934207 914.371149206932 515.945157974171
443.721067847224 481.331498787663 386.926068018572 463.24622719582 427.230011401667 610.015902436569 425.563015316792 614.972473815087 683.775632535617 687.85342297683 609.500707244451 619.309670058836 456.097347996936 846.460566057812 549.000159897723
434.094966067697 464.950088648472 338.030502150562 456.514979341838 381.60335390035 571.32160431192 428.199563844401 582.379754353544 642.442207337336 656.38644047652 563.11374970747 568.634737147191 478.90205080627 783.109504245088 535.135830356467
112.155530931592 769.569214152256 -559.409178484872 468.452717672871 -259.874980117169 535.571137287613 348.297341496941 483.27172900624 519.144096867174 532.621873819625 431.632894165664 383.390549665967 387.160416057982 511.222290983254 373.803822316364
-243.033317236499 1122.26872071072 -1476.69499849976 487.716351646618 -903.744233203563 501.69020373676 268.939257036123 382.879030813021 392.085408121855 406.645823307385 297.332522968551 197.161998546043 289.888452738428 239.863321813145 208.062580120058
-682.528826546219 1588.68780041418 -2499.88141875323 517.503383112554 -1604.19021666618 470.184848623001 182.902166209387 274.530673022287 253.640255110741 270.316210135479 151.754151497772 -3.70426538001306 181.580900656602 -50.7138849499536 26.2261566565269
-715.301053746777 1629.69963836562 -2555.74387392208 520.561458679997 -1638.86708085424 469.661408457389 178.61338844168 269.407368743372 247.028460166854 263.85039243985 144.923339751717 -13.4311587592347 176.911910156116 -65.4507808090781 17.9008465612342
-723.79891671369 1642.40301681692 -2565.91697192425 521.773342831576 -1643.93179788814 470.049522527868 177.906173621222 268.809007023953 246.196879420547 262.994465242573 144.195236722074 -14.9124129107407 176.933390004634 -68.2895647244195 17.0392214909192
-715.338672291982 1615.84677435899 -2546.2335761319 515.695063603614 -1636.67696826693 468.222636079444 179.312180847621 268.955181796141 247.156130165516 263.618935514737 144.972916116642 -13.7332476086691 177.158826815188 -66.0687042016197 17.7703860134482
-715.238548624317 1615.48304287702 -2545.92181953133 515.603518195465 -1636.54971751865 468.197835228049 179.336271889712 268.960026392655 247.1748609462 263.632658810823 144.988904334723 -13.7095380540683 177.166266518115 -66.0285227298757 17.7888433437038
-715.149205316027 1615.12261005626 -2545.58166545721 515.507489057413 -1636.40260277976 468.17371527585 179.363641776097 268.967155850636 247.197701409134 263.650211088777 145.008952679906 -13.6803733067679 177.177314176018 -65.9815768937908 17.8135500541375
-715.106092429138 1615.04625767007 -2545.54076272957 515.498559483823 -1636.38928032079 468.170014269608 179.365617494219 268.967917979458 247.199216665528 263.651261157908 145.010271140136 -13.6781389837293 177.176968418424 -65.9759670283263 17.8135774963323
-714.797705073685 1614.55051267629 -2545.32885158695 515.454650743876 -1636.33640242005 468.14671463506 179.372169930753 268.970128697099 247.202464116234 263.6523137321 145.012626650874 -13.6719999149616 177.169203138638 -65.9495614217739 17.8036932649539
-714.772814466749 1614.51257029686 -2545.31461383128 515.451909364866 -1636.3335445591 468.144988488824 179.372434194019 268.970222826779 247.202484836422 263.652202375278 145.01259860331 -13.6718107211363 177.168420877055 -65.9478644894114 17.8025848378589
-714.74548922235 1614.47586341399 -2545.30552018521 515.450803647065 -1636.33354455487 468.143478289725 179.372124520689 268.970158640952 247.201979597445 263.651658796288 145.012096694303 -13.6722668484217 177.167233174591 -65.9469496740884 17.800697381521
-714.627365830234 1614.2979490488 -2545.24135863159 515.438642134576 -1636.32176603958 468.135422724 179.373058836314 268.970470600381 247.20175916862 263.650859765389 145.011666842723 -13.6717815563766 177.163298946211 -65.9394720049206 17.7950145039325
-714.650027480896 1614.35028404132 -2545.27813555468 515.448006217821 -1636.33588023114 468.138366666971 179.370629798873 268.969749504243 247.199794645606 263.649400333183 145.009950008312 -13.6744070493587 177.162787986104 -65.9445127454096 17.7935430958087
-714.914254903808 1614.80973058104 -2545.50318148446 515.498914145196 -1636.40143966355 468.161169871929 179.361057695152 268.966939644105 247.193685101042 263.645912376822 145.005014940605 -13.6838021249279 177.16746798941 -65.973097938215 17.7978604539709
-715.200894487014 1615.40087320815 -2545.86280388151 515.589642442699 -1636.5261569521 468.193546327967 179.340171401329 268.96152434979 247.17828142709 263.635331209667 144.991985848024 -13.7048856711966 177.167376156674 -66.0198272227126 17.7916193161179
-715.34876578043 1615.87892371972 -2546.25759412974 515.702492781703 -1636.68585925162 468.224857272496 179.310454850318 268.955000877588 247.154949097742 263.618162929338 144.971958400714 -13.7347009786505 177.158542566838 -66.0714254959208 17.769469587233
-723.835279743885 1642.45446344721 -2565.91853985173 521.777298663498 -1643.9241268335 470.054552225242 177.906158734763 268.81145261189 246.200138788492 262.995743492288 144.201314867708 -14.9144232915499 176.948781670618 -68.3039261069029 17.0450471860322
-720.73806181829 1639.83135039776 -2563.14826091315 522.380280051099 -1642.19242667438 470.41202369723 178.007821147339 269.220754436117 246.632685895542 263.338770037874 144.822634556115 -14.6198024691407 177.93441090303 -68.2754155389194 17.5486267451005
-715.108346337979 1632.35284522344 -2558.21201087141 522.299751623111 -1639.95521322906 470.43225263204 178.241016137316 269.582084025087 247.062219562432 263.704912513131 145.343857255482 -14.149056897646 178.481389052186 -67.5740058984337 17.925669868558
-709.317040191989 1624.26952924325 -2553.56406822593 522.114220488353 -1638.10572207308 470.370003933778 178.443932598142 269.857774262308 247.395332332281 263.984031036452 145.742293602018 -13.7759809004787 178.853080695767 -66.916498776586 18.1488651995792
-686.465268089494 1590.3130757037 -2537.30134882137 521.032387145192 -1633.0925496754 469.805193714583 179.08392282249 270.469313157395 248.19409764691 264.631020380443 146.65672516565 -12.8379575909497 179.408058879944 -64.5891169176028 18.2410065994563
-547.902267894809 1373.21957775742 -2450.37241769404 512.885791678342 -1615.47112699817 464.797059042992 182.051847412472 271.569231385561 250.219918291814 266.052424307682 148.651809050635 -10.1791230362327 177.987341254234 -52.1965750997054 14.4811428261607
-530.462738005059 1347.09772299373 -2439.92440447833 511.325208485368 -1613.00648577159 463.81253814909 182.310025760969 271.751500506405 250.388647143108 266.131063948169 148.821876885338 -9.88444542557171 177.689201421686 -50.8289957775139 13.9211952656569
-510.603682081264 1317.29535395175 -2428.015318456 509.524248803553 -1610.20965720934 462.680810838823 182.604778663391 271.953513372609 250.576143329423 266.215573697214 149.008890302127 -9.5536168870429 177.339499880901 -49.273792443815 13.2756646543096
-554.041885951161 1381.81193385824 -2453.92111252606 513.731968886219 -1616.55488499883 465.327066870836 182.009829895452 271.470514669839 250.188089627663 266.062191821187 148.61490868109 -10.2819227737092 178.132564301159 -52.5968789640528 14.6986442500297
-664.084341611034 1539.06523439247 -2515.84790024781 521.686580451712 -1631.90437936884 471.013059018773 180.800895525022 269.919628844765 249.088140080869 265.464754512036 147.334857288468 -12.2083970864266 179.5608919634 -60.8500916155197 18.0121428186444
-728.077879944564 1617.83860385588 -2541.23243529429 513.171205859136 -1635.52441915028 468.391470205678 180.42333931509 268.374091545468 247.665639002421 263.889476550523 145.310727244847 -13.6341437368219 177.868825308326 -66.2227138360137 18.666296199798
-583.247635498941 1370.92816853729 -2428.29745311485 465.308999370389 -1600.95199606508 444.219740572871 183.142449630353 268.32107251851 246.85890905856 261.161454229821 143.246490220525 -12.069269809724 168.636839595757 -56.7672180256198 10.5494868493837
-474.388266342422 1194.31866937324 -2350.14133188001 437.623109728001 -1577.93588784451 429.771115290213 184.966504161635 268.780479453684 246.797769893386 259.934970723659 142.577242498169 -10.6175929677152 163.379537101678 -49.2752780061756 5.34238137468958
-438.690013995714 1137.12785507648 -2324.95972396627 429.113063645589 -1570.53859678403 425.287693749465 185.550138280463 268.977379624522 246.823547656362 259.5974664018 142.429583239886 -10.1100738771999 161.783924990165 -46.7848340616631 3.70974081843565
-379.372710622434 1043.05936389986 -2283.13561534977 415.032880849857 -1557.88762280718 417.852314327599 186.513477983843 269.397777609443 246.925865684641 259.097221899674 142.26724406921 -9.17589931521205 159.231860617485 -42.5997317218434 1.0969564574857
-133.966692205041 668.868096972918 -2111.55214669444 358.660484113024 -1500.97785454468 387.717524418478 190.340183114479 272.503951477652 248.21419681923 257.949345269254 142.829921019671 -4.02587515510631 150.217546531574 -24.6154882418606 -8.23991469175809
-71.5423084306903 572.885850914547 -2067.47109350576 343.993985377754 -1486.44189297308 379.928835089672 191.344434211112 273.250326470946 248.523560650687 257.624820895795 142.936749012016 -2.7398098350355 147.862537024737 -20.0499506471206 -10.6554740738173
-111.363435667974 635.650317046721 -2096.34985094427 353.901658526181 -1495.75731355052 385.099736770532 190.647377359133 272.863461861704 248.363690296448 257.893662472489 142.939833481956 -3.50631032107851 149.479810517491 -22.9423855499549 -9.03343716079218
-182.065780833224 755.531561123518 -2151.73587341477 374.463840448042 -1512.47559613868 395.365067269612 189.101520023144 272.671160470991 248.287123927287 258.709820882696 143.337506380219 -4.56520086367088 152.979228312161 -27.9663963835548 -5.70571625911472
-302.029789638218 954.635217439065 -2243.5576303276 407.765841922213 -1540.69179333624 412.195437867312 186.636573124202 272.096613805906 248.051188758184 259.919149758009 143.81102118152 -6.51077198783981 158.589127016515 -36.5471485181363 -0.28796990510358
-438.682357115479 1178.9215564014 -2347.3865171463 445.2324359737 -1573.1964056173 431.228340733238 183.901321129335 271.2629611122 247.702758647033 261.194582728275 144.218670249303 -8.86542746177345 164.806395128447 -46.3735453222158 5.72484795489811
-698.117379991758 1604.13386085617 -2545.08356460422 516.980722975463 -1635.69537003116 467.656648444595 178.696943701579 269.58537555107 246.997877500721 263.59555318243 144.942982086721 -13.4466992947824 176.603624203185 -65.0687478279682 17.067695788433
-962.077257904238 2036.84504676305 -2746.90956462491 590.627303796719 -1699.88027700087 505.008686324259 173.374814363367 267.839115711031 246.262440289224 266.045311659524 145.6687063204 -18.1707222510402 188.642927256904 -84.1118413794927 28.5838057042369
-910.557025520525 1952.38587052757 -2707.51007407873 576.246561567105 -1687.34707654843 497.715477661788 174.41387848303 268.180257200128 246.406125383455 265.567058990895 145.527113237694 -17.2481399209341 186.292664353668 -80.3947862166247 26.3362380989431
-613.555136616232 1465.52346566941 -2480.49741161697 493.454166373586 -1615.19320992865 455.720228369023 180.399058191873 270.14111595472 247.231768695473 262.811644107271 144.709589878481 -11.9394663159894 172.750739846262 -58.9702272534399 13.3761810671961
-348.260943399979 1030.6734656995 -2278.65841284761 420.399860593163 -1551.5967061782 418.611429669431 185.709434574035 271.831087160811 247.940808727356 260.356802281989 143.959145354971 -7.2909237485722 160.700171796688 -39.8655178500486 1.75977535252696
-252.188568248313 872.174467582987 -2205.53548052448 394.023425929831 -1528.97502075738 405.237470444612 187.651321703227 272.350590446229 248.155854374015 259.427439687119 143.626690822898 -5.6930330607812 156.278317229159 -32.9785090937212 -2.52472970955247
-149.05436215291 700.062242503633 -2126.12861917818 365.048995014112 -1504.68767659197 390.640792633993 189.80471916677 272.789973226182 248.335187731049 258.349212622348 143.175281252941 -4.05345451440088 151.383547901735 -25.6141390750038 -7.23282333086408
-109.171773226711 631.013847104491 -2094.17844305312 352.933620695977 -1495.21348065136 384.66018737535 190.729075332996 272.815946161513 248.343576888113 257.831291835381 142.884792849384 -3.50579630373489 149.302383074367 -22.7986385976582 -9.18523902369628
-121.419862696596 649.728493223667 -2102.77440439691 355.774733645086 -1498.06710954566 386.175499821298 190.53621236598 272.662364583612 248.27995640945 257.890384273818 142.858404782201 -3.76272483107972 149.756134204499 -23.6960290363759 -8.71759168726908
-380.511400232644 1044.71599451433 -2283.92387358021 415.28404441074 -1558.17574707255 417.988601595119 186.496556489976 269.376103556307 246.915264586276 259.097612253312 142.258036308115 -9.20662116557726 159.265399858049 -42.686760316276 1.13241998317869
-374.649076118609 1035.33457023074 -2279.78105106736 413.878169672812 -1556.94965716509 417.248317457308 186.592523160302 269.409886558268 246.920164358071 259.042549704745 142.234574762556 -9.12161707125393 159.003584141069 -42.2772108842215 0.865454483138251
-536.644125913824 1294.40339575856 -2394.27192177339 452.742323343196 -1590.90999333383 437.714953105522 183.942066531505 268.459440385021 246.775448410983 260.55535777266 142.870040515101 -11.4873010972887 166.225290865749 -53.601709420214 8.22640678120587
-705.769627161995 1576.36837885889 -2521.04241433175 502.399811742515 -1628.85912390292 463.141942363757 180.934105900057 268.188309326815 247.337212096322 263.150228470464 144.656741700034 -13.4770938124288 175.786676076076 -64.9066117923672 17.0806621753263
-700.636002770594 1588.8136263372 -2534.25583017931 521.593440047368 -1635.87221877322 471.660386165676 180.458857817804 269.280446401898 248.560303113326 265.011061285455 146.646831934189 -12.9084181461917 179.516104267474 -63.719903429577 18.8522230990616
-593.540323699886 1438.75090380719 -2476.62426279143 517.232142796205 -1622.34331074638 467.66541262694 181.567154161453 270.937707805416 249.83203817721 265.908387020828 148.216168488024 -10.9604825685306 178.765214328954 -55.5228292409984 15.9478692782493
-553.064650908551 1381.09104766175 -2453.52744451106 513.280436552833 -1616.17483794612 465.044198697591 181.961184372953 271.519504326934 250.158381905068 266.0158866632 148.59018916492 -10.2724307615849 178.059142790124 -52.6255528376741 14.6345980213898
-682.919625080534 1584.77176316999 -2535.06021220892 520.824727419541 -1632.62391591463 469.678517666448 179.161189406554 270.500862391362 248.249620830093 264.670706629031 146.71226485312 -12.7656179744697 179.377317889382 -64.2689467565961 18.1504711571181
-691.72216452091 1598.35650112971 -2540.80357791276 521.336592572031 -1633.98833191928 469.980322640194 178.956164493904 270.383737027125 248.071542330305 264.536289576546 146.524909395477 -12.9926934353435 179.391572648108 -65.0949758743793 18.3126823612965
-725.453674547819 1646.0049415989 -2567.31093098066 522.391100672289 -1644.11053200599 470.361713258826 177.81217905286 268.900835314639 246.254084302087 263.018719991723 144.354933140639 -15.0166746498557 177.412296908481 -68.8309878264444 17.2054902327837
-721.054749360774 1637.91036178336 -2563.54343606372 521.30445772733 -1643.1050835459 469.813772983094 178.056828500164 268.849505439924 246.280437470927 263.10908607682 144.200988661664 -14.6231091228782 176.616757769546 -67.4940774334718 17.0457857570304
-700.703179988062 1609.52690927374 -2536.92682665827 518.963390165662 -1628.63369683737 469.358627289822 179.898206346952 270.808740647595 248.856098753246 265.626801624805 146.754178415859 -10.643292611006 177.893100241723 -60.834906136958 19.9860488383446
-693.767103669981 1600.64419046992 -2525.95110149269 518.302209090637 -1622.00074048363 469.405310169485 180.714971742998 271.779243888659 250.105730739357 266.843451536247 148.045038890841 -8.80442653752466 178.760578516702 -58.0163027583371 21.5286758379831
-686.600534944638 1591.56591235936 -2514.30800386569 517.6320178689 -1614.88556789191 469.480896587422 181.589930002856 272.826551972775 251.453022482576 268.155822869257 149.440063558836 -6.82733026830654 179.713195550203 -55.0077770214954 23.2039563156772
-685.402928012891 1590.81587693899 -2509.71564155352 517.607451331624 -1611.44227108531 469.718506039458 182.01292857695 273.377160740803 252.158125906924 268.853839574599 150.186995474432 -5.81788931270609 180.312226410845 -53.6171521169448 24.1771618077828
-675.460599036115 1581.05602128128 -2483.87343361168 517.00869305535 -1593.30705965271 470.653056883649 184.239056581638 276.209474750649 255.785813671244 272.42787383774 154.008460123369 -0.588752128826218 183.249110516934 -46.1919311644576 29.0345140230932
-259.903479384184 1139.67764306164 -1517.80413410765 488.764249025116 -932.208369822323 500.309297615423 265.438097452664 378.458722085804 386.460568213731 401.090447720122 291.404451876747 188.966229756021 285.529130955362 227.969104123828 200.698256023683
97.3611143256838 783.916938009913 -599.144095759823 469.125661942105 -288.032449230678 534.049019576261 344.806461887733 478.907313341776 513.670201603975 527.157947810764 425.819833539857 375.259258344699 383.026036811216 499.328278973065 366.645173036819
435.927288077449 462.446131121611 343.494776754501 456.887486681451 385.652839031785 570.879798538029 428.89091850269 582.376066353745 642.198381153404 656.429976904216 563.006077417421 569.084552379522 479.003722633787 783.821092478481 535.649830928886
434.136340154925 443.577772129009 348.956839302424 468.923202890524 393.60167231412 553.390359485829 434.935748132748 566.651783404131 616.135278732713 638.061458814935 539.345820475048 552.018686446161 467.134001085256 760.158204350127 523.981836337712
420.025026158737 418.515820946422 355.543150038811 506.208494426268 413.180652260243 528.262358645425 439.22030510924 536.518652743127 566.434103849438 599.800071345915 500.281061637713 528.251309021899 413.172125000985 724.485637890106 491.610801741976
410.322385726732 417.97724240367 367.408069637592 508.529589913276 426.181481701465 524.994460904892 439.020180917363 520.199569238226 547.462894551304 588.971699108056 486.659744513743 519.969567265082 397.335327835595 714.5814674821 482.525488150253
399.232419805293 417.627612639444 381.048003653296 511.215111167314 441.267241221966 521.5282024011 438.894578939507 501.680276291248 525.888708005508 576.765716229028 471.198999927478 510.696466515462 379.233124713095 703.402907967176 472.253159833876
381.788409607207 422.039125798779 395.89413037715 511.969060389475 462.121276338855 517.93306766332 438.721650324112 478.154282956353 495.169446570814 559.329692502138 450.004181871615 501.318949384629 353.302054028847 689.809896780492 457.505974493277
350.752561288772 458.394417022861 383.614550950674 450.947349061569 443.57209157686 482.490722041418 422.397265428955 454.909991918293 474.038061072209 545.683510293695 443.665729462343 503.560986990683 361.353675047802 684.614038265828 466.381177770631
306.82341081126 503.442260058073 357.897725333674 364.906292974993 410.882633193751 430.372066587369 396.778183436507 423.818415139226 441.907775982502 520.937195109131 431.390419129743 505.111969619616 368.1715892296 673.474524250975 474.242447093479
287.57887668336 565.91194299485 376.631336650286 334.448622158751 416.760270476485 402.577076180882 401.208480805769 414.836544819731 459.151398994892 550.507026779444 467.849437370464 535.276553428099 417.057868042686 701.535108455689 518.593693306753
261.095339075956 630.511703191301 390.175259906956 298.591091038054 414.501938434366 362.056075645046 401.249246811046 400.900251793676 474.123861636835 576.103863344118 504.978799144707 566.438214732476 466.552259895174 728.22419377789 563.822833616831
250.30047389806 640.827429742061 387.060474909579 288.5988148485 406.892766760865 345.795012650502 396.766552732541 393.786749650265 473.3191873527 575.022498689517 509.239490938461 570.544926439735 472.155700806201 730.458678201747 569.099621417691
238.540662543234 601.728566565217 357.712595466755 289.732887688358 376.718471898269 326.041360723252 376.971308314666 379.751615379284 450.893875956726 538.070365389995 481.04467381533 549.178742060392 435.050476210702 704.819910028043 536.605647065751
235.947926154286 359.542733584681 269.400596744227 328.473949990662 302.90518204798 336.115452376124 316.215957703072 323.045114466245 369.303934482829 398.932739449672 343.248423958735 447.387678103983 266.850211901538 586.191740319794 387.670532224293
312.273021167792 286.866980842537 191.686548712335 276.44919373807 328.775931781009 432.932303942634 364.4493665549 344.222064723536 406.897884913033 430.117391660451 355.349135860717 467.666677430935 284.566271647127 588.184480458377 398.469896500937
428.95873533467 544.797016804531 194.279017702404 263.398992868903 313.924315336565 447.778945517315 425.950933966713 427.534072937106 424.738672683761 488.917461224212 399.621053560428 492.276175996877 339.391585343723 571.452310717365 432.005113829429
496.726114391439 738.093112304565 504.442696984787 609.280495735183 288.577593707044 361.840688676169 294.583926742844 407.935584677947 379.35593243631 400.299425593089 341.360704271095 446.982637608822 295.585126820262 504.558678131979 341.445770323288
364.291773440272 560.114140605417 336.781811681688 528.047321217232 273.192397712362 418.944765681049 288.43716403047 385.440077659232 323.053948647568 334.582676345373 317.721922707914 378.876705958878 266.636481779123 482.771364219725 334.594440118052
391.888933629748 494.3863306982 250.965008645032 598.750488131977 300.443142160027 483.499782513333 348.951329465704 431.947520906984 369.853746226611 395.362908422518 373.680362242449 434.705491244884 324.716997586156 502.075639954597 374.985374569932
434.183247818022 479.636735206857 250.298811691674 694.572750240511 375.726847027027 606.212957865114 481.988745107284 566.504902671944 567.05722606564 602.770713818831 572.451917532538 632.289338509547 486.447425516213 607.610861183435 497.561853236671
442.077782964553 516.356754455877 284.176476371664 567.614125979895 454.188686701562 646.913870318894 545.7724552534 583.935247825742 606.758073303819 676.871660864691 590.515733276725 674.276886754962 548.057415615863 722.288607810854 556.371839957532
382.626204556081 454.921858618588 290.108765112174 542.859990969367 408.239358445765 611.173991550624 484.964512888919 535.264093508078 554.609202464426 599.882506392904 573.425284333339 600.491303194485 533.542814922766 733.496644370951 559.857555817108
378.251243753369 453.636193424589 274.804236402562 554.826057864592 405.860703104586 642.607275210792 489.521676385271 599.510921934365 571.576756649502 616.763074770777 589.72444200412 629.594921425561 521.735866625653 755.030507170628 592.523613856567
432.396548415047 545.158305906937 273.408495961952 475.439456664883 460.61199884628 632.283114288113 514.344880487485 644.627852564226 583.957591538349 655.017794586784 528.993610136493 653.495054597892 462.113927965492 770.397944758022 572.398142636808
452.353371189495 495.581256151512 312.819633115416 464.759227420948 440.855554064492 609.745561273944 500.759712372647 643.889281061498 626.491315349186 678.776310704347 547.122579228768 627.331666727335 484.590031025659 788.961860067879 563.633627395076
456.167946102264 498.085616367508 361.00738541987 431.696437905356 411.673455641927 609.278351789741 442.678485985244 627.962315895867 684.072673420262 698.085132547801 598.996129802727 616.111625345014 517.886491008591 834.21557966749 570.727952487909
425.411914251328 500.28304218609 463.443533272975 587.22286010903 561.791548378025 684.024846730826 435.019884097761 657.210216597034 689.507935109807 699.537087610618 651.699420939594 716.205050154498 248.976159885921 942.080744406324 509.334384611489
390.961430114731 429.9436085781 532.819130981212 717.601312838601 703.274540838755 712.282970489984 491.143158793825 676.164143370911 647.149083883377 678.365949019381 651.247783025808 791.97116501875 8.5828346802814 978.107524752694 450.905654612847
294.517432762156 -14.2617399589629 620.033358112414 330.495279991271 691.821402910155 320.885543829329 709.216390488973 514.862116357072 524.638359894974 538.848687519098 556.071027722583 691.849698351204 173.956026579827 788.915075502717 450.278155478158
278.672852463685 -201.698858498151 663.599637767212 112.265929837739 617.699362478231 125.853802298678 798.845018351821 425.862339206964 508.460707363178 500.944482048894 526.071913522624 616.487206653249 451.345131989112 699.21071926773 511.253628031283
324.036908859897 56.7981804236623 532.223710261514 249.672202097159 474.152943902199 161.331182443456 603.768142568747 379.408988923235 451.640019297664 456.674874263439 482.120078480717 523.223605460639 456.468259189159 644.869099526993 487.107367124516
341.650441292319 388.326361530132 323.139560131902 427.766233806258 213.187895002181 300.669123131697 287.403920072995 409.854424892064 383.47085493685 439.949398567647 458.276720368421 458.44769211224 376.513013269066 611.981722568021 429.305800489382
411.755780804904 436.921748049107 466.293061178919 610.236611290307 347.684248812071 757.234553496314 461.093232891458 693.903533384473 500.763169266169 604.10810306181 617.797653768922 666.298204471359 500.352894168518 670.016117623094 525.560856357457
337.41617077239 290.72211769528 213.058065577842 361.426104898337 313.820605886844 373.043201385523 337.292205157151 370.495078338063 315.951629790073 396.843927174322 399.120793650804 479.381459272035 357.440864834004 467.827165886829 391.482601891099
328.020691373245 -113.541042157583 597.140147710124 148.587927735444 362.123028680225 486.075353300571 362.651226143195 395.656215980106 479.284190815954 321.184636154485 383.851202503385 326.609463867386 428.059036956 294.871415915484 322.029380090628
420.661326743591 178.608427561516 582.823076034962 453.062771590932 452.021659780638 594.677303284826 450.536408126238 473.268554411224 471.221389479451 518.199980523481 393.41555887376 283.81430027031 533.051353758947 190.839428685485 329.450515737463
432.962581280124 374.818101125028 458.201652715932 530.525610567227 476.574037884433 499.314529054492 477.877305282334 493.039281516718 403.775372051933 584.106823698086 409.569283117143 222.458959775405 579.298796256634 80.9119721437743 313.906458245729
418.951850575685 383.685179400033 442.231616248125 475.766096707522 469.101987313178 468.168315220863 371.546790724182 468.080122302461 448.051832578778 435.183560545715 425.304422083709 256.553500939744 539.351346326156 146.545693054475 337.135179404189
409.159930863122 267.136743753487 517.798184821621 408.126970679758 490.399634898962 414.324658331234 323.215592560829 415.349048321106 340.152522769996 206.957947486904 325.155330999174 306.98222383711 331.657813001985 348.720814397532 292.650638907566
409.047955797084 225.661720096108 554.876963232094 390.436307902559 528.608525968228 367.236751827101 420.054208811415 450.671130214678 279.511291971708 317.638781010858 326.67963655196 390.926582014622 244.296031037924 515.605505881556 306.656989680242
