8.41945897809901 12.5973265432092 21.2235449289899 39.7190000308344 56.1088993651004 64.4739874542039
7.83222436310378 11.906113450835 20.3311611456095 38.4831304757667 54.6367270056396 62.8836868596435
3.49645213472959 6.56061837856129 12.9995495257363 28.130553889297 42.207843660767 49.4460103658819
2.26398605107808 4.92872960257013 10.5800962773577 24.5329820667506 37.8359063695402 44.6825808775307
6.79089205665883 10.6676975265253 18.7464673365055 36.3071946077039 51.9662259686429 60.002038625905
10.4110146627986 14.9488152286482 24.2790253798119 43.8447644183248 60.9643628140037 69.6850361495891
-0.129374250015425 0.977916173391003 3.4491848134196 12.7288969141313 22.975757598045 28.263143738789
3.64419392701826 6.74380963444658 13.2310125277381 28.4834441348403 42.6754538475639 49.9534236818118
2.5996060748335 5.39029380759987 11.2625219977033 25.5491965561169 39.0790965644045 46.042746129792
0.00154951488252778 0.497015428972851 1.73244498302053 9.18070398775668 18.2353892201261 22.9265265742982
10.1657031991035 14.6670118212494 23.9336030017037 43.379341202785 60.3883708302872 69.0698134451466
0.382054962959476 0.48997941860084 0.967712941533431 7.24113527856533 15.4643991867206 19.7472246170686
1.34595466088828 3.59109799102675 8.30448069370935 21.0511771339269 33.7053884257995 40.1739384028091
7.93729902182656 12.0577567218238 20.6678774855099 38.9430048989704 55.016449561409 63.2841474990943
0.750978367498177 0.622808383908794 0.612792548724997 6.21733257424657 14.0633508325821 18.1495336240622
3.10724161773195 6.02040604334906 12.091464168705 26.822394533789 40.7502379372224 47.8712425200482
-0.162308547636349 0.772119568545634 2.91626893026326 11.6590862975695 21.5468953148727 26.6667784699727
7.82126251514051 11.8894212909146 20.3027513017767 38.4673371172899 54.6184127487006 62.8613702347205
-0.0469912633524134 0.515391031945318 1.91520623689304 9.55838623880262 18.7032227623417 23.4543789584774
0.472661130951848 0.512012345780856 0.866897938331435 6.95870918029632 15.0515692579732 19.2724675952198
4.5331024290021 7.86542808360569 14.8013410105635 30.7424407293063 45.4299675849551 52.9520941518718
3.67989177833858 6.79049322156322 13.3221379743736 28.6195314389584 42.8148054097419 50.0974567687929
0.66915240966759 2.61446850778066 6.75835240394533 18.5301847147668 30.4367713312735 36.5548647205029
5.87220026053813 9.53235232654479 17.1362786160718 34.072628608234 49.3760085482496 57.2076481101009
3.29764656527805 6.27341486664012 12.4820671629317 27.4044099743088 41.4365467457683 48.6206912208436
3.26760149234396 6.28923913253571 12.6837739264231 27.6774961828111 41.570224887442 48.729192312751
9.73598901311068 14.2168549250137 23.5935746383478 42.9217573056013 59.566053662898 68.1506473873762
7.16091467072386 11.0745899096956 19.1272027310016 36.8631458082369 52.7975232420178 60.9136793645452
0.120985273602345 1.61646190511055 4.88030265135355 15.3435964352915 26.381691731346 32.0652576494764
0.902718188482782 3.01875390763427 7.59066050891022 19.863979603501 31.9807511110278 38.246634306715
2.96808940665073 5.85485088802458 11.903943761169 26.5330977384177 40.3298520039928 47.4050172556336
1.20169767337252 3.4124871557952 8.09200602495774 20.6863504413912 33.1603343454615 39.5738961226498
0.0743069589335939 1.55278762127049 4.7875911215044 15.1698004051111 26.1209386287933 31.7786573430316
1.87226015055993 4.38815899197883 9.70107709157559 23.1997023873172 36.2295327176189 42.9247286583403
-0.125729052457001 0.588051154736238 2.29947491555824 10.3988793865018 19.8374692015202 24.7398854207393
0.658099101318106 2.59953688152928 6.76386179066917 18.5370026423532 30.4127142061134 36.5331381597845
0.282751686401969 0.46808939892063 1.12066389931433 7.65059689688563 16.0334154688038 20.4005799095158
2.04103240678641 4.61488948300794 10.0467758001317 23.7423694867728 36.8941581914625 43.6448429923953
4.45770344067056 7.77038580829138 14.6759172275395 30.5826391160624 45.2182767982024 52.7132067133652
0.0664767326631266 0.498352684708348 1.58787389310708 8.87802327945567 17.8526614055364 22.4962089226748
0.911386044978451 0.679528801195145 0.52184157550505 5.77433035007442 13.2651620536053 17.2019625331746
-0.143440368148959 0.861307184345843 3.11825162867873 12.0946296020616 22.1507728421461 27.3472379662562
1.03591795838934 3.1533180965692 7.61629185720135 19.9392123406616 32.274707730097 38.6007289391939
0.246230493906706 1.93154363021929 5.64284519191155 16.6107216341318 27.8751380535743 33.7130798385845
-0.117414523506021 0.993157156195781 3.48000564950638 12.7923853265594 23.0733496992357 28.3888442827101
1.27695553234789 3.53597969974936 8.31785834789304 21.0581919111437 33.6010741497473 40.0456702894034
1.10561820453764 3.2840990287721 7.91720983183975 20.4027409793602 32.7761283533586 39.1395996545747
0.350233573904293 2.0249687134222 5.63532955659222 16.6655791039784 28.1213802337272 34.0165986434121
1.61754832478309 4.01531024380507 9.05662202984337 22.2219065277034 35.0936870647545 41.6902965441348
0.653988040383886 0.545664708342269 0.737090631110649 6.28071995186675 13.7448326667022 17.7242779821179
0.0868800329214214 0.464452087473953 1.4875134963335 8.55531114793727 17.3257453369361 21.8812034997925
-0.19068440243732 0.890658042987034 3.40851788345217 12.6029380241979 22.6621593019824 27.9083868350788
3.53071537432083 6.70593601964937 13.3397195986353 28.6298929827842 42.6504294476803 49.8385699668133
7.57106999368054 11.5923121103969 19.9131505698981 37.9419854631342 53.9765714327084 62.1726901384336
0.242780173096634 1.90118223637397 5.50366096686213 16.4171366923562 27.7027740959393 33.5273858806925
-0.0666048453199213 1.26793419485347 4.27150125423998 14.2347076071976 24.8136016105083 30.3179530035279
9.11924989949489 13.4383134098003 22.381767908279 41.3004188755671 57.8988135513673 66.3894574610427
-0.170819932949292 0.7636141588805 2.8942717393 11.6463310937398 21.5216859168974 26.6344278705787
0.326723788328619 2.04856697383483 5.7465884320033 16.8368902219254 28.2810247470058 34.1750071636264
3.32238529049168 6.35703539977809 12.7750041050045 27.8026545645411 41.7238921124681 48.8949805343845
1.25548039631307 3.57035885993491 8.55877578329876 21.3941867653486 33.8240738906444 40.2638576174818
0.659889974121612 0.58307729425577 0.693668670369138 6.4267861700851 14.322395453894 18.4443944297235
-0.0914183415723996 0.47774538257634 1.96315506915585 9.61623001766333 18.6682827358519 23.4062277884109
-0.172077420671555 0.773463124000852 2.94706296050478 11.7352667770593 21.6190375145505 26.7383689326427
7.18868270156295 11.1181568793079 19.2412761005572 37.0184354885207 52.9237633575612 61.04483407816
-0.0259638744234786 0.558481274928794 1.94274459234131 9.68428208828098 18.9975991494046 23.8029268336259
10.6370760065273 15.2111368687754 24.6213116020348 44.3195775313215 61.4863844598412 70.242371582432
0.318448298733959 0.487575140066757 1.08238272038933 7.54374773156712 15.9202014198474 20.2708206786473
2.20237896497802 4.83995864862954 10.3959138270516 24.2839752489389 37.5640715625948 44.3795964039858
5.86678461682172 9.59717972939826 17.4179393602284 34.4655568478812 49.6154034397203 57.4207463553923
-0.193366677885553 0.679274211144687 2.73721006089541 11.294888577422 20.9667883004831 26.0053594509506
-0.155519741718451 0.728480294401603 2.77955209743749 11.4022914444695 21.2061178218486 26.2753933866419
1.0081920699185 3.14494946281878 7.72008648767998 20.0796606189895 32.3358134968743 38.647801677546
6.18885062489605 9.94548118182462 17.8108696034407 34.983710161859 50.3720337117766 58.2848783204415
4.60288196100136 7.95898882251311 14.9450517900934 30.9697236365573 45.68209817925 53.2149108651687
0.765169407699726 2.77338202553733 7.10910779008381 19.0950723797819 31.0640963327749 37.249505390836
1.47663922788164 3.82701553786689 8.79128873615112 21.7864244165706 34.5059185427482 41.0419365434665
-0.151065994593974 0.429522684469916 1.99551930750862 9.57880163013225 18.4546343070954 23.1375749886254
-0.218488565871091 1.03692745562837 3.92458332677996 13.5315241699604 23.7261133540193 29.0652759915188
8.66850308445332 12.943788481812 21.9255000707654 40.6592329342968 56.9282324485085 65.3243791808539
12.9701647045667 17.9333260513849 28.1712382047871 49.0024573104193 66.8691206660565 76.0054740777912
0.31187224746357 1.99880168194603 5.62636516399332 16.6415807832328 28.0485270241129 33.9242291274992
0.208076993880818 0.448262062014338 1.23661152967711 7.90344723793676 16.3580024157664 20.778937172431
0.147036484449357 1.73722608306448 5.24674739948995 15.9516677376409 27.0509613978999 32.8124994357474
1.14493254699361 0.786073577322858 0.426072101693827 5.30201954414154 12.4667662585654 16.2678022419813
0.178741754956582 0.454887426357871 1.28079867749985 8.06687598731185 16.6339548762049 21.0903815513496
0.283694282392429 1.92635991313805 5.4844434770191 16.4211919241968 27.7733018979951 33.6164941561393
5.12122115941393 8.67627686083497 16.1813198054543 32.6926478829862 47.4988903228596 55.1424981922221
1.20387920682873 0.814450397083459 0.39542635743367 5.17811256122775 12.2740319452438 16.0432330716139
1.01739202330412 3.24404624704025 8.11093238391422 20.6702415310246 32.8345285053035 39.162581645683
0.898578272121048 2.96730979575634 7.3859812427568 19.5623114184621 31.709111373151 37.9555364427504
0.178318335195827 0.455907141559294 1.28191453529152 8.05509150771067 16.6096253445368 21.0660051151736
-0.147133944787745 0.969956071338586 3.48904725968472 12.7666512025822 22.9906834472231 28.2843321980971
0.70610287697867 2.76944670721405 7.31291241036282 19.3857488025476 31.2043716108177 37.3745515971574
-0.0720483835615566 0.510831383750649 1.94821070904148 9.64728156332262 18.8108405651071 23.5704210739533
0.961393249062038 3.06933209612813 7.54770846676817 19.820975633256 32.0413611317974 38.3284326140247
0.80526254566717 0.633424690308697 0.572208519382512 6.03697261170198 13.7014280208776 17.7163384524402
0.544568842430176 2.41244573583883 6.43360012043205 18.0048323258808 29.7233030061948 35.7646650298208
0.262946061482429 0.465294528230361 1.13780489604494 7.7105528181518 16.1290775200912 20.5105581301497
-0.131758508506705 1.00756246469234 3.55749085527028 12.9227195798449 23.2033214343782 28.5216758816842
1.80602291195221 4.36512449854792 9.88638008773173 23.4501232641252 36.2840411969931 42.9555570131055
-0.00765911816448871 1.42147684190698 4.60541138512947 14.8145245847101 25.5796742485033 31.1705090766202
12.6737984590441 17.5860740204713 27.689791021497 48.3767681534026 66.1908166890239 75.2734137720285
0.797829481179595 2.86153728049957 7.33055376272924 19.4426032332855 31.437737634941 37.641643312257
10.7616026994388 15.3569517759772 24.8430296874977 44.6055871119784 61.809172781911 70.5891535755322
7.3769809483275 11.3497426165577 19.5688733882437 37.4529356467142 53.4304447440393 61.5956450345681
-0.128451337431669 0.569708992568419 2.24304667144555 10.2755457502473 19.6613029653845 24.5302834473339
-0.0721928652096317 1.20217775385449 4.03512033024559 13.8166692616576 24.3647554095088 29.8203380172524
0.869579029808227 2.96350275102717 7.49150699913932 19.7060316400213 31.7778632844035 38.024443642013
2.18007442032415 4.78754821332515 10.2715478190069 24.0953850422813 37.3703984566085 44.1807630294241
6.46484497224752 10.256261080541 18.1282484244405 35.4593053968594 51.0261957813981 58.9940492388876
0.0946005457390634 0.432150036771599 1.42437161915431 8.37342735138671 16.9651061834711 21.4660279419416
0.314561851581525 1.97310729644396 5.54049897718435 16.4966632249965 27.8997638930223 33.7586987434933
2.6919795218573 5.49852851633293 11.3635811963661 25.720154657709 39.3569690603718 46.3463587661856
13.4704912566152 18.4996613554691 28.8262187386821 49.8701019464995 67.9525531432558 77.1628004896406
6.39994626042374 10.1818097679892 18.0359412701813 35.3229978758824 50.8679538112096 58.826827229312
0.502221754614181 0.526419321438982 0.842379910051471 6.886465112418 14.964890430378 19.1757093011713
-0.164467440417535 0.56333562958772 2.35056894006809 10.4963647343254 19.8768429536122 24.7690044824585
15.4718116657937 20.8059101632822 31.7619736550683 53.6845695609188 72.3129702807317 81.8195004897311
1.71591083633048 4.15609673694354 9.3086148834456 22.5947308971478 35.4941272877157 42.1256984799409
6.58172722164561 10.3925351645778 18.2745049613343 35.6830874408265 51.3146690775891 59.2987768276902
3.15622631013729 6.09650956164165 12.2350758735731 27.0330027147889 40.9646902732135 48.096565377493
-0.154629454492075 0.684284776516949 2.64033369594642 11.1155676642173 20.7866508507111 25.8052222853115
7.30073509907164 11.2632716949318 19.4651948712731 37.3228185263038 53.2565060241952 61.3960347210829
2.5172176097034 5.27696538082413 11.0965245425357 25.3113203445787 38.7883056303396 45.7171544980831
6.77743208891407 10.6530068522388 18.683383652895 36.2203273282533 51.900383317204 59.9200617273883
1.22956950642187 3.46858502667488 8.26553952495077 20.9618174616091 33.4334622978488 39.8640871742509
3.91076001030758 7.15670655415648 13.9775304018872 29.5552795292821 43.7685183583898 51.0854731090046
15.8582605470126 21.2792604421771 32.5501768296096 54.7003077758446 73.2472464623589 82.7882042535624
4.55899909772918 7.92092073814207 14.9826365477313 31.0179593453402 45.6275197942479 53.1496753894595
4.24004402949994 7.51255568516948 14.36952693115 30.1268148282814 44.6064808772468 52.0472890852146
11.7892399804392 16.5535850479417 26.3604816688493 46.6220110459386 64.1777366662998 73.1280012843067
8.14745822197781 12.283015412231 20.7953977376889 39.1408518448591 55.4445610541901 63.755258216861
5.53046733527688 9.06955860217146 16.3816626082073 33.0160812268181 48.2685480123432 56.0459395858851
0.627768245011726 2.51436487281853 6.50615896210823 18.1294609639293 30.0050304957787 36.0907985427717
2.97221612324532 5.86645915655265 11.937574678551 26.5863851468784 40.3950334506165 47.469381152493
-0.070354329688033 0.553745568511943 2.0492547916406 9.90695203667355 19.2398079442445 24.0642398859973
2.58414337907093 5.35264170675744 11.1687622815469 25.4322272612047 38.9807447958325 45.9354742384597
0.119420485633649 0.451448135312833 1.40481370354425 8.36979927431471 17.0336590350142 21.5488980154259
6.55408759290172 10.3588139006463 18.2642843684468 35.6390605665114 51.245902750111 59.233527213388
2.30185637518944 4.96840283662639 10.5794475003485 24.5429748317964 37.9059576119129 44.7633977622459
0.114262082683171 1.65851801336663 5.04333656497661 15.6131790212694 26.6488338725519 32.3575073373799
3.19215789549016 6.15609213251544 12.3886378458618 27.2491949071566 41.1553134971646 48.2980616812733
2.57605208044223 5.34953222970971 11.1774547005254 25.4496252809177 38.9833934162627 45.9327189248088
1.57871342652616 3.97599763655642 9.04158891859083 22.1905829536643 34.984019341092 41.5518018212643
8.1314892003519 12.2595063651653 20.78664517015 39.1206727542486 55.388211029624 63.6982185840476
-0.123826539134587 1.02687527563598 3.60155308187348 12.9972172166171 23.3030599316166 28.6340966085269
2.58723239754184 5.35370505346815 11.1666498249772 25.4273628516539 38.9801277225829 45.9315226351872
1.73914857107616 4.20155445322638 9.38843310658319 22.7113419695263 35.6473357353862 42.2883187689895
-0.0844259068839628 1.14492806234678 3.88346737667665 13.5490692880203 24.017471626286 29.4292724595842
1.17929421572024 3.37937413684904 8.03216882153186 20.5848128070144 33.0404808407807 39.4353194606495
6.14705651604187 9.93481599340572 17.8688099193205 35.0793069174833 50.3770314666338 58.2423140029476
7.26706166649969 11.2560103865264 19.6019165574008 37.4807063339217 53.282232650294 61.4094392976958
1.87529411245098 4.38863338212718 9.70190453455944 23.2058257093743 36.2312579975682 42.9237674752524
0.555127110253299 0.535796623232062 0.782258598194925 6.66658675389564 14.6446804068552 18.8146170982549
8.17599015299363 12.3777059752483 21.1512771489495 39.6341757179911 55.739694181537 64.0148349625186
-0.0159326448841414 1.33054299313004 4.29627440141841 14.3162576114952 25.0320785966182 30.5685923247391
2.70417543410035 5.51289990587546 11.4095969966863 25.7982024186266 39.4244038913432 46.4166846444837
3.8799120476668 7.04430801613493 13.665983850698 29.1136614451275 43.4446695715719 50.7976686363944
0.221915007312561 1.83171682113314 5.33333641210174 16.1273428912516 27.3730427631867 33.1702475227268
-0.0250666493212105 0.490464546662297 1.80179404586899 9.30255004553838 18.3381416171209 23.0322312697455
6.48946650789174 10.2922668185626 18.1781848015188 35.5264242055871 51.1031829258831 59.0725502138229
3.16359704427782 6.13225330673639 12.3254528400022 27.1609959143464 41.0804701823791 48.2076566337564
-0.160271273916738 0.712915144548173 2.74456593845074 11.3188187844786 21.0930082158656 26.1534760453935
2.23183325103411 4.89318821796887 10.5157558491734 24.4470159824127 37.7113956166251 44.5330753117628
-0.00539176363089959 1.34427097657615 4.31296572341513 14.3459062631731 25.0668169263006 30.5955395333873
3.36636643745023 6.38497211069877 12.7043224220801 27.7014672669643 41.7357613250495 48.9293830158202
7.88826861613059 11.947435272602 20.2930915220808 38.4584839674844 54.6971063730008 62.9663511856281
4.10650009782574 7.32474837843282 14.021518342707 29.6455523628374 44.1307950734268 51.5371351643833
4.68539663229211 8.061584476882 15.0852332079303 31.1509334386294 45.9156488470882 53.4729717260723
2.85248642078078 5.71584873872759 11.7373079775625 26.2933351064735 39.9969584181417 47.0384059591884
9.63013877279602 14.0297132595477 23.1120987637468 42.2916724834042 59.1014963020377 67.6870789608444
-0.141754350949386 0.906414970085948 3.27717427131032 12.3863739786944 22.4971204242027 27.7246084326066
6.71502165311525 10.5513518262179 18.4842055946687 35.9675237749952 51.6704805018193 59.689226626559
4.65819586300861 8.01919416441672 15.0096895728212 31.0627421401079 45.8071907191251 53.3560686057387
-0.181512750116763 0.664664892682947 2.68190392197612 11.1610697185595 20.8088029077492 25.827954780362
5.7514608374648 9.40696281625518 17.0379816092005 33.9140541746397 49.1346126775694 56.9420138606799
-0.00795885679126984 0.472998723990153 1.71640759030071 9.12278564539361 18.0880519415641 22.7464080242086
-0.264457951598493 0.705525297458294 3.01628604864437 11.7824774600393 21.4565844486272 26.5197340850289
7.85078206319069 11.9627772092564 20.6052524658877 38.8697417527616 54.8455577085058 63.0868329037611
6.3901335036897 10.152844073381 17.9452035484269 35.2080846192066 50.7775535815766 58.7410555398817
-0.148090754621939 0.69305441939617 2.63098472877233 11.1029649331318 20.8037123149079 25.8258703194995
1.11374920492592 3.36363388430929 8.22904908594218 20.8647269107618 33.1493196369173 39.5239510420218
0.401352100814389 0.445828743684344 0.947560933581593 7.01902737701059 14.8630441710629 19.0400988637451
6.29083286117154 10.0507114778266 17.8445966416849 35.0459044044756 50.551093061476 58.4850568574008
3.1926886214951 6.21204184531276 12.6634998874271 27.6313867029536 41.3997786120471 48.5400575119142
1.3050612519396 3.58408473137891 8.41767411276075 21.2111161716636 33.7745231538524 40.2312971212177
6.40459447340677 10.1752873132744 17.9899151045664 35.2680230845722 50.8276067961663 58.7833252496925
3.87208878834936 7.02626620930479 13.6349177280412 29.079607186391 43.3903884532126 50.7254905396555
3.42445952234963 6.43353672266234 12.6863142995121 27.697171558714 41.8183321061517 49.0346225795932
-0.110124153334352 0.54866472184399 2.15332729529155 10.080338857068 19.4005596087222 24.2364245484799
6.11397588653282 9.81351003458328 17.4590044089242 34.5247789230803 50.0047219646972 57.8980930723469
3.04901526448275 6.00889399650988 12.2800349766936 27.0679234995052 40.8255794365577 47.9246751362423
0.687655491063941 2.63809962756157 6.79735952157965 18.6111036836264 30.5306415147797 36.6617034608522
0.0362111393876085 0.485868338356431 1.64621127952232 8.99212097179513 17.9552819510776 22.5979723001372
0.0931599674394129 1.55748854989806 4.73978083342215 15.1069947795496 26.0903138261677 31.7479095410655
4.09838756247168 7.31301117913384 13.9945543213841 29.6042389554514 44.0715993061119 51.4705016400823
10.1175439411242 14.639619107266 24.0578313689926 43.5558303041383 60.4033589085975 69.0607119713524
3.59847447905473 6.67446703054655 13.1081869313293 28.3004995098927 42.4807365115944 49.7533720953816
5.82880101567011 9.48267325564527 17.0698943800232 33.9745572678026 49.2750318026826 57.1040621929989
2.57014624810472 5.35092514640179 11.2168547344544 25.4873538295185 39.0053243079024 45.9594095693104
2.48019426424366 5.33144954739026 11.4182320210802 25.7682575401266 39.086134528245 45.9727035803419
9.51446997789722 13.9050076728308 22.9552711360472 42.0577593643278 58.830300710617 67.3963216434905
4.27477110610117 7.57583145340767 14.5580973863296 30.3714638859758 44.8135936148547 52.271448658238
0.593634599238296 0.564318343509905 0.753397543311136 6.65695360009627 14.683170296273 18.8578716601779
4.269070463449 7.5281064634436 14.3332650270163 30.0925567258891 44.6250417766103 52.0692332912784
0.652956429286799 0.57377921812952 0.705305962607646 6.42080665520958 14.2704589197685 18.3798604019981
-0.125638232352548 0.590162144913318 2.28140107768092 10.3686505524654 19.8281062380265 24.7263180630966
0.66725327332344 0.582387344948446 0.697928113943893 6.37195994185131 14.173188520259 18.249599980381
1.07931784424087 3.21771644811351 7.74029992374264 20.1389006780271 32.5128281054094 38.8584335578867
2.53019915219041 5.28015683838157 11.0579092382452 25.2356892562126 38.7634585690502 45.6973010339936
2.47558922594952 5.19582067418577 10.8952892406655 25.053189456635 38.5295484994381 45.4328839303482
0.746563944344761 0.624977588883059 0.622419261150777 6.21564973850641 14.0304828531686 18.1009475695115
0.101360081631499 1.72345343011516 5.37718048782172 16.1441900991331 27.1458879316203 32.8952928754344
2.82035941678317 5.62523904483858 11.5074346712885 25.957477648817 39.6918579080182 46.7357502469853
11.9944445902839 16.8026180062125 26.6599129141992 46.9976436816829 64.6330946535134 73.618128072159
-0.143136626097452 1.01575814874037 3.64297883524698 13.048743968798 23.3242201927823 28.6538206575426
0.621798401895973 2.60528784098512 6.93179045800563 18.7725445249404 30.5547210342868 36.6777354208529
-0.160410249215246 0.847657229990456 3.12934352141479 12.0872318584771 22.1057385423522 27.2887804676002
10.5823123199465 15.1520268628746 24.5869022797343 44.2679075104533 61.3966735611897 70.1386371441923
-0.132917728818881 0.785281149640019 2.86731679726089 11.5957766401933 21.5083893090096 26.6288077933427
0.444075072595931 0.494722979853082 0.892357875516458 6.9873697655287 15.0354365812004 19.2484848558226
12.000834274369 16.8391839337214 26.9280302807384 47.35359867976 64.7877299833272 73.7635625140907
5.98166644107813 9.66412465635201 17.2886821480763 34.2806570250689 49.6636122688447 57.5248419113946
3.14057126419734 6.08936722527057 12.2588443600902 27.0506996625783 40.9707171099155 48.1029296001476
14.8804508235749 20.1238241232459 30.8988523729219 52.562860738274 71.037081044499 80.4579987158204
-0.161957337176689 0.797128486370972 3.03117943131067 11.9166665447812 21.8481094028216 27.0125391427872
11.7889607791931 16.556081620067 26.3307318312205 46.5697789171363 64.1605692808398 73.1077690262454
0.21693918256764 1.81081134022592 5.26899840606161 16.0315776153007 27.2581321732109 33.0464462197023
-0.211683151185383 0.923894955478566 3.57594947179424 12.8887589420287 22.9736813913444 28.2424044276276
2.14944334991354 4.79576953000457 10.4213628302883 24.2869925685311 37.4701764887871 44.275478600252
3.82667251652912 6.96124819444442 13.493904644642 28.8718924047675 43.1939800146412 50.5271076984532
0.831830876833585 0.626284076427169 0.611577380295409 5.90226738407423 13.2776196006172 17.2031315252545
0.0221152966853689 0.468860049469959 1.62778577985937 8.93188114703877 17.8583351715618 22.4881116169635
4.46788596349658 7.78546212049223 14.6895199020974 30.5953496367937 45.2467690782458 52.7484617256973
0.308512787341269 0.47376460105275 1.06971462509295 7.53263682393895 15.8956252581216 20.2515125490553
6.18760008290632 9.91537924867563 17.6583644484267 34.8031753411784 50.2541001426639 58.1578696922713
12.3269673917685 17.2064669408404 27.3407991887487 47.9094764439933 65.5008494580579 74.5319935781047
3.57680376959697 6.65601087016061 13.0600381295848 28.2413733368313 42.4185226685352 49.6742374566833
-0.120223301642591 0.979655342362094 3.42039565701541 12.6857332657744 22.9469864415383 28.2371680530737
9.60416925464142 14.0407000713483 23.267696550059 42.4686570623011 59.1593258018693 67.7301717989326
0.434759443474139 0.501068121901876 0.924266247683555 7.10238407851072 15.2366231854974 19.4822294038311
-0.163536529480055 0.837401942355676 3.1047877781264 12.063088609573 22.073545715703 27.2533029947905
2.63706571330824 5.42701637064895 11.3037940694102 25.6186129012363 39.1851691744304 46.1539794570626
-0.0766909981948927 0.37763262514952 1.69920289497542 8.88796012523293 17.4388237144672 21.967284625612
2.42733654063776 5.15199223943598 10.8839441446255 24.9714142317254 38.4144917451157 45.320589108692
-0.217305738815773 0.441150839634477 1.60083512464218 7.43880421726095 14.1799371553479 17.4694365386918
-1.27234211824971 0.131711742499673 2.8390769772548 9.26931975941279 15.1923281168924 18.102012586793
-1.05624353731835 0.223525158635396 2.65754932141108 9.75722324564709 16.8970630422699 20.4016957424633
-2.28241506357411 0.00401453535817551 4.5346814475157 12.3297702177583 18.217991536043 21.1402858823756
-2.83188170541051 0.0296503303597155 5.75469702592953 14.2842774715673 19.9299478356643 22.7537655737084
-2.74059375298741 0.293773829252256 6.35543095451832 15.5917685208245 21.8485138753156 24.9731503667988
-2.33823734668621 0.700697300446818 6.73769620472265 16.6529683241366 23.8543631091183 27.4339618909627
-2.15146616308664 1.12164535379683 7.62946072320314 18.2329629522969 25.8835305820379 29.6889223493109
-2.36579404035984 1.51843181559791 9.29444180903884 20.6779071307947 28.0651265877041 31.7627637575081
-0.839264815896717 2.33003483220367 8.5699958708463 20.4962250549555 30.2391839710248 35.0596599651168
-0.261178736198155 2.79908592768583 8.78816343880486 21.1308949839994 31.7033404770928 36.9215915111285
-1.41498702192953 2.82349771762235 11.2903208136199 24.1043229486323 32.7186747521909 37.0205929998785
-0.97713776026804 3.34856130193772 11.9864030886447 25.2468218932259 34.298094451831 38.8166266254601
-0.592401432377643 3.99626714597518 13.1690560305994 27.0043998001409 36.2776388230356 40.9119342633276
0.345515133718817 4.93735672902456 14.084347307032 28.5802201958128 38.7850967195416 43.8683524063657
1.40868818690163 5.91300119863222 14.8429892783097 29.9445116372471 41.1904654307056 46.7724510872668
3.58229307103345 7.24865343366461 14.4946067475856 30.1655130391704 44.0208954171616 50.9090982744178
2.2562043233996 7.42017099467461 17.7053766198 33.8843824024942 45.1818310900609 50.8080308601184
2.54082841716582 8.21676733884139 19.5817708320773 36.3480983192956 47.3304819818206 52.8285340868127
3.39797749202764 9.13514822924554 20.6082232247281 37.8345571266126 49.3307096327614 55.0780752549792
4.58505765244181 10.3980897936484 21.9928852423054 39.8386715814083 52.0419920539371 58.1272616932269
7.58760736969443 12.2501061570822 21.4855394229086 39.9472760393713 55.4967131626694 63.2279700713787
8.03966851515784 13.3071151441501 23.7071506910263 42.7619629255353 57.8698599760497 65.3543239685661
9.31847896966132 14.7409496652648 25.4594240905688 45.1368690670855 60.7768212110354 68.5321236539686
9.22768729654833 15.7603385548558 28.7821877526019 49.0943248784727 63.1632561542832 70.1752442829413
11.107109082479 16.9729717143782 28.5751806181191 49.2149129461687 65.2350125086382 73.1777484039137
10.999385078495 17.8902957099025 31.6432368945001 52.8245800240619 67.3219808902425 74.5557293222766
11.776324602703 18.932463337632 33.2387375350011 54.8456217499416 69.3517800101444 76.6019106908402
12.6959293612169 20.0119712413488 34.6368150707724 56.6571361854224 71.391872654969 78.7553960854168
14.5449239922338 21.0952690501807 34.083892545151 56.339960771847 73.1179095839073 81.4484537184251
14.938880027677 21.2080765741601 33.6098849444187 55.8547631318847 73.234223692951 81.8531100007607
12.1505474844523 19.2340649475203 33.3717035146275 55.0703564186945 69.8714858999636 77.256562232994
11.0719227107096 17.8721052407167 31.4372979905529 52.5936150773577 67.256603162467 74.5699145460015
10.369656422074 16.6150281116142 29.0123155184281 49.5946816865906 64.6880199585213 72.1859974325219
9.3258341292077 15.025448559621 26.3038650982343 46.1539167082186 61.4234696458233 68.9957209509967
8.64321104212712 13.8483642207473 24.1053533165926 43.3586053098557 58.9082154508692 66.6027192959906
6.38047893871106 12.4312719044232 24.4950724379307 43.323711404743 56.3762580117007 62.8830624908667
6.17351086057686 11.3618387962801 21.6278923264048 39.7860804344425 53.8212116241888 60.7808143309485
6.3174246483815 10.4681423101227 18.6222533223748 36.0872764903552 51.4754128760525 59.0922561319479
4.8074182961097 9.30110016361007 18.1622591582208 35.1836598539927 49.1441185354336 56.0583435180451
3.77746581270606 8.30229988195844 17.2302525620704 33.7425975228251 46.9189146736932 53.4440364484463
2.68026418197468 7.2877863090688 16.4161069852271 32.3806392274634 44.5980069001729 50.6625026283401
3.29526089810168 6.62682675047826 13.2210222758606 28.4450095960534 42.3899274403254 49.3317307450459
1.50528234143244 5.67860585839493 13.9186783549864 28.8075830943311 40.4810810573095 46.2626218028318
0.162876234850889 4.81304325086637 14.0880564602763 28.5330336339375 38.5282247223818 43.5127696915089
-0.472942189387419 4.13520092313882 13.3453409745385 27.2933642545357 36.6844044591369 41.3766765640264
-1.04445801399451 3.41822314989395 12.3438626014872 25.6975306108578 34.5716677364403 39.0090848953796
-0.919371925011173 2.87184991346018 10.3911932624376 23.0588051863179 32.4682824502475 37.1397218691373
-0.643543921530908 2.46435918128377 8.55778261422433 20.6091733235274 30.6673757000723 35.6322165603415
-1.95410645792457 1.82231308520455 9.353801507703 21.0439522745436 29.1033863514685 33.1222062312978
-2.19175509421329 1.38843666556975 8.53065826428302 19.6695008541095 27.3915377483995 31.2428669596488
-2.28907546667324 1.05463704245698 7.71394569358332 18.3203558007954 25.8181295898472 29.5523054203035
-2.57134711371966 0.688912980914117 7.19333783324824 17.2410327219413 24.1366264553091 27.5761912629795
-1.92575464268504 0.527561206105786 5.34621054008768 14.581515044331 22.13401931535 25.8639645254619
-2.43067625542562 0.129970142650249 5.20910986946575 13.7169785335283 20.0006109518516 23.1203998464466
-2.43765513179167 0.0936494600783073 5.11882894098327 13.5012027191096 19.668765869587 22.7332592653095
-2.65872067611896 0.207050252129411 5.91297589912235 14.8585344150151 21.0783909227205 24.1750182028176
-0.718975486647573 1.00388284678666 4.31348870583794 13.8999142473044 23.559045238575 28.3201921698457
-1.89843121404978 0.87550984359971 6.35401681762179 16.4020217797928 24.3835468784953 28.3383660452908
-2.66150609508482 0.91730237905611 8.07866212347534 18.6723203884808 25.630747859652 29.1118263353317
-2.27811588584951 1.31017380320674 8.47179057429259 19.5577483083549 27.1856378853641 30.9918390068305
-1.89117612642808 1.81030880591472 9.18479396941341 20.8666868791682 29.0801590781244 33.1723082772848
-1.24970793330109 2.45176209520082 9.79458166649362 22.0921874376269 31.1731004478306 35.6825318895552
-0.112481789929125 3.26913317376242 9.9227982711293 22.8160004693589 33.4300214738063 38.681918232573
0.636357065586316 4.00214009495431 10.6007313825468 24.0591886642383 35.5114081938866 41.1694182543236
1.38867688454579 4.76141472508558 11.3543637821073 25.3500965775413 37.5710450380125 43.602503464558
0.438669997404927 5.01254772198708 14.1148000778211 28.6602653254995 38.9679739044582 44.0980454998815
2.13304392522081 6.09565374290621 13.899761674878 28.9772799482068 41.3693720679611 47.5040610251659
1.78971325127189 6.58240625395567 16.1078933833026 31.6981941060126 42.9897603562446 48.6046197591826
2.11662994177977 7.34754817524812 17.7848956263857 33.9324895850713 45.0328342820979 50.5703319786126
3.05508366370883 8.36753042206435 18.9524139384848 35.6695428031364 47.3880512078638 53.2269715441178
4.00880468471386 9.36663139013846 20.024185495838 37.2636939942682 49.6262408868306 55.7770003578486
4.65188667659437 10.3313836080005 21.6516934695714 39.4511414895942 51.8854351163078 58.0823029921569
5.81031329223103 11.5615154932276 23.0085661368238 41.3996210789229 54.5017864064298 61.0242708902536
7.73734798064058 12.9410197452946 23.2078732891899 42.0863880648941 57.0866908750542 64.5140101887088
7.11223795439315 12.810982723425 24.1288391731083 43.0600840389316 57.0384511864115 63.9862841747997
6.39839900645051 12.4039955625259 24.3732847691925 43.2016905459317 56.3499029068001 62.9025392144913
6.67767757791621 11.8773265328087 22.1551311570786 40.5646076390551 54.9113824372229 62.0218810059187
4.86852619036896 10.4938009035047 21.6873002116971 39.5458650438809 52.1830367155653 58.4717481132782
5.48134661512389 9.67735346964474 17.9543839322466 35.0831637991164 49.8222845048625 57.1367273235754
3.24866205919012 8.23030612568449 18.1176289524631 34.6770537636621 46.9069554757634 52.9830217397381
2.65155501643357 7.31833233298567 16.5569946812945 32.5324195028428 44.6614551249649 50.6757713789971
1.66799390926395 6.37482268018904 15.7209658975463 31.1641673921554 42.443928564285 48.0484701325724
1.90863007744655 5.70885361589761 13.1807928575934 27.9565617381508 40.2960834547952 46.3985320885237
1.55949137795859 4.94502312097765 11.5899648222331 25.7688737388026 38.1774837984244 44.3157512545029
-0.500191545339068 3.94976917293722 12.8217320347887 26.5825943510406 36.0636258254539 40.7895432756972
-0.854365601605642 3.21512359950723 11.3195089847581 24.4082100409489 33.779852844598 38.447751019576
0.158345288955831 3.06615187273843 8.73263085739619 21.2551373592916 32.4209643984092 37.9253076856389
-1.23899312673414 2.36976809892124 9.51788923727545 21.6831422533302 30.7863249910156 35.3016067063683
-2.09691783328748 1.72217179050037 9.35020147664007 20.9849467961195 28.8685299443384 32.8053588546116
-1.57563435721467 1.442471356193 7.38990763678078 18.3430626170373 27.05281238482 31.3614726357188
-1.87217853310803 1.02291546917812 6.73405676418192 17.0994030433716 25.2552891876503 29.2923151692227
-2.10570588624928 0.734257696580962 6.34762385615517 16.222421047206 23.8112347493973 27.5708422242174
-1.66577280193656 0.610619710282279 5.04675531111562 14.3277124198489 22.3393065299691 26.2835976733332
-1.51695152080071 0.412018366263585 4.15836468216089 12.7968119995499 20.6631463725846 24.5379294470362
-2.63869148359326 -0.0412517426812674 5.12811409798385 13.3255258469674 19.0857602473721 21.9530011820406
-1.57115594242586 0.160807403463165 3.525064892455 11.1543044183646 18.0479840219565 21.4420728166545
-1.95246528697134 -0.0149561521434465 3.7976753853031 10.8958045086673 16.5786912143985 19.3877866455083
-2.11382401766569 -0.0778772172796186 3.96563991042278 10.6074897869794 15.4345042590698 17.8332275674103
-2.05346148406701 -0.0670816935327456 3.89727082128603 9.99061492986821 14.1485369311284 16.2233098552717
-0.776624897570376 0.327311021812523 2.43617626251573 7.88018486889555 13.092778019278 15.6471412812369
-0.780907509308016 0.358068143331149 2.55253034340531 7.71095768565184 12.4409386383949 14.7622747764483
-0.645466531352428 0.443007447930708 2.53785611313398 7.45530186971628 11.9595186345582 14.168808257617
-0.405193197230222 0.538377060808133 2.33161134415366 7.09291290333366 11.6979296704954 13.9514446976246
-0.82366783696623 0.397607163345327 2.7827022653677 7.61825194585424 11.7091365754837 13.724658053394
-1.5850684973087 0.130513894449005 3.56411347966847 8.65813483508397 12.0128291709513 13.6916271201355
-1.64442381980886 0.0897207536915677 3.54701093477847 8.86718973984006 12.504151774755 14.3167786691961
-0.262530597702607 0.451932633697998 1.75892360958074 7.19397744455993 13.245520641973 16.2081694965249
