-1.36166233951055 -0.955015952502911 -0.129652251036782 0.752734843947683 0.992210618777989 1.10814155543987
2.33780091856818 1.65447743350059 0.272146119418664 -1.26549156291794 -1.7536845370035 -1.98519886667702
0.0467054850541018 0.0324705326691718 0.00363300346452459 -0.0265187769343747 -0.0338060422759149 -0.037358548471861
1.18548661755301 0.850127264779586 0.172652515424745 -0.614651807824663 -0.914494995598017 -1.05936598325259
-0.226874083675672 -0.15919283010228 -0.0219992737453811 0.125110726661993 0.165425626537776 0.184730572264772
0.618381267928566 0.431066990267818 0.0512795068825841 -0.349617801246093 -0.444859706565676 -0.489579699232868
2.20493715527239 1.55904174733872 0.248631595259165 -1.18857205649439 -1.63832639934352 -1.85876766594992
2.01947738387025 1.42087210963543 0.205199647183015 -1.10227564851271 -1.47684480710089 -1.65952521104329
-1.3231684827214 -0.937020269768326 -0.153402143945344 0.708767008675394 0.985758421522153 1.12248455112946
0.53059270944981 0.369006537011998 0.0406979873490965 -0.302115311186715 -0.378782089923769 -0.415165563097821
1.2580156113689 0.88378444913685 0.126842807945923 -0.700127664396859 -0.926243987861856 -1.02996378307709
2.30796315008044 1.64732497166426 0.311337118165115 -1.21246191832243 -1.7646932635793 -2.03213750580781
1.55289550028957 1.08612251035663 0.139316456092617 -0.871756863552662 -1.12627253801916 -1.24592780959247
-0.760054763552779 -0.525977221912939 -0.0503437178377744 0.437339372418252 0.533287848826415 0.578457118705681
-0.87768763127227 -0.605807906681092 -0.0529464783128716 0.508896686400114 0.610985184380921 0.659307143543487
-2.14689090540376 -1.51618726570812 -0.241561739330553 1.17711215713882 1.61005567150464 1.81139598844984
0.599611882177042 0.417187374787246 0.0471010982637104 -0.341006034016063 -0.429248456355544 -0.470564437408567
-0.433487464901632 -0.307097955741787 -0.0504493884836566 0.232653837813046 0.322100023765695 0.36564728358138
-1.10816680946557 -0.768300569725404 -0.0771265346344314 0.632583972287221 0.780671261710042 0.851204458612835
-1.26744761332182 -0.894073125613787 -0.134981952631866 0.685346623897094 0.932470392251359 1.05637383626855
0.092022689587694 0.0642291077085248 0.00730444716604495 -0.0522661633891204 -0.0658488124291156 -0.0724331572223662
0.109839362499165 0.0779061103631305 0.013311251977346 -0.0584465481961545 -0.082722268169253 -0.094821824287491
1.56572787005485 1.09898914096885 0.152620643320671 -0.866419834078507 -1.14485962274906 -1.27683638465786
1.68357812443457 1.19016053906723 0.188098557292208 -0.904172516667308 -1.24575028091276 -1.41656814782003
-1.396124924419 -0.989707985083831 -0.164348581601795 0.745145295159239 1.04241159809531 1.19173220403017
-1.10520955470039 -0.768719691381007 -0.0843562204233691 0.624258115506592 0.784403195627981 0.861750526209007
-2.18007617176518 -1.55868423044093 -0.306304899259912 1.15284676886106 1.68664147643444 1.93777862631135
0.471146717098833 0.326570046223221 0.0326110707874339 -0.270993385159359 -0.333338240491325 -0.362939176448056
1.58839273719877 1.11482820168375 0.154239251262213 -0.880378259909888 -1.16080928384006 -1.29487736180178
1.10055528057811 0.773942211139681 0.112839162417269 -0.610695786187789 -0.811330577839715 -0.905128540943869
0.0654752015954559 0.0459596051735842 0.00591870360158961 -0.0365635192492883 -0.0472327134085131 -0.0524714497691909
-0.516262187874503 -0.361046549238415 -0.045887534765242 0.285718895228745 0.372324747794946 0.415081923624048
-1.08674940823584 -0.748885368837012 -0.0616694000564923 0.633112234053397 0.753811690940634 0.810937462811863
1.9323004572808 1.35098579376645 0.169968007700303 -1.07737811204131 -1.39175131809518 -1.5431459362664
-1.23105378094602 -0.847320164510035 -0.0669660560564661 0.720593928276424 0.853496955037118 0.916195046030204
0.248815484430834 0.178029779955788 0.0347465613346016 -0.129186642471674 -0.190485370337315 -0.220941876312118
-0.956635676800012 -0.663419191522731 -0.0672412593032919 0.54625663816461 0.673380319048598 0.734316624003825
2.3457323392375 1.64237994136634 0.218182190505924 -1.31536235322771 -1.71378290145888 -1.89725593698301
-2.02587791657457 -1.43107683646129 -0.227218787955917 1.10615537696106 1.51425120198312 1.70826258735122
-0.905352907281741 -0.626156358659853 -0.0584368270326223 0.52152324296059 0.633202693660805 0.686356175263933
-1.89279727013076 -1.3378186445545 -0.214854902508924 1.03017052503234 1.4149186273526 1.5971131185597
0.685316654950401 0.483166566058182 0.0733176723971698 -0.373713236869739 -0.506840546099572 -0.570963271634452
2.24962325585719 1.61147421938311 0.31947590467931 -1.16394868915882 -1.7283336055004 -2.00809456713991
-0.299525723139164 -0.206940221473292 -0.0192067372578354 0.171507906923955 0.210522209697075 0.230102665892431
-1.08074026787799 -0.75358454605047 -0.0887344786585257 0.606793729966829 0.771663211264135 0.851260270237182
-0.243844683983485 -0.167217417614544 -0.0119133904586709 0.143876970659098 0.168690698624014 0.180104435484809
-0.16848139273068 -0.114189666947188 -0.00411674517898792 0.102496742588788 0.11334349065309 0.118377520324948
1.68911457250718 1.18797520298081 0.170915242616928 -0.924008705977789 -1.23711888534345 -1.3890958794548
-0.404762126160796 -0.279895739321425 -0.0266605501729254 0.23383883019732 0.285105252534739 0.308822129265233
-1.90080518685722 -1.3548279647078 -0.249003436799787 1.00422770593371 1.4472370471621 1.6643677507536
2.15674330495528 1.49269470435113 0.142604574269289 -1.24685581523821 -1.51800243785673 -1.64520543834049
-1.28318891768641 -0.907573675390081 -0.144971664861255 0.689582220672263 0.951867502774829 1.08194383544789
-2.0806034613847 -1.48767657267055 -0.286857305136576 1.08998843222937 1.59891620945405 1.85078169083154
0.0973760078189849 0.0674894623638944 0.00723724487028049 -0.0552309073433125 -0.0689772788867106 -0.0755531716867262
1.6201528485667 1.15226328391775 0.20354365223356 -0.856812750313971 -1.21960401461082 -1.4004558908702
1.91016704663073 1.33393857351549 0.163223519995702 -1.06926229884919 -1.37212260103616 -1.51749620017385
-1.03104162895544 -0.71213636703166 -0.0635635458999638 0.595956625285348 0.719170833357518 0.777158710878696
-0.697357850669661 -0.490336161763671 -0.0698109063578487 0.380518915935631 0.508014618832652 0.570509836027103
2.33420243627892 1.6643844809608 0.31001912278958 -1.23049667126419 -1.78328566847088 -2.05129413502751
0.358736453876855 0.257082891884802 0.0513912976236726 -0.185500877684838 -0.275325664145139 -0.319456622247651
-1.58016828349592 -1.12713712428658 -0.207956455164293 0.828664589297427 1.20034265294246 1.3870923827076
2.08560271391897 1.47244303678853 0.227490264060502 -1.12725971744853 -1.53928166126131 -1.74197561133494
-0.457495937520954 -0.325912128429271 -0.0583636278941948 0.241104795277533 0.343436017669625 0.394679662365412
-1.32444886865248 -0.914509430356925 -0.0818258372169915 0.769340018454443 0.928341675365973 1.00246404185958
1.98320485884671 1.37767031770785 0.146902894395453 -1.13229210917225 -1.40730544298881 -1.53741202557367
2.19385194762824 1.54073653214486 0.215435648173642 -1.20939388414477 -1.60373462564607 -1.79277856762872
1.80385976320435 1.28933162363606 0.245303688209887 -0.934650643629572 -1.36924763676825 -1.58913902427524
-1.26742894672797 -0.877100947806879 -0.084081314678867 0.730375927610677 0.892050970490695 0.968269125732319
0.109212064785128 0.0770594126685673 0.0118485100249996 -0.059375536818582 -0.0811494947560368 -0.091661946497276
-0.491439115478179 -0.346928564113871 -0.0535567571245235 0.266779216351254 0.362236789665101 0.408053870208867
-0.451250461505959 -0.320320367840135 -0.0543099967991579 0.240672949772778 0.336530012534799 0.383556610653111
2.20599375417548 1.52735540720097 0.147791632124925 -1.27508790452122 -1.55548842384594 -1.68728651850201
0.634416041492567 0.452213706077741 0.0828163820442807 -0.33273708996462 -0.480384350215457 -0.554264724313772
1.08810147845958 0.769466016785052 0.124966659249097 -0.593147811117989 -0.812682540935208 -0.916320754494676
0.951137689614176 0.671396526036356 0.105069386244817 -0.519813111646674 -0.70700888675584 -0.795662379199124
-1.23663428219877 -0.871595825032315 -0.129235146108433 0.669969940600826 0.907202417966955 1.0261676810307
-0.0704272967789785 -0.0500733066440281 -0.00853887828339589 0.0373906951922726 0.0522630471202379 0.0597190599190091
0.933416379250681 0.659673754593059 0.105702208707189 -0.509379216692201 -0.695458501088279 -0.783296187548491
2.26134444300153 1.57950465284862 0.195426910504157 -1.27308302371398 -1.6331720693107 -1.80457777914866
1.22854821203457 0.875378456920203 0.160892372933659 -0.649862183945688 -0.933107289934844 -1.07000546187361
-1.52023517090654 -1.08753703890212 -0.211479885561225 0.791801314124297 1.16438233057909 1.34784213369174
-1.25218062908374 -0.875472104315318 -0.110739403594613 0.698497451966379 0.903978342791169 1.00212682187714
-2.21053203481108 -1.60774119089843 -0.392600180458186 1.09984537074628 1.7790350870476 2.11500340627179
0.0666911815265387 0.0466542960759293 0.00605608934728094 -0.0371778574434459 -0.0487832913207991 -0.054401538567266
-1.57091307972439 -1.12594863016281 -0.225315120370938 0.813262936566146 1.20895735976722 1.40386905512359
-0.670006534254588 -0.476009823943908 -0.0820613440656527 0.353970466465181 0.499524404010636 0.572118445365593
-0.163978289963209 -0.112200063991965 -0.00724269372598899 0.0973311149025384 0.112793814440592 0.119852083449998
-2.22297584582282 -1.58850392404204 -0.311192784276697 1.17739300015315 1.72255468341008 1.9758873006043
-1.05002631306586 -0.73401904723243 -0.091224208036438 0.583095469014289 0.753386705564581 0.837012824678785
0.198445258018368 0.136559699596124 0.0107041436170512 -0.116446487670476 -0.137795095850949 -0.147931250503004
-0.383599067749178 -0.262781823138976 -0.0178780923615557 0.226191171897771 0.264524114232784 0.282433518277106
-1.10564168046977 -0.7866099047971 -0.138323093062673 0.580765219924146 0.827365451858729 0.951841891437646
1.89930833736685 1.32561139583617 0.160042095964987 -1.06518011099845 -1.36261871958217 -1.50510823905493
0.552437773308328 0.390133772078865 0.0612390545532659 -0.298175301197405 -0.409134335601069 -0.464117736370709
-1.88678845067514 -1.33246056821624 -0.210659980189229 1.02840257022467 1.4087220746267 1.58748714732205
-1.54944570305266 -1.10111120233593 -0.192480691136447 0.823088653712443 1.16877081723338 1.33801367486333
-1.64358471171069 -1.153597662348 -0.162561178348584 0.914497220213163 1.20835759772427 1.34373927036383
0.228894650838721 0.160942879129868 0.0230831672497955 -0.126306265610873 -0.168242559186999 -0.187992486124039
2.32169433215816 1.66192968603427 0.32598951814537 -1.20761532189929 -1.78562075543185 -2.07459886328199
-0.357495699522462 -0.244416109271843 -0.0152037749638361 0.211953287329644 0.245429971042236 0.261079422672233
2.27727449018486 1.62439165351079 0.301971647966886 -1.19501449056881 -1.73450279490014 -2.00091873144298
1.97386404955767 1.37538280569349 0.159538292882128 -1.11378553217902 -1.41100186768151 -1.55171329871659
2.28451896260089 1.58754493117447 0.17246446420872 -1.30819025012743 -1.63049847406448 -1.78092237698317
2.08391877473349 1.46398568184746 0.205141843953346 -1.14569190500232 -1.52044069076377 -1.70214363828036
-1.8326389636394 -1.3014503157526 -0.224834811157864 0.978818273360297 1.38220637402474 1.58032215339131
-0.153656005575395 -0.109325702014857 -0.0190812786784248 0.0812887787207423 0.114962101084368 0.131718229931696
0.356270855250001 0.253934552948929 0.0469921337989196 -0.18767386160169 -0.270495098688304 -0.310130719566604
0.84646027529476 0.594609671342026 0.0845982778153849 -0.46914128882041 -0.622153400015044 -0.693554995912588
1.44696173535179 1.0310986687024 0.188246619316446 -0.760284279233418 -1.09528941542759 -1.26149816341151
-2.20532235432463 -1.58928248241953 -0.347621468868291 1.13121987975118 1.73940710726172 2.03179881504119
-2.08755120345291 -1.46671510020672 -0.210909290685707 1.16378874676068 1.54317649203937 1.71930485507794
-0.0220010783809299 -0.0158327554976083 -0.00325980167322694 0.0111879532745678 0.0165446054016209 0.0191756496111335
0.557806906927962 0.391799017698201 0.0546881574362674 -0.307894596718583 -0.407858367589198 -0.456044933257982
-0.867417957925316 -0.601331134107493 -0.0603777993612463 0.496028489646491 0.610220831485268 0.664814914906053
0.8565446840171 0.61058220631457 0.112276810466836 -0.450625626014173 -0.650048407417093 -0.748764688397342
-0.128793255760986 -0.0918156237810683 -0.0164225904755897 0.0677821500307946 0.096574390493534 0.110980956885868
-0.263131536479663 -0.184321084559732 -0.024613606858327 0.145811268052026 0.191151664853468 0.212946268330309
1.73728013700596 1.20632360576501 0.127801840514954 -0.99421582833339 -1.23449924829826 -1.34681164188849
2.28786392731434 1.60308730137105 0.214491736976711 -1.27643474843519 -1.66811965179159 -1.85364000976894
1.76845340533849 1.2258328193843 0.123068175327903 -1.0184825993428 -1.25057431730811 -1.35968325090412
-1.46693275676687 -1.02283387218507 -0.123032639487127 0.830504939462372 1.05818380002516 1.16367855625511
0.397964290360646 0.273933267349218 0.0216646043006861 -0.233370140850873 -0.276681079682049 -0.297274768441098
-0.943040907028512 -0.665726812526099 -0.101575659574668 0.506883121449036 0.691263994581274 0.784049888219952
1.12259326573549 0.791984331108347 0.122751286112283 -0.61582598262257 -0.833563475014229 -0.936612380335901
-0.713863787301379 -0.498126305035425 -0.060182107936615 0.400657770262933 0.511351306983488 0.56355549325987
-0.950582253246273 -0.656016543565798 -0.0569075377871662 0.551123624957633 0.661286770578206 0.713377156626916
-0.711976965709522 -0.492040040070444 -0.0453205998319017 0.41164362763576 0.498451169347928 0.538847720974521
-0.197022815547201 -0.138338621250111 -0.0192921423962164 0.108489203722232 0.143733489179788 0.160677158300988
-1.14082477013792 -0.798982092161903 -0.103436791471324 0.629800515017664 0.822634421497324 0.918903843042371
-0.900270295168673 -0.631061888141486 -0.0838246247006518 0.496174504762859 0.649938154700351 0.7251386444101
0.50089244497883 0.346785145879464 0.033817099675822 -0.28840704753191 -0.353740555407033 -0.384845099158553
1.62944974186796 1.15612443041312 0.196637770592561 -0.868796766502431 -1.22063047324434 -1.39411645496966
-0.872648052615201 -0.610807547283944 -0.0786348449573908 0.48352977681362 0.627818389307794 0.698308727964962
0.0538826159126465 0.0376290610811276 0.00462775344250995 -0.0301780934012459 -0.0392282217473828 -0.0439300554713145
0.103095237131235 0.0729877223865034 0.0121027869741959 -0.055166056044675 -0.0773503565026773 -0.0884476121058394
0.14881807351763 0.107036072310391 0.0222190238966849 -0.0756485266854949 -0.11508010986303 -0.135570281712945
0.199793422551781 0.143778237650585 0.0300651528260139 -0.101564065596838 -0.154515243588595 -0.181949164093156
0.247779950611001 0.177900216873059 0.0362962492983524 -0.127134295435278 -0.190848540829763 -0.223250679097761
0.300184351633219 0.216300377861537 0.046246138807517 -0.152321663709822 -0.232706957605587 -0.273966882043573
0.35277048902045 0.254137017711288 0.0542856592036583 -0.179199451879304 -0.273322513844327 -0.321074896306283
0.403131657613178 0.292749754638012 0.0689981367814322 -0.198509544317689 -0.317539595263181 -0.37849744406364
0.461843050652807 0.33692559371674 0.0833526100194062 -0.223129252414483 -0.366762297564932 -0.441348381379909
0.530569436229544 0.383310980387496 0.0842654476748672 -0.265530413088274 -0.412491320996824 -0.488665274984852
0.615242709272946 0.439563636839547 0.0833076324519589 -0.320124429640832 -0.467994029416213 -0.542584217608066
0.699579927931795 0.499870092454549 0.0941225994912326 -0.364047797631015 -0.531403213234848 -0.618064658557376
0.785624763455452 0.563579710874058 0.11242195628732 -0.403385330823521 -0.602280911579752 -0.70586993475261
0.872621569390793 0.627181308078883 0.129297559211125 -0.445928413080401 -0.673135269360552 -0.789329197512167
0.949759627731753 0.688914550592963 0.159605563061771 -0.469888376560202 -0.747133031659032 -0.890558925250442
1.0338722387838 0.753263274575235 0.18389249290967 -0.503379000957557 -0.821250686800443 -0.985994132061608
1.12874722747772 0.821817911089176 0.199329777130947 -0.551103465684652 -0.895682401818662 -1.07344238465744
1.23670233697918 0.895459432028969 0.203045639484999 -0.615992182220291 -0.968775079213228 -1.15104406971559
1.34704833178848 0.970474935547481 0.206235373109908 -0.681795036753904 -1.04300135408915 -1.22904355367889
1.46661603626353 1.04840054542613 0.199330343017632 -0.76152166046937 -1.11489775417283 -1.29586655891884
1.57223010585468 1.12246221689347 0.207586918975043 -0.817427586914562 -1.18758293479068 -1.38146177238589
1.69226271063136 1.20030622291136 0.200060237200838 -0.89804315434664 -1.25904318115375 -1.44479472345719
1.78777154968004 1.27098073014981 0.218537466798662 -0.939578923964063 -1.33238805570184 -1.54014844893954
1.87868649926927 1.34022891931492 0.243522833400203 -0.974652652265646 -1.41009993338478 -1.64080546041131
1.97622251046821 1.41143780681822 0.261932023498574 -1.02254931217658 -1.48949314374359 -1.7344197166454
2.06266824386226 1.47852023066142 0.290005671776864 -1.05539191022779 -1.57004268936745 -1.84010121597067
2.16054389608209 1.54522977743493 0.294278278554562 -1.11839277353643 -1.64154382510672 -1.91354248414378
2.22302578787415 1.59510419042417 0.31984920919817 -1.14074196887043 -1.7073892806953 -2.00029703093173
2.27441358086816 1.63013762048152 0.322844677383156 -1.17511383513251 -1.74717901222096 -2.04016773970306
2.30643047253426 1.65380469354001 0.330829204253591 -1.19198629972234 -1.77746531388335 -2.07530746882317
2.32537866204441 1.66518925114055 0.328437062408398 -1.20840391623547 -1.79021520228044 -2.08123948367421
2.2990884117636 1.65993347145083 0.362864052755646 -1.16045958987253 -1.79719498237347 -2.12696745989138
2.2796711597759 1.64994782009419 0.372103009757941 -1.13989260281257 -1.79072276006025 -2.12775888005801
2.27011584445397 1.63817848060563 0.356420638551319 -1.14745688741723 -1.77087927789763 -2.09153254061122
2.24620699580567 1.61806939379895 0.344800991423489 -1.14073694571196 -1.74490729903764 -2.05263122964798
2.20339480561085 1.58597585178661 0.333164433785602 -1.11871143900383 -1.70427599893581 -2.00490940937952
2.1372154599116 1.53705986437095 0.316488923187293 -1.084394160217 -1.64250283320954 -1.93555660082959
2.06476984967791 1.47806140702611 0.284989757715022 -1.06322883685265 -1.56856828113529 -1.83163605679971
1.96931733880459 1.4100235614474 0.272774745487347 -1.01296851092199 -1.49566824730339 -1.74687247289412
1.86232592924669 1.33713790826175 0.269956958151109 -0.948698079968185 -1.42433437933479 -1.67081783218858
1.77698214492458 1.26964750070143 0.240293530120815 -0.922378987300983 -1.348164375077 -1.56353035837909
1.67964921146887 1.19848893387413 0.222026138313911 -0.877753892829146 -1.27127617880166 -1.47153848152413
1.57621612630613 1.12455353924993 0.208328201975621 -0.82486326325426 -1.19436387306671 -1.38114750041179
1.44512321667949 1.04232465522949 0.224071128726598 -0.728432622345581 -1.12008349298316 -1.3240121432423
1.3217979657691 0.962507875276377 0.233396349014287 -0.644112088200186 -1.0477392292738 -1.25715845395817
1.22271725959815 0.89043565335349 0.217116944563439 -0.597569231086647 -0.971147246513143 -1.16275294774505
1.12285463479049 0.818560910188013 0.202426736394654 -0.548166043996668 -0.894464949844934 -1.07139170816168
1.01765286424512 0.745652637040764 0.194917150892579 -0.487627583682394 -0.819203321148825 -0.989412762779381
0.916609546984824 0.674078332358159 0.183097050730903 -0.432827928662708 -0.743355056297586 -0.902731224876011
0.820952028861445 0.603011638781812 0.161716784320114 -0.388840199488918 -0.663638859093109 -0.804500953519765
0.72188254115235 0.52899229604378 0.138083712669281 -0.344033715909862 -0.579812423775652 -0.701219307002166
0.620332621206888 0.449166250347504 0.102005489738711 -0.307867851484476 -0.484966679020289 -0.576308416250241
0.485920019533351 0.345655155105034 0.0608276414148463 -0.255669047836022 -0.364698438857973 -0.421172328389425
0.272195794803651 0.191365623402696 0.0268485404735098 -0.148248320453176 -0.198103268485406 -0.224896942269973
-0.00687114677154164 -0.00388231257899727 0.00247085553828706 0.00605410930420729 0.00273052853565026 0.00141383590659335
-0.226006436016119 -0.156301876697961 -0.0147776899102712 0.128992024331902 0.159016944313788 0.174552721941034
-0.464996642805501 -0.32794949578357 -0.048922937526955 0.250057337470214 0.340622148354249 0.388529080574316
-0.607751107385634 -0.433797006729795 -0.0796313322319675 0.314344377223921 0.456691265827374 0.531430175564855
-0.723218313837706 -0.519775522115467 -0.105860476146708 0.365257636706292 0.551393575018829 0.648627675326472
-0.828974729235909 -0.595997972287342 -0.121998448600976 0.418141972770735 0.632011173514803 0.743883079627979
-0.922237804454919 -0.66516153450682 -0.142161547137989 0.45982035445509 0.7080841274287 0.83829583617631
-1.02347303635613 -0.733525935874999 -0.143825354497622 0.523172131682193 0.776237285849963 0.907568663652848
-1.12497471397427 -0.801261230294202 -0.143210000286478 0.588858899487228 0.843741554306064 0.973794464076499
-1.2154157101902 -0.865923880466062 -0.154975648568306 0.636371056866557 0.912600981247512 1.05646289861247
-1.30836442788628 -0.931800305070655 -0.166423420869244 0.687390991176964 0.984618836986196 1.13749749239431
-1.38502331633198 -0.993961335026812 -0.199160087353937 0.710413506481434 1.06151347856324 1.24463371407967
-1.48343992728133 -1.06374667801254 -0.212708602000943 0.765754911160981 1.13941269242932 1.32848504645723
-1.57112492333308 -1.13216700563293 -0.242567050444474 0.798309214997838 1.22124572578105 1.43538360166785
-1.65112892987372 -1.2003978780177 -0.286237529281177 0.811509853322064 1.30748260865813 1.56336163938501
-1.76070580755284 -1.2775491689233 -0.297098122296394 0.871060309656133 1.38837464504867 1.65612731200205
-1.86885866989992 -1.35373002273556 -0.307758892755728 0.929749712787945 1.46858131867342 1.74889495480696
-1.98296471197654 -1.42913217837658 -0.304896543846403 1.00685829119896 1.5438333657378 1.82126801369165
-2.07538579658138 -1.49337301699848 -0.313319134399597 1.06322678141913 1.61516253622674 1.89598539695023
-2.10681828661155 -1.53282978050588 -0.369133980584932 1.03842302447961 1.68204108299495 2.01409844635315
-2.13988899425085 -1.56279521814301 -0.394221266464476 1.04273514794034 1.7268157148699 2.07771577805604
-2.16983055128717 -1.58457671060955 -0.399949819653267 1.06033248049692 1.75298493297289 2.10765844690748
-2.19185721478987 -1.59948603871018 -0.401050946342634 1.07594760444324 1.76986930043247 2.12460872594196
-2.20889230519401 -1.60703548615871 -0.392735521690543 1.09748370717409 1.77731920111603 2.11631249242282
-2.19436691482616 -1.60375051697436 -0.412015992283661 1.07355139826485 1.78220786131472 2.13800506268551
-2.14588786409333 -1.58190160918295 -0.442382842719444 1.01654070199308 1.77093726478534 2.15580611345819
-2.09693471388904 -1.55119438219821 -0.448597896833366 0.978259962424279 1.7412198745791 2.13042779334889
-2.05753829117302 -1.5182618679634 -0.42839086279948 0.967021532093148 1.69683990194391 2.06878110502466
-2.00744300514301 -1.47396183279787 -0.3941622570998 0.958202446640308 1.63338001564001 1.9800189106521
-1.94601087892487 -1.4160921467576 -0.341767528850939 0.957037137581516 1.54892947802457 1.854013970698
-1.88815650682846 -1.35557204397795 -0.274919644067896 0.972662566716132 1.45677234373933 1.70463371757648
-1.79830409402547 -1.28383499864346 -0.239007895154053 0.942655054968709 1.36805087055445 1.58673528746183
-1.67977553306737 -1.20330246765045 -0.234869522020526 0.868138546041426 1.28571761817226 1.50320440182
-1.58597374656634 -1.13180397980902 -0.210177774919551 0.83040096743906 1.20580906420282 1.3950342641201
-1.48689508052506 -1.06019661609376 -0.193419519643732 0.780087563418131 1.12543213051318 1.30235297339239
-1.39804765574854 -0.993064359248551 -0.170003641381492 0.741304898108184 1.04736758620065 1.20397447252581
-1.3073452956817 -0.926462718321367 -0.151544383321001 0.696987617789981 0.971272116809679 1.11310289334128
-1.22390465682341 -0.863168777176532 -0.129273379080066 0.661515364048465 0.89834506800256 1.01836569788599
-1.13172445199548 -0.798403463509732 -0.119167634712766 0.60953197698654 0.827505589102964 0.942343306235108
-1.03318907084236 -0.731167040635261 -0.115520551765034 0.549789572125359 0.75943847934419 0.870762544805685
-0.937346699649021 -0.664053062379507 -0.107639559260838 0.497689471676749 0.69156610206148 0.791743464407198
-0.831501721002965 -0.593116910643601 -0.107873518054583 0.431583269251883 0.62272926621056 0.722672923885328
-0.723386542001426 -0.520445027582369 -0.107668339358113 0.364506573519048 0.552823800962881 0.651224065899029
-0.632257565663448 -0.45293792489361 -0.0883995556323877 0.324489462865204 0.479264838188595 0.559308471110324
-0.536164534859304 -0.384314672896463 -0.0755050112541028 0.275438350493028 0.407048034014185 0.47537407781799
-0.454747007649303 -0.324212392372246 -0.0587526815507359 0.239013421025861 0.341865142137518 0.393656800538839
-0.38765417244777 -0.278255439381316 -0.0559151013456572 0.198751156011702 0.295918816972106 0.345738272410571
-0.321448402792252 -0.233550390016104 -0.0550494661181937 0.157229238068453 0.25212994052555 0.301571316069123
-0.267427453615619 -0.194070548113126 -0.045131080470243 0.131237618916252 0.209353406237379 0.249909314815422
-0.217274888457589 -0.156763252774627 -0.0338244647962244 0.109009772000184 0.167817275990164 0.198321004989392
-0.165993040359533 -0.119072492388981 -0.0235534072661672 0.0852978771832902 0.126328367769802 0.147395424375167
-0.113359810490765 -0.081001879221155 -0.0149901759143365 0.0591933265026227 0.0852675264207645 0.0985357110808624
-0.0575565864098997 -0.0412661211120598 -0.0080337273635805 0.0296524331855183 0.0433575206505163 0.0504471149079759
-0.00105636431019328 -0.00127816217754202 -0.00172419579828686 -0.000738618940194553 0.00159853132915272 0.00273245309408363
