0.874573301484982 1.49691957382732 2.51388546648679 4.17831657851274 5.38674259210269 5.87443423121314
1.14401570186464 1.63702550920529 2.83907471857474 4.50223883323882 5.5293152685068 6.14393405419942
-0.639944496742969 -0.197068119580113 1.07739405399967 2.74557107064677 3.69061785927661 4.36095292009193
-0.44697417459732 0.0113706076199272 1.26658304447992 2.93447910646121 3.89799183236996 4.55449332433905
-1.78739464704108 -1.15416433491689 -0.156573666147122 1.5142745314002 2.73611773264542 3.21398902772282
1.06698055724812 1.70024735528464 2.70372712948638 4.369143229841 5.58846076204835 6.06919156591482
-0.171458102695086 0.369461239194387 1.49978216615278 3.16903345264496 4.25905723783037 4.82888776995991
-1.03691009026661 -0.530288452075103 0.649023795948574 2.31724706420298 3.35780290585486 3.96278174174715
0.595778171630554 1.09439554044469 2.29011876543023 3.95343845567391 4.98506057062203 5.59554995762697
0.0511906747180239 0.597041746407038 1.72279327713847 3.38981906672014 4.48588395209143 5.05303736789431
1.21324334011043 1.77517226841263 2.8813805131207 4.54608638349252 5.66348662479891 6.21476660091703
0.129709827043082 0.662769970857061 1.80783460909759 3.47433699793844 4.55085887601696 5.13115265725422
-0.347311365397025 0.131264854539804 1.35633688895833 3.02444131901535 4.01671509731666 4.65226612064845
-0.984984722673672 -0.566763418431337 0.744435523273225 2.41467289631155 3.32115427132889 4.01836182596554
0.185224683875616 0.707300716465503 1.86921133626342 3.53500942731638 4.59467367173542 5.18661068450759
-0.594667330992881 -0.143330249210426 1.12001983330973 2.7880743913029 3.74419146199793 4.40651794347586
-0.0799785378801618 0.497751274883997 1.5781962140354 3.24504775423928 4.38706140855438 4.92127285313586
1.30119005911632 1.71989594492261 3.02866799230978 4.69194524017018 5.61437655990639 6.30082216097542
-0.0361362335012725 0.530360639573863 1.62527004206568 3.2928152132227 4.41965393910533 4.96444660414516
0.147406701633141 0.67601061815664 1.82846381540775 3.49416945459111 4.56391213664217 5.14899374436406
0.563278199982239 1.16587557335642 2.20785597648115 3.87020053480197 5.05869524868638 5.56158565779756
0.778918713640457 1.26356768806996 2.47752882961918 4.14080566749566 5.155772217914 5.77693016817555
0.186456767614764 0.741580707926293 1.85540389207928 3.51962024097154 4.63172185622685 5.1874708086543
-0.830926680972186 -0.420031439614107 0.899059209797434 2.56838191643292 3.46763552299982 4.17055952659562
0.721724803954651 1.21423506350773 2.41755984943243 4.08081340240753 5.10597686630865 5.72020446167038
0.4543260159236 1.06871655350502 2.09340331508326 3.75569937696821 4.96134540692871 5.45261087003618
1.56697862437301 1.94246128099353 3.3158325578379 4.97918918519923 5.83559413501758 6.56767468948906
-1.70173054110866 -1.09289404659277 -0.0595866824158707 1.61124044107988 2.79718739979544 3.29989311062362
-0.736357990186915 -0.134412594513178 0.912359973179807 2.57991277233789 3.75022748954124 4.26262780525194
-1.33169865264085 -0.67093428192107 0.287994150730257 1.95609672348805 3.21710318662126 3.66687535862278
-0.909977717101964 -0.40417463812803 0.777790249397068 2.44564694337377 3.4835746897678 4.08987198332369
-1.41123853898 -0.747117661144571 0.206184590688091 1.87417034322845 3.14107764640869 3.5872988426079
-0.53702691107573 0.0333560547883552 1.12526549519875 2.79302017796293 3.91824620633007 4.4622643986591
0.450013795498404 1.00076111060464 2.12082119468219 3.78429167768443 4.89210629599144 5.45072636983349
-0.160438469328133 0.433753676371085 1.48974297778017 3.1585370631004 4.32424328816972 4.84043978825768
0.205077489494958 0.782267885314213 1.86517045284548 3.52916621577145 4.67302110188062 5.20703152433402
0.0508421473195101 0.599273899177304 1.71992033381921 3.38750071693496 4.48809463128947 5.05096381148779
-1.05567743540308 -0.487711699842605 0.60492146885644 2.27254022594602 3.39980510362504 3.9437010376373
-1.69342140184241 -1.06133520902088 -0.0632159883881074 1.60641341390362 2.82801490359283 3.30754255533396
-0.138063274842725 0.450772129456674 1.51230828227211 3.18173496503521 4.34125466439354 4.86130023996089
0.177258753968149 0.69994657553641 1.861318895178 3.52615909498336 4.58708525528753 5.17806067370509
-0.0463551580178172 0.525871606362138 1.61421282068228 3.28035299832279 4.41477088560848 4.95483086851335
0.271743370742513 0.858236588176697 1.9276217792468 3.59143615247147 4.74956247610452 5.27409091676257
0.128759700536365 0.701635339507829 1.78965750548607 3.45383969451132 4.59165532924383 5.12973961923727
-0.747112530331227 -0.123171436485632 0.892264165272479 2.55953695681914 3.76106091005031 4.2526111196134
0.33127924782553 0.869234183122163 2.00825936634487 3.67204426180274 4.7595381542951 5.33227898945395
0.294515438217667 0.862774436088105 1.95880353228813 3.62262483489725 4.75379710051361 5.29655787356836
0.133101715950917 0.704777696596011 1.79453733168684 3.45872026310661 4.59480898038285 5.13407361073564
-0.381636398931176 0.089448901985239 1.32557103027727 2.99363076945483 3.97536059688113 4.61850031713657
0.0504257881314225 0.597883543121399 1.71788013758032 3.38619246582862 4.48678237374269 5.04810029891807
-0.0475418563766846 0.505297415706346 1.62137866720456 3.28762831033637 4.39396329280514 4.95346230983394
-0.0134788505652727 0.555719094535247 1.64833411914003 3.31384475365062 4.44444148372416 4.98754572302345
0.447385205938733 1.0767390228133 2.08017015382634 3.7424992684094 4.96945121784391 5.44543403441429
0.878967842998889 1.46251525404907 2.53404151003547 4.19762124348681 5.35381719362344 5.87844279020142
-0.339049835157857 0.187762503412977 1.34146077490574 3.00982037809174 4.073486965855 4.6600484508351
-0.146454713731138 0.447754467160378 1.50778326699465 3.17454525917855 4.33753555473295 4.85657828955238
0.888528594815776 1.54382364791674 2.51444166496699 4.17945961701851 5.43249337784696 5.88926189169477
-0.164822963745953 0.383206229310407 1.50362929738868 3.1723318132688 4.27275256301504 4.83550620196097
0.0396879577135464 0.603851358482084 1.70613221502076 3.37112596427275 4.49364300017224 5.04196751227085
-1.98524118440222 -1.26891578771064 -0.393495664003358 1.27618450341169 2.62118306160336 3.01560878717331
-0.335858192015808 0.140846955741497 1.3686141775982 3.03673431100794 4.02626802133664 4.66369236807789
0.0974969523130639 0.633279316711913 1.77542448516769 3.44020216508505 4.52084616846263 5.09839095519923
0.0394396827722807 0.586473348996727 1.71037095617442 3.37747317058157 4.47541721820084 5.04129588470259
-0.0540831012375545 0.518576768079897 1.60608265446004 3.27251902543207 4.40754792485334 4.94706064436817
1.15481960600354 1.61531054900454 2.86330505870888 4.52633949360402 5.50921562626389 6.15426079896116
-0.358385412417359 0.227945824818795 1.29585928264891 2.96241715530796 4.11492306448992 4.64123236281532
1.51803579506635 1.97468974223648 3.23293014929946 4.89707183589218 5.86344151149523 6.51934478372647
-0.0011966831454739 0.557660752595089 1.66193251893209 3.33028132839501 4.44690305974957 4.99743372541599
0.480510099605512 1.0375480460506 2.14678577114607 3.81008911640265 4.92919493769135 5.48022257198229
-1.98357053881611 -1.29379387023326 -0.378781359621073 1.29209317053408 2.59686977647897 3.01732534846324
-0.488849923570506 0.106699655601102 1.16178599526199 2.82885037592411 3.99238700041258 4.51072961247672
-0.0411214689527964 0.528157304334339 1.62018409797744 3.28660580454877 4.41697483316494 4.95993098228193
0.275855445610731 0.868437562574535 1.92846806387878 3.59221931290825 4.75986501683481 5.27798873566016
-0.856365297798224 -0.446608080581267 0.874558135619522 2.54407533645714 3.44104821015282 4.14549448196878
-1.50291018243474 -0.918799819023993 0.148808747542142 1.81821199231819 2.97009496729556 3.49796302144653
0.229055651862369 0.814873794381349 1.88559652310454 3.54953891488572 4.70601453630635 5.23158400426037
-0.879021213880459 -0.320285890587492 0.787138376029757 2.45501307449198 3.56685569097301 4.12076106346203
-0.35434732062568 0.232672376187738 1.29968051754671 2.96613365016014 4.11967307888657 4.64532399518116
-0.106007224077132 0.429769562424211 1.56747026359484 3.2370755688145 4.32015685561324 4.89514955466943
-1.08604432235369 -0.645628666061869 0.633863433384959 2.30432319882105 3.24265581705864 3.91732724063268
1.82692261517905 2.23550967499191 3.56646285745055 5.23110068088192 6.12286206002853 6.83061429473584
-0.347758453545862 0.177714308390686 1.33363877826164 3.00194713017759 4.06327955381394 4.65135519460969
-0.0687843660889967 0.488664647569364 1.59852906377171 3.26401187671509 4.37668207407153 4.93184714762108
-0.329809271648332 0.200895736820978 1.34848826685616 3.01692460845337 4.08693085203226 4.66930201824596
0.221380456207495 0.736070307895101 1.90880400328044 3.57429384921798 4.62283512889531 5.22234803015124
0.0612250521364782 0.607680147350168 1.73195562391176 3.39917217336019 4.49640794314339 5.06222153849814
-1.0275544121484 -0.388594337672384 0.603597034689467 2.27132389011178 3.497514356582 3.97075833277913
0.513102660964924 1.16009918151992 2.13867419473475 3.80129461154309 5.05223421451488 5.51153013404444
0.224478853353016 0.738491840505149 1.91253458755575 3.57749917115912 4.62518975096866 5.22522704533814
-1.47193059339603 -0.797184101946085 0.140443166324584 1.80844994614608 3.091166470895 3.52655482844407
0.250105940489714 0.806203943276047 1.91909563292979 3.58308433315508 4.69668927449907 5.25138780067585
-0.108951542933581 0.453049503925531 1.55620661222326 3.22182802138029 4.34104630079189 4.89152423108259
-0.208244640675351 0.335484860033637 1.46201837308468 3.1310410334566 4.22452099033046 4.7917906469703
0.0691254706174138 0.627826571555812 1.73807118634862 3.402956559032 4.51781557642931 5.07149372060783
-0.0755199311401324 0.499633168419773 1.5820965559392 3.25011903255291 4.38930944550109 4.9247804549979
0.262601599720373 0.844913946428097 1.92062539823915 3.58448981849128 4.73612608992725 5.26501335529116
0.182935364254791 0.705305483247872 1.86615959768074 3.53223791389105 4.59265888582183 5.18393303276491
-1.06956448403769 -0.436632114664976 0.563786472492477 2.23166222477233 3.45013839084332 3.92895597326438
0.0348302818408991 0.578676658220731 1.70853944993163 3.37417909253234 4.46696368479687 5.03612330738894
-0.0562493102536583 0.519270301930675 1.60374196581797 3.26972791659559 4.40835427905748 4.94532115653313
-0.381267312922423 0.0819133818205193 1.32981315686139 2.99782831955855 3.96801087984834 4.6193469532546
-0.881501384626655 -0.251495755653823 0.754707557501612 2.4221866740851 3.6332642013893 4.11737231801214
1.79266671151202 2.20669672192658 3.52938632241502 5.1939602381341 6.09414783653627 6.79601952824656
0.250432189832343 0.842786113841085 1.90369426928855 3.56754387209719 4.73413903900193 5.25293100459445
1.3975582410545 1.90989870764713 3.088331689708 4.75292976558344 5.79790334920649 6.39944487320228
0.694827457968494 1.34533485653689 2.32065566266006 3.98477312403767 5.23614316595809 5.69411521565421
-0.0775104459921955 0.471095841875823 1.59171645804521 3.25977862724927 4.3609448640003 4.92363942268715
0.0123171884167751 0.583096087222868 1.67405920864793 3.33897316973831 4.47205288269767 5.01349205486368
0.260504355080304 0.853940643287951 1.91301679885681 3.57681977951195 4.74533795196534 5.26285170174681
-0.612362018439294 -0.126857504615086 1.08785391086084 2.7556895108942 3.76012250177979 4.38863292098463
0.555593677963737 1.23846698554648 2.16671730546026 3.83077443002089 5.12960530881104 5.55463722724631
-0.174066760257951 0.395167044906087 1.48775461280751 3.15362007586363 4.28309561368486 4.82622678984803
-0.960931998244313 -0.332202618697718 0.675004186079842 2.34265859034243 3.55353745939397 4.03743910618006
0.540923063128657 1.09349769625324 2.20798980164033 3.87105160428215 4.98546740521089 5.53970580343367
1.82051368155015 2.24680873246125 3.55303833642828 5.21808963131592 6.13412893038518 6.82522995711874
-0.946708290515827 -0.521962509911965 0.778036918537305 2.44774032852837 3.36578350194046 4.05560909524211
0.091611646118509 0.628181160927956 1.76906034776063 3.43417276443015 4.51601141998073 5.0928048287335
-0.0139202082851274 0.531140803055553 1.65724233586102 3.32528669779827 4.42104018893085 4.98796530324041
1.90006629992947 2.32055130552771 3.63682541684085 5.30230292401218 6.20811998380962 6.90639405005599
-1.32659712711366 -0.696222622425166 0.30545481552846 1.97318077516441 3.19174762810559 3.67208638007869
0.664328457793869 1.29262589534807 2.29877270666237 3.96204928762547 5.18438330695324 5.66319033250536
0.469810858014926 1.07066927903954 2.11451041728905 3.77686295204904 4.96315290828986 5.46817632430533
-0.223540418199996 0.335382475686821 1.44088391572736 3.10877734217033 4.22398362460459 4.77631836028184
0.868881083408198 1.44546115269605 2.52665102950569 4.18998698283879 5.33714184797888 5.86826008741682
0.489736094239561 1.06091721704895 2.14787960686477 3.81079837971935 4.95289919814529 5.48850894212783
0.586330982720873 1.27099534067884 2.19703902474915 3.86136124327094 5.16182116094335 5.58554720342413
0.284237178796755 0.819504300806775 1.96202456306211 3.62594791835748 4.70945634170014 5.28507621119566
0.800770092048918 1.27271753824327 2.50643699227797 4.16963751262512 5.1643181189312 5.79911600499984
1.86875476574924 2.30169865918529 3.60016115047857 5.26576070928644 6.18942937598087 6.875415076691
-0.765365631793687 -0.334935045065207 0.955473718359473 2.62408961875662 3.55287101364515 4.2353104876546
0.482839129038689 1.10976658637649 2.11674627409429 3.77903790473944 5.00240943831156 5.48094950182648
1.60438505321597 2.07030249063929 3.31708949104417 4.98175823072066 5.95784353902213 6.60718112196098
-1.12683383166256 -0.674323307386595 0.587366310033155 2.25782058914028 3.21406833800055 3.87636007121674
0.5411135259202 1.18204325208199 2.16939950910013 3.83205466798875 5.07417286745219 5.53962456833934
-0.342547532694635 0.166957796814426 1.34682114585226 3.01504106423941 4.05213339729496 4.65660738871859
0.521695145719319 1.09395296369935 2.17884906226964 3.84152963471515 4.98622805769804 5.52002697822118
-0.00455149320702428 0.540797077978458 1.66684362104177 3.33457040024875 4.43049858258756 4.99730584145215
-1.05737316065363 -0.510267840457786 0.61170194041648 2.27937825569999 3.37749176641836 3.94198228707634
-0.0508567108580739 0.518735119349667 1.60788644747905 3.27641395951534 4.40833096438771 4.94815320017061
1.12405610971868 1.57096673310296 2.83795061448518 4.50119218148198 5.46578163065528 6.12291871105422
-1.11589892422903 -0.546859092112532 0.543534764377229 2.21115242968541 3.34085531246644 3.88327880139396
0.0900197534199192 0.66126256189499 1.7514079745323 3.41569662784299 4.55083464730748 5.09086284606232
0.699717961710675 1.18525677764715 2.39981429255435 4.06304623842904 5.07631548762802 5.69870779556742
0.584158648736463 1.11116663277807 2.26431932680678 3.92761353594226 5.00280257188934 5.58338549882436
-0.747553271449038 -0.216657560134397 0.931614968849417 2.59949982633023 3.67027923952629 4.25259239319783
0.822200187047089 1.45413659729797 2.457003194006 4.12138460207953 5.34420881184914 5.82189291615808
-0.337885037369744 0.220160437880641 1.32756753134868 2.9956459533677 4.10709835799501 4.66153802589447
-1.18955901783698 -0.616966087181945 0.467462480138492 2.13515349188886 3.27101010574824 3.80944305333374
0.423339602894784 0.978212910150943 2.09263158344386 3.75615216599192 4.86951191928888 5.42438278765706
-0.379595947344756 0.179473652817072 1.28600443331329 2.95395646545838 4.06573049641597 4.61974179422595
-1.35420481470217 -0.697416488248751 0.266870527392374 1.93487128771422 3.19064747333126 3.64438379875856
0.543330549916106 1.2204605931074 2.15666117094104 3.82044062892376 5.11183199720931 5.54221586069419
0.63644764400376 1.3257359813015 2.24572402962659 3.91042758344521 5.21592709573446 5.63591254548396
0.461284790180921 0.978571395869007 2.14751560310958 3.81099277871368 4.86885958610547 5.46193734181902
0.102956174820489 0.640653546369171 1.77691618652143 3.44419561403136 4.52893638529146 5.10276113211536
1.35423370404419 1.75322843824336 3.09051087800883 4.75397208559569 5.64822526146013 6.35381171090403
-0.103923036124995 0.482005267747832 1.55357672256 3.2198589658686 4.37160005180786 4.89887836467466
-1.58512836860863 -0.937952766989388 0.037272633079166 1.70553724401633 2.95121220842009 3.41397219829496
-1.19742015365119 -0.664883855923269 0.476604950862867 2.14507787603926 3.2234638864022 3.80236090781127
-0.859146012058322 -0.243933549386603 0.783238294371441 2.45081060422746 3.64122207197398 4.13936336017158
0.00938268567558558 0.566090043162613 1.67531890298046 3.34249418539686 4.45501739675745 5.01040949522601
0.558075058318937 1.24120107361177 2.16912194698515 3.83320540494923 5.13231283794373 5.55713533369048
0.706000874298364 1.20137620805674 2.40063992211828 4.06389458735361 5.09305085138841 5.70459345098794
-0.170326906092522 0.426600597196821 1.47991189867845 3.14827180503155 4.31697775100752 4.83127592638898
-0.5896453888119 -0.111211012628108 1.1138734770289 2.78171443271448 3.77577970319318 4.41147993872578
-0.376547609298646 0.174779315406271 1.2925719838389 2.96066769679957 4.06086190193496 4.62267832806962
-1.06732546640327 -0.545841014297885 0.61202605757619 2.28008419832478 3.34224034348614 3.93214890298375
-1.05768850267123 -0.62118923768152 0.663524791026413 2.33384796505132 3.26695485012351 3.94557536160263
-0.981961418677546 -0.499720348891607 0.714901305366584 2.38338214078104 3.38834332706192 4.01808853332562
-1.19466840047689 -0.682788710259575 0.48919701183172 2.15821028283264 3.20548561325305 3.80590553416118
0.643089999916041 1.13571462677774 2.34007856925868 4.00335578245911 5.0265491514086 5.64250679492077
1.26508725047114 1.78334416630484 2.95153805127652 4.61572051153127 5.67263291017609 6.26583928243358
-0.228719748559895 0.320471842903937 1.4394877938338 3.10814780486608 4.20916667179717 4.77118987882723
-1.69908050675389 -1.08931123097321 -0.0573945149088366 1.61337846604881 2.80069796363744 3.30270911330984
-1.75540430880826 -1.11126553178321 -0.130311231624648 1.53955470879697 2.77826433299441 3.2458214723825
-0.0288132283214593 0.537303490236292 1.63361109609276 3.30004359470452 4.42601585216715 4.9721973043018
0.53004294127488 1.18811468114147 2.15104560234722 3.81412759117182 5.08000272226232 5.52858944690848
0.0109314581448171 0.555807905398525 1.68322590611207 3.35034496367449 4.44515506327163 5.01271200723438
-0.649258788419975 -0.0332080173450466 0.99316403314704 2.66032143453469 3.85148064792029 4.35046279378363
-1.62360375330343 -1.03820145741075 0.0294663451738925 1.70030025389724 2.85172248413102 3.37805191081285
0.570078375024607 1.23320672192807 2.18938503591978 3.85294829734646 5.12473275309717 5.56889644876101
-0.387767178588315 0.193922945882922 1.26816139409891 2.93526631208103 4.0805173099389 4.61170796254559
-0.332726836380571 0.149245546575148 1.36933329760925 3.03746730496293 4.0345307282385 4.66667153536586
-0.0272129939776077 0.536679535576238 1.63222963319201 3.30139198997481 4.42640497668577 4.9700672175949
0.869347599218768 1.40925251628665 2.54217486388666 4.20476620364255 5.30218298647669 5.86841747259722
-0.571522839999091 -0.128080592767352 1.14673638807638 2.81486978715572 3.75950980812156 4.42976243168423
0.309579225131097 0.84265330853331 1.98835641436315 3.6521950571971 4.73263583934663 5.31036283412275
0.684048158974256 1.29788394030738 2.32462735048224 3.98763967943775 5.18987018388064 5.68289915945457
-1.0706187150697 -0.563783426715716 0.615091539134523 2.28346772298967 3.32438054117294 3.92919717844381
0.479048592721446 1.08358327278801 2.12234837783176 3.78468988180234 4.97624701057824 5.47739866619196
-0.204427069868666 0.359709968047968 1.45829965821338 3.12547911466778 4.24821894711795 4.79552487932694
-0.937517988819778 -0.509397772308125 0.785249383500271 2.45480959399149 3.37837418864674 4.06442311036739
0.45982225490152 1.06478358639945 2.10277051788363 3.76508988772593 4.95726460181123 5.45818983536855
0.10592484298663 0.660342478768418 1.77624439944104 3.44093663889726 4.5502889152563 5.10789489074933
-0.171757736598804 0.394243279804619 1.49097192787866 3.1573154735455 4.28245969321735 4.82841963140305
-0.346587159323933 0.192936487157146 1.32760908754473 2.99593927629778 4.07905125427635 4.65252960535245
-0.829299714907103 -0.374662069562528 0.880537946600267 2.54895632475902 3.51322964802857 4.17105878579143
0.968406841747766 1.64241359673329 2.5864468878285 4.25232999196345 5.53100320382789 5.97066186833894
-1.97465959880209 -1.26389689609517 -0.380244065966157 1.28952877027392 2.62615958396805 3.02631184227894
-1.10455113157636 -0.635847520731923 0.60013161544898 2.26975408332885 3.25220150009517 3.89746699785227
-1.79384384334516 -1.10268120473891 -0.191413395718259 1.4773095867893 2.78708090416024 3.20564543161583
-1.90645539464099 -1.19491378458984 -0.313093862078538 1.35598316582067 2.69508951815326 3.09349286744084
1.12803998830627 1.69664786222825 2.79232780079186 4.45682185968054 5.58558275621638 6.12884110728248
-2.07697147414341 -1.35130263261737 -0.488345029245375 1.18210571986012 2.5391451924897 2.92420009681594
0.0327152502952605 0.584043299329772 1.69859167026732 3.36695228635741 4.47307542466093 5.03064656225689
-0.798338356379623 -0.354001342481311 0.91619379500697 2.58468593541515 3.53386089256904 4.20216017465354
0.0586183483096603 0.604581994664515 1.72716258773654 3.39526239289665 4.49335156308811 5.05674250429753
-0.0731071507202145 0.474555087093291 1.59646083015837 3.26464592282577 4.36450061552538 4.92811397989558
0.180370843071634 0.703427730656876 1.8638307968576 3.52970301964873 4.5908691511309 5.18176672588104
-0.33698488793099 0.150335107573944 1.36266387675821 3.03080032056779 4.03553875974853 4.66232549445956
-0.746772175525229 -0.253693001121708 0.948513824965212 2.61629272312774 3.63369967703591 4.25379571601965
0.585085318257982 1.09886109346889 2.27236577350617 3.93567616487232 4.98998122123985 5.58480841785771
0.141450268678343 0.670276343939282 1.82264575968132 3.48754871913936 4.55771610800502 5.14242048206074
-1.02773428343937 -0.385905073031217 0.602239869985202 2.26993721823028 3.50008352342806 3.97057271977337
-1.91134976255222 -1.20070163882493 -0.31756409291067 1.35157263600384 2.68929686977846 3.08868922612993
1.36210451518324 1.92565493119482 3.03182448149492 4.69735533318593 5.8135923699917 6.36604835320035
-0.15407341405877 0.383836326913525 1.51835779822959 3.18781488179908 4.27368110994015 4.84644679478773
-0.321896326547623 0.181028148133992 1.37041476226253 3.0386897533201 4.06623898528208 4.67725566587596
-0.463485913719534 0.121622790007143 1.1914522056225 2.85878662081159 4.00735686884168 4.53603649155844
1.22770611824282 1.80072852060128 2.89153469910805 4.5564804002204 5.68871927569881 6.22984042790345
-0.522743997506665 0.07562799926972 1.12683118488036 2.79399108365188 3.96100677775419 4.47689059960451
0.0549568685656207 0.596904127065803 1.72986236883065 3.39480259722568 4.48468603307108 5.05592451962283
1.77897093221582 2.16217293303818 3.5277359889026 5.19166874693676 6.05102765618977 6.78076767394527
0.790295693941113 1.34908123931247 2.45463262429593 4.11711895946427 5.24190474466019 5.78921927417271
-1.18805008836936 -0.63522289374229 0.47711347647022 2.145095219921 3.25300286928091 3.81116142967184
1.75300401926769 2.22097543638426 3.46837344320092 5.134134034044 6.10897465306788 6.75957720751611
-0.673554608343357 -0.0552148315980872 0.967973241686254 2.63515756992976 3.82934589162462 4.32618182193475
1.70389031537718 2.12613182632129 3.43563837284363 5.09995878645638 6.01411397845485 6.70614059954086
0.106733990554414 0.677221038214843 1.76852758444116 3.43278174385223 4.56694799493996 5.10760697863561
-0.771836077740504 -0.144122183307828 0.86590090218025 2.53318079131312 3.74008299368966 4.22787666085231
-0.422074403487571 0.0366852525896266 1.29128597186957 2.95921334102806 3.92314488628014 4.5791897511624
0.481640325418593 1.09639513995109 2.12077228002544 3.78310159947691 4.98915268008958 5.47988893501353
0.124119599306077 0.655880032146073 1.80405078550613 3.46858343314846 4.54316854900904 5.12477178727083
-0.0892986729002018 0.488807543073475 1.56620356119743 3.23488706445803 4.37872293863268 4.91021500323516
0.694192279121065 1.24490892765951 2.36124584102084 4.02389200881435 5.13845661790211 5.69262903163433
-7.19146513382713e-05 0.548895086918306 1.671318122896 3.33659789976057 4.43689807443582 5.00083599770646
1.06327140675381 1.52334755343478 2.77112937397672 4.43429408983272 5.41805087643431 6.06200007785863
1.27732386239881 1.87875102712223 2.92997341402815 4.59605587938728 5.76737548238179 6.28173811335477
-1.72069038941157 -1.0660564224369 -0.101594654754713 1.5674658775779 2.82336047088806 3.27932262342132
-0.736735970380746 -0.113617981151258 0.902983228747968 2.57024535247656 3.77063334521061 4.2630071104354
0.919750720392123 1.59741033856005 2.53592551948834 4.20157500010519 5.48588799258383 5.92143364082228
0.0888117665767575 0.625713000218065 1.76604917424848 3.43134157689496 4.51367605077961 5.09013352386862
-0.0887328981725016 0.451475021273506 1.5831359449521 3.25237550141778 4.34190464464436 4.91251784442462
-1.67927241976771 -1.01186762853986 -0.066053718151913 1.6024090568704 2.87757117807206 3.31997631143771
-0.139372346234845 0.449721411115497 1.51064323731752 3.18019792542271 4.34025951600413 4.85982385442881
-1.29796888850187 -0.698600061638582 0.346902770889632 2.01460501815012 3.1895367276343 3.7008436906971
0.002080983488446 0.559535997411185 1.66430822591625 3.33325547196678 4.44900691153086 4.99917818443042
-0.0733766502788837 0.500638311147532 1.58155492788411 3.25115153205016 4.39080088561968 4.92406886073786
-0.132876082045182 0.454705090756062 1.51744014416205 3.18708211369748 4.34523473267645 4.86601757718457
-0.176146872109686 0.421362609831069 1.47137861604834 3.14088868390492 4.31214434528822 4.82404459548862
-0.194423177888919 0.407661800062736 1.45307901943266 3.12200092561781 4.29835906372095 4.80699075032789
-0.191589644425125 0.410760862567839 1.45760755360568 3.12568687083267 4.30110301584468 4.8107614964311
-0.164277695919382 0.433332445862971 1.48824642862414 3.15536914440739 4.32326811786992 4.83866642818076
-0.124559201663576 0.465772660095097 1.53173132172374 3.19811918494707 4.35555114708921 4.87866588962728
-0.0693107373509112 0.510929590694183 1.59154354199284 3.25727372853916 4.40073389923672 4.93399444670538
0.0120085068168688 0.579160268508028 1.6778420206035 3.34304028908832 4.46910799404285 5.01481014799859
0.107228488072834 0.660411891017122 1.77824802867833 3.44294019832281 4.55040995507037 5.10931950422212
0.218819063050743 0.757724272309406 1.89536251914862 3.55956072704296 4.64763384728736 5.22011921364031
0.336150131598955 0.861792541719572 2.01822190371043 3.68200585917029 4.75168287775316 5.33684467564443
0.465732251278886 0.976026098006486 2.15476635287547 3.81823508461585 4.86608407225383 5.46611091866177
0.594142521371525 1.08911697704631 2.29009413880329 3.95340692221691 4.97961312399811 5.59393039410822
0.709782278565658 1.1916601132041 2.4116492160534 4.07486948895101 5.08263704474219 5.70876926163714
0.810756725088525 1.28121388986454 2.51701866863168 4.18022349585554 5.17289086351133 5.80905830991359
0.909451829039782 1.36700506220256 2.6200585839559 4.28339911276019 5.25987439158935 5.90723607841989
1.02748899989458 1.46624585276494 2.74548005836891 4.40891955516117 5.36026900165369 6.02507384692306
1.10400113456518 1.53618808105777 2.82469777385272 4.48813995430834 5.43082211614262 6.10209659188394
1.21342999155666 1.63074216843933 2.94078741084611 4.60427918070306 5.52591109226206 6.21214888837639
1.34112718439945 1.74124084429973 3.07680794606345 4.74028245859912 5.63630865645934 6.34061316312222
1.48554332631867 1.86823416901308 3.23029431554575 4.89367468187323 5.76229713980199 6.48583693253919
1.63212244304894 2.00049293430536 3.38481516294409 5.04819634445098 5.8929400298305 6.6330614467044
1.76385399426188 2.12485313024718 3.52137319174182 5.18494719383181 6.0153456261163 6.76520604917988
1.80944450738597 2.18707479511564 3.56099250478084 5.22494669240862 6.07578587640042 6.81141070874923
1.92586109229532 2.29831048504862 3.68158222052642 5.34594562499051 6.18579074300601 6.92924392627953
1.98680410295838 2.36225137386637 3.7426120130172 5.40741025545915 6.24933882890921 6.99161920941668
2.00444979620619 2.38802449970072 3.7575628400118 5.4227307316399 6.27520759831288 7.01027468018293
1.93776198639556 2.34783873923898 3.67937691834034 5.34482617361584 6.23533551961351 6.94418770519973
1.83123008080243 2.27692449955903 3.55697629210091 5.22266674825081 6.16479580102202 6.83805207294177
1.6540635573121 2.15234435077918 3.35543878190223 5.02135578798358 6.04060900994545 6.66045655920791
1.42734701104989 1.99012062977759 3.09842707934076 4.76453142327615 5.87872909992704 6.43274803677557
1.23032501578877 1.84470866651064 2.87684593090205 4.54296053813674 5.73339699731535 6.23449112283762
1.02705767864086 1.69027844383037 2.65028745349452 4.31629633969324 5.57894517656426 6.02982079382272
0.905325131531827 1.58845374246003 2.51894668669176 4.18464749788375 5.47696596439887 5.90697801400573
0.794259218204534 1.48262007956824 2.40513345486828 4.07040751165088 5.37143361920503 5.79486362427416
0.661739466367618 1.35522290784258 2.26949603216435 3.93438918139574 5.24503865810906 5.6614085965434
0.564880704875212 1.2519857839668 2.17437749798163 3.83864381633745 5.14295133125219 5.56403564014891
0.513707269064914 1.18454875906847 2.12928982937946 3.79262781562846 5.07627825148903 5.51232195688433
0.49458033981311 1.14597304202339 2.11818361801076 3.78079161051936 5.03811203848579 5.49295285269905
0.46371073305351 1.10397629771718 2.09187717042548 3.75423068417312 4.99645272623033 5.46181347247426
0.442732717857853 1.07178972413861 2.07563112504414 3.73795977994209 4.96451629998889 5.44077611527176
0.435632036536952 1.05177219047355 2.07383141143451 3.73608765429797 4.94428608598766 5.43393917343206
0.417430724007511 1.02424574855735 2.05932511668624 3.72170741243216 4.91636202262797 5.41598840269801
0.400320036269214 0.997645324574667 2.04669574775775 3.70947312285461 4.88948955193538 5.3994141686419
0.353448079183556 0.949127288723963 2.0018315860573 3.66506401449919 4.84078743141178 5.35365236795196
0.287167724965724 0.885309167973696 1.93637598517004 3.5999911992449 4.77682632070778 5.28880839801231
0.235103059446488 0.82968004052375 1.8875254374655 3.5514169323419 4.72102228583863 5.23776187226154
0.183625643608474 0.771742839102744 1.8390157358002 3.50304375964519 4.66266327942448 5.18602088011102
0.133520167014446 0.714243496179104 1.79133147884227 3.4554593317895 4.60453267010281 5.13493868907878
0.0854917726788122 0.659767016652955 1.745496644267 3.40976649555205 4.5493539249914 5.0863315832312
0.0343642408642282 0.605996008002401 1.6954541876467 3.36008828368293 4.49501811829688 5.03528920942251
-0.00541724666194065 0.561843404434649 1.65710519289747 3.32265817837157 4.45055879649456 4.99562644891611
0.00017096253217362 0.557893587797112 1.6661463947241 3.33272412206912 4.44665325096651 5.00151470438981
0.00251214032084231 0.550726405659759 1.67237745109217 3.33996629352747 4.44016534208438 5.00434729324976
-0.0404319820562365 0.501445613531596 1.63131576402219 3.3001142426443 4.39176227836757 4.9613627106436
-0.0948920641321132 0.441737523428337 1.57828366562079 3.2478474666714 4.33223684299836 4.90641670189359
-0.150753301787342 0.380254243407546 1.52468679033314 3.19439054515129 4.2699856122413 4.84974896622962
-0.196999891425872 0.326074178688913 1.48243530999427 3.15199421599142 4.21459235406446 4.80278256810816
-0.252662133145551 0.265618952037357 1.43034338695274 3.09933697516033 4.15256910961358 4.74665732358608
-0.281645242596821 0.225490446802069 1.40782932907567 3.07640999928931 4.11128193005867 4.71748101481699
-0.300615717933083 0.192587829699289 1.39612028921083 3.06441998785851 4.07779355080948 4.69854333356692
-0.318784387703145 0.15917784538554 1.38504592710181 3.05319927529161 4.04446280159508 4.68060340668655
-0.352427114136028 0.112805917785032 1.35749478957112 3.0255714988942 3.99865708398011 4.64774040951108
-0.410397978609637 0.0465579579961095 1.30390401823899 2.97182770671292 3.93299250317029 4.59093212403508
-0.467628587514429 -0.0210945307563773 1.25105076973419 2.91899556626036 3.86593783123333 4.53416130362718
-0.550943418258795 -0.110135733041305 1.16872247001471 2.83686850170275 3.77743185601189 4.45044592492282
-0.61237576552062 -0.18327312614345 1.11103038919863 2.779350811995 3.70445603623567 4.38865384506367
-0.665665037348503 -0.250126917890077 1.06255517058579 2.73113424741891 3.63762935375064 4.33526671529513
-0.721428393440375 -0.316936603670858 1.01130415592106 2.68024124829297 3.57072369078849 4.27969424053946
-0.786960169028263 -0.388195869787073 0.948660546531385 2.61803759902216 3.49939723639873 4.21466583853747
-0.849253056967235 -0.452060250948719 0.8881534470579 2.55793439104075 3.43551012198889 4.15326431119134
-0.903594749086112 -0.504715761011451 0.834333682981398 2.50446072311129 3.38296155184354 4.09973437470744
-1.01987234383802 -0.596508858561171 0.707765244042542 2.37815499126195 3.29155962668558 3.98366684030215
-1.17902373639329 -0.71503574358236 0.530230625974769 2.20079911579588 3.17356227900366 3.82408139549488
-1.40213165263272 -0.878420136092332 0.279608904588466 1.95034191126713 3.01087374564256 3.60018849250398
-1.63032685876294 -1.04323660288256 0.0219565931591807 1.69279760461766 2.84671405801452 3.37127173073848
-1.82030839410962 -1.17880819151325 -0.193364794651778 1.47752125490673 2.71159805076479 3.18084136326854
-1.97913258668773 -1.29085336552572 -0.373677125087083 1.29720574658193 2.5998128264436 3.02174946651422
-2.0617389589786 -1.3461577256283 -0.468607509546926 1.20211721260077 2.54449058407637 2.93919645435667
-2.091910179004 -1.36293575413969 -0.504756991412422 1.16574514613221 2.52756959084699 2.90923147629851
-2.06302289177343 -1.33331549055403 -0.476803772661793 1.19327974982007 2.55699989901643 2.93813160203727
-1.98427888488256 -1.26284882718181 -0.395099890827509 1.27438086514406 2.62728320722433 3.01629395829444
-1.86054340235947 -1.15411158025913 -0.264989478398269 1.40385308641704 2.73581584201311 3.13905366923433
-1.72950508668109 -1.03545212230608 -0.127949033859119 1.54039124526499 2.85400200823351 3.26943273432987
-1.62045210675717 -0.930070285646294 -0.0163028009278722 1.65168222191804 2.95874462725471 3.37802208479171
-1.46239112626226 -0.786743137022638 0.149752887331635 1.81779165797134 3.10158643004677 3.53608668744065
-1.32525607396467 -0.660078143645466 0.292660409855019 1.96078143569093 3.2278749748618 3.67323117572547
-1.2037413759865 -0.546173588006906 0.418296047651315 2.08631038513203 3.34111820055218 3.79457974300028
-1.08521225744991 -0.435618212448249 0.541038696081123 2.20882061613298 3.45075185908667 3.91298157647931
-0.979295807176647 -0.335632939541166 0.650433346713965 2.31798365735815 3.54964993505995 4.01925926933539
-0.86755265127629 -0.23214242336605 0.766534346798499 2.43392661378124 3.65233280737413 4.13169942541244
-0.761016066836412 -0.132984977970245 0.876585493324189 2.54383962109688 3.75120102480741 4.23876590798154
-0.637561223512412 -0.0210906808350713 1.004640500026 2.67173766363859 3.86366603527657 4.36215463412704
-0.503555019707936 0.099257252832453 1.14410981903982 2.81092450522678 3.98498442858194 4.49604732266635
-0.36677451999248 0.22225369342845 1.28646892055933 2.95289532401036 4.10914899177629 4.63291071289886
-0.238225629106828 0.338733763453683 1.42033210578462 3.08624802607762 4.22632974819994 4.76190224793689
-0.110778365462026 0.452795094519313 1.55395314474237 3.21923221771313 4.34057340359284 4.88966305112525
0.00444776947619702 0.554105938393799 1.6758696008472 3.34050996882838 4.44167421003188 5.00504654012015
0.0985139551216104 0.634535239550475 1.77648491453461 3.44089987677263 4.52185799587777 5.09911065105473
0.167282864634316 0.691761557299502 1.85059391665102 3.51517652091938 4.57882566086131 5.16787246106359
0.217915121748252 0.733138548837139 1.90543363467652 3.57026699133326 4.61987282095721 5.21856175695801
0.23357951120151 0.745796531180443 1.92236301905832 3.58751478023068 4.63237327717765 5.23438176865046
0.226152037015847 0.739740332693077 1.91385632119832 3.57942947929948 4.62642053542793 5.22694219860335
0.193230510928884 0.712976889012252 1.87685697591751 3.54310525337923 4.60014397916819 5.19344504967205
0.137099966098011 0.667439389642046 1.81414805353888 3.48128790791679 4.55531187940711 5.13619658369892
0.0721562732799583 0.615134456385119 1.74189970030773 3.40996831640089 4.50378971866453 5.06999916700731
