0.844407840698205 1.4027731134855 2.50788668650732 4.17963301210277 5.28208569071011 5.83988496596394
1.23654638340089 1.77048542203701 2.92045807497875 4.5539932349192 5.68922320074295 6.2434982524574
-0.44091655162957 0.133101216218787 1.22131537842635 2.89538744228305 4.00757255325378 4.55684681473542
-0.27734223829546 0.273820825008069 1.41296196791794 3.07515998466739 4.15769961089867 4.73528507002123
-2.02838771143947 -1.46702379270618 -0.357944697240422 1.29376134658985 2.43098708885755 2.9749813951583
0.85187019677523 1.39451065779963 2.53286319111735 4.17217838847895 5.29780884256153 5.85381764117071
-0.13849175021299 0.409277659251258 1.52421531902693 3.21069528258782 4.29345086541392 4.86611737812814
-0.981965076258307 -0.428045529660866 0.661069513510632 2.336742675521 3.46570583502188 4.01502629921187
0.695433374454925 1.23492181187731 2.364977335712 4.02366874928361 5.13906993798761 5.69860810911236
0.0291018460029317 0.604543053022939 1.69483312157212 3.37419915197721 4.48087487762113 5.03697804801185
1.21083817397049 1.7651191158321 2.86393489672746 4.55479498294004 5.65468584677577 6.21934943696
0.129142473036186 0.689141263098329 1.80870130455948 3.45731578387741 4.59097190365323 5.12495404988237
-0.243461540718531 0.309243504160949 1.41650129041824 3.07964222789027 4.1919313681821 4.75686324522454
-0.577757962045623 -0.0111973848818909 1.08554573370017 2.75000672239474 3.8697403623183 4.42720302982263
0.220222425494112 0.785830372341007 1.87916622801385 3.55392740338046 4.6624696992491 5.21962537925739
-0.411388797168601 0.152752732680429 1.25573702472382 2.92928502717054 4.03129181586167 4.58379022769071
-0.0775786427968041 0.480372190782544 1.58073106517339 3.27727158591938 4.37288342234861 4.92535045307701
1.57414886332928 2.11595670326624 3.24497971512207 4.89967338593124 6.03026210562839 6.57245163683919
-0.0349014069246031 0.499488578330024 1.63844927696686 3.29219525472948 4.40828518390399 4.96346630631066
0.152689015648258 0.703269765954274 1.81834598461546 3.47630347832245 4.61082240012885 5.14938512598707
0.50760310446815 1.05313412520866 2.16982596510096 3.82460419797995 4.94677195988803 5.49770228272537
0.913170456076307 1.45732537243998 2.56301848401126 4.24360579622593 5.35831095963376 5.90182812017969
0.210936066603075 0.758597191904132 1.86672085357756 3.53935953577383 4.65231388248987 5.20586642965555
-0.547115713938076 0.0180510511884383 1.11478093390323 2.7815429806499 3.90025395589912 4.45686405758842
0.813045573699684 1.36378819891272 2.4835101475968 4.14458242959186 5.25895741122553 5.81024364566578
0.282815179279854 0.835211484313211 1.95237782654462 3.60861549377853 4.72837677574849 5.27754986765747
2.03786298583878 2.5971946174391 3.71323511857346 5.36119295323695 6.5015974871859 7.04521831786574
-1.82185360293759 -1.26760214867716 -0.162979842622055 1.49944908161908 2.6304039343465 3.17924067812661
-0.764043337889626 -0.197407372983527 0.897950206479356 2.57604779708405 3.67649725669492 4.2358081261051
-1.54380000892795 -0.997467509381976 0.130695271731431 1.80223695726873 2.9185361193991 3.46132606262042
-0.870200231061436 -0.300742115691982 0.778780291134714 2.47379761138462 3.58234196585557 4.13295655373191
-1.64783892389868 -1.09821582908258 0.015557004136235 1.70040633226396 2.77937698462106 3.35146908388528
-0.523070517236717 0.03406476180117 1.15877389879743 2.80550376314835 3.9339983759706 4.48352292070807
0.438997425222371 0.99334190112524 2.10434934454196 3.78069849093483 4.88066117327751 5.44802745114688
-0.229179700145367 0.31744877242853 1.44791635959064 3.0969777067912 4.23742784283822 4.77761863107862
0.17378986738707 0.737211985181001 1.85444527227628 3.50167540896473 4.62738637378315 5.17698613277021
0.0514070751433421 0.60491623526041 1.71651632881092 3.38635657799266 4.51831438930802 5.05837211443168
-1.06747609158792 -0.502220021457278 0.590253079267639 2.25496166472465 3.36254425429849 3.92787614565365
-1.75586914485705 -1.20196707038565 -0.0929476370118491 1.57364594951224 2.69771704008471 3.23785903397767
-0.212679631441088 0.329942871126658 1.43385148240497 3.14331354184661 4.20161105763471 4.78020051106359
0.236063221582512 0.793429759882334 1.89226045946797 3.57423118055107 4.67283605556253 5.23562024443502
-0.0349654929485227 0.509779533760449 1.62853852326411 3.30200012245131 4.41050976108015 4.96282204487752
0.18255318687615 0.741299692627822 1.86355084422999 3.51450910631446 4.64201479698333 5.19532491983464
0.112185684248568 0.666667202991598 1.7623626165971 3.45481441379407 4.5424181443375 5.10429180569701
-0.836687387199073 -0.272727196497547 0.834784947196661 2.50289200039485 3.60481975590201 4.16842877277941
0.352202577491974 0.901412467075896 2.03630884680365 3.68260647196677 4.80995228916497 5.35546586503835
0.26960210944466 0.830991316326034 1.94763202343625 3.61535921329035 4.7239862084417 5.2788810600157
0.113573595527523 0.658976414936736 1.78398985790018 3.44133862157556 4.55790688535281 5.10937675966694
-0.276970446199377 0.287182476677346 1.3849439385262 3.05958294391823 4.18447414942268 4.71663803260788
0.103182341292609 0.658361415364658 1.7441813050508 3.44693729526997 4.53366452407932 5.08389801737467
-0.0664962086959908 0.492135818386893 1.60284651758174 3.26643274229092 4.37568270020383 4.93809517212141
-0.00166666972821076 0.550652887228684 1.65816602308436 3.32567494218581 4.43781370463528 4.98985318239704
0.195260729459484 0.743044651917334 1.85540318798031 3.54502895533876 4.63811093140716 5.18494116805029
0.910801664296178 1.463414707712 2.58454768149201 4.24396117420738 5.36027065540382 5.90951319275418
-0.284655648195536 0.263191691891062 1.37751265556399 3.04136049527908 4.15451835383563 4.71052392041545
-0.251379122589663 0.309072528947831 1.43586072930702 3.08436451175426 4.19811452073743 4.75430742316576
0.712811748329792 1.28347829173476 2.39416607668263 4.05678367651225 5.15569661301172 5.71271821026258
-0.144130756720688 0.401014937785912 1.51043602658581 3.16709625683285 4.29018772869423 4.84911341805324
0.0452369390889012 0.599032047710267 1.72889224626662 3.39733641245276 4.49946890894341 5.05546349625513
-2.30143056631841 -1.74328185181016 -0.635455832514658 1.03244239232135 2.15174320900749 2.71327447793261
-0.206746519296382 0.348422926259301 1.45002281509944 3.13495638478687 4.22288782062105 4.78118588682827
0.113376595748371 0.670899301962727 1.78402133013693 3.44451237835939 4.55992000610501 5.11184906681492
0.0328692205165285 0.589130331656091 1.69046839283982 3.36433030754958 4.46584639712112 5.03099527776404
-0.0423114174476204 0.507992384541596 1.62216218800865 3.29217429283407 4.39616791757504 4.95665901388583
1.30828300336818 1.87383162889578 2.9640652455539 4.63807197601601 5.75085929049993 6.30590958207356
-0.406998421914255 0.148804702922385 1.2767562892792 2.92897985777351 4.05336716597583 4.59271749142393
1.66608495113476 2.22866691946013 3.31510978262946 5.00034272134888 6.0960121086241 6.66169716105884
-0.00694444204005025 0.567512784906782 1.66747189120567 3.32039399514145 4.445461418445 4.99403474531854
0.470090211467534 1.03229884254181 2.12011028814712 3.80443826345462 4.90292509904809 5.4605311914392
-2.55240299423137 -2.00956989499847 -0.882789393136016 0.782193223725354 1.88594156541117 2.44027044028661
-0.518696955166842 0.0443948816273236 1.13983081450317 2.82910154459734 3.91588985928785 4.47776839092795
-0.0330164147826137 0.527973028286293 1.63414700663067 3.29176107982274 4.39168147102548 4.96687659715564
0.160227722046062 0.715071004424348 1.8114270097513 3.49474963984604 4.59724762445848 5.15311692952819
-0.539291235177682 0.0126395081846856 1.11667251634385 2.81328768525814 3.8911904463056 4.45559089012771
-1.50981451669763 -0.970518227836041 0.172217062573504 1.81275479514165 2.9286440325398 3.48272601479123
0.166197377978947 0.723296395755571 1.82813634963194 3.49825392639837 4.62053801579412 5.17392525500446
-0.894887845020767 -0.329259169424719 0.749622496284308 2.42774050175165 3.55860339031033 4.11120226928072
-0.410711874796354 0.141004797031126 1.25846014424368 2.90424695199504 4.04640996622473 4.58796161107693
-0.0433604449008829 0.506393366518767 1.62030111658031 3.30055178843823 4.39845633478133 4.96713601417923
-0.621793066565453 -0.054787684514336 1.04012446500795 2.71463177119939 3.83394580856191 4.38728748082396
2.12403312218159 2.68617016191741 3.80554992561814 5.45090163179607 6.57612810360912 7.13969934561262
-0.300736402568819 0.255141206010691 1.37769516066723 3.03525759103141 4.15161669545995 4.70244740904802
-0.0898717968622898 0.468148988553648 1.57903872355524 3.24218158206806 4.33703004308071 4.90507865850953
-0.275424619744285 0.274496692388359 1.39307148590489 3.07139343078346 4.15826418350925 4.72738534115131
0.341343678509852 0.905436509920922 2.00567702930735 3.67868828627466 4.77016783042124 5.340690326121
0.0548796864387065 0.616529483564052 1.72092109127406 3.39957398460453 4.50650575226138 5.0688627098486
-1.19576502417339 -0.650846685168432 0.472000911682764 2.14226532320938 3.2625287610517 3.79813859664201
0.329573889487055 0.896737699260262 1.99911503672002 3.65172785972833 4.78048648556806 5.32842440929109
0.345087238123802 0.909510186624115 1.99642881525428 3.68195783059736 4.78321927624456 5.33837597608153
-1.78420450339551 -1.22878726836653 -0.121511180040406 1.5525529054163 2.65948106639593 3.21442970639035
0.262637744502641 0.809136811678003 1.93212078424587 3.59973160029934 4.70872422690349 5.26054097033933
-0.132035256179499 0.426332030473265 1.53270881521119 3.20422537530359 4.31852573791436 4.86746122207996
-0.186645346759928 0.369726420752015 1.48844788548263 3.14731300175057 4.27785813462702 4.82110398434237
0.0919596232468552 0.62942375953365 1.77191400480711 3.42004906120825 4.53397235435807 5.09293792403305
-0.0914466074356769 0.458864531330545 1.59416656591517 3.24311427056323 4.36368322294391 4.91461478426343
0.200082714893364 0.761886381584266 1.87808041518798 3.54249730011691 4.65687851226173 5.20751597472089
0.23387099762304 0.781769666837762 1.91682579407328 3.55658451389658 4.68480216834661 5.23554134330642
-1.19863428082154 -0.638500912163178 0.468639633995419 2.1344112230386 3.24405478256426 3.79802049062887
0.0135134554696448 0.573842660921412 1.70188741359463 3.34553441800572 4.46767682318225 5.01971696746756
-0.0467066878807127 0.506619916266477 1.62856079353702 3.27850146415966 4.39879019662756 4.95332724252447
-0.200385184792712 0.353408207978358 1.46651792055941 3.13338556244867 4.24231020997078 4.80056653382524
-1.00240104403975 -0.441730857367109 0.662431047842954 2.34302755668436 3.43441790320648 3.99958963744911
2.06106871519615 2.62859313097036 3.73510322754534 5.4088425141956 6.50681870750108 7.06795680622387
0.13445749430639 0.689246332179593 1.80267107902612 3.46980698575414 4.58060386185866 5.13503501427855
1.44921304028606 2.01631151763058 3.11879030399523 4.78878408648816 5.88740298210146 6.44834213324086
0.619575241607735 1.18272998850035 2.28980225755849 3.96368632494285 5.06743987491439 5.62288425457323
-0.0923377602561698 0.469804707995444 1.56508524984595 3.25807332072582 4.36495597474646 4.9164577185833
0.0122532540734503 0.575564841952905 1.69790248875527 3.33774615299307 4.47149693676816 5.02389839130233
0.127731752651198 0.696163403867415 1.80456912671833 3.46522373954902 4.58393065937986 5.13855117413412
-0.542030411760808 0.0169316095244201 1.14197744102417 2.78187465680526 3.89920363374186 4.45825501980184
0.276647777455134 0.828494256213717 1.94658467179833 3.61080054545248 4.72321609632914 5.2793467996562
-0.211223419501983 0.340410351660515 1.46628770831836 3.13024413749187 4.23490713450268 4.80431147203214
-1.05641430163801 -0.496744881799444 0.613374144207846 2.25928088775702 3.39836178466486 3.93407899490771
0.538829007017936 1.08589760048818 2.20082907260028 3.87463283278714 4.98704583766768 5.54590459579479
2.04283672132829 2.5922630390852 3.71524723182571 5.38196293382399 6.49222161732289 7.04980789051558
-0.7011979804075 -0.14486170012469 0.955924792809066 2.62737417294253 3.7356739978246 4.30153297221523
0.090431406937563 0.638643476524039 1.76352551722248 3.41087639320562 4.53811055039395 5.08997318840335
-0.0225762749494883 0.53678077490083 1.64091467861075 3.31318323435934 4.41907240906651 4.98318827869219
2.32152730160282 2.88498902306219 3.98002529025834 5.65674271418945 6.76573803544755 7.31749086318128
-1.43341081453108 -0.874247389572577 0.236309961771598 1.89260986174898 3.00069998729044 3.56449349891265
0.635646971526245 1.17913154064752 2.29477786478419 3.96431877385732 5.06590355924478 5.62373035092415
0.353031496405037 0.909617756338665 2.0072796327033 3.68233801835651 4.79392179105084 5.34656276999612
-0.228761704257137 0.326007962066902 1.44747266517141 3.10868351141365 4.21480008893516 4.76503033271039
0.907463915527831 1.4569257892772 2.57769276685222 4.23090204024054 5.34687947079939 5.91308735397637
0.440799927039252 0.997444208109842 2.08993078906325 3.77517963026378 4.87472451525058 5.43539541336295
0.300805654525949 0.862395232960801 1.96712617625207 3.64645103374859 4.75445028208729 5.30959627304771
0.336555049924761 0.892333820120381 2.00449955718989 3.6720927971614 4.77377186848748 5.33634733226773
1.02043840497555 1.60077490260142 2.69034008989354 4.36569276756833 5.46122618321947 6.0272432640299
2.30510560344377 2.86724078706294 3.98305403830829 5.63928847490916 6.75075504848694 7.31584149175593
-0.526657297646838 0.027572908541545 1.14443771526529 2.81084957402941 3.90989103559321 4.47199812929443
0.343938190133581 0.906195526113772 2.0066473960472 3.67259815645305 4.79189275756626 5.33854106054778
1.73565658388614 2.29107115198058 3.38996434248526 5.07246747648509 6.1565884273587 6.72447420604839
-0.821534062964587 -0.265772678671913 0.859366663678722 2.52395548711743 3.61843913506892 4.17944796284515
0.410804221814599 0.97250333737622 2.08684967065306 3.73678933348591 4.87017656098189 5.42024775258712
-0.276161787456033 0.289739783152945 1.39095142398372 3.06860500489873 4.16394804539518 4.72073185392119
0.497163242705144 1.04623666467454 2.16132171324383 3.81344405635253 4.92414158352839 5.49079580368741
-0.0149861116904826 0.545010484977861 1.64665521461591 3.32307819918821 4.44243926180852 4.98870489742932
-1.05378131333693 -0.508426807814378 0.636534646731903 2.26515731229651 3.39331049089834 3.94566757316667
-0.0601056187406799 0.491450470335894 1.60635173507831 3.26462068994442 4.36845676304952 4.93109618398837
1.3370172009428 1.88942203622919 2.98338253905276 4.66690440046758 5.78615535907445 6.32944167752834
-1.13290341337482 -0.580663414325629 0.547714752953348 2.20137139948414 3.32173417469881 3.86700038258831
0.0712644801352173 0.628257362593852 1.73951874151565 3.40619507037484 4.501496278697 5.07402512300914
0.823456145574001 1.39463573422011 2.49309533351831 4.1689842462344 5.27753348651441 5.82301845498394
0.608027274456608 1.14782603729558 2.28003031917877 3.9389612742328 5.05271803194923 5.60714336294441
-0.744266684662002 -0.189636026539279 0.904218814901382 2.59498081052593 3.69606652277045 4.25264021245397
0.779124070456854 1.32394052989808 2.43549969036584 4.11841547509652 5.21499967248728 5.76773156052712
-0.320124212684838 0.22399484417589 1.34932885604445 3.00320348171633 4.10198861503587 4.6699144002679
-1.19144856718551 -0.637433576925967 0.463386232469239 2.12806852167861 3.24775951352589 3.80100204319486
0.409722083084339 0.964482419045799 2.0899547965457 3.73290537955997 4.85953003842318 5.40696792850888
-0.371335920660008 0.185635981277751 1.29375035479852 2.95950311268831 4.07996769092715 4.63699762302077
-1.53672301817674 -0.977976903663206 0.134247628380865 1.81801572651503 2.89714886766128 3.45644535190822
0.285491929317002 0.848140534669084 1.95792670215097 3.6118236792764 4.73185221373959 5.28358717673772
0.337692021942377 0.903781533251674 1.99669091340105 3.67315741439574 4.79809424173937 5.33072146678063
0.506386678814983 1.07232551410463 2.17397608950436 3.84270607179968 4.9423113769393 5.5164831791485
0.127548466286134 0.680339364237975 1.80153975927144 3.44664689250022 4.56846757682797 5.13658518641342
1.78910855337171 2.32977303670814 3.46119483715531 5.12658310309348 6.23673221198203 6.79153154990773
-0.134484780751288 0.417984656509676 1.54069057785097 3.21173605698673 4.29707491138222 4.87242697745242
-1.67669327013218 -1.12421430945756 0.00774579030811586 1.65750005721854 2.77852350441003 3.32723669484741
-1.15697545431067 -0.615251573095313 0.509721590086456 2.16797303701878 3.27182535896943 3.84402397642661
-0.92533021817146 -0.37703362858225 0.752624434751132 2.40302321689593 3.51062457122497 4.06816104246662
0.0147852448855722 0.558477155332513 1.66252409423598 3.3389186139054 4.45340015882628 5.01130056611079
0.282185463977698 0.831466409326251 1.95111852732445 3.61766581979991 4.7254549058013 5.27879309662176
0.792519882963829 1.35149658549613 2.46897254459702 4.1141700360343 5.24277360894532 5.78423999905508
-0.245196576445057 0.319785311375992 1.41335908654436 3.10855110411733 4.20014566957064 4.75555856194603
-0.504512455526732 0.0519525627953699 1.17392837335398 2.83347707023816 3.94145690310549 4.49714930176017
-0.363997906681594 0.196087709876439 1.324222556874 2.96879557315042 4.07537718616875 4.63244484112365
-1.02852187741979 -0.498050445670903 0.641475837992487 2.2927086785239 3.39711421663201 3.95845199922804
-0.751890209744492 -0.192155542555907 0.902062233278919 2.59851565071085 3.68089630412723 4.25672701802167
-0.902620426569416 -0.356811126232242 0.752408282515173 2.44106150290011 3.5328870167425 4.09299637563275
-1.13762162905068 -0.578706851617658 0.522507640415576 2.19207751691824 3.30836801249641 3.85724527784701
0.761959335023812 1.30769739939691 2.42377200922609 4.08460043228356 5.20423809866095 5.75211288273302
1.33519126134439 1.89559336259249 2.99643929849148 4.684003253679 5.77999921571948 6.34100656902849
-0.214621056733604 0.331377259943511 1.44368149313488 3.13503616732953 4.2338285604288 4.78911824325375
-1.79014853070557 -1.24012539354075 -0.12754690761172 1.55704039343155 2.66491244423079 3.2164072303031
-1.84506764903264 -1.27483781136982 -0.17925935102174 1.4893219002707 2.59778102436514 3.16661324994344
-0.0222673676694229 0.540163183492864 1.65390086006558 3.29655535113882 4.40567801343196 4.97530096299647
0.376231054936816 0.923107664343027 2.03677953735348 3.7110871449455 4.82184481773353 5.36556067192754
-0.016382001961865 0.543896443906387 1.65086676741104 3.33633901117365 4.42601384435415 4.98297827667148
-0.74149713006002 -0.183498783319025 0.918934551292099 2.58987612564696 3.70411452645194 4.25480345060775
-1.68165440576914 -1.12645833201098 -0.0102408709607058 1.65511103219034 2.7646839273708 3.31128061192674
0.428240938826886 0.986086797593614 2.10672821250141 3.74492574555935 4.89014847991747 5.43222401708088
-0.396335890270704 0.156240575696284 1.28142832745158 2.92056138396949 4.03283003971052 4.60049616548142
-0.215129140223282 0.346244724421864 1.44782013083736 3.11970802053441 4.22385560717359 4.78636386224953
-0.0422295595378355 0.514556033633157 1.59989134693725 3.29783200922323 4.40678695419531 4.9446144108856
0.942222709489583 1.49051307347624 2.59580782507451 4.26237071009422 5.37370527312851 5.93313018370766
-0.317550384942503 0.225552207600925 1.34025759702942 3.0289423857988 4.13343145392575 4.68874003155543
0.363763401175083 0.941016401098393 2.00549654004504 3.68425528075329 4.80953239866357 5.3546699060996
0.672372646008038 1.22167698750739 2.32738086103195 4.00712696693789 5.11545854084141 5.66719464276091
-1.02408441040342 -0.469517234014618 0.670427614471947 2.29571053035125 3.43477429019154 3.97920300319305
0.349821932060743 0.891048168185965 2.02356707428383 3.69171019156577 4.79772404310328 5.35532394704379
-0.213588523513894 0.334124271960194 1.45095899253653 3.11436489921254 4.22893610320312 4.78431542273345
-0.713085128517382 -0.177997889956583 0.951404352727534 2.63158142954126 3.71577250609572 4.28669778192883
0.313608905040743 0.867124420529034 2.00249950597057 3.62393373608591 4.75879719985323 5.31611678505319
0.135643080891489 0.685620728071484 1.80313072555816 3.46993772511088 4.57623149678207 5.13945469591126
-0.187765474506965 0.364510691851322 1.47918952311657 3.13864257594032 4.25347665866497 4.80138365334134
-0.302119560075697 0.24817516474534 1.34188364121689 3.02481059354089 4.12604558061529 4.68412860512939
-0.690632361391583 -0.136729078224859 0.96034653300669 2.6508057961222 3.73914675203096 4.31243327009216
0.42418258132964 0.972994263975691 2.09275292421857 3.76119537341718 4.87003618659961 5.42275606899983
-2.25038675953681 -1.68947690165784 -0.604314760913685 1.08937020600977 2.19363306515462 2.7541034383711
-0.988337606367221 -0.420274377187074 0.687449184106789 2.34727810179496 3.4643680687556 4.02455637391676
-2.02430966379009 -1.48318194952183 -0.362010725503763 1.29654752773036 2.42995841808735 2.98041537702744
-2.29422985947667 -1.73476778930044 -0.619237888706409 1.04261725809071 2.15396452451181 2.70246790710202
1.14473135417412 1.69408891684895 2.82354103226062 4.4659632163174 5.58802929741618 6.14554249924697
-2.53091406927757 -1.96635025240869 -0.857056143876295 0.824714437119701 1.91953963891818 2.46967168777266
0.0614514753235659 0.601111650315011 1.7130873885986 3.38250443077154 4.49302971569751 5.05416968645379
-0.633258333051182 -0.0824267700838786 1.03617516570367 2.71356075625067 3.80668844632214 4.37871924968014
0.0876484885587697 0.647155636963282 1.76324747012121 3.42311100146141 4.53203527168551 5.08956780375855
-0.078559040886324 0.477266649482733 1.57489308265033 3.25563843188834 4.37522601518188 4.91815422315244
0.196315957666992 0.765486443641246 1.88253417446416 3.54344701840096 4.65643826467731 5.21604410440991
-0.252883225151099 0.307527641497281 1.42195396767477 3.0837060676793 4.19718723933302 4.74762480759428
-0.694519073607588 -0.153116852622547 0.982598202594682 2.63230244029041 3.74790900292204 4.31205707558646
0.623294178680093 1.19116783856992 2.29413004798262 3.95414460424075 5.07827822617626 5.6233681838702
0.160378790440609 0.7318381782064 1.8276117264691 3.50149775926629 4.61265160833017 5.16020637733503
-1.22343524315253 -0.677234611286217 0.459328046678214 2.11055325625499 3.20978383061016 3.77721073258135
-2.23584023253165 -1.6812629495261 -0.573748613782682 1.09224121328578 2.21302426357478 2.75975115777801
1.28097379209411 1.85277745775878 2.95237062906136 4.62842636516056 5.72447353644388 6.28469880734089
-0.104480029237812 0.4452496691355 1.54631368581886 3.22999589011567 4.3289685690187 4.88805151079493
-0.23041598603742 0.342947024132537 1.43158278577797 3.11019251985535 4.22496804149604 4.77065588458716
-0.474931984362919 0.0919522188546375 1.18853602966327 2.86107929074368 3.96213846089794 4.52651455119396
1.18596054530553 1.75059790465943 2.87101399462574 4.51795638254807 5.6329065509254 6.19781173511328
-0.553485535601168 0.00632247389675051 1.11281876420959 2.79694082044083 3.89122059936843 4.45201010671835
0.0503556517304159 0.596597775548971 1.72781868074239 3.37039640387108 4.50570439393063 5.05913757550205
2.25686601612234 2.80871562547227 3.9406968280572 5.58535300129727 6.70117093372303 7.25506528866004
0.830449302854616 1.38927890868901 2.5169771783414 4.15601320549212 5.26828521302456 5.84359971284305
-1.18128049786545 -0.634120787845169 0.500390563953392 2.14947786704836 3.25976889441771 3.81676980056765
1.91790101052044 2.47255152727872 3.61264812847072 5.25742500628172 6.38935475978892 6.93930198933463
-0.76736073706607 -0.19809063228418 0.895340034880784 2.56521688361145 3.6833443625695 4.22919381629621
1.92262160884634 2.48418493893714 3.57592295457144 5.2647617119665 6.36583914315663 6.9166303467638
0.0902707125295874 0.632600305845975 1.76520403101662 3.42086908220987 4.53193526348978 5.08907071369928
-0.881266233232144 -0.313507175875552 0.78050514125589 2.46580667662461 3.5619540645585 4.12592385655494
-0.237987481250952 0.322514504761179 1.44853303765335 3.09648157396886 4.22329670507555 4.77300421902438
0.348586826676033 0.92169447359237 2.01652663564826 3.70790736506051 4.78535413711141 5.35838340836995
0.169949181763733 0.731178062936783 1.84523847460611 3.4933879439217 4.61966970639066 5.16410275998178
-0.12249704022656 0.435446358216943 1.56426906813913 3.21531824200231 4.32603323238454 4.88050063641466
0.7126687773314 1.26099840326821 2.38052908216486 4.04411811236205 5.16900469230166 5.71664636830118
-0.00816493902814098 0.548710693581239 1.6629223654513 3.30590646946267 4.43685148891388 4.98596206203624
1.23729014694276 1.78671505563357 2.91142914352129 4.56878860262545 5.68288948979575 6.2395723800453
0.936359066670134 1.48184230139827 2.61512819896552 4.27351357972098 5.38881235935968 5.93860642626597
-1.78876140022026 -1.22793649423861 -0.136965094475905 1.54583635731987 2.64016475087984 3.20100335583794
-0.819973104349598 -0.263093189633879 0.850876736608898 2.50855023092215 3.62048375976581 4.17714650872377
0.439135462236416 1.00356753658133 2.10034367111569 3.78560858486192 4.87967408263873 5.43539899359833
0.0850916285895061 0.635921716004197 1.75931622407289 3.41416255516537 4.53566297309457 5.09816129947279
-0.0710468309991243 0.476541941452634 1.60670347162499 3.27045199130479 4.36881952098679 4.92592486390929
-1.82607347570041 -1.29113962373113 -0.160028397557738 1.51395314197943 2.61229064988215 3.17476504807263
-0.248409977363672 0.308911212846665 1.40938826275508 3.09620490529971 4.19261206238908 4.75586653374133
-1.32276516074387 -0.773980082462921 0.343638197107137 2.01065424991244 3.10135561128396 3.67314272004531
0.0211831314978112 0.57272254585544 1.67070808746702 3.35609005004265 4.45846402088791 5.01046433858136
-0.13848616106258 0.415817955765524 1.52209316663501 3.19855442371634 4.30688624854836 4.86129967859179
-0.256919142314315 0.29927252658393 1.40889380760115 3.07796954181742 4.19511778399914 4.75277340535516
-0.315012955481163 0.241218298539271 1.35338923292203 3.02373139114487 4.13833788440434 4.69549048309768
-0.324780970771271 0.231198326321641 1.34311926223151 3.01120475893173 4.12402011286849 4.68031780715826
-0.322882609790993 0.232318608364189 1.34235151836505 3.00860982497294 4.11777522106492 4.67254792606874
-0.288603212098429 0.267588205024954 1.38049836722568 3.04489641468168 4.15611796095236 4.71146951683948
-0.219583048723149 0.337006888743829 1.45055607340477 3.1166761774212 4.22881233094512 4.78465037398169
-0.115649619071361 0.44081120766907 1.55310464158444 3.22335899379884 4.33594566572151 4.89235844377689
0.00512554172018546 0.56232582502086 1.68148706777885 3.34528612018103 4.45764877628637 5.01358497689195
0.138043369797336 0.694126782620457 1.81146795431263 3.47263622492292 4.58547290377665 5.1415183908074
0.270649834797401 0.827649542020697 1.94199934923652 3.60990703443133 4.72003758313865 5.27539044028612
0.410025189507559 0.964463599433486 2.0732536020551 3.73715916282325 4.84656849001217 5.40120300384617
0.553642526840514 1.10689389293036 2.21186387109113 3.87588722440454 4.98550928165529 5.54040048240383
0.703567293115142 1.25992965720462 2.3746063210392 4.04189852025093 5.15481303230173 5.7112548951682
0.870462579077118 1.42589505793901 2.53537305967425 4.20177177589896 5.31044140475797 5.86474947332585
1.04628217871845 1.60870644562632 2.71216172160744 4.38017384454307 5.48379725120053 6.04092915894404
1.14760597284156 1.7007274721299 2.80725189620386 4.47018960078442 5.57873503107169 6.13262732890763
1.29225657671071 1.84593895509061 2.95347980170765 4.61467542797441 5.72258179725978 6.27641865462856
1.38341437334304 1.93873628114883 3.05006716444513 4.71231505888143 5.82126318056152 6.37585097392891
1.56793409488367 2.12245459572694 3.22957465914734 4.89886631468078 6.01046762549109 6.56614060604712
1.77433682032828 2.32848299417782 3.44958542913825 5.11673806627986 6.22631823120282 6.78173388186223
1.9275812345787 2.48472219409557 3.60145667985698 5.26519913483373 6.38339789856567 6.94056479772988
2.14633898765625 2.70236136740857 3.81532199875126 5.47561020697122 6.59633614477829 7.15346445505394
2.32577408094405 2.88144361254596 3.99354184433173 5.65740113357465 6.76677265882875 7.32176188491196
2.32354158231063 2.88143800251868 4.00079062153342 5.6584949779098 6.76891938290339 7.32347640678701
2.41687873637247 2.97393594173509 4.08797429807763 5.75686382146273 6.8696511985788 7.42601423668573
2.45938512437005 3.01601320462627 4.13000858033443 5.79729395584368 6.91527627009308 7.47379948160478
2.51907691177345 3.07391336937949 4.18307799460421 5.85072595520328 6.95954850836684 7.514107397184
2.46924072813049 3.02368219372332 4.13137364205125 5.79360857285824 6.90286601081573 7.45795208365548
2.22005706201916 2.77873550294756 3.89691664768243 5.55971188548665 6.67515975028393 7.23335502916344
1.68823264752741 2.24700969642449 3.36512497211262 5.03847480046786 6.15560650150167 6.71382422870416
1.19258835676634 1.75057632245044 2.86741882426046 4.53955637579724 5.65460209147854 6.21202016561596
0.833557783859834 1.39067869667055 2.50637020400904 4.17407413111616 5.28578913142422 5.84140347263015
0.474582783578525 1.03117985399888 2.14574582330851 3.81455558147314 4.92557797471643 5.48102413547253
0.380044699440391 0.93556735663538 2.04403519064131 3.71653272331907 4.82070620779455 5.3738585175655
0.424630422359697 0.979303002383962 2.08794599165307 3.75119926160537 4.85584137350007 5.4088395340073
0.343499932658817 0.898070056481979 2.00516650189119 3.67120865254286 4.7818134023842 5.33504116024188
0.256431416892054 0.812865692710201 1.92532295543045 3.59853536035142 4.70888462221961 5.26461085579918
0.286671463402894 0.841765910646295 1.94972814188082 3.60765382930801 4.71410108962039 5.26628099506552
0.27926605652544 0.833482789979881 1.93961980707973 3.60011217664477 4.71135129382234 5.26609508536468
0.256134920085039 0.809631338734685 1.91584883430835 3.57989080337236 4.68843891157313 5.242218241075
0.174278950464302 0.726568025517145 1.83685527774704 3.52538065343177 4.61962909042217 5.16716776359775
0.23538841286936 0.790808239128757 1.90527273249451 3.55142068953534 4.66904040201019 5.22549518995929
0.263048287987955 0.816174185426706 1.9229466271083 3.57670017236558 4.68452069550554 5.23806185262902
0.262515356681077 0.815268131490687 1.92060354905634 3.58059907982154 4.6858723864262 5.23867427889678
0.217192234391478 0.770166251261013 1.87582555958213 3.53588406460696 4.64210508654089 5.19521890594547
0.14343129205736 0.697007431896215 1.80293420892634 3.46934968441552 4.57690008722959 5.13116017785114
0.105879238074184 0.662626498168051 1.7759942486588 3.442793086253 4.55306278735707 5.10820684197802
0.123918498295901 0.678900306774414 1.78915504675671 3.4539218022681 4.56735845854856 5.12364822099912
0.115263834851697 0.667773565715983 1.7708669582969 3.43618072786189 4.5391198523807 5.0915694800151
0.0759244271630091 0.628383585733564 1.73182808608499 3.39505073510858 4.49910658324009 5.05206164834423
0.0339828485342268 0.588830316709366 1.69875130948262 3.36064552892108 4.47122058150574 5.02628448745969
0.00600582260167846 0.559653009820218 1.66665776287615 3.33119214280162 4.44030339874553 4.9947619402111
0.0129357179731116 0.5656001016262 1.67138487820123 3.3279456244929 4.43503224929883 4.98863492622285
0.00450840686623586 0.558103430575636 1.66546845993594 3.32764592889706 4.43583728357919 4.99045460303218
-0.03300109090276 0.523720104075043 1.63708689428774 3.30444276781227 4.4153908802695 4.97079980930955
-0.0405127081314264 0.515272223443981 1.6290903599536 3.30528713347186 4.41366674099715 4.97165440022623
-0.0688076104650689 0.485099948499051 1.59261669986891 3.26275058615366 4.37453062522966 4.93121793762953
-0.102024047807928 0.455561672001407 1.57043929609968 3.24218538668954 4.35808771626176 4.91556764384546
-0.157962901926364 0.400847690391662 1.51939751364801 3.19174334567519 4.30246106978842 4.85868846107116
-0.170759006829538 0.385072363065008 1.49601443563565 3.16583352284931 4.28199066111608 4.83947923661174
-0.167277635932632 0.387730666664538 1.49630458192108 3.16496983051721 4.27923833848198 4.83571528597762
-0.157705362984639 0.396579172203274 1.50204749369205 3.17401284553703 4.27815145473397 4.83245596543825
-0.174954251607505 0.379824682679509 1.48960322494797 3.16142778754461 4.25758799832493 4.80862441565375
-0.196769490353751 0.361337531056688 1.47900280753342 3.13710520342068 4.26088614482762 4.81941699223878
-0.261269800203612 0.298237353265029 1.41745226313894 3.09471600231713 4.2053258668966 4.76167268161591
-0.27909692483802 0.276024990001868 1.3898701297666 3.07536268538806 4.18908854242592 4.74677287198064
-0.332215383520017 0.223120388500209 1.33319847616021 3.0016494527231 4.11357243775019 4.66941195466347
-0.371004318167115 0.186182838928283 1.30143942338802 2.96748273699973 4.07828547135245 4.63370949579
-0.366572113779274 0.187316554816439 1.2949685126798 2.95467037484438 4.06421352823295 4.61863035688379
-0.421825912967837 0.133069749851595 1.24191889573157 2.90907814319229 4.01760928248941 4.57219724038614
-0.444835666059103 0.109497099045521 1.21761144301769 2.88471022671847 3.99066954925613 4.54434734694472
-0.423206769400801 0.131125539341165 1.23964066690644 2.89823645407226 4.01284009274305 4.56895249304021
-0.462190772595436 0.0925556439822236 1.1984865965644 2.86862095434576 3.98832334294516 4.54703198725077
-0.780660479671358 -0.225167780947527 0.88389551478175 2.5523340930324 3.66611595775483 4.22258320251773
-1.24076622088642 -0.684217275560967 0.429792008074473 2.09451020950169 3.20086264548134 3.75417719758003
-1.69443986473144 -1.13800324521878 -0.0247163640885021 1.64302792869483 2.74849764552792 3.30136707153762
-2.11955002444972 -1.56392588848001 -0.453299673324064 1.20973457675591 2.32295417161015 2.87886476492955
-2.55419235369367 -2.00043661853127 -0.883169326910931 0.783432422866828 1.88854970193337 2.44225418861427
-2.6577186165611 -2.10173112167148 -0.988526282085018 0.67785330785427 1.78592861290938 2.34020860051111
-2.58197800404348 -2.02428513520157 -0.909698028692288 0.75956324733165 1.86572422866195 2.41898686696588
-2.45459372910421 -1.89810301322366 -0.785511224955642 0.885463939361206 1.99873378401545 2.55552760479375
-2.37477608694738 -1.81671976679188 -0.699607236097459 0.964765614301105 2.07782448269024 2.63371555708541
-2.2646464791329 -1.70610301933164 -0.588217312421908 1.07223503018159 2.18024571300834 2.73311636129256
-2.03639427875531 -1.47999562876084 -0.366497990705578 1.30420699875159 2.41665247268011 2.97309977569048
-1.95030149974114 -1.39527155731054 -0.28564387295064 1.37876750359292 2.49062739312172 3.0461198032364
-1.79350175394639 -1.23802472622621 -0.127762234965907 1.54408063868516 2.65472692095345 3.21025003157163
-1.5758418397976 -1.01782071990792 0.0995345730790657 1.77273210382388 2.88843853798244 3.44544745168816
-1.42589116680921 -0.869260042068795 0.243752695913156 1.91204276721481 3.02374458962226 3.57984221520922
-1.3293676854837 -0.771414707692484 0.346914140516259 2.01314658148925 3.12007889428528 3.6747117435856
-1.18697070715696 -0.631270744131495 0.48206025794938 2.13836726956599 3.24258617289435 3.79596458882526
-1.01784118196594 -0.461888634754314 0.648947539959054 2.32026077881749 3.42956598386959 3.98488373591329
-0.87099851662289 -0.316093728514685 0.790190576251688 2.45943982954292 3.56951880648503 4.1246074142035
-0.747390751927203 -0.193891124767196 0.914808471834193 2.58252505576396 3.69538829989292 4.25156527911731
-0.581646537549534 -0.027120924643325 1.08121845128353 2.74821430167135 3.85692027601139 4.41169625339536
-0.432966733866517 0.119468857785896 1.22505188907125 2.88516088346152 4.0087514135593 4.56791592972629
-0.299117915117705 0.257034868324038 1.36985742074072 3.03915988359153 4.15664490991389 4.71540487798234
-0.144913317572543 0.412648964328239 1.52763930626673 3.20019879259277 4.31282520122829 4.86943095737827
-0.000677093002694076 0.554892973982507 1.66634959277695 3.33255863338765 4.44448241457348 5.00054498727455
0.140109876906036 0.696055556125919 1.80863882887735 3.47058301078567 4.58365436104664 5.13924228017028
0.240138581274395 0.795055430622639 1.90548819433004 3.56735298529372 4.67877563260854 5.23402438982007
0.329442444009538 0.884669696929376 1.99398327847457 3.66322675805311 4.77279697969853 5.32804207773028
0.377039766476235 0.93312831245891 2.04443285296909 3.71127566201802 4.81980341930507 5.37458732581735
0.364492522271222 0.920288292348649 2.03168994280671 3.69640033888616 4.80444825451149 5.35903576804881
0.293375379338838 0.848252972401783 1.95843079419911 3.62327658243168 4.73431002567874 5.28960084169315
0.216327631956322 0.771614171688801 1.88254935655533 3.54542481700148 4.65537981984904 5.21035156798881
0.142193971284708 0.695227793710185 1.79540551082464 3.47688843066099 4.57267846253334 5.12220991050013
