8.29150872708134 12.0773111232366 20.0038924249459 38.0384810994794 54.1473325012051 62.3931111664839
7.91330874157929 11.6444144780492 19.5015234661476 37.3136089191391 53.223149532989 61.39766981504
3.324993803757 6.07245781171707 11.8788215668192 26.5287944373501 40.2581061412995 47.3336187353742
2.10402478024746 4.4450552829932 9.43305869946123 22.8954715744306 35.8532749707125 42.5426764371609
6.72705681150105 10.3291068527555 17.7729625866469 34.9290026077362 50.3618937625507 58.1950924778946
10.4030214756484 14.645881185512 23.3017315872692 42.5256775330849 59.5054658075672 68.0044209981658
-0.232995961246068 0.551357076397039 2.45278760804446 11.2988150701993 21.202016159272 26.3587710003253
3.64711409175959 6.37012084814146 12.2064636513317 27.0613555179315 41.0303491111783 48.2226078242172
2.43732779843358 4.89670233916928 10.1323809157576 23.9220252389093 37.0757788656542 43.87297952442
-0.0391188366133367 0.10965530235165 0.706181808229601 7.67793389430383 16.3445759317443 20.9312873215352
10.1516589311819 14.2708198794813 22.8539218550428 41.8978268846333 58.7109319338083 67.2771375231636
0.420127824180469 0.127212388405114 -0.0829074506518915 5.68995268356446 13.5487841729896 17.7648830774568
1.22100039443401 3.15902445422287 7.37364767029402 19.7090827543106 31.9321318637784 38.2632090033641
7.73203886275241 11.525586608606 19.4679439466861 37.2180900823112 52.955135676562 61.0657689945716
0.6846962543981 0.206086892705381 -0.397140057735096 4.76705318950001 12.2170161837353 16.1454673404597
2.90963319520026 5.51328698921697 11.0483151840163 25.3060072403349 38.7819011476695 45.7392725175437
-0.189254632300446 0.348908673915365 1.8462137509038 10.1994737555553 19.8382403832137 24.8711792537888
7.67482064080833 11.4244016952448 19.348273247359 37.0399927269853 52.7120477218242 60.847045917835
-0.0598513889955889 0.105949048883141 0.827575764183447 8.02729137131321 16.8784536350942 21.570340306621
0.531707726823596 0.147750651340599 -0.222591059144254 5.32913256297656 13.058239617491 17.2080989514658
4.44059294458481 7.41765839351378 13.6578184657775 29.177462423255 43.6339861531888 50.9844754950132
3.50294259245808 6.33237100398405 12.3176084843686 27.1380594946077 40.926117451735 48.0298655698225
0.653300105794093 2.20582037054746 5.74084285048372 17.121401945407 28.7723979539263 34.8037135056051
5.65332926841561 8.99740450214989 15.9696340022785 32.4122878457494 47.3597186033005 55.009953031948
3.19846238485388 5.85917333539812 11.5764230894144 26.0758597551891 39.6981691616663 46.7559734811312
3.3389486789745 6.07138443710575 11.7276643843493 26.4080659447388 40.3328360546164 47.318134951366
9.33478645053708 13.5033489833015 22.1627798232308 40.8297571779695 57.0772784905263 65.4665371067638
7.00931445091045 10.6445342076132 18.2239990743341 35.5384193805113 51.0490569687008 58.9791749848534
0.0715841637972971 1.18593267889845 3.7948435100065 13.8292710212193 24.5937658228164 30.1657336386904
0.861777305201864 2.69192740731473 6.54608295554338 18.4716251163134 30.5220944541697 36.5803452776213
2.96643350053029 5.490479076343 10.9337322695763 25.1842776492371 38.7448567371999 45.7362298781485
1.1248793235081 3.08170060392334 7.18763430965801 19.4967440358679 31.8095332071188 37.9896674321
0.0664819734109671 1.13120195455694 3.68882927799184 13.6241542116329 24.3063460709849 29.8890355037411
1.87661169994798 3.98662847237117 8.61067458823139 21.6857782041256 34.4922525867041 41.0972385455345
-0.238905179107104 0.179177227856732 1.32000765298023 8.99993588459906 18.0956897774716 22.8113111780878
0.581798220308876 2.1878720631102 5.68419264952167 17.0546874115437 28.7172937541106 34.6687463344155
0.290223043043737 0.0855765518164003 0.0453895107170367 6.08328876483849 14.1345475750558 18.4202591647629
2.01980249010059 4.20555233873579 8.95944707385623 22.2276190359586 35.1655866143917 41.8181979721903
4.43292861328998 7.38109252432845 13.5784359185859 29.0776705587089 43.5443628028501 50.8876271299668
-0.109382604670772 0.0720488809399516 0.673626180898905 7.59606925466433 16.2173786614097 20.6315254637443
0.777709563964876 0.246054621999757 -0.526830768762213 4.40100357437809 11.7343170477117 15.4802188104324
-0.202622538224327 0.446711673204285 2.09543256576977 10.6817670381317 20.4848070118976 25.5461352709514
0.948453205963444 2.75620987736057 6.63273525397321 18.6184605663864 30.7270554468677 36.8424623318353
0.204845086303677 1.59223069445591 4.61000295298481 15.2614060683976 26.4544738693086 32.1131678658744
-0.209098730287906 0.595897704858804 2.47856923989038 11.4463063620244 21.5233654345677 26.6364873813617
1.24084334117301 3.13775463962428 7.32387814546229 19.6383256975087 31.8762989975997 38.2208948797544
1.06935027665392 2.84356260804986 6.78148916874181 18.8332828423031 30.9597322536288 37.215688674417
0.242251899504357 1.62875962016854 4.6739524049637 15.3696493984164 26.5954298384333 32.2864770563064
1.53547576857742 3.61267826619222 8.11465533185192 20.8843551471705 33.4015236324857 39.8817844102206
0.48274385675446 0.131272555413799 -0.32978790351168 5.04785756178942 12.6775002708696 16.5187726061736
0.0842420966421455 0.0633112631303776 0.406078476207129 7.0414343154159 15.5350642398917 19.9986121738224
-0.242626520392133 0.555658418671855 2.37750538448568 11.228179994166 21.2154351954162 26.2754369596702
3.77690118690855 6.65133281171688 12.5367816145459 27.5949271278754 41.8037245082531 48.8929549091822
7.50307719959191 11.1187254718337 18.7607899739864 36.3199378930555 52.0888343935963 60.2079963845073
0.158090943467504 1.49092492779885 4.47033987268317 14.9366086270822 25.9117712504208 31.5937208233388
-0.292022652506186 0.861735322673189 3.3403742674343 12.791656117737 22.937198798827 28.1193662424431
9.04681877005734 13.0475085568661 21.2405787489778 39.7520300921439 56.2283890895193 64.5235651566573
-0.191115883159069 0.368941558682262 1.88838895333733 10.2447907591376 19.8768639925139 24.9065712030052
0.290016859834821 1.67055359852677 4.85041633606992 15.5774987782707 26.7253313028752 32.5094560828666
3.37368519452278 6.12896898569934 11.7840879364512 26.5037895254017 40.4737262521122 47.4400318907371
1.21117295951978 3.16207659297024 7.38183684334464 19.7205139768293 31.9427189858853 38.2641262997251
0.531284079125656 0.150556454043673 -0.312194370833241 5.08474487025015 12.7325011603698 16.6763278009424
-0.105998897218704 0.12761533043942 0.857448888523328 8.01813801412309 16.8099850054141 21.4291904643176
-0.201826436757333 0.37035722205216 1.88162968271425 10.2614510035949 19.9222203737422 24.9353874753387
7.20115041782859 10.7942571141723 18.4204959786682 35.8100865736537 51.3789290664001 59.4308910432129
-0.194500759181673 0.114636845583725 0.990089362862085 8.41809755586295 17.4526194729725 22.0371163511071
10.6472879396634 14.8890229298407 23.7478831139231 43.0556295278886 59.957661804187 68.6102456660109
0.287553791318834 0.0742539742208459 0.00902937812440779 6.01400199126196 14.062941078392 18.2788523988957
2.13710564396128 4.40898840578254 9.29832785864591 22.7403255413293 35.765998110048 42.4425903768395
5.9517483550007 9.45920082265171 16.5396314510029 33.241546495406 48.424767714241 55.9952640684556
-0.237238760106159 0.289411711924245 1.63990234080072 9.79129997184467 19.3027244883314 24.1853849983518
-0.207476473623468 0.322754417903595 1.71856828186979 9.92418012403639 19.4645443787081 24.4132084361276
0.969658324060881 2.85120520970874 6.79777247451079 18.8856695105872 31.0605552911657 37.1499149140168
6.00918386694753 9.43757164303988 16.5634871975856 33.2434311042014 48.358589604593 56.0759067159681
4.61646502585283 7.59397140558236 13.8852079692465 29.5088985498157 44.0491985008772 51.4605401456412
0.706054611832236 2.40562298699636 6.05367129699629 17.6777596997359 29.5292100504765 35.5292965067363
1.47166655192436 3.44066663382621 7.74287644310945 20.3400147257675 32.8400951998306 39.2506568710775
-0.201129088888537 0.100125242355557 0.915211244370324 8.24508774117689 17.2093572208062 21.7288863929974
-0.303038847039691 0.586329001261212 2.57447223473617 11.426331439911 21.2400550237994 26.3692006038407
8.11751687993381 12.0148330303879 20.187246428857 38.1702545500907 53.9843707190212 62.1886649817041
12.8087974915668 17.477850826017 27.1088898237062 47.4929531996045 65.0680105354718 74.0016868688843
0.216358587843785 1.57913946763483 4.62986232238213 15.2075835369922 26.2578376419598 31.9867567847476
0.122135922422662 0.0487527075384447 0.185989372807308 6.48261306522217 14.7330481623527 18.9872826546373
0.0599509686803855 1.32839480769299 4.16044774353933 14.4024773544561 25.2297326334115 30.8210240863836
0.84463041158676 0.295589332698714 -0.575811625120486 4.13763826443334 11.2718263140386 14.87290742899
0.205482622606979 0.0857103171248146 0.219224895138504 6.52406937069553 14.7543139440919 19.1581559215128
0.194408912747704 1.59078092718142 4.58668924368547 15.2127570453992 26.3875707283947 32.0180596743255
5.26856790330715 8.50972494512075 15.1765900277862 31.3528226882587 46.2632546816063 53.7722218216449
0.929538093428886 0.319135334714378 -0.650559958868819 3.95689387647837 11.0630295858596 14.6248500392905
1.10657212229899 3.10352856709092 7.23112394281889 19.5686943821624 31.8980103328874 38.0482271952081
0.871045521056439 2.54676382952288 6.30816453490644 18.048811173632 29.9446433779117 36.1034476465215
0.0644369203693321 0.0416188401866049 0.269256734486631 6.7021829516296 15.0482812441335 19.3291817447479
-0.210585520077854 0.563582896573912 2.4685685840937 11.3615848751663 21.3261575849963 26.5017553472794
0.422115063944085 2.19520037159314 5.94498275219596 17.253057532933 28.5970884022643 34.4811289410579
-0.071717718285748 0.110081540403429 0.872975388425951 8.11799068541617 16.9934571396237 21.6825837859279
0.899051837104755 2.6553591693591 6.46768814157234 18.3475578041097 30.3758227358782 36.4939043365874
0.677910064334326 0.216767112859164 -0.425339961785576 4.64098957552333 11.9990443837547 15.8287984441118
0.477588718132747 2.04076493398962 5.39415274659145 16.5583968224481 28.0921492686344 33.9256891710821
0.277783702104471 0.0878350674338615 0.0817542185985804 6.1844655367364 14.3065190534171 18.5982717182093
-0.160674603741867 0.603329691580627 2.52860443317676 11.5157055690298 21.5844534019369 26.7871145552591
1.71756686125915 3.89979929374438 8.57819298431985 21.5880277202948 34.2483790465487 40.7935453585034
-0.0575716155845462 1.08041744899382 3.58091867813248 13.4580402202759 24.1250202621646 29.5290386248757
12.5428092058248 17.1521076223271 26.6817030563493 46.9358280928798 64.4373058689689 73.3428309041696
0.823251854098865 2.61968404586923 6.40809111055127 18.2660334321723 30.2947956346305 36.3165348130549
10.8100394453777 15.0377613084234 23.8605740948124 43.2378061834516 60.2653242616043 68.9477561322734
7.23451364408724 10.8315862986224 18.3354827524887 35.7608690152794 51.489152481481 59.4950405885635
-0.12726210164583 0.189049339657687 1.21086580396024 8.84133137649273 17.9955019011754 22.7953967841861
-0.157915482296866 0.832623532780861 3.05749874007864 12.5223504186787 22.9327484505951 28.1824234857692
0.880568231463757 2.71974058978507 6.57729367656713 18.5366750432825 30.6309815773124 36.6733851571389
2.13487074104538 4.41955738272674 9.3384816919979 22.7702591997107 35.7656251314632 42.4556792457162
6.57360373511501 10.0905620969506 17.2922088284212 34.3462079440277 49.8987173814468 57.6751403807038
-0.0282565526412084 0.0381801944685656 0.409707840022143 7.0590021328877 15.5555172449853 19.8701196865247
0.211648252105402 1.54692821347574 4.50026373296228 15.0653755621242 26.200013417159 31.8676413537288
2.61904846308134 5.07601048207532 10.345775156586 24.3122899707879 37.6588325248712 44.5040824705369
13.5130141551681 18.2639805152871 28.1186756943721 48.8073979233673 66.5680374249032 75.6318191810824
6.38044140081735 9.84880852566617 17.0945043386168 33.9909608164162 49.2844281724695 57.0903678405926
0.475563068241623 0.127384691564544 -0.212640768945864 5.3824584278164 13.1610444370309 17.2522152423948
-0.207295377513249 0.202833886444287 1.27895574302963 8.91854728101975 18.0249925554389 22.7701025720747
14.9256195611033 19.9395801554619 30.4365662732808 51.7488152185827 69.6823875134401 79.0101198310146
1.63140563154738 3.73526332897792 8.22927324990431 21.1074599820752 33.7824162066689 40.2326209838261
6.45716715095648 9.88638269379103 17.0850347185687 34.0170955388357 49.3953758041402 57.2566584523785
3.09023557152755 5.74268563612331 11.2837936163381 25.7427232329149 39.47865735189 46.4109151203314
-0.158608351008022 0.282164702950207 1.57357901286173 9.63310368787211 19.0931137387387 24.023711952142
7.24207030639013 10.8114525238597 18.3535612843134 35.7567671148783 51.4200299153996 59.4804189398724
2.45825865265836 4.92805895522337 10.129885494491 23.9947374547062 37.266296760502 44.0161637697517
6.88771879947781 10.4743660776363 17.8086895980936 35.0626809124157 50.7446754706377 58.5859276296558
1.07810526217462 3.0247204591202 7.22011455406962 19.4310832189269 31.5308959252214 37.7742561912971
3.55305517556385 6.42157640882581 12.4905817149027 27.3615476343208 41.1193772862814 48.2763865343856
15.060378788322 20.0950101786462 30.6611581908219 52.027253144634 69.9579007005707 79.3211775871722
4.34923056444017 7.38603168376417 13.7468197511777 29.2465358281278 43.5498467010114 50.8876931087282
4.20901667984349 7.17781249749856 13.3050282601942 28.6905032792666 43.0872561134906 50.3320181908455
11.8571026130384 16.2776521107306 25.4831075184068 45.3825075009251 62.732723921483 71.5698293044136
7.95328594311205 11.7783028526817 19.8369736348384 37.7117302131385 53.4973322873922 61.6790998197328
5.4300450008006 8.68667789967158 15.4265524300628 31.7036605062489 46.6736787864466 54.2428635533497
0.517129436999836 2.07981906018394 5.53680519624206 16.7236512805253 28.1733502500359 34.118246447774
2.86987186276848 5.43585022945268 10.8879345384864 25.1326344774839 38.6664439898382 45.5734800204619
-0.132746605085925 0.159752688091336 1.05246309693254 8.44974228114621 17.4105402332344 22.1110884879811
2.57734858282995 4.96215619962653 10.1238596629214 23.9845959268915 37.3025672103986 44.1653495561189
0.122779026863302 0.0592406241110476 0.30615933582631 6.77996301680242 15.1384497960979 19.5429461734119
6.3781230769011 9.88983234776383 17.2756326418086 34.1843943248607 49.3527746136875 57.1757344908394
2.27599876121053 4.55732265817529 9.50313584410897 23.0513505257246 36.1670434404156 42.9189160569933
0.0533274163688022 1.30388473695626 4.04933124370796 14.3082367015316 25.2556165864296 30.7682099972551
3.00227211377029 5.63350346865161 11.2641834116062 25.5988944637045 39.0803273928459 46.0918920994206
2.58323634629693 4.9752508610529 10.1769131435348 24.0491824425142 37.3451611205524 44.2126104966724
1.59701301933408 3.62315207317441 8.0507453038073 20.8169825526074 33.4175964503734 39.8945961760395
8.01118769252467 11.7501368623551 19.5671708841673 37.4440853122632 53.4535996028897 61.6351686089126
-0.131387426151508 0.624633752296316 2.54820811673493 11.5450753473273 21.6189035638971 26.8702503007749
2.54663553377991 4.92619343512612 10.0676588208158 23.9043786494558 37.2050911436952 44.0583175944129
1.73392268284585 3.78212753018909 8.28350607093402 21.1859224315781 33.8848329500898 40.4337855909578
-0.0905001697526113 0.754216977671902 2.84688621445056 12.0891538674144 22.318274481885 27.6488995166834
1.07006292460384 2.97106882581776 7.00388614247721 19.2038074068953 31.442645073623 37.6146581441983
6.34083243481722 9.80706397454579 16.9187208596083 33.8202740168365 49.2590309279811 56.9940644532996
7.41116356631764 11.1321101304663 18.6957183415506 36.285953363483 52.1744829118496 60.1105648573623
1.79294801079258 3.98583321757121 8.70601337455554 21.7750261270934 34.4862498513165 41.0505100274519
0.494289702096424 0.136006597657956 -0.272315467634918 5.17094743935341 12.800890647531 16.8012150379523
7.72105405762765 11.5505852832795 19.589667682446 37.3395053694014 52.9701781808865 61.0932023226376
-0.141895120349059 0.925076478055487 3.40570932076521 13.0125936238731 23.3640440851598 28.7142234561703
2.58412899195449 5.03993919890222 10.2545091708969 24.1982269998109 37.5609596325411 44.3956704315509
3.88144959908497 6.65510713520166 12.593198304524 27.6367213332414 41.7529743503887 49.0127492237505
0.173769532464151 1.42135372827182 4.25909772155456 14.6469149664789 25.6574793807046 31.3130002116781
-0.0362024417346562 0.107073749696732 0.736809230341254 7.78857622584487 16.5311091729877 21.1584893626603
6.60149293653001 10.1244198900666 17.3374649883877 34.4092931931518 49.973960996144 57.7560352504784
3.11873709339982 5.74186567337033 11.3916269800985 25.809482223351 39.3899232772498 46.4274011570535
-0.30325337224693 0.309247034808373 1.81604445020222 9.98603802686464 19.3768019584773 24.2262425890837
2.21104367825784 4.53632229490175 9.52795066714635 23.0539644987627 36.1018064186977 42.8195423719892
-0.0363863819151755 0.945127977619295 3.29730713913867 12.9026724458326 23.3577218080779 28.7990681159131
3.36567194582871 6.00027411786598 11.6643285932559 26.2707565169831 40.0804135528996 47.1943632985624
7.76754151397592 11.5331796482748 19.4744637051239 37.2323869461964 52.981309946922 61.1237887669702
4.08560781521959 6.94405748247511 13.0448193995049 28.2774521757991 42.4854046289884 49.796743553549
4.7233598156125 7.72136660030242 14.0901991858943 29.7937980691928 44.3634595750913 51.8274061702109
2.68893990185576 5.22622819036127 10.6391801696237 24.6766666435964 37.9814674146693 44.8761555702381
9.63953531893742 13.6609349838758 22.1069069192234 40.8680940635565 57.4444343394222 65.9506151202218
-0.185891313474711 0.499110757367961 2.25713893678103 10.969759388014 20.8381198460483 25.9734869999116
6.74969008586216 10.2843689704839 17.6885290979474 34.8231203582114 50.2732700315325 58.1544711929782
4.64182693056268 7.65553698283323 13.9613771024669 29.6302615363758 44.2167847446156 51.5962191444471
-0.214132721992217 0.283787112533753 1.57782366568496 9.62607463541946 19.0556035600448 23.9402050630855
5.7795019430294 9.11989654235498 16.0128852065436 32.5365180182227 47.6852338329421 55.3228558987293
0.0100112702799968 0.104996460073725 0.670514481588172 7.6212018594692 16.3051189242135 20.9067961217288
-0.267756433952226 0.396520923736592 1.95939843189078 10.4425820854317 20.1910659740731 25.1211360582268
7.45907269859343 11.2536509446013 19.1209613557931 36.7308049552017 52.3464325284313 60.3650147588721
6.31576110088329 9.75172512754695 16.8673949109696 33.7357270684969 49.1207403348154 56.8906366965653
-0.189705635916288 0.267724469247706 1.54363977522322 9.59022111120765 19.0406430819391 23.9304027371736
1.07786062172557 2.96205155329112 7.05005917602317 19.191152172564 31.2810968650454 37.5375631140335
0.29255376630372 0.0815081338541942 -0.116229194918781 5.6777680809068 13.598334008481 17.5860786442271
6.2636620399519 9.61690541594393 16.7461896783895 33.5232346453571 48.7616720363423 56.6242298893451
3.00050261546904 5.66467576233242 11.2893631748522 25.6514380898945 39.1754721859409 46.1523614747758
1.16699323922674 3.14165712499904 7.40013472529207 19.7235245326383 31.9087106308259 38.1960477633342
6.29058075018869 9.67960386782462 16.8098525010143 33.6282860679443 48.9218771072942 56.7551201089723
3.86636768920044 6.64897842363155 12.6035244512095 27.6439645811849 41.7415175678635 48.9955799525124
3.34221302659679 6.05435352640181 11.7191908056168 26.3844570985875 40.2767192289142 47.2849330923915
-0.110448874840264 0.144492525212589 1.05420933485115 8.5544665689643 17.6485695486131 22.3801013287795
6.03652197482797 9.42090797967238 16.5082006047648 33.180466263598 48.3285915333688 56.0694319283173
3.08682929944589 5.75088347359308 11.2892893955622 25.7539765395954 39.501185356407 46.4204934745433
0.53757364873559 2.19356779130746 5.8537713739738 17.1913063766459 28.664621183637 34.6364337495492
-0.0354766560285411 0.0665674367556501 0.612937581508973 7.54997640559871 16.2547645892918 20.7483903153437
0.00612729574924558 1.13586152880467 3.74749907020369 13.7007335424271 24.363013291561 29.8933219225144
3.99539893381348 6.87418293416335 12.9889683199184 28.174294267412 42.3062245033529 49.5818393316449
10.3194668177215 14.6595702194392 23.3158283691201 42.5590380299188 59.5613329901804 67.9383781654388
3.56965813595811 6.37322517483545 12.1375362193454 27.0180498851715 41.0915665607141 48.1224859032624
5.95482901542896 9.26002879660682 16.2357934942576 32.8170968539918 47.9625946849441 55.6979599312698
2.53600792328716 5.02651937581074 10.208921739301 24.1510090791375 37.5537844841432 44.3023296007937
2.6943648618355 5.25598460432257 10.521679072993 24.6348593975713 38.1899353284365 44.9471185566033
9.47715008098976 13.4693192270721 21.8282113949047 40.5085807962739 57.0556574435959 65.5251960094337
4.40693134154979 7.52601050973053 13.7852509306219 29.39515395654 43.9419580876311 51.1240976596798
0.428962118490901 0.107607405470772 -0.23639807482766 5.33189706848717 13.0924735129995 17.0611434150752
4.12135387346548 7.05941864089359 13.2673604860656 28.56857547689 42.7612943387577 50.0596644258886
0.486829425127833 0.126233865102904 -0.312826566986318 5.09820932464227 12.7430263499387 16.6435558731163
-0.142340874868522 0.20298479023965 1.27449132814088 8.96875706867436 18.1585361808208 22.9763265272921
0.66030560280948 0.197653524292225 -0.3721171969572 4.84291616648624 12.3253494861431 16.2803331076131
0.978298019318536 2.80013968783185 6.77827409538502 18.7560185695483 30.7374016025734 36.947760913196
2.53185075596565 4.92587257522527 10.1021697335909 23.9392389900344 37.219204743771 44.0640501850589
2.47325808679484 4.83108494610705 9.96894615560052 23.7262785017861 36.9338718342621 43.7784385561285
0.653026177677755 0.189311129310477 -0.407305914949309 4.7944890179408 12.3120535590958 16.2127858940386
0.124720626873229 1.4985024054027 4.41697749641894 14.9241086147433 26.0174818789719 31.5867011453941
2.78731415910348 5.36521463111568 10.6806005257205 24.873050765713 38.4841669228139 45.2789077939021
12.0632102282012 16.5550910046358 25.824807587946 45.8369344852933 63.2653530515181 72.0819764939392
-0.258240936779087 0.592900783262717 2.58229163886292 11.5127595640985 21.4390709038364 26.6050415388421
0.553049186490517 2.19370412454265 5.75450365879108 17.078304708482 28.6081064664087 34.566630653156
-0.184381704710872 0.431886495370593 2.03099179658596 10.5586499716378 20.3227607772383 25.3866500387956
10.5886598837718 14.7955073451143 23.5180216993552 42.7970031505456 59.7872255181778 68.4021022864978
-0.234590810461717 0.334118564509626 1.78835629002853 10.1007248038893 19.722963155461 24.672303566891
0.39837263401864 0.109428585141163 -0.164980888086136 5.51484137891708 13.3470000978932 17.413843585775
11.5069747776677 16.0397991319213 25.3828649102232 45.1751877106815 62.2387154418678 70.9710940428338
5.90739888271153 9.18135435685239 16.1394318783742 32.680892171281 47.774098270381 55.5539458856661
3.12026989155895 5.67817569444597 11.184402907202 25.5672737804519 39.2326521945576 46.2729482587498
14.6198316896412 19.5784676984993 29.9437635521893 51.1197421214967 68.9996264031122 78.2723592757051
-0.256843349126676 0.435347421931545 2.06466562629705 10.6499672208873 20.4692985159893 25.4378586092331
11.7218933291969 16.1703740511174 25.4225081167017 45.2772102403253 62.5183635574474 71.3271510455875
0.13575821288358 1.43810156607529 4.30632715105324 14.7430365215541 25.8037291925243 31.3926275447463
-0.223825281171743 0.60583655954425 2.50781372468398 11.5038570350512 21.5992751751376 26.7020321390361
1.99260975650928 4.29051933339033 9.19427300004971 22.5296867500234 35.4006083097364 42.0506021390261
3.74655694815172 6.56586709393291 12.4343320081373 27.4331350738496 41.5725374013732 48.6979391840676
0.624732599957161 0.196264581681125 -0.436445323899473 4.69301253418521 12.1623467887028 15.9276664976751
-0.00314807686972363 0.0715010133387897 0.58157871745371 7.42541868324696 16.0200862145993 20.5306925414833
4.37162784478728 7.30953618625205 13.5750196128529 29.0199052282455 43.3461639731626 50.7166168927111
0.252763572407613 0.0726344082682444 0.0339834431399739 6.07315302004161 14.1493545184102 18.3587418734553
6.03867679807448 9.47086151811947 16.691293926561 33.378072940199 48.4159414036688 56.1606844031357
12.2338430578813 16.9180210234197 26.3594315043432 46.5152283605646 63.9537358832285 72.6820180186553
3.46722086989417 6.15162198302203 11.8414449150646 26.5624352295595 40.4918076310647 47.5939513941898
-0.214897399505075 0.571515485829733 2.41893646293461 11.3340835808977 21.3763771469573 26.4725817954169
9.83832800372628 14.0658294747095 22.5300683886169 41.5161246319526 58.3650643319354 66.6841020902519
0.444592380250099 0.118722592657836 -0.158203878047475 5.53699283508249 13.3817200760063 17.535661893371
-0.267202145845188 0.428588783932537 2.10859686428247 10.5805383030433 20.2002011304661 25.2353612448148
2.5456782144417 5.01232139555983 10.2047062787865 24.129793878784 37.4929532643132 44.2855955995601
-0.113291093970888 0.0729103421398 0.635398891198826 7.48961869815335 16.0612045935014 20.4126579120663
2.35690699825634 4.69001939550876 9.715725946604 23.3753365820901 36.5514488606302 43.331421147379
0.383769110304711 0.100541887915451 -0.236934843804248 5.34949650915875 13.1376624053276 17.0402172501373
0.149873712929611 0.0656726150700961 0.0564377221818095 6.11526169570194 14.198784575585 18.2419379739404
-0.0856450913763939 0.0692316537245347 0.538817445235328 7.25980695686696 15.7472745054567 20.0294944674939
-0.31210353152299 0.137563118555129 1.08906435625207 8.41404604141246 17.2294269220736 21.6441989099124
-0.455607421781814 0.287690348500365 1.75861391385351 9.74623544414009 18.9326143046696 23.518366691376
-0.484879960785344 0.50848087662684 2.46883668493507 11.1035288687541 20.671238037271 25.4556594857227
-0.390176914670244 0.78827338684296 3.18117043258404 12.4434395672257 22.4226242934593 27.4533977714483
-0.258622993146459 1.12550742323503 3.93441673552835 13.7787754508089 24.1264887560384 29.3582736642347
-0.0838169065226462 1.54901645021018 4.81906860695544 15.2968133248987 26.0352043848226 31.4661011460634
0.216192629166043 1.95499190254088 5.54904467578582 16.5582532502301 27.6676817853335 33.381044540121
0.54196968297767 2.38203464717144 6.26112402624508 17.7811142147265 29.2776112308313 35.236665812876
0.846405062205333 2.89525538991757 7.09525939965061 19.1512813990978 31.0510969318367 37.1208501700396
1.21459780972225 3.43173789118323 7.9274262110645 20.4887358710509 32.767001353056 38.9762463039017
1.71812574532847 4.12979281746001 9.00406532600556 22.171945070078 34.8766978452694 41.2878656596891
2.35523559602413 4.91420924060612 10.1913425236798 23.986760046549 37.1148155785888 43.815008578085
3.02350827960742 5.71340763767038 11.3985414049286 25.7824753363057 39.2764685351957 46.2708402154796
3.60385379491907 6.50149450975807 12.6131279066456 27.5352707352733 41.3199031317892 48.4816980296926
4.10468570544697 7.31045035275894 13.8262159866572 29.2562770095011 43.3391970175278 50.4877361068342
4.75260517756606 8.29000544713168 15.2828707434748 31.3134187855559 45.7375939559622 52.9322216452288
5.51718863449534 9.14654425251703 16.4111248438691 32.9133797262443 47.6867325054305 55.1089560124856
6.47285570900295 10.2011836524808 17.8071891085314 34.8704224089293 50.0371345484757 57.7594820858776
7.59302472384039 11.4131799779291 19.4118999527213 37.0927633101534 52.6729029628982 60.7573576194835
8.7038162650068 12.732687421399 21.1506583515582 39.4610820157581 55.4683711765314 63.7667007101549
9.78858866065577 14.0724117632516 22.9146074227431 41.83824508926 58.2494888099988 66.6912291454678
10.8314074504589 15.3369952092064 24.5490423997825 44.0359412888 60.832939588141 69.411117401902
11.6818180302977 16.2678527193399 25.6859186278338 45.5710461553525 62.6838191618479 71.426032065565
12.798500836284 17.6091631329667 27.365172818016 47.7983079363551 65.3120604972093 74.1609650375599
13.8139618258505 18.8311290418787 28.9326619669172 49.8336348274705 67.6384754333441 76.5890743223321
14.7056580034639 19.8380106913274 30.2854571974109 51.5585344096111 69.5110141032701 78.647250542871
15.1105548120719 20.1856034019165 30.7784065363233 52.1785232608602 70.1348622024445 79.4742279742312
15.0396404268758 20.0740660844627 30.6346128922931 51.9904706940276 69.9118356413341 79.2696455325923
14.2417059996504 19.2336308186365 29.4883428380575 50.5249770008787 68.3326298099 77.4549554077855
13.1192373631485 17.9956820571792 27.8244738464511 48.3899574029376 65.991996522258 74.8496628134451
11.9907853537094 16.6587210560529 26.0162748568761 46.0693760829783 63.4520986842169 72.1177618113832
10.7536945462543 15.1944592803711 24.0376212496465 43.5023686920821 60.6125194235901 69.0517972038469
9.80076446452932 14.0355568574652 22.4868115703174 41.4631327487732 58.3115378614466 66.6100553343845
8.78807372534979 12.8378667829955 20.9478203906661 39.3709434120711 55.8093563443903 63.9611618006138
7.69777922202406 11.5064335272087 19.1939372397168 36.971977476904 52.9806304462662 60.9513582486506
6.74344901893753 10.3007120877232 17.5691687199402 34.7361402322746 50.3724132372612 58.1767942690476
5.92198412436646 9.30888205846373 16.2562936116388 32.8887795521809 48.1324176512971 55.7783145622353
5.17263948856085 8.41176523295439 15.0382674100889 31.1588480804606 46.0363423408299 53.5048275710145
4.39701445082068 7.45499694368074 13.6917935388725 29.2443441238167 43.7554366239488 51.0170648215185
3.69802761990093 6.55310497842754 12.3941754403194 27.3911742973919 41.5636145139845 48.6267193902439
3.12293464178877 5.82909432677658 11.3815159767555 25.9019361921824 39.713465557426 46.6133414973058
2.51873520178768 5.14243823549494 10.4342320649369 24.4671102840277 37.8690463945857 44.5458204577592
1.99859129548676 4.51981854145258 9.53310826632123 23.082467893709 36.1072347901732 42.5763406196192
1.47817182002133 3.80108139006852 8.40282693401886 21.3490178105376 33.982995625644 40.2365332686553
1.02971717848378 3.05980573788562 7.1690106614274 19.4574054876788 31.7257767824997 37.800316500204
0.724376595782044 2.50245800666411 6.21195977552821 17.9529154454096 29.9046858011739 35.860736772854
0.398171429727834 2.0617000686288 5.47522906463352 16.7124598622192 28.2762210786858 34.0577118838652
0.124445711586654 1.63910930603485 4.72110709232402 15.4367824166898 26.6379596663511 32.2215811001493
-0.0585645232588983 1.26063328231814 3.98008797206272 14.1692039251038 25.0379367061139 30.4439671812416
-0.213012153970741 0.907719338851102 3.23029743204077 12.8266629457958 23.3039685268853 28.5105083849239
-0.269487719974114 0.536695406028121 2.30761269785245 11.0702815690865 20.9879744734001 25.9876615615586
-0.27525536607303 0.263699488156095 1.48591110368677 9.38672802224631 18.6925745145887 23.4492633131264
-0.279384076366009 0.223382153468025 1.35161748043456 9.0541147398351 18.1930079582277 22.8826135533257
-0.335819435824941 0.361234995500442 1.87245993558862 10.065094145998 19.4851452135529 24.3322544624559
-0.30940080809797 0.551415580054663 2.47953921843056 11.241838144242 20.9951830993824 26.0984597293824
-0.303574425468152 0.774687374685686 3.06014592197825 12.3386487894802 22.4355498814182 27.6255051263721
-0.278400891457836 1.07064235091817 3.75855800723973 13.6111647502451 24.0843046703038 29.3442897402918
-0.0791295975953838 1.40113478301206 4.38831700344987 14.7299966108917 25.5483853838896 30.9974126368682
0.232140494828948 1.86372464322938 5.2191100667972 16.159791823924 27.3975428340333 33.100848100908
0.647012642403366 2.41612417295571 6.15062671830409 17.72070877332 29.4077654871199 35.3991057987139
1.09713852188265 3.0272626202298 7.16353498333715 19.3713299922104 31.5031554743503 37.7574436456151
1.54261969032516 3.66301371689701 8.20219305410527 21.0097961462774 33.5393162803523 40.0082814631707
1.98606317869184 4.29298403731884 9.203700545709 22.542102491058 35.4091953383157 42.056074519303
2.45404343753912 4.98193860617609 10.2649292976485 24.130629294733 37.336344437613 44.11263108139
2.96941053742984 5.64588743392809 11.2668677020112 25.6122873717082 39.1178882737091 46.0745953565263
3.53743075567984 6.42221389216721 12.4053806210116 27.2776685502563 41.1283168692919 48.2203253641252
4.17475368374465 7.27137850769531 13.6235869285155 29.0438514221173 43.2559448328643 50.4908453627939
4.92806826949155 8.19930215477394 14.9084654504489 30.8830454144129 45.4714995603632 52.8961306891036
5.74785548681751 9.18111777023986 16.2401076569387 32.7762365826012 47.7633924668924 55.391112869491
6.64827494445683 10.2828383657958 17.7312093523781 34.8482891099004 50.2324907212132 58.0384389904793
7.57590955552525 11.4022611691444 19.2940387125737 36.9791691162812 52.6824986628926 60.7058376148099
8.10789970594607 12.0099781265594 20.1764903314695 38.1564602370148 53.9720923838654 62.1682065170794
8.16428779678066 12.1227849994665 20.351876116714 38.3795178888274 54.2007274282425 62.37999158434
7.95628870364173 11.9144709625245 20.0681838113848 37.9908777641726 53.7476884896359 61.8470434893044
7.47149719494908 11.2886093437481 19.1746441478484 36.7997296656748 52.4171037342916 60.4264700177523
6.7873941887131 10.4726383726672 17.9922146365048 35.2181998436085 50.6659119206276 58.4730468367218
6.00190000478795 9.52394654078524 16.6324921610004 33.3697284632473 48.5719260395106 56.1540319733121
5.1782080785824 8.53196983275434 15.2258250914642 31.4100411251216 46.2840855284971 53.6363425571848
4.44576205873438 7.60149938067553 13.8976897287932 29.5513500562185 44.1162711574238 51.2923237668793
3.72082360071123 6.6420486287078 12.5260398946963 27.5831917527172 41.7666910691327 48.7843124945834
3.04962184291942 5.7236312654532 11.1939140897582 25.6409556110552 39.435786063588 46.292334230521
2.46528776478205 4.96857199393472 10.1095632500209 24.012666671186 37.410520940083 44.0950747364318
1.91100751593165 4.29653210078871 9.13383797330463 22.498509193595 35.4690543194745 41.948117311817
1.35615151236689 3.56517323744039 8.00836485578712 20.7707436254991 33.3351810789446 39.5805712642358
1.03699321111285 3.00516738656762 7.06853861276444 19.3148890959093 31.5885204349745 37.7014981813118
0.701415980066725 2.50584070832268 6.23454022865691 17.9594894941559 29.8643335380915 35.8145241627522
0.366996412631906 2.02285302912739 5.39898417659873 16.5735567595173 28.0914130233554 33.8325356273008
0.124269481413507 1.57440236525733 4.57474074679996 15.196162489556 26.3579817488098 31.9222547199467
-0.0789349289338527 1.17630910125996 3.79143305917128 13.835258780865 24.6108814273011 29.9882750453023
-0.187682707629137 0.854657365321331 3.08522425928541 12.5585312237739 22.9567756356678 28.17161722424
-0.251531435263138 0.549510855757264 2.36915642007333 11.2436618183238 21.2594755241584 26.3042363846844
-0.299454481623628 0.345042357736703 1.8143740126428 10.1524253832693 19.7998173661622 24.6475111234615
-0.311966475464785 0.204665945226749 1.35504317283982 9.18600771271035 18.4701227621978 23.1231163518349
-0.223157291706928 0.102390161709497 0.914484557222421 8.23341996849597 17.1839857180769 21.6697991366422
-0.116695755476185 0.0474748554538829 0.508864883912504 7.28109540478273 15.8513615929957 20.1349936104807
0.0364416011188562 0.0497123865458598 0.17540381957618 6.41738008568922 14.6076144274038 18.7085223219016
0.256633907357606 0.10279944866952 -0.128595799545157 5.56541018998489 13.3756318646763 17.2843527188176
0.53866687470212 0.177185838662049 -0.388699370426707 4.82633595543518 12.3422611588254 16.0975570632276
0.75488070793884 0.255453052766446 -0.542569328299603 4.33965676395695 11.6428720924263 15.2961751272723
0.913801669147827 0.321538663412325 -0.64726621430558 3.96756331472768 11.0828943573268 14.6304077537867
0.923797476096507 0.334715443417118 -0.646148148307514 3.91635805991781 10.9680829613423 14.4725233387391
0.824279347111966 0.318939485654207 -0.585999842043942 4.03282905211663 11.0692693643447 14.5559963768401
0.674055008903214 0.281449347234725 -0.504580409247138 4.2490649794084 11.3335312209292 14.8420121669509
0.575806649755147 0.222073856165539 -0.438388058070629 4.53985315100211 11.8093617663909 15.4237204788634
0.519326017793387 0.154139051371287 -0.377556206240843 4.87360384536422 12.4029298198325 16.1714106457514
