8.57672453608434 12.332979497618 21.2347585911655 39.7604508627281 55.760707696211 64.6541853370843
7.99621011430713 11.6424914113768 20.3446818924854 38.4893550112901 54.3091128587641 63.0687688210622
3.67895914762216 6.32645752879926 12.9639004657377 28.154039852314 41.8581915609549 49.6541202440577
2.44335121061773 4.66625492203249 10.571986183048 24.5398922398199 37.4900430033873 44.8796210066844
6.98698377057285 10.4571601061669 18.6904977935201 36.2972433311011 51.6526852665893 60.2240171858926
10.5584759335548 14.6784331089893 24.3103201866843 43.8915494548846 60.6259591013113 69.8571752919686
0.0221317165891887 0.721779082519293 3.45293722711093 12.7876798049289 22.6210072771759 28.4370131666242
3.8107398820824 6.4800100060401 13.2307121679732 28.5118319462021 42.326392303695 50.1455943103224
2.77775439089761 5.17468871191449 11.2202058448557 25.5852138351808 38.7303019504401 46.2530181372837
0.140950956226978 0.230466330790529 1.75062038423715 9.26080463987874 17.8537384458169 23.0898413445236
10.3233979527344 14.4225124227885 23.9221548807205 43.4368467058093 60.021796462131 69.2533099518212
0.543622551069268 0.254848571611406 0.950218472475951 7.28291234738035 15.1180555058537 19.9320987462817
1.45519237097926 3.29625842906483 8.37072907267537 21.1471663018942 33.3221507400267 40.2970888505216
8.16554970339138 11.8574614124512 20.5832119719748 38.8979730306073 54.7144633066206 63.5413835614392
0.880275430029757 0.341828430270264 0.657123709163559 6.2978693494288 13.6947751709909 18.3072556994274
3.2333179547736 5.73570477856473 12.130940129735 26.9014775680811 40.3630984473581 48.013165984181
-7.71163314428855e-05 0.513296045722591 2.92332921802529 11.6894186562777 21.2005875256327 26.8538928252669
7.97932010774962 11.616241196687 20.3188960202011 38.4801619213636 54.2777748923395 63.0357722540201
0.114508293745773 0.259394584036434 1.91194063359615 9.60778966387307 18.3393350545259 23.6406727503342
0.637075096204811 0.258627419550817 0.860797075230829 6.99693521177123 14.7031050374136 19.458982541855
4.69376491219487 7.61134019328876 14.7961338808821 30.7898287458566 45.0641337264242 53.1382794231387
3.862820495192 6.53855576261697 13.3136787391225 28.6068697309097 42.5057310298909 50.3008665171215
0.825268599274655 2.36644514386144 6.75849006382015 18.5704758349001 30.0926815164305 36.7349064217011
6.04355454540459 9.29580311700506 17.1115054615587 34.0992054709843 49.0344999351965 57.40040423469
3.43588540449525 6.01204238967226 12.4979571436504 27.4724442295179 41.0640859775597 48.7784974885542
3.49471230250681 6.07027014102564 12.6119847875053 27.6247155731781 41.2658592113297 48.9790508500499
10.0160821566625 14.0599056339147 23.4341239161631 42.8281315987924 59.2772050968977 68.4629237398504
7.28457295118436 10.7902177905439 19.1615603647443 36.9618681669661 52.3960762447964 61.0547552640163
0.276131853160632 1.33099786933255 4.91419724485262 15.3749679975166 26.0413053802232 32.2411808243045
1.10916542807346 2.80063776046501 7.53426890164074 19.8318283689555 31.6743393394536 38.4751580802092
3.1278163301163 5.59327988308756 11.9014184425215 26.5890077658085 39.95947833435 47.5875399803247
1.34698377974022 3.15532680032318 8.11148762279539 20.7549195771159 32.8015414992939 39.7514582236312
0.239032921542557 1.30341982792122 4.77267171493407 15.2230324533225 25.7522164550505 31.9685482619099
2.0401255690329 4.13981382313262 9.6841799925193 23.2337509039552 35.8767415643004 43.1163685590784
0.0428275351923745 0.338788219363657 2.28599447440868 10.4377166657477 19.4813642354804 24.9334724403983
0.824330573907732 2.3534541205729 6.74926443204778 18.5788724015058 30.0585142165331 36.7247222229988
0.450262851489818 0.213939043232022 1.11502436663177 7.6804164790387 15.6910660844881 20.5897651291026
2.20970528268766 4.35996602702174 10.041480882061 23.768370785488 36.556471331915 43.8341289725026
4.62366683705956 7.51483579821548 14.6685581995025 30.622234113339 44.8648380950499 52.9017207390748
0.18753745001923 0.248723452714275 1.61020337241253 8.98027390315751 17.4899450553193 22.6442476529703
1.09651111532485 0.445688877300417 0.493150973369243 5.76883169088547 12.9527739750364 17.4133024452866
0.00220981397017693 0.610357331499514 3.12034586275111 12.170969754672 21.7775269804424 27.5192912892186
1.16413219583134 2.88317689834285 7.6497317080011 20.0387180139483 31.8971731374161 38.7593765436607
0.456959182897113 1.69659499197959 5.59761580783062 16.5654667207189 27.558032320721 33.9428541404884
0.0290452044327167 0.727955115903382 3.49958497008206 12.8566306363194 22.7125333982721 28.5658207681158
1.43481808009238 3.28616546900594 8.30890509941582 21.1129302213966 33.2367110759688 40.227334928217
1.26627113822008 3.02238526335966 7.9215098148794 20.4463586402996 32.4178772554814 39.3245196019501
0.487154636757907 1.73200937437969 5.68207029698831 16.7484298901559 27.7460096897613 34.1800854225897
1.75606131001926 3.75037431232514 9.06917264924541 22.2956166296663 34.7107487514429 41.8473578552168
0.940250746106398 0.381595828755583 0.585037785029365 6.16109714140457 13.4562282858624 18.0289619618317
0.246997523984108 0.207060861561297 1.49652395178202 8.58232274046319 16.9875789691825 22.0653796069598
0.0206069865247065 0.660125628283299 3.35693490729168 12.5727035396301 22.343340644781 28.1423061441298
3.81193500295867 6.49974312137576 13.2230380338605 28.4960546552688 42.3542687361517 50.1454526782003
7.73866983100112 11.346733000643 19.8957813386323 37.9810994112827 53.6240512912253 62.3633097562915
0.414875806263064 1.66038271440638 5.47760857732865 16.455833699259 27.3484934456028 33.7211099611902
0.134982080640175 1.06177811362731 4.1972691710588 14.2423279017912 24.4779347460267 30.5459442057856
9.29885136173083 13.1976427227598 22.3577140315558 41.3216754754069 57.5635626423284 66.5932987948174
-0.00975334178681658 0.527828161866627 2.8731524538389 11.6983406747892 21.1643233192442 26.8214353581686
0.483481324369628 1.81340019252934 5.72750617348239 16.8947623690135 27.9174297976562 34.3571246015707
3.54618279712424 6.13906709708616 12.7012489325557 27.7524921625773 41.4197289738856 49.1402567634529
1.49304204175558 3.37665849328516 8.46045459890598 21.3331442666021 33.5275619261525 40.5306038696983
0.806513838158186 0.304041153969756 0.718055581459855 6.49303193709708 13.9522127404138 18.6207306230909
0.1167054531057 0.244727926667422 1.91596121588956 9.59129522446964 18.353027862074 23.6396322356686
-0.00297670926271117 0.516882650313263 2.93533124847854 11.7698096197912 21.2651868303359 26.9296039284166
7.34125408047807 10.8520421231751 19.2486521412328 37.0857478295709 52.5555208547035 61.2195772975309
0.0842344875943254 0.277680968162208 1.99946630996997 9.79477289344098 18.6277354577625 23.9436705313016
10.7943056367431 14.9711163877189 24.5971818957768 44.3831247510833 61.1153535086334 70.4209432572086
0.468300999547062 0.217496242377482 1.10341865436529 7.59125169803568 15.565537102423 20.4420002824413
2.36923014150306 4.58858364776783 10.3910390931845 24.3142440478461 37.2306543473999 44.5699253609063
6.14605168137942 9.43200363619607 17.260664463156 34.3771453920409 49.3123844446445 57.7314807851984
-0.00284827021445158 0.463248811264838 2.67261110240536 11.3199926031108 20.6117705625665 26.2199381247663
0.00363249376357269 0.447201876541411 2.81137349137846 11.4211742342146 20.8741377948498 26.4527154096295
1.18415382484435 2.89168443755602 7.7163009064993 20.0778169784381 32.0133160020465 38.8445196991943
6.4025157631353 9.72761415263703 17.7653736349005 34.9345035231947 50.0885388917404 58.5298557605544
4.76800145927016 7.71775553657507 14.9290197170346 31.0066128117591 45.3364566128882 53.4037380448095
0.949147091120404 2.52950460921718 7.0800235082765 19.1194770156329 30.7140856260287 37.4579327055673
1.63131000507883 3.57250728348601 8.78978283836668 21.8487581481389 34.1355367697557 41.2236691190227
0.122052211104667 0.253682502889511 1.86837234055373 9.44695504406124 18.1835498579285 23.4322150687152
0.0594225483617582 0.86253836618797 3.78892881699248 13.4240316607192 23.4482925643685 29.3818129073627
8.94888836725634 12.7731612695426 21.8052345034023 40.5394880045882 56.6957469928178 65.6401330616068
13.1585237580119 17.709478514167 28.1323395955714 49.0243662156843 66.5316014197457 76.2237787908971
0.461764628094564 1.75155703944348 5.61877145068589 16.7130325952575 27.669163392053 34.0991008796371
0.386694874569629 0.194437599255149 1.22106431282634 7.92676108716649 16.0099826292833 20.9833640781322
0.341969178520105 1.50661157664269 5.20317217676353 15.9600178683969 26.7162742617343 33.0391359405811
1.36258742625255 0.577515397377252 0.354473083314165 5.2648927573553 12.1590730971062 16.5068038178345
0.340293412285487 0.194661657063279 1.28533553777281 8.10154635116996 16.2880763050762 21.2752792112359
0.432020425902527 1.65423399622206 5.51398540303614 16.4670458652794 27.4412124530855 33.7878408029365
5.3968659562378 8.51052988918144 16.0230095033743 32.5675181489445 47.2154682768379 55.4392365501545
1.42087973978315 0.603516216679743 0.324570247187616 5.14564620715827 11.9623147445641 16.2829425129646
1.29572575616285 3.05864023604807 7.979933526416 20.5349951863822 32.563364410902 39.4609750876387
1.06344666413068 2.70296575327265 7.39173673915136 19.5917247370266 31.3676852152123 38.1416154448139
0.342225206511645 0.221385569106523 1.26174021931012 8.09671979097691 16.2547719458279 21.2539240917874
0.0230655964115185 0.715518079920874 3.48848236885712 12.7804889442529 22.6531607167353 28.4804717783558
0.983516526502763 2.61259079404539 7.16451043555441 19.2755562728935 30.9419013650751 37.6854510284078
0.091669015077406 0.271325981464906 1.92803958923367 9.69553319852545 18.454028669257 23.7583868273521
1.12287991858088 2.83327903834262 7.51793086739102 19.8874468617739 31.6667741414259 38.5149771674935
0.973670603585241 0.394441215695892 0.54778359047843 6.08074343137347 13.3494512916849 17.9092524129589
0.716427648762909 2.17263231352016 6.40896873057732 18.0391272503769 29.378469390072 35.9600544988934
0.421954201426908 0.211757588095396 1.13301693160027 7.75849034116027 15.7737339192383 20.6926401499848
0.0304502393313401 0.760352431189205 3.54383468944336 12.9757762662637 22.8406876544106 28.7093017748226
2.08190884904665 4.19448347164578 9.74433878039882 23.3620761249548 35.999372534101 43.2668615322195
0.190177343789784 1.20881613979322 4.55000091678029 14.8053447438888 25.260157451183 31.3957739811952
12.8399034847979 17.3421311480989 27.6722030913612 48.4066671414074 65.8495898337062 75.4602901480046
1.01143726471776 2.63795175312469 7.27305552721186 19.3939799652053 31.1286126034657 37.8734842481434
10.9301063212531 15.0811355353709 24.8586203301904 44.6266971586837 61.4710928560771 70.779384313412
7.53483829926438 11.0939046108795 19.5706922656015 37.5069050568708 53.0768772648862 61.7793872686565
0.0409422711819938 0.330748714587552 2.22381363005968 10.3039951879278 19.3229128662041 24.7223083825381
0.0961251156296738 0.955875972892857 4.02263375991143 13.8488976790746 24.0204651056244 30.0131207885778
1.07653922560359 2.7393219853883 7.43848903539303 19.6836740395029 31.4636954582234 38.2571529361327
2.32552161469118 4.51811618776795 10.2872290601448 24.1649775576328 36.9966472865759 44.3482158612351
6.63724810612351 10.0072838758984 18.1245356745384 35.4770054544958 50.6927545356299 59.1904036600846
0.288562412591522 0.22508627698054 1.36094317674138 8.3818111263882 16.6327850371343 21.6857876058712
0.454033498957272 1.67882666528488 5.5916873252511 16.5570312312416 27.5429366581344 33.9224858619477
2.84165873978508 5.24355031526205 11.3635896944194 25.7936219302999 38.9766013289284 46.5221697045865
13.6288058932845 18.2391529267249 28.8274651027653 49.9074491638511 67.5982932846786 77.3418001900767
6.57228446333514 9.94092645913839 18.0134200265222 35.3509810367805 50.5187494067267 59.0230763364373
0.659756247424088 0.268291947557608 0.843948183535269 6.93626383650391 14.6032459881049 19.354471700293
0.03375787479175 0.33462802085704 2.30587228497656 10.4827808074565 19.5679058735068 24.9911262052985
15.6430873608447 20.5817872096536 31.7198800411872 53.7188206295282 71.9516332560779 82.0156725684019
1.87617619840313 3.91449633138572 9.28689293474519 22.6646633005147 35.1214271071444 42.3129828699013
6.74100533302638 10.1529285889449 18.2533688611373 35.7396983508406 50.9573066028977 59.4789920868576
3.30193615107551 5.83419412292507 12.2545890974876 27.1014045392466 40.6092620707407 48.2666261724703
0.0100294406959039 0.440857902645858 2.61880680349237 11.1724403385748 20.4176736750232 25.9945169045441
7.46381663144801 11.0069616861488 19.4662195944405 37.3572222114439 52.9170605001641 61.581291362684
2.69737118262728 5.04551651627578 11.063771246058 25.3240470362112 38.451653060107 45.9203880832024
6.97057615149114 10.407277318127 18.6590099414021 36.2133138040492 51.564587827174 60.1392235405818
1.41086954624601 3.20463260572609 8.26109035704369 20.9730641106505 33.097421958883 40.0699858985543
4.18326970978609 6.96206810689792 13.86007680215 29.4637875434475 43.4712746606438 51.3928082081959
16.1428223562143 21.1057205051766 32.427641076093 54.5947518578549 72.9894242877257 83.1120164175094
4.76539764658407 7.72412036597672 14.9031417852552 31.0202000099642 45.3081508554584 53.3858220013682
4.42512260552355 7.29782160071318 14.3248564113697 30.1443064425547 44.2832846083862 52.2603789148417
11.9503302756103 16.2810418120641 26.376289081613 46.6533172412226 63.8302367265121 73.3110775187391
8.29184875136342 12.0352279079868 20.782783962711 39.1913554175959 55.0687046575802 63.9157283452929
5.64354481855805 8.77094526152824 16.4687180127312 33.1104829566849 47.9145046941137 56.1863715564788
0.754512499127147 2.24377796348651 6.53415057927667 18.2204916586976 29.6145998926054 36.2372330357445
3.13448140760715 5.58611122274266 11.9645855685758 26.6061893160124 40.062773712999 47.6533469214082
0.0713274544441474 0.276388601796479 2.08264750370492 9.9642938441903 18.8776479834326 24.226635086844
2.74997180916816 5.10352436460582 11.1597363531096 25.4700353250037 38.6303544710368 46.1268663126167
0.28913735398844 0.198485514727466 1.39405389463398 8.40482590054225 16.6846356354888 21.7429990620614
6.72324789252772 10.1046690400117 18.2604329614675 35.655847485847 50.9083452765162 59.4244847168736
2.46386374880798 4.70324090411856 10.586567148889 24.5766824437508 37.5525238506199 44.948440725823
0.297486728819289 1.43121793708173 5.00486863847665 15.6352269696321 26.3014485532146 32.5632736060225
3.3721994895895 5.91854797144065 12.3661755955108 27.2559619484229 40.8304530467484 48.5005597425737
2.74253440526876 5.10339843449122 11.1608624390912 25.4974231127262 38.623028219877 46.1237813468529
1.74376901871525 3.72894032961824 9.03050084636774 22.2258655106279 34.6400587447851 41.7381182886897
8.29305607870734 12.0078520318476 20.7824368015595 39.1643261664586 55.0324899568589 63.8846525148308
0.0385825794846081 0.774844961574544 3.59693929289223 13.0401470434001 22.9468581338517 28.8219010732879
2.75094094778962 5.09621769824111 11.1653509796642 25.4643776679105 38.6313525099122 46.1171290091452
1.89670395736776 3.95389590489587 9.38564051689648 22.7624912356281 35.2900357116462 42.4712873873389
0.0819901208637283 0.895739837631348 3.87187352559649 13.586729845132 23.6682790451325 29.6179985218444
1.32626471372444 3.11271301810425 8.04636941020837 20.65444418643 32.6670672020482 39.6077060199975
6.41746303450009 9.7434799445961 17.729966389656 34.9582804245777 50.0806866127861 58.5301032242979
7.49800876001656 11.0498142325283 19.5211197486654 37.4139474807922 52.9874856337896 61.6655052164483
2.04229926905181 4.13186493996222 9.69474221612222 23.2425653443942 35.8778309936018 43.1125671520753
0.720558549418682 0.2746561262164 0.787154307761563 6.69397557952026 14.2976386259562 19.0052048774599
8.45925114968811 12.1598813362542 21.0496245419081 39.523138279369 55.4612721681546 64.3285484849048
0.142572584767855 1.07589645399695 4.2837705886191 14.3873624996241 24.6495357786249 30.7500057882103
2.86883603428504 5.26048804025866 11.4032770030355 25.8451895967369 39.0746950229077 46.6080663296306
4.04686700515854 6.77861299263778 13.6664341648435 29.1520175838393 43.0810262688142 50.9904336464019
0.385615229733286 1.55850672161402 5.34619303022065 16.1574417197027 27.0231881094726 33.3561123245322
0.140721058824514 0.236489020345495 1.79824732063467 9.3324317428421 17.9936396864105 23.2202631700842
6.66217870791187 10.0432092428008 18.1730960158242 35.5413648868835 50.7674477566454 59.2741221534352
3.33314687859317 5.89346838205114 12.2991448118147 27.2012913935181 40.7304586928638 48.4024407117738
0.00509834411534638 0.441590278051375 2.76518765802164 11.3268140917327 20.7659993670248 26.3409329827145
2.41890970326539 4.65860769659787 10.471960709926 24.4711141068984 37.3645774996854 44.7434971831318
0.156124197953304 1.09201238543034 4.30386100007299 14.3897592439443 24.7213426684314 30.778288485828
3.53377980537833 6.12898101538209 12.708354721171 27.7233244383085 41.3998050315493 49.1195452584874
8.0144799904266 11.6631702429948 20.3300700634179 38.5553403410192 54.3020096380918 63.1127187077127
4.25436852050005 7.04128738939007 14.0511732516286 29.6937692058807 43.7686413439596 51.7066116672595
4.84775516114819 7.81008523209117 15.0828105435957 31.1865053946518 45.566634753431 53.659870690599
3.03261043011907 5.49263702738424 11.6884484852809 26.3201054802806 39.6514603162358 47.2417213693847
9.79614075654236 13.7743903634684 23.1039634994963 42.340232829863 58.7441202223775 67.8773577246856
0.0196172544774537 0.650854099076554 3.27426063095901 12.4303442105838 22.1458412554161 27.9070222234839
6.87089012781604 10.2919376325056 18.4855035678109 36.0283536158058 51.3101048232123 59.8689716670967
4.81450484376761 7.76240682878025 15.0055556444465 31.1326350673546 45.4324721724993 53.5376068668916
0.00494285166301025 0.395649723250242 2.68750670418093 11.1415621931354 20.494545461449 26.0397432215478
5.95025286193346 9.16851589806609 17.0159442342713 33.8790456745995 48.8353750418658 57.1670064034727
0.158743434581867 0.214913737210996 1.71386097030416 9.15425536765307 17.7426313218071 22.9352151533472
0.000313203287036134 0.512710555917383 2.89583334048638 11.6773877674707 21.1546083382713 26.8026303967947
8.11516146984378 11.7840010957933 20.4839821330241 38.7766965705172 54.580944587965 63.3802704779666
6.53595116027479 9.9027482087008 17.9570084428914 35.2864456490814 50.4217705086274 58.9169498862524
0.00877179006949162 0.453508823938534 2.61335486330643 11.1659786106218 20.4368469228256 26.0079535044584
1.35980827096947 3.16955188976684 8.12485281022708 20.8245864930549 32.8511907664649 39.8099040933554
0.66496953776293 0.267041463557531 0.812794268867565 6.94442703062015 14.563592828585 19.3307950727877
6.45973093048377 9.81655300780706 17.826432752773 35.0726162825825 50.2104493984766 58.6815601713212
3.46899639673689 6.03507473027954 12.5245954416742 27.5510259769182 41.1153915606184 48.8517669850911
1.46954274916742 3.33539684878803 8.41088108041228 21.2428730467632 33.4302899742287 40.4178602250529
6.56669147157914 9.92007904100022 17.9844643653463 35.3144590981359 50.4698087649409 58.9693900821473
4.0450184553395 6.76081770468955 13.6346979151019 29.113534029889 43.0431376618982 50.9161407269955
3.55627491315379 6.16669697314254 12.7199441622471 27.773359701062 41.4598649456444 49.1914416809023
0.0571807913500667 0.280115748891076 2.16671541941251 10.0940612975119 19.0672426857691 24.4258993443987
6.2519500060087 9.52295818720311 17.5024672932485 34.583532802592 49.6381337690079 58.0551128748449
3.271086782581 5.80914690445949 12.1835125584156 27.0285037321517 40.5025976116196 48.169027611417
0.844098457772202 2.40184887277395 6.77543880150349 18.6714741186819 30.1631428799236 36.8394573801866
0.186987606339651 0.204585429645143 1.67087144082531 9.04387231113843 17.6008966883445 22.7701136063449
0.243048893499774 1.30198721960978 4.74445901478913 15.1671345624556 25.7222576832111 31.9184372415907
4.24800415044531 7.05247081798569 14.0022119144619 29.6671381156724 43.7053989822846 51.6437792658679
10.3561692505 14.4486405553093 23.9506322899703 43.5033689686216 60.0968152717311 69.3253153938583
3.75401131367667 6.41394278325974 13.1216905834179 28.3479063304717 42.1286124510792 49.9358181100717
5.99408123533319 9.22645993770162 17.0643332946472 34.0145082347004 48.918301950932 57.2934255309586
2.75193668035929 5.09691353255331 11.2100693600682 25.5044628217845 38.6704874450994 46.1727226976892
2.78741864376868 5.14377618228492 11.2539296853663 25.5866247798538 38.8040208047817 46.2948672093161
9.67863401055001 13.6684318908564 22.9312745363538 42.1066642016905 58.4665828222826 67.5858672262718
4.50160403301604 7.36939343474261 14.4791409422614 30.3183201191359 44.5057141563375 52.5251205265537
0.726577504713737 0.284724816223431 0.787973526401313 6.73597101658381 14.3242237050979 19.0191668547715
4.43502246090555 7.26746836177988 14.3268237820118 30.1303671759375 44.2661806401784 52.2533364840095
0.817997872636019 0.308641643730571 0.712602660545641 6.44967997110627 13.9280538494176 18.5731723971339
0.0274626714301004 0.327866386437387 2.29653879167617 10.4102017553188 19.4761727032212 24.9046245647749
0.846101700389911 0.320664730950496 0.68752798159824 6.38374973534333 13.8325322393111 18.4497188737107
1.21144632421674 2.94388691856355 7.76699026442742 20.2102679238089 32.1275414441622 39.0052548126143
2.69115627346522 4.99802869342745 11.0916200320253 25.2480944976198 38.4284649039422 45.8815465375384
2.63001530614886 4.94118152972903 10.8904175574936 25.115237620919 38.1666226972004 45.6070861433222
0.887889788656519 0.364037112773082 0.632478456137977 6.29754298812762 13.6522137864029 18.2682627729274
0.364181429881692 1.54316554011564 5.24834241047094 16.0425621260984 26.8526809398645 33.1788191544511
2.94674586100843 5.35367861703173 11.5658406795685 26.0452654493568 39.3531645945942 46.8930896234151
12.1418970734151 16.5607844961259 26.6509826775469 47.0717851975943 64.2555910078717 73.7921842541085
0.0368095444014902 0.765149673724433 3.63395969588463 13.0456837035229 22.9923954630101 28.8555529865416
0.84893901466732 2.42914638800891 6.82650365355816 18.7388027582375 30.2583544678247 36.9389205908177
-0.00216078939858674 0.594969450687762 3.12523144973421 12.1349147883557 21.7451519402049 27.4713821514332
10.7535455025519 14.8838883832243 24.5905227284298 44.2857858118784 61.059215585213 70.3295252696125
0.00424019556342422 0.516906701083677 2.89408150403739 11.680047103659 21.1414157967997 26.7946439571077
0.627853220472036 0.272937293325183 0.847442005657111 7.00150862564315 14.7059830385921 19.4566788247018
12.2586239364903 16.661206813253 26.8054074189057 47.284124293733 64.4930783703043 74.0532569276721
6.13922741499143 9.41827050557064 17.2778720687425 34.3353732676629 49.304172890976 57.705981923515
3.29811763517291 5.82161857725798 12.2719142585651 27.0872182897857 40.6181390121654 48.2838787934226
15.0480337743166 19.8727942051392 30.8792572591381 52.5884509682998 70.6737078186632 80.6460289899553
0.00260939628580331 0.552140764349515 3.026552053167 11.9550862935584 21.5206552841733 27.2060309094008
11.9315243749529 16.2826065107416 26.363035129756 46.6061329899005 63.814873755762 73.27072655704
0.367359410943292 1.54734885419883 5.27076845661463 16.0988052097235 26.8926415437979 33.223411154673
0.0266034471981703 0.716234725529302 3.49356030419401 12.8051467164288 22.6850317379436 28.498834955339
2.35844019312451 4.56411716854431 10.3781447500813 24.2681200098362 37.147149088348 44.5186422571402
3.97380503899151 6.69515605172054 13.5146445627002 28.9414071827853 42.837175387003 50.7021854916157
1.08150132531317 0.444824349269041 0.505873408435456 5.80856381330588 13.0015782130434 17.472040346786
0.176931795457125 0.195935178068603 1.64414797458282 8.97657517500595 17.5021155655356 22.6648234256543
4.62788144326601 7.53367019275415 14.6800762816794 30.6496893124955 44.8797482504771 52.9327776745004
0.463388757233317 0.218240362925408 1.06725372016178 7.59658693662096 15.5243046061209 20.4305629043515
6.36055951113365 9.66220774638077 17.6514496412356 34.8229108984114 49.9199655295804 58.3538258228884
12.554869008715 17.016050497171 27.2462815692761 47.8697333955228 65.1981092030366 74.7878142290188
3.72778853600629 6.41705266601388 13.0451464439311 28.3139748310866 42.0496591159642 49.8508596239892
0.021356161252199 0.70839850352453 3.43673829173308 12.7654667560496 22.572064071955 28.4019374540636
9.83077305300166 13.8464674102242 23.175511677322 42.4169228737058 58.8483228646202 67.9832328310559
0.607459288808816 0.247303104890463 0.915866683116832 7.12462639577989 14.9017988808268 19.6766225634408
-0.00153568545118062 0.603450825685264 3.07964551532373 12.1145487533134 21.7094906977392 27.4361703567586
2.810333322717 5.18102458335187 11.2876949917166 25.6315780086616 38.8409669887554 46.3464997834486
0.216372954907635 0.222279059844759 1.53747559521282 8.7420028463241 17.1778025330809 22.2861960473522
2.59461974989043 4.89648480290669 10.8833602258588 25.0016121742224 38.0603527656189 45.515547909599
0.824954608971671 0.328500247447578 0.654306518828159 6.50161417583538 13.9043638073237 18.5739729576587
0.528135000787406 0.237577163378884 0.947425297551011 7.33520804404188 15.1476111404657 19.9837661860939
0.266778183206608 0.197764652046357 1.42089226411895 8.42211709829219 16.742451276245 21.7952446082716
0.0120125200502204 0.346943168716105 1.9351875708573 9.6070978442744 18.4461909700091 23.5069605555328
-0.143826239312167 0.522551246033476 2.59887563432441 10.9475850511312 20.3627802897398 25.5070629290827
-0.12601228037933 0.745537329494396 3.28854094306452 12.3619566584772 22.2382168006821 27.6581246351191
0.0342383758833971 1.03736368053713 4.01108467520009 13.8551521924415 24.0612843447627 29.8865241801596
0.238564957496108 1.46832933722902 4.88438814600701 15.4508990282977 26.0867422017124 32.1563630833342
0.475457685557605 2.03983984995386 5.95286008655208 17.2782126186092 28.467288395083 34.6757721444807
0.823736997544104 2.44703591705199 6.81646131979038 18.691460392829 30.2345479379138 36.8016867941713
1.08233460311535 2.77854580196342 7.45502051048146 19.7516586126187 31.5510836019497 38.3474116591511
1.28026654331357 3.20747484363997 8.18251554365339 20.8640545226238 33.0283194631334 39.7998466979708
1.58845935434292 3.74533577504312 8.99811147704087 22.1191742546602 34.6265058090768 41.4593127417743
2.04714052190937 4.46180234324793 10.0397434570517 23.7607483309921 36.6438003460777 43.6281005550606
2.73988568335642 5.29601895807281 11.3233028709009 25.7399696707845 38.9837957278409 46.3695363074124
3.46933084775255 6.09176588840757 12.5791643493725 27.5892755533054 41.2592361362039 48.9147803244758
4.24842581534922 7.06150012803788 13.9942744500227 29.6595883861637 43.7144642593269 51.6371033102235
4.64135517340626 7.78031921312366 14.9802838179616 31.0132768693947 45.5099094096447 53.2729810462674
5.24258609319544 8.77695722977741 16.348260036684 32.9176612414401 47.9240124224948 55.5988916663207
6.0200415764986 9.6230582799544 17.508185211382 34.5675880288419 49.8069769194572 57.7747518640468
7.10873169326294 10.774133587064 19.0990453715315 36.8082297917652 52.3518811541844 60.7345480389544
8.35457421564943 12.0516246466483 20.898344688891 39.3169062620411 55.2230967824141 64.0507980501653
9.3476711628346 13.25607304016 22.4333128582911 41.4362054294054 57.6940153680718 66.7379365097364
10.5509834016409 14.7144948512856 24.2540182000177 43.9442882038629 60.5777218480566 69.8424001129639
11.696262559024 16.0950756395392 25.9973640642593 46.2858133780698 63.3218817509232 72.7331380487726
12.5041656603263 16.964539224336 27.1840882789123 47.7870737390343 65.0819163753739 74.6601715992527
13.5120918438282 18.2586278214777 28.767920286942 49.8662180383711 67.5599834882784 77.1608535530789
14.4124555464302 19.4039118028499 30.1488071451255 51.6925032803092 69.6792293353993 79.3296648189198
15.3429083183138 20.4839396734061 31.4841864603615 53.4344226870069 71.7168598054644 81.4797971156025
16.1190278978654 21.1635049552994 32.4277217715921 54.6396880654543 73.0298744218275 83.1136981222603
16.1796444359857 21.1331200157216 32.4887658611791 54.6464741939748 73.0755989702894 83.1829971851454
14.6972394760045 19.5717191932961 30.4620821433003 52.0307153158836 70.102482814295 79.8883124699659
13.4777969273 18.185244140845 28.6992538278862 49.7469079990798 67.4591390368662 77.0573863905373
12.3182609728018 16.7609428864979 26.9100484912272 47.4282507955912 64.701470402772 74.2212599676633
10.8640148086571 15.049478291943 24.7167235587312 44.5405635149813 61.3117669481129 70.6065370165829
9.75207005237981 13.7638514584011 23.0558989297482 42.2703733331266 58.6707731666408 67.7883693034442
8.84200798355026 12.7531112773085 21.7052953685181 40.4435745729481 56.5560839555553 65.4333480110761
7.76618560640083 11.4085646822267 19.977626268559 38.0543568736592 53.7490199870351 62.453239274728
6.78709897173735 10.1868289530398 18.3674592462237 35.8093199995094 51.0858256433887 59.6187392401852
5.99568671845941 9.24082074304223 17.0312158083431 33.9764031904444 48.9559033848344 57.293790898207
5.23399893083688 8.34798594104469 15.7450132394998 32.2204235896175 46.7860861235172 54.9614173724918
4.49504522170411 7.45531602110043 14.4463100170248 30.4026880801512 44.5730352404541 52.5466391829542
3.71002923244367 6.36139151276588 13.0398919941339 28.2160524766238 42.0286981231077 49.7880986824359
3.22752013614143 5.76170938487174 12.1188547827467 26.9468859958824 40.4181052535395 48.0512834412926
2.66249905691933 5.20849815236913 11.187137337462 25.5665814473645 38.7727752345273 46.0759672487256
2.16041605170876 4.60938794466628 10.2355024141457 24.0831901282572 37.0399735547788 44.0680895667521
1.6684951782799 3.89541810062183 9.14611791928026 22.3688689772262 34.9683756797902 41.7838566482538
1.2355457249281 3.09762219197502 7.98861758847212 20.5153803998862 32.6226157127006 39.3658622865076
0.891698856099686 2.48097822400724 6.995168451724 18.9546441154312 30.5745480915115 37.2307138670557
0.630037007781314 2.19384556550375 6.41250288765568 17.964343006458 29.3661650889113 35.7786498295428
0.376633808159982 1.79973708417491 5.64247129547217 16.5471644930715 27.7042259220316 33.8671280810413
0.202105613943195 1.4371512670261 4.90217933690709 15.3338210490787 26.0753819851816 32.1038871901573
0.0501105307496334 1.09195418850648 4.16955246297993 14.0939801385167 24.4204540919708 30.2706811619599
-0.000912709320121986 0.648081067568448 3.28698855932149 12.4025123172023 22.1637643696225 27.8650228805904
-0.0151824654356812 0.382730375639664 2.56608947778838 10.8886735504886 20.2103246641206 25.6245791812688
-0.0044214679928154 0.388899002306886 2.41572375828004 10.6801015838003 19.9014136354789 25.2468741959174
-0.0460232748605774 0.601242134622357 2.9029225586123 11.8054415430344 21.3504018223041 26.8639060826564
0.0516836434548624 0.838474149839455 3.69269685487719 13.2865988242778 23.2532658766162 29.1643169337525
0.0555216632076508 1.03974396444282 4.26249019253059 14.1173641167893 24.4690182182041 30.3938833946678
0.0852106963122648 1.37978792814922 4.9412826829772 15.2594254264156 26.0387485787631 31.9898025172434
0.287769053125737 1.70785511359843 5.5703094339326 16.4934468486032 27.5159371893912 33.6772869939007
0.585886788578414 2.20982103437008 6.36974184944803 17.9877091455528 29.3651815668726 35.7550521981901
1.00170276868566 2.74650651502973 7.31892201634207 19.5891320779376 31.3213126110788 38.0510766514244
1.44805964587155 3.34316319846883 8.36189411857113 21.2728607402794 33.3626355729424 40.3667144073667
1.90938769839628 3.98173311774382 9.36739437718903 22.8214652864312 35.3315060343928 42.5132031216443
2.39809936929082 4.6295851486704 10.4641867068408 24.4084743367355 37.3189874758111 44.7086522176402
2.8509837322872 5.3007638219621 11.4085481255645 25.8907758762473 39.1346117297113 46.580379447525
3.49880729186825 6.08587497502026 12.5680768648818 27.6464847337268 41.2244331082515 48.9558600416098
4.02333236642689 6.84658275173166 13.6255489414809 29.1761733250527 43.107966102693 50.9352884764074
4.68316872754579 7.71315858060858 14.8487958841938 30.9400638022795 45.268142041938 53.2170728831833
5.47155404771232 8.72672887240156 16.1796057304611 32.8972318357861 47.5781410530443 55.7368528880221
6.24988445777654 9.62476561881936 17.539819925682 34.6638047567275 49.7779264948622 58.1148370429445
7.07672592136297 10.6557500569201 18.9528363894128 36.5997533336036 52.107714802257 60.6170042133976
8.07022890864271 11.8380973114396 20.5110180785738 38.8025122045046 54.648287848604 63.3826669722323
9.06521603040704 12.8910654284988 21.9867801695568 40.7680263555054 56.9662905584144 65.9337791683852
9.06575614140246 12.9894067257865 22.0374292055667 40.8701332922307 57.131889378533 66.0239488916671
8.82311311033449 12.7328638773774 21.6734907930015 40.4059882553481 56.5849598280502 65.4118116460889
8.20171692878177 11.8983054067599 20.6314466615635 38.9744597633681 54.8337352296854 63.6268612372736
7.20572782329616 10.7883724614067 19.0978984738999 36.8422673179965 52.3695757181427 60.9083410581505
6.20688858549077 9.51260205775958 17.366557613061 34.5295554391052 49.4956986500615 57.9241270464112
5.30489197810433 8.41837150146214 15.8670308967446 32.3660647143688 46.9412591860771 55.1241577277029
4.52931390867216 7.43764369176137 14.5527158631482 30.4230452741567 44.6519388321715 52.6426570596888
3.84189762397377 6.5780308905995 13.3323115996227 28.6468875302134 42.532887969517 50.3098534717041
3.16648698868472 5.64661655449327 11.9637303504248 26.6660013900627 40.1326159141084 47.7088258888552
2.52346986472445 4.80699192470713 10.7639913079456 24.8491439803914 37.906163035037 45.3159764149413
2.0820145224592 4.3142468964926 9.89734433265354 23.505270771608 36.3208431977613 43.4157021211229
1.52606978579791 3.53786393055786 8.66319388183993 21.6346651337712 33.99795071435 40.8574780401225
1.21913177289345 2.93607551498759 7.79618158130757 20.2253016617102 32.1919426384882 39.0523050561642
0.928793084118274 2.58924000398372 7.13398752771352 19.1812043483438 30.9111445967081 37.538769289332
0.589851261982242 2.14037723506608 6.25346446897904 17.8027642979767 29.1648631586075 35.5544001278321
0.349611039623654 1.59710117946183 5.31190915592102 16.1880876044884 27.076382165154 33.3547127051271
0.166700490850019 1.24033023865674 4.52098647636084 14.836972512705 25.2462957216458 31.4207531953639
0.0632713661696615 0.966369620171751 3.97416555572894 13.7284512551438 23.9111722713781 29.8149638279832
-0.00245195824188789 0.647745888234555 3.32546816032712 12.5010030048163 22.3012723083588 28.0205054323736
-0.0129798141755898 0.450351452498416 2.66459567048203 11.1948845820321 20.5294994098282 26.0847122677653
-0.0182928618440687 0.360090239177248 2.18827763104588 10.2777296229831 19.2833088149327 24.6209195964
0.123128120877133 0.252964777029904 1.81485154002395 9.29446298212146 18.0093271210712 23.1997773127953
0.256906419345972 0.246909800531689 1.38526587612166 8.37318571070432 16.6867050070641 21.6761825142342
0.382830328966217 0.308395943979279 1.07699168186435 7.6516530160844 15.6673501608925 20.4129045760175
0.634363757795566 0.373239801728287 0.788601078711014 6.78947865068276 14.4807892312071 18.9779483697632
1.03444223065504 0.45730198655957 0.518074014978768 5.86196256652179 13.109957918802 17.5266159613075
1.22179748575608 0.527436185863788 0.39956012694552 5.42974294320154 12.5130206988875 16.8389411933533
1.38741413505553 0.609282942882088 0.326741652160175 5.14657313570818 12.017432365304 16.2791554935274
1.51377528042226 0.665987350325826 0.280203619785393 4.96163542199396 11.7014266577231 15.9396049486139
1.40739378054675 0.668213187734443 0.280045344414134 5.02993472052536 11.866092623054 16.0184967469757
1.13276194802143 0.630994701712019 0.344742597654757 5.35297393220608 12.3974719928102 16.4632409041229
1.00807003058151 0.539903930587994 0.463782790152148 5.64710964277736 12.8462636798194 17.0337736708193
1.02239445006229 0.442075386853195 0.508478597207405 5.88855065476879 13.081825838619 17.5471834454592
