6.06966317429443 11.8945969080368 23.5380648541698 42.1965149476026 55.4449081041713 62.0668559052646
5.49771500154062 11.2168746767918 22.6491291131862 40.9794378337445 54.0018322840057 60.510808298088
1.16589536086335 5.87716909216032 15.2947983694842 30.5870739258317 41.5730186329803 47.0645561407919
-0.0675838585729604 4.25041507491767 12.8813239403332 27.000747197414 37.2094959898875 42.31212540673
4.47083267536122 9.99084877081714 21.026350890893 38.7384017074408 51.3324469687595 57.6282187755118
8.0542207021895 14.2309601822486 26.5773135364964 46.3013800456867 60.2681056469113 67.2490042389364
-2.48000495775989 0.273698627617379 5.77459799457509 15.2169362105963 22.3189154792425 25.8675564369551
1.30611733123664 6.05309076939328 15.5413891882825 30.9521776374124 42.0251992557396 47.559884688695
0.260281370660957 4.69029059638002 13.5453938738506 27.9920745546848 38.4143361738412 43.6243326565842
-2.35428313337682 -0.212753283601691 4.06310691621948 11.6802766159993 17.5748005316193 20.5194726018966
7.82204046171583 13.9664144136846 26.2489074239129 45.8585547745102 59.7362849149726 66.6730809826118
-1.96552587600623 -0.212402894908341 3.28782871197564 9.72103041038102 14.8116979003721 17.3549673963629
-1.01611760726755 2.8801968546389 10.6626321454906 23.5927468379503 33.0641952902622 37.795425432362
5.6131082358014 11.3848757625433 22.9273582869247 41.3450852284234 54.3732100119863 60.8879271318422
-1.60701981415172 -0.0856744324912586 2.94929453533527 8.71522966661833 13.3827434416725 15.7138287520671
0.759310468144686 5.32293086050208 14.4415048373843 29.3474069700105 40.1170401711755 45.4982446991001
-2.50994028455926 0.0709110348343191 5.22668736352632 14.1436876462018 20.8919588618553 24.2641333506334
5.49683748609719 11.2163174225199 22.6488395787116 40.9848003359269 54.0130871519759 60.5245914548307
-2.39693134245701 -0.186258526866818 4.22908536294964 12.0382757190374 18.0492166717461 21.0526933081464
-1.87490761121262 -0.185779005401965 3.18657381638697 9.42986426557227 14.394748664516 16.8751620295344
2.18801088623066 7.16530302335555 17.1136336957106 33.2239167682694 44.7707875650572 50.5422114231799
1.34434000756306 6.1068454921063 15.6268242881355 31.0776973094461 42.171699737481 47.7169916482818
-1.67677277187738 1.90894309716416 9.07398700295247 21.0090493514909 29.7714327350782 34.150448525621
3.53192824961505 8.84086691695367 19.4534082382084 36.5445143546751 48.7329693466597 54.8254199111367
0.943699275260649 5.57363352760649 14.8262743208347 29.9141843222712 40.7923771192174 46.2287285703016
0.93372997769641 5.62163740958073 14.9980403119367 30.1354513688523 40.9540843214016 46.3645019545924
7.39678370785627 13.5555627554839 25.8807123569981 45.3269186502663 58.9417671633514 65.754172211021
4.80602263907663 10.3710479164224 21.4928259039165 39.3954693060706 52.1567629828362 58.5340303352249
-2.23059904613839 0.914783041392547 7.19907338876426 17.8212737223239 25.7133034419037 29.6569656113616
-1.41582458450905 2.35045269604956 9.87985619042029 22.308902135005 31.3644934856459 35.8915530052412
0.62075096492107 5.1577469823769 14.2256173838463 29.0156448255722 39.6811458340835 45.0117726230687
-1.16494302386401 2.6968451201969 10.4146931250254 23.1729984943624 32.4811559538946 37.1335964973247
-2.26777363828414 0.855607528482034 7.09652237042854 17.6392237548231 25.4690379861847 29.3820665468336
-0.467506483507967 3.69517958401956 12.0148248578804 25.6738537066506 35.5799532423329 40.5311341757846
-2.47162400693433 -0.109019365273305 4.61042143316995 12.8722542883685 19.1826089633041 22.3359517268923
-1.68139432969228 1.9047926842473 9.07128366112167 21.0024861023078 29.7580791103589 34.1339938487089
-2.06657527657602 -0.228728651232888 3.44147435552606 10.1253975059482 15.3799150361394 18.0053126398901
-0.305255983872876 3.91964045992005 12.3638778089974 26.2095679484551 36.2387910061688 41.2514886909731
2.11147061971137 7.07356546367274 16.9919692761062 33.0526212169838 44.5615835975201 50.3141223088687
-2.29746814828456 -0.22223832971707 3.9193435111588 11.364328735852 17.1633436160461 20.059558322477
-1.4186845508226 -0.00235567292106096 2.82588856407547 8.22494047800777 12.6090168880412 14.7999352297219
-2.49670650767803 0.152465698196502 5.44378287066039 14.581016401909 21.4865661222691 24.9369123884545
-1.32713470119404 2.43016741036311 9.9363495057054 22.4213502640402 31.5768074308615 36.1516011331157
-2.07094850166052 1.26165012106526 7.92317753231439 19.0613425892817 27.2645275325219 31.3650699076674
-2.47044965586251 0.289096453770339 5.80129222104202 15.2712533182951 22.4000063707405 25.9621147905051
-1.06911022189024 2.83812163673368 10.6462709311339 23.5475462023761 32.9544523358325 37.6556975140036
-1.24050391337246 2.58497542339802 10.2299371243794 22.8822208253831 32.1211326278566 36.7385875914743
-2.01850144991297 1.31396079992529 7.97194714216876 19.1654241398447 27.4460709825543 31.5839710770835
-0.722557597259341 3.3209816507573 11.3991997441936 24.7466496099347 34.478484727386 39.3406499596745
-1.6975843875623 -0.12047382175867 3.04161241014763 8.7403203162901 13.1869743711957 15.4146334416319
-2.25861753374909 -0.237625805856792 3.7982889710656 11.0360224271784 16.6648971370119 19.4772997947309
-2.5219719644485 0.221033873573209 5.70501253518194 15.0533390869892 22.0466185459771 25.5430748594121
1.12768356973705 6.00668437093121 15.7808725214677 31.2161561505274 42.0316850918976 47.4482194513552
5.22732204531353 10.8976352466989 22.2328306928639 40.4104902081344 53.3249038793458 59.7803480654856
-2.09350438235151 1.20929189199265 7.8095194967703 18.8816872052394 27.057628144468 31.1438415817787
-2.39498643766842 0.593130323954075 6.56588657469839 16.6691539574347 24.1801467678578 27.9349700771303
6.78043037084803 12.7470056021037 24.6751278591777 43.7376743757955 57.2392312446554 63.9885199238302
-2.51520075873286 0.062427274934946 5.21151999142381 14.1202588267345 20.8631691272774 24.2326123196299
-2.0139031750875 1.3469849987012 8.06228225007014 19.3222548590934 27.6343543007356 31.7881763970865
0.99636548256671 5.68794262731123 15.0703111045946 30.2408070445298 41.097918117518 46.5269456732664
-1.07123724074878 2.8966715776588 10.8336027236424 23.8024645289215 33.1705774172815 37.8564388116625
-1.68766292516841 -0.118111178848662 3.01434969971053 8.908282437542 13.6491295017211 16.017429938588
-2.41814243821258 -0.195900169003758 4.24526194988542 12.0510230396704 18.0310570844821 21.0204189109789
-2.5113584838858 0.080459859927683 5.2583767757502 14.2052159273214 20.9695847524408 24.3498477897087
4.83743522542928 10.4160646938871 21.5662539313234 39.4967012043659 52.2663765260993 58.648577304436
-2.39479682430713 -0.167095324717728 4.27924302972094 12.1841113783361 18.2926041384617 21.3435811716162
8.30037512066991 14.5222695708167 26.9591602522643 46.8113796287967 60.8564070779356 67.8763146280382
-2.02461161159669 -0.214390721003938 3.39878726358694 10.0222701788061 15.2543252090949 17.8676979084796
-0.145716184465967 4.1399440136162 12.7056132826772 26.7351581697606 36.8883941212301 41.9632130326426
3.48957650983719 8.91356845510005 19.7735590927016 36.9385805685752 48.97570198981 55.0013719348486
-2.51509617542566 0.0024321363153495 5.03251441362317 13.7432059619584 20.3404891397964 23.6376571135432
-2.5049925918517 0.0312674595723268 5.09781785716526 13.8843131369714 20.5466526762868 23.8756345944415
-1.32859148254442 2.4565592863515 10.0214773857427 22.5439007247083 31.6893761676448 36.2603015411164
3.86050579978084 9.26114594360198 20.0598309347159 37.3871926978317 49.7067598495517 55.8665125367626
2.26030804585606 7.26332133296263 17.2635518933588 33.443737486724 45.0303446157314 50.8217199058396
-1.57012457141776 2.09052748349862 9.40724369557945 21.5460776256174 30.427574070154 34.8669827391825
-0.869216425455488 3.12370651411228 11.1031639126858 24.2616872928024 33.8414182363124 38.6292358846822
-2.45138472301764 -0.217543025452066 4.25206723383755 12.0053616984448 17.8869369638314 20.8294068699072
-2.57907303743405 0.356554226266031 6.23866075999561 15.9580555339685 23.0477956901685 26.5996413881105
6.31295912932603 12.2532267943561 24.1391424893795 42.9758534445017 56.218565009981 62.8441248279126
10.6271102235271 17.2358871212869 30.4490426035215 51.4297532557789 66.2047865446985 73.5913088207693
-2.03700579587272 1.29622491373262 7.95602068916299 19.1389474279889 27.4035549511656 31.5335250206424
-2.12821072532782 -0.239636376220409 3.53237451689078 10.3626710584141 15.7118252482574 18.3848559483059
-2.17935972185355 1.05539081755726 7.52068894222887 18.3743839618777 26.3949463232809 30.404396452502
-1.19082965875758 0.112253098075964 2.71640831293714 7.74602561097493 11.8601613270419 13.9169326790392
-2.1662746123317 -0.243353498715203 3.59641833530465 10.5419700755574 15.9764957418711 18.6916764649844
-2.07838793659211 1.2233990160114 7.82084420298262 18.9083888478687 27.1069949821714 31.204071954363
2.83612867726979 8.0473399234384 18.4725522841423 35.1370976511775 46.9433205989701 52.8485799304364
-1.12794143598053 0.143316996792008 2.68399171009925 7.61437667502489 11.6598293129832 13.68245208214
-1.29927925155713 2.60399308109382 10.4159634451808 23.1261031798069 32.2724846632509 36.8489787871768
-1.4478461536415 2.26992767847098 9.69968986376145 22.0273569760363 31.0473892437072 35.5554172865005
-2.16662358138339 -0.2432757236279 3.59761937350704 10.5376892244084 15.9642007182843 18.6755473821074
-2.48483377621203 0.275554349045306 5.79065460980353 15.2408670211279 22.3408797841276 25.889075743126
-1.62140352893313 2.11040960597688 9.58011286018095 21.767739382239 30.5607865703673 34.9616815815199
-2.41492873166536 -0.186480118554313 4.2645479431258 12.1216889033326 18.1602470084651 21.1775874584611
-1.38379031680289 2.36610904344501 9.85972999196833 22.2860663531525 31.3745288284577 35.9168280081602
-1.54060413608392 -0.0611843981479104 2.89196037483468 8.5032225930201 13.0446527538021 15.3135473416715
-1.79333755891134 1.72046811353513 8.74236549197069 20.4551082034367 29.0629184960528 33.3650003168019
-2.08132920754102 -0.231981815645369 3.46053272421951 10.1860486966872 15.4738780454595 18.1156564417322
-2.47514457543875 0.30786564744341 5.8678878906598 15.3912871465761 22.5429875195176 26.1169165019883
-0.539087433768059 3.69125489851552 12.1585733913543 25.8371845472011 35.6205839435267 40.5170223692618
-2.33407877146581 0.743060389195127 6.89378321196889 17.2615348571204 24.9484118402943 28.7911203117824
10.33204452978 16.8901549413886 30.0008061297147 50.8423912423565 65.533718449033 72.8775333483822
-1.52941528483876 2.19463248890047 9.6417120829121 21.9116351756629 30.8368735228159 35.2996389899607
8.41375935684141 14.6619053842086 27.1526942065727 47.0699209111306 61.1486077903797 68.1860934791779
5.02706704182541 10.6395392831328 21.8571681222592 39.8946128677484 52.7412728213837 59.1621294012703
-2.46959209468385 -0.127413155627906 4.55126298962929 12.7466459771574 19.0087088835601 22.1378670417716
-2.41626943545577 0.506247706325098 6.34565248242171 16.283861812391 23.7089825905803 27.4197352133272
-1.45784808596071 2.29253476574492 9.7911777776096 22.1585573221797 31.1622776078537 35.6639529998389
-0.175179492234242 4.08887595743655 12.6104001111696 26.5896981798339 36.7201674205725 41.7829967372325
4.09293320650766 9.55562837275314 20.4801595375857 37.9691058343271 50.3763254748423 56.5803913168798
-2.23592378614237 -0.249916115690465 3.71800907618773 10.82163532498 16.3383299098385 19.0955976824802
-2.0477593879224 1.25633094288244 7.85714636738778 18.9696731192549 27.1998754117187 31.3124115751228
0.343210897307526 4.79113761710783 13.680432567843 28.2052094238716 38.6966894192225 43.9402453826515
11.1378209806525 17.8154367032287 31.1640330033728 52.3783378094251 67.3287627391369 74.8014344223143
4.06708264391287 9.49529293986285 20.3460436412539 37.7990694812558 50.2328727576667 56.4479057755111
-1.84724142592641 -0.174460190287478 3.16474791358046 9.36514491299801 14.3064228152351 16.7748424954843
-2.48935762774626 -0.111960831043146 4.63852137608732 12.9229671570367 19.2308989498016 22.3836866826582
13.1499911086338 20.1283027741984 34.0794233449706 56.1748362188343 71.6986379214824 79.4587801543141
-0.630115571058782 3.45376985185941 11.6149217210026 25.0528675928737 34.8228608267507 39.7057495933855
4.23268781412518 9.68981547864228 20.5978925134836 38.1469900980019 50.6497637160741 56.8990060602321
0.798542339905488 5.38751524043308 14.5586604326353 29.5135568263117 40.2955861116419 45.684161573116
-2.4977707543444 -0.0116877402722724 4.95468561306152 13.5849827449264 20.138861280311 23.4139075566231
4.95528075185309 10.5664009219263 21.7827342787866 39.7910388113817 52.5985556360586 59.000257248182
0.18823685782299 4.59458486391642 13.4020400961844 27.782563224585 38.1626941490985 43.3510277919977
4.39263292826224 9.94103761125541 21.0401208415409 38.731665132928 51.2341853448091 57.4875862402454
-1.11269246867145 2.78109480463043 10.5635797392167 23.4137342984233 32.7783817166734 37.4591568139449
1.49868231577608 6.44012904781166 16.3365192055716 32.0288464753061 43.0665748533257 48.5935361533734
13.477601904764 20.5699636363614 34.7624017022267 57.0226671466441 72.5242810624435 80.2805811974365
2.22956289471477 7.2388427111115 17.2540992189154 33.4184193298935 44.9683682983867 50.7429247608746
1.90389421446088 6.81903660233604 16.6445957582948 32.5489709358789 43.9430287797222 49.6388534546872
9.44256627994502 15.8579713958332 28.6828018301246 49.1059965238311 63.525519967076 70.7331820110303
5.83710543551747 11.6147939458822 23.1617353606936 41.6937362404463 54.8692731551793 61.4533895537907
3.14469585333752 8.33414304802188 18.7037661063208 35.5070622731702 47.5569959660906 53.5784295186763
-1.73257937154255 1.80078411347656 8.85941804806095 20.663977611412 29.3587948201128 33.702969951992
0.623551231982754 5.16641683437878 14.2463170209306 29.0506897336453 39.7234175203216 45.0577980730002
-2.4334323786356 -0.156508255753492 4.39044983490449 12.4124577275088 18.5751521606791 21.653943854981
0.238453089939144 4.65516549055006 13.4827264701305 27.9072392029345 38.3262218625388 43.5338119626737
-2.22329182357468 -0.241790206069781 3.71558604123256 10.8320260963216 16.3765006842711 19.1469415172495
4.2202925665006 9.67241105702899 20.5703693737602 38.1078985239992 50.6069812412318 56.8542725507069
-0.0456784266732722 4.27197906029411 12.9013513973796 27.0307871868967 37.2546728454273 42.3645920569743
-2.21873980608352 0.969680958737888 7.34145141396155 18.0668713442706 26.0089743989638 29.9784623006091
0.851463575760985 5.46848029478941 14.6975598401338 29.7116059702179 40.5142791737632 45.914012518981
0.233772282104641 4.65331525953446 13.4867980633028 27.9143717243779 38.3310345850116 43.5375752658566
-0.765007567851081 3.27832925815508 11.3590735125371 24.6627092175977 34.332872891511 39.1658552942526
5.78364570367988 11.5572112967144 23.0983723355594 41.5933031148765 54.7259558804097 61.2903720389591
-2.46875612829633 0.326753742835233 5.91184918530553 15.4719114310253 22.6476925309095 26.233652765209
0.239572586965964 4.65549806872691 13.4814061020072 27.9056669035965 38.3256619770126 43.5336131499955
-0.606473202522 3.49772463406283 11.6998253585802 25.1896529188694 34.9882954270349 39.8855260743215
-2.42992320877933 0.45057388803619 6.20577909564497 16.0213120755002 23.3661795914477 27.0366395130182
-1.17318811204565 2.66666054798703 10.3388643010796 23.0575045581021 32.3583596037082 37.0062114031763
3.82954337152075 9.28575342372972 20.2036530788887 37.5611266104538 49.7976075469032 55.9192584938115
4.9414521802141 10.5960600057786 21.906445495862 39.9357209830116 52.6771663055228 59.0493538155155
-0.466155584836305 3.69683006115077 12.0170492155711 25.6786980925781 35.5870424471685 40.5392199228194
-1.78561691231075 -0.15932523423679 3.0871428375947 9.14362994318075 13.9874715608147 16.4074140023445
5.76971984904481 11.6701933924583 23.4846263132525 42.064990647669 55.0343857597232 61.5270283420166
-2.36452132897725 0.632897539519283 6.621419076315 16.7961752786139 24.3867787869887 28.1798481614581
0.356115973391516 4.81230614278005 13.7189291263923 28.2608533439043 38.7569656910377 44.0032224896574
1.53727814077347 6.35157044147499 15.9746535883828 31.5871238423089 42.7949421132136 48.3971468224872
-2.12368107232189 1.13564000190385 7.64820732024076 18.6053094849182 26.7159698983674 30.7692089766762
-2.36872173563522 -0.20523641740421 4.11593386958428 11.7789764246481 17.6886890228083 20.6415565159932
4.11900661056018 9.58861293016101 20.5267909518514 38.0329064973783 50.4493950308388 56.6581107559261
0.829015979258221 5.43666215352325 14.6456741062756 29.6406487583542 40.4377634206953 45.8340931336172
-2.50727550530849 0.0163586396199645 5.05778110903598 13.8040556287015 20.4386431977604 23.7539081724286
-0.0937736968379868 4.21156052269677 12.816832626327 26.8984108875256 37.080845361015 42.1702500765499
-2.35354849499303 0.647049773022347 6.64219226800867 16.8218160711147 24.4115617677754 28.2042476291209
1.02277803156399 5.68683892145049 15.0092768216814 30.1719446977576 41.0804087391234 46.532738837873
5.53503533665722 11.2452944602887 22.6571038631225 41.0033081019287 54.066595745131 60.5946154384317
1.7605037502477 6.62747197850728 16.3545573117904 32.143339286794 43.4814558613737 49.1479453766591
2.34155330631484 7.36252633090976 17.3983790091796 33.6367575607601 45.2664429721531 51.0792183832393
0.514699567790375 5.03007749986608 14.0559196602599 28.7611824286886 39.3551878484202 44.6507210769723
7.27885312630614 13.3300408272159 25.4268604497663 44.7531267317578 58.4375340732859 65.2779647152114
-2.48964531341664 0.2072356355187 5.59506427468164 14.8610429892884 21.8408570446289 25.3286967535231
4.36468525305528 9.84711210366424 20.8053378239022 38.4391569180954 51.0054356608432 57.2862205995098
2.30539830324586 7.31325733834289 17.3227557894961 33.5270496706169 45.1366876733169 50.9394910234374
-2.51077955003195 -0.0159225408820834 4.96921595061371 13.6094343485054 20.1588429382031 23.4322700573665
3.41239278520528 8.72149667996774 19.3378522499868 36.376092387522 48.4914764282808 54.5492051843474
-2.35282344893941 -0.222934081286175 4.03108116918568 11.5941543954603 17.4372050927635 20.3567289514669
-2.57634153578014 0.048362479966777 5.29990261356725 14.2202028521205 20.8744186679531 24.2032809243764
5.52549494446582 11.3012809865233 22.8553389847785 41.2362390138507 54.2020359448544 60.6873236671973
4.03573470675805 9.43728421383022 20.2324218400113 37.6467251115149 50.0850974867681 56.3015563920899
-2.49554183290986 -0.011631764872241 4.94982578250719 13.5805340796618 20.1405160971384 23.418416120503
-1.20719429318485 2.68868155195569 10.4808495287776 23.247046606176 32.4895172036905 37.1123615533675
-1.92930764749887 -0.207549337367864 3.23995260583507 9.43451985530739 14.2576848733822 16.6722144981861
3.94804093302083 9.35030360803482 20.1494665045856 37.5191429369973 49.8943383802317 56.080366727501
0.855019715548894 5.5416116618946 14.9196249728674 29.9976862630518 40.7358426703485 46.108720424593
-1.04086619041875 2.88632692140813 10.7350162142277 23.6869585596056 33.1209011795943 37.8359621368426
4.05683775479782 9.47333696418034 20.3000192479734 37.7319803135707 50.1614333587085 56.3740450132699
1.52453827990325 6.33302933768153 15.9446130779788 31.5421862671715 42.7396839805952 48.336518147192
1.06051648513867 5.71253775315334 15.0081004644698 30.1803896706819 41.1289111266218 46.6000179797834
-2.45106874052147 -0.145107430361612 4.46112755592183 12.5502606484782 18.7434243875929 21.8380977271194
3.76075005203617 9.1089144329935 19.7978411956459 37.0387295963819 49.3515320829065 55.505034614438
0.747749728622727 5.35415109603076 14.564226571949 29.5062508180149 40.2316860573921 45.5939221753566
-1.65666590377004 1.9413347188201 9.13071539480793 21.1073548389579 29.8995975676565 34.2932259326521
-2.31756508632457 -0.216782015130132 3.97808537976876 11.4702409278338 17.2777158396013 20.1790678652037
-2.26417379102681 0.850602114167169 7.07346433040069 17.6049321667949 25.4374683547647 29.3512813463377
1.74957455740929 6.61124791125094 16.3278372663738 32.0981680834479 43.4217842598128 49.0811262342273
7.78512754221516 13.9791387746136 26.3696254942219 45.9991622986851 59.7929912768892 66.6920673953537
1.25147587420952 5.97513398951813 15.4159264200872 30.7722111485734 41.8209618405224 47.3431501456912
3.48951970764859 8.78871827766021 19.3813172674975 36.4498961686494 48.6290774978377 54.7167268170383
0.222176968411993 4.65262078397945 13.5100304445535 27.9397748357466 38.3366559040741 43.5345583738978
0.172843608640236 4.69888460353182 13.7605201429374 28.2598182472077 38.541108629798 43.6870121848855
7.17402346472677 13.2073895622683 25.2682917653119 44.5377942328543 58.1837276346166 65.0048277519872
1.96280009845441 6.92052042980703 16.8345773233353 32.8129530199341 44.2175414227265 49.9201051254325
-1.75311687905349 -0.139946973429784 3.078184968843 9.12665543169905 13.9871693897231 16.4145715655908
1.92395503807233 6.83669187969567 16.6563965631236 32.5699611983715 43.981059803535 49.6845320373594
-1.68249677271593 -0.11746209804877 3.00648587433521 8.87921112240052 13.6003331865197 15.9590383651812
-2.47281965210696 -0.113577251949576 4.59840676568952 12.8572288882975 19.1715330048544 22.3264164829678
-1.66218204737915 -0.10721302415846 2.99727226505818 8.82806732173459 13.5118626042992 15.8520316948124
-1.27233640516092 2.51705373368044 10.0874242462427 22.6674280333609 31.8842351255342 36.4891252505889
0.185437716738915 4.58098455883477 13.3659463611126 27.7299563490667 38.112203500389 43.3011706177304
0.122555356506379 4.4950019074133 13.233426754429 27.5354424885542 37.8779742708035 43.0467989480114
-1.60163831606658 -0.0831308494664998 2.94631397736486 8.69866051596945 13.3533222950819 15.6780506191603
-2.19899450964183 1.08395630478797 7.65048269563773 18.5748799818612 26.5864756337229 30.5932718658911
0.441569454066667 4.90329035360802 13.8186810049443 28.4242888459754 38.9973459310945 44.2809613884007
9.6529047226576 16.096104917495 28.9753482816334 49.4909590049132 63.9807803855281 71.2232106012268
-2.47340121576058 0.331620563834558 5.93643851506116 15.5151732960842 22.6962954479918 26.2850957078703
-1.6869039283317 1.93441393917556 9.17479195195958 21.1543058297254 29.9008343685157 34.2743765410133
-2.49980881157366 0.149548505829521 5.44206030595513 14.5648450199907 21.4502666415289 24.8909233553001
8.24180454078904 14.46317509024 26.9006577438223 46.7310276835261 60.7464706994748 67.7523812135459
-2.49363605208205 0.0676483764684278 5.18269257039941 14.0670163531971 20.8122399989788 24.182317052937
-1.88578117308435 -0.190605973909754 3.19490372180831 9.43588446607015 14.3847365666969 16.8577871507102
9.66752257275836 16.1706348643723 29.1797874267805 49.7350943515609 64.1462341213903 71.3545357038059
3.633866240136 8.95881843084025 19.6023424472532 36.7569222283652 48.9999971448765 55.1193803111948
0.797418326098077 5.39173753182749 14.5741038720461 29.535552641146 40.3161016277666 45.7042205701347
12.5714869997744 19.4637983189104 33.2420908348353 55.0906450449571 70.4575588163493 78.138561612072
-2.51971329232692 0.106983616856476 5.35620074711387 14.3922511192401 21.2039331971745 24.6086027691628
9.4518922254236 15.8610039708602 28.6715655474653 49.0929881161534 63.5252138146404 70.738270840964
-2.13339574517176 1.11186360068091 7.59608520691054 18.5129867494952 26.5978597416208 30.6381685331801
-2.52685037639813 0.267262856929546 5.85515101867549 15.3274544591961 22.3820194292595 25.909809490412
-0.209529763654138 4.10350028621494 12.7305689562843 26.7399452568862 36.8057406249809 41.840405462635
1.4642218887091 6.24072399950215 15.7866855919963 31.3142691471461 42.4862084159266 48.0699282637789
-1.49508634607403 -0.0359886211432029 2.8829347714084 8.33728151066805 12.7029007920424 14.8866119296582
-2.32285122994629 -0.230069761508102 3.94891854131926 11.4115214899305 17.1962113039888 20.0862173145522
2.12357789523219 7.08706285423505 17.0078155496757 33.0764095861088 44.5942608905176 50.3510971994667
-2.04075190059953 -0.228115521071993 3.39065623075781 10.0123136449513 15.2360921850189 17.8457693183871
3.84037569017766 9.22008592085209 19.9745668103379 37.2742377424835 49.5990290298458 55.7598722166147
10.00585067971 16.5399421431732 29.6068747579585 50.3145920503842 64.8710490379065 72.1497573290868
1.22969191458391 5.94552891524742 15.3701784818897 30.7053876440926 41.7415225951186 47.2572384495971
-2.47020021982128 0.268451993544747 5.73791818033981 15.1560648233472 22.2580636278371 25.8063050368275
7.28330704890929 13.3813637219372 25.578307786724 44.9382948371843 58.5678679092521 65.3839685326586
-1.91336792609445 -0.193961661322849 3.23952772458995 9.5670644192048 14.5827862343284 17.0888346368111
-2.5119655497216 0.138639052741878 5.43386353427618 14.5599975694366 21.4458527741407 24.8865669501451
0.302117955419338 4.73871531499116 13.6060650645991 28.089272282436 38.5469650574909 43.7737859300615
-2.37591433566416 -0.264750876200061 3.96261030238038 11.2971114005587 16.8613876359498 19.646899933511
0.0851210622152099 4.45234188989872 13.1813149977089 27.4486595544153 37.7585123700323 42.9118485288525
-2.17221762586196 -0.254662154632539 3.57172506007265 9.48458874142793 13.5427357207375 15.5674100236962
-2.48547306171863 -0.35492078083169 3.90227959573833 10.3651806247773 14.7255004284035 16.9036924605625
-2.72320303018568 -0.372786710913826 4.32156770682099 11.4927750634869 16.3607101699401 18.7914034461906
-2.92109382883408 -0.321045266237018 4.87759863688254 12.7043956087372 17.9416194275979 20.5594977124477
-3.02423211669067 -0.174647054362558 5.52471579788041 14.0699651099434 19.7642520015657 22.6114925343211
-3.02081100305398 0.0607651137210181 6.2237798037233 15.4709813649178 21.6375810934463 24.7208115123126
-2.92227631658157 0.380864955704354 6.9861225378876 16.9139942129562 23.5459779944524 26.8614535626214
-2.72730925347829 0.80151925101144 7.85792365384513 18.4670576380576 25.5562713308171 29.1002467560108
-2.46955323620835 1.32536680638685 8.91630840473145 20.2808539704579 27.8425211750635 31.623910972285
-2.14038874795975 1.8080108929948 9.6992788203995 21.645943566196 29.6841474118032 33.7004570433942
-1.89764455096401 2.18684270875043 10.348635847016 22.7336319079852 31.0859008325378 35.2584109740609
-1.69099966652688 2.58237274496781 11.1296146581417 23.9404429053809 32.4742399537478 36.7413898599168
-1.33472312766949 3.08319686224667 11.9185668610366 25.1808573703928 34.0285891321649 38.4522177570995
-0.85510401446774 3.7573962832496 12.9824257987271 26.8193577186305 36.0435534425287 40.6556664382426
-0.219927356196788 4.60795739474461 14.2627561159028 28.7639419201035 38.4441777683965 43.2838047479025
0.461911723265277 5.48898740563254 15.5407476274219 30.6653439008989 40.7799011208147 45.8359748562065
1.35452265930003 6.48437051676701 16.7252292703326 32.4800476448383 43.2483736025999 48.623011808785
1.70302724402698 7.09562670933611 17.8807058278164 34.0594107213593 44.8458771469747 50.2390520075814
2.43010392811198 8.01795922011488 19.1940609488829 35.9505103898093 47.1163062607789 52.6994013897935
3.15418715140644 8.89366558147584 20.3725634057909 37.5920606599448 49.0724961048252 54.8126841110432
4.14222708597432 10.091372136321 21.9901565113446 39.8271627872163 51.7109626959665 57.6531127784571
5.43305702218287 11.4975339064745 23.6092809385274 42.1331539372341 54.7220331588994 61.0077851662671
6.36348352882843 12.6871521046723 25.3273135171827 44.430576945396 57.2621453405018 63.674308942676
7.58267954200097 14.1025044477602 27.1329073163464 46.8628522759329 60.1400020720474 66.7739094258087
8.66347963285734 15.4348343348363 28.9776055803868 49.2900531004933 62.8305155236577 69.6007788229089
9.50616892465609 16.3582388869501 30.0556716487337 50.7342530983064 64.6089332787108 71.5428884560982
10.5156928820284 17.5729649943819 31.6872626884513 52.8633853135289 66.9839318225285 74.044081027748
11.4612853870802 18.6604564404775 33.0585936064424 54.6598964501408 69.0635283373463 76.2652406597984
12.4419068679832 19.7871056924692 34.4777017402716 56.5094586275116 71.1944973579446 78.5371173438972
13.1308981971179 20.5274240577495 35.3149052549446 57.6063922548446 72.541512252319 80.0062592237233
13.1186762074435 20.4929294592707 35.2335518109978 57.5014708179475 72.4523373024927 79.923788214775
11.7307636863184 18.969682609491 33.4475364982476 55.1635170133215 69.6402629334739 76.8786448039621
10.5184482766948 17.5690130756281 31.6688598865506 52.8439021805759 66.9775649646391 74.0437494414825
9.2989534549388 16.1516594600538 29.8545933517248 50.4572595618558 64.2247567726091 71.107256057623
7.87441931746162 14.4681258138819 27.6495573708826 47.5397259029804 60.879020574312 67.5456525366888
6.81058659332875 13.1992037566421 25.9673988001171 45.2980543258114 58.3049067469045 64.8037711191285
5.85892738037692 12.1399026546938 24.7014980567097 43.5507197501119 56.1214433404181 62.4066263185221
4.80624362890192 10.8388276285148 22.8978275942563 41.1081295119258 53.3301120505137 59.4379903765745
3.93178549113148 9.65891813762425 21.0914194136544 38.6768846000759 50.6941152322106 56.6917300898154
3.06886205226303 8.71231523920486 19.9897138360934 37.0969557775249 48.6301503662684 54.3919464049313
2.28950272249618 7.78409786774175 18.7677790712666 35.3530041955447 46.4834373074864 52.0458738941492
1.5346088823748 6.84658113834022 17.4663680563607 33.4810917546793 44.2147104269345 49.5794199894146
0.869134776135758 5.84640551081288 15.779688301979 31.1364715311693 41.6819371289044 46.9439026309977
0.247956023392561 5.20473053278371 15.1143299040429 30.0568179054928 40.0708476243313 45.0758713247035
-0.25652866972537 4.56483564722811 14.2070173737008 28.6809370431222 38.3373549913542 43.1652884611476
-0.727747164315311 3.92977406632652 13.2446483800879 27.2202514377883 36.5395303031193 41.1990847610577
-1.24003318549844 3.21826319009548 12.1351797473679 25.504198733658 34.4126090947433 38.8669777832849
-1.72458885870395 2.49359971687521 10.9277540492781 23.6224209414781 32.1146665547148 36.3596687314577
-2.0813270264142 1.92407675471888 9.92945230092807 22.0444751281733 30.1928837851881 34.2643492158735
-2.33615680411437 1.56834357448306 9.37720495773608 21.09305985041 28.905341690133 32.8114130370504
-2.5792349608485 1.14655299619054 8.59764757755969 19.7838261633387 27.2476888030074 30.9793761446162
-2.7701248769506 0.773330391224431 7.85948894933876 18.5034737588325 25.6093609729671 29.1619248947399
-2.92244376090228 0.431323294326016 7.13878064158649 17.2013635600739 23.9106856842743 27.2653083927108
-2.99292090522557 0.0763510856146848 6.21138646984992 15.4827247129658 21.709756122466 24.8215027329326
-3.02143702563002 -0.188009041659537 5.47809118565949 13.9920104904337 19.6778765892184 22.5204281406467
-3.00527204106086 -0.218464629654335 5.35405954915628 13.7343405746716 19.3356160248119 22.1357042657433
-3.04202450134469 -0.0589428911609833 5.90761031217728 14.8490344705027 20.8042822029849 23.782104861718
-2.87084138126296 0.257581655190325 6.50011328397282 16.1533805885435 22.7837550364022 26.0917061532959
-2.88982349617806 0.441238146848289 7.09935953582952 17.1666729782674 23.9321218090865 27.3128237405573
-2.81713481558698 0.708937676531096 7.76165905987936 18.3291521482076 25.366364787074 28.8852616813111
-2.6397370535568 1.0410140533356 8.40209081684256 19.4521112721327 26.8244472628132 30.5104003889748
-2.37396588064271 1.50501270371116 9.26228813851097 20.9115942269248 28.6867930113825 32.5740487725536
-2.01836114590246 2.06408280092216 10.2276424185087 22.498915556334 30.6971858297645 34.7956507922073
-1.57521249923183 2.68714714463542 11.2067706084175 24.0882012897501 32.7444303510607 37.06997514461
-1.0869314734775 3.36328085801517 12.2562471797811 25.7443975379907 34.8364555607645 39.3787196431254
-0.572684333562073 4.04813307425951 13.2796242165448 27.3286590441483 36.8303848082978 41.5761244915209
-0.159983830652908 4.68949569019773 14.3877270045522 28.948941670674 38.6656892221594 43.5236969904625
0.477951826500274 5.46558310854735 15.433608706774 30.5302400675347 40.6918132753678 45.7689509634423
1.00332436967772 6.19056087337347 16.5634517709527 32.1538406959051 42.5682836236952 47.7747073354309
1.67670243318615 7.0550441865716 17.8113059745923 33.9538476953923 44.7209996527346 50.1043633283066
2.46560414947443 8.03046624338833 19.1592620148785 35.8705897407754 47.0236332872133 52.599687970355
3.24164706973823 8.98038299241088 20.4562047822628 37.7022078240027 49.2212179236465 54.9798899976694
4.07073879067683 9.99693901450004 21.8484572189492 39.6429872658628 51.5176127846431 57.454479507767
5.0664679339181 11.1882414714707 23.4302976307873 41.8226466431425 54.103862891846 60.2437189304692
5.99256440865389 12.2480584557504 24.7528248177279 43.6332599403805 56.3030779382941 62.6348471935776
6.04352775369952 12.3342723329691 24.9122114477923 43.8494273415016 56.5214882978145 62.8557272952971
5.79905971032203 12.0691562590651 24.6086783397408 43.431072610033 55.9881205988511 62.2663068286213
5.17965720082988 11.2891444987522 23.5024916923755 41.9337347528357 54.2958882522015 60.4741280822437
4.18093503705383 10.1318246118442 22.0331453129619 39.8931173970317 51.8051067093304 57.7608707164715
3.30193801275231 8.9343285145914 20.1824914019355 37.3949173486963 49.0986131117292 54.942067969975
2.29795253540767 7.81329828753518 18.841742425137 35.4294931868476 46.5182689193969 52.0615232204755
1.54058837044452 6.85924368463145 17.4930854150321 33.5114962682876 44.2358556819232 49.5962840789424
0.850850513216792 5.99770240385666 16.2897361750532 31.7603477047516 42.0959357937117 47.2628875730705
0.199348282322663 5.09766128701614 14.8863169925153 29.7291019669751 39.7315317855331 44.7287236622935
-0.378676747118659 4.31774949891739 13.7000553453877 27.9879458420604 37.657215680292 42.4865196785994
-0.877807864526737 3.72411346545296 12.928051219255 26.7314457090131 35.9320084449692 40.5323386751425
-1.42569855190113 2.94507152187433 11.684808038101 24.8304958601835 33.6184968440364 38.0115870961726
-1.74637301515486 2.39798752379217 10.6773928181969 23.28155606225 31.8085432315403 36.0673341391037
-2.06149806283733 1.99564449331724 10.1083543222806 22.3079639117861 30.4614995919117 34.5374743388023
-2.38471730235613 1.50172560463739 9.27465810190292 20.9331968812984 28.7049767553388 32.5908904317909
-2.6457930647988 1.0038509137514 8.30000945779697 19.3057040732473 26.6840534521111 30.371650107826
-2.840013397609 0.6186073491636 7.5334102423336 17.9535903285489 24.9325821586607 28.4208472141414
-2.93887320578124 0.356144687639567 6.94435382825638 16.862498684343 23.4986348835318 26.8157813858518
-2.9977136799057 0.0852623066074731 6.24674862045981 15.576292281859 21.8545324134711 24.9914016832507
-3.00285655617691 -0.130944796628792 5.60695275338269 14.3323574049374 20.228891969466 23.1741648844387
-3.02580829091868 -0.27332380417252 5.23189136814802 13.4846386025644 18.9830457295092 21.7323745420016
-2.88057521599609 -0.338252195131084 4.74185142428975 12.4522899530298 17.6532283491345 20.2514004919383
-2.75912878568637 -0.385823419733551 4.35925594440885 11.5070204345967 16.2924247329394 18.6843539883026
-2.58731725801459 -0.36969169266652 4.06483934200784 10.7306067561613 15.1838273323357 17.4100745434656
-2.34560460376162 -0.307291316099538 3.76949630642378 9.88149789324905 13.9540258541866 15.9903714493257
-1.97776672765744 -0.165904677387782 3.45410237651064 8.95714207480546 12.6748118590686 14.53177221132
-1.80034334278362 -0.0825264216120968 3.35044633980547 8.55214113960027 12.0549662931364 13.8050370350164
-1.62032263791366 0.0136008180767205 3.27896381438116 8.22554832266055 11.5558239138524 13.2197099780821
-1.51413186577169 0.069789385408302 3.23464802042939 8.04036937646194 11.2833591817568 12.9033503788572
-1.58928766134411 0.02460057838361 3.2506574383095 8.12340688124339 11.3944706644914 13.0291361253366
-1.79494702100922 -0.0879515824757714 3.32615547386344 8.44509636912077 11.8562306906461 13.5618566670684
-1.93912397379659 -0.153260459447568 3.41883370822614 8.76940112883128 12.3313718060892 14.1125422891725
-1.96828444366912 -0.174517676500571 3.40479980426909 8.93799607320428 12.7369640908065 14.6323016259171
